4202.94871788	4190.12820499	4195.12820499	4170.25641012	4192.17948704	4196.02564089	4199.74358961	4198.46153833	4186.79487166	4186.15384602	4220.7692307	4191.15384602	4199.10256397	4203.84615378	
4196.5384614	4184.74358961	4187.82051269	4163.97435877	4189.61538448	4194.10256397	4202.17948711	4199.61538448	4189.87179474	4184.35897422	4213.84615378	4185.64102551	4197.94871781	4195.89743576	
4194.2307691	4183.20512807	4183.46153833	4159.9999998	4188.20512807	4196.41025628	4199.10256397	4197.56410243	4190.89743576	4182.69230756	4215.12820506	4186.28205115	4197.94871781	4193.84615371	
4194.99999986	4181.66666653	4186.41025628	4157.56410236	4191.15384602	4196.15384602	4191.66666653	4196.28205115	4188.71794858	4184.99999986	4216.79487173	4184.87179474	4197.82051269	4197.56410243	
4198.46153833	4182.56410243	4191.02564089	4157.56410236	4191.41025628	4192.17948704	4191.41025628	4198.07692294	4193.58974345	4188.3333332	4214.61538455	4183.84615371	4198.46153833	4201.28205122	
4201.92307686	4185.12820499	4193.71794858	4162.05128185	4188.84615371	4197.30769217	4199.74358961	4202.5641025	4201.28205122	4190.12820499	4216.79487173	4186.41025628	4201.6666666	4204.61538455	
4202.17948711	4187.69230756	4192.05128192	4170.12820499	4189.99999986	4201.6666666	4201.28205122	4203.84615378	4200.89743576	4193.71794858	4220.12820506	4187.69230756	4202.94871788	4202.69230763	
4199.2307691	4189.61538448	4188.46153833	4172.30769217	4191.92307679	4200.25641012	4199.2307691	4201.28205122	4198.58974345	4196.66666653	4218.58974352	4186.15384602	4200.25641012	4197.82051269	
4196.28205115	4189.48717935	4189.61538448	4166.66666646	4191.5384614	4199.87179474	4199.87179474	4199.99999986	4201.53846147	4194.87179474	4217.05128199	4185.25641012	4199.74358961	4196.79487166	
4200.76923063	4192.17948704	4194.74358961	4164.1025639	4190.38461525	4197.17948704	4199.2307691	4200.76923063	4201.53846147	4193.46153833	4220.38461532	4189.74358961	4201.79487173	4202.94871788	
4211.92307686	4200.64102551	4202.69230763	4169.2307691	4190.51282038	4197.30769217	4193.97435884	4195.64102551	4198.84615371	4192.56410243	4224.48717942	4199.48717935	4204.87179481	4210.89743583	
4213.4615384	4203.97435891	4207.5641025	4174.2307691	4191.5384614	4198.07692294	4189.61538448	4187.82051269	4195.25641012	4188.46153833	4223.97435891	4202.94871788	4207.05128199	4211.92307686	
4200.38461525	4192.94871781	4198.07692294	4166.53846133	4190.89743576	4190.89743576	4192.05128192	4188.46153833	4191.92307679	4185.38461525	4219.48717942	4193.07692294	4204.23076917	4201.53846147	
4190.51282038	4180.89743576	4186.66666653	4155.38461518	4188.97435884	4185.64102551	4197.30769217	4196.02564089	4194.61538448	4187.05128192	4216.28205122	4181.92307679	4199.35897422	4188.71794858	
4195.76923063	4187.56410243	4190.38461525	4159.23076903	4189.10256397	4193.46153833	4198.3333332	4200.64102551	4198.07692294	4191.5384614	4217.30769224	4182.30769217	4199.87179474	4190.25641012	
4205.12820506	4201.15384609	4197.05128192	4170.64102551	4190.38461525	4201.41025634	4199.87179474	4200.12820499	4196.79487166	4193.58974345	4216.02564096	4189.2307691	4202.30769224	4201.28205122	
4203.71794865	4199.2307691	4196.02564089	4171.92307679	4189.87179474	4199.48717935	4202.82051275	4199.35897422	4194.99999986	4191.5384614	4211.41025634	4190.64102551	4201.28205122	4204.10256404	
4198.07692294	4190.12820499	4195.12820499	4168.20512807	4189.99999986	4196.92307679	4200.76923063	4199.87179474	4197.69230756	4190.25641012	4213.07692301	4186.92307679	4200.76923063	4199.61538448	
4198.58974345	4191.41025628	4192.30769217	4171.02564089	4189.2307691	4200.64102551	4199.2307691	4200.76923063	4201.41025634	4190.25641012	4213.58974352	4185.38461525	4200.12820499	4195.25641012	
4198.71794858	4193.71794858	4186.15384602	4164.35897415	4188.58974345	4208.33333327	4206.28205122	4200.89743576	4200.64102551	4186.92307679	4206.28205122	4182.94871781	4197.82051269	4193.20512807	
4196.41025628	4194.2307691	4187.69230756	4154.23076903	4192.05128192	4213.4615384	4212.17948711	4201.02564096	4203.71794865	4187.56410243	4206.92307686	4181.79487166	4198.07692294	4195.12820499	
4196.28205115	4196.02564089	4191.5384614	4159.1025639	4193.07692294	4210.25641019	4207.43589737	4202.82051275	4210.25641019	4195.38461525	4216.15384609	4184.35897422	4199.87179474	4198.3333332	
4198.46153833	4197.69230756	4190.89743576	4165.38461518	4190.25641012	4203.84615378	4199.74358961	4206.28205122	4209.35897429	4196.92307679	4220.51282045	4187.56410243	4203.07692301	4196.79487166	
4197.56410243	4196.41025628	4190.89743576	4163.33333313	4189.2307691	4203.07692301	4201.79487173	4202.05128199	4202.5641025	4189.35897422	4217.17948711	4186.15384602	4201.6666666	4194.61538448	
4191.79487166	4191.41025628	4187.94871781	4159.1025639	4191.02564089	4204.35897429	4203.4615384	4191.92307679	4194.61538448	4181.92307679	4208.97435891	4184.10256397	4192.05128192	4194.2307691	
4186.41025628	4185.64102551	4183.84615371	4157.94871774	4191.28205115	4201.92307686	4199.35897422	4191.79487166	4190.25641012	4180.76923063	4200.12820499	4183.97435884	4188.71794858	4191.41025628	
4188.46153833	4186.5384614	4186.15384602	4161.79487159	4188.97435884	4199.99999986	4198.20512807	4198.71794858	4194.99999986	4183.97435884	4201.02564096	4183.84615371	4197.82051269	4189.35897422	
4194.74358961	4193.97435884	4192.30769217	4169.10256397	4189.35897422	4199.87179474	4201.28205122	4201.79487173	4203.4615384	4186.92307679	4210.7692307	4189.2307691	4203.97435891	4193.97435884	
4199.35897422	4198.97435884	4198.71794858	4171.28205115	4190.76923063	4202.30769224	4201.92307686	4201.53846147	4203.71794865	4189.10256397	4211.79487173	4195.38461525	4202.69230763	4201.92307686	
4200.64102551	4196.28205115	4202.82051275	4167.56410236	4190.64102551	4203.4615384	4196.79487166	4196.92307679	4199.61538448	4187.30769217	4204.61538455	4192.82051269	4201.92307686	4202.30769224	
4197.30769217	4191.15384602	4197.4358973	4169.2307691	4190.38461525	4200.25641012	4188.58974345	4184.74358961	4195.12820499	4186.02564089	4202.17948711	4185.76923063	4200.38461525	4196.92307679	
4191.02564089	4189.48717935	4188.20512807	4165.64102544	4191.15384602	4192.4358973	4181.28205115	4172.69230756	4186.92307679	4185.89743576	4203.71794865	4182.94871781	4197.94871781	4193.71794858	
4189.48717935	4189.99999986	4188.07692294	4157.82051262	4189.74358961	4184.87179474	4178.58974345	4168.71794858	4183.3333332	4183.58974345	4201.6666666	4190.64102551	4200.89743576	4194.99999986	
4194.87179474	4189.74358961	4194.87179474	4161.41025621	4189.2307691	4188.46153833	4178.71794858	4168.3333332	4182.94871781	4182.82051269	4202.30769224	4197.56410243	4203.20512814	4199.48717935	
4199.2307691	4190.51282038	4194.74358961	4170.38461525	4192.4358973	4198.71794858	4180.51282038	4170.38461525	4183.84615371	4186.41025628	4207.30769224	4194.87179474	4204.74358968	4201.6666666	
4197.4358973	4190.64102551	4188.58974345	4168.3333332	4191.66666653	4196.66666653	4183.58974345	4174.87179474	4184.48717935	4186.79487166	4200.64102551	4189.10256397	4204.10256404	4198.58974345	
4192.05128192	4188.71794858	4186.02564089	4161.53846133	4189.10256397	4187.30769217	4183.07692294	4173.84615371	4176.15384602	4178.71794858	4191.28205115	4186.79487166	4194.99999986	4196.15384602	
4188.84615371	4185.89743576	4185.12820499	4164.48717928	4189.61538448	4186.41025628	4181.92307679	4170.25641012	4170.38461525	4172.56410243	4188.71794858	4185.76923063	4189.87179474	4195.64102551	
4189.10256397	4183.07692294	4184.99999986	4169.10256397	4190.12820499	4187.56410243	4181.66666653	4176.66666653	4175.25641012	4171.66666653	4187.17948704	4182.94871781	4196.28205115	4192.82051269	
4190.51282038	4184.48717935	4185.51282038	4166.53846133	4191.41025628	4190.64102551	4187.30769217	4186.79487166	4183.71794858	4175.64102551	4190.89743576	4185.12820499	4200.12820499	4194.10256397	
4193.84615371	4187.17948704	4186.28205115	4159.74358954	4193.71794858	4201.92307686	4198.71794858	4190.76923063	4192.30769217	4186.15384602	4197.94871781	4191.28205115	4200.64102551	4200.38461525	
4192.94871781	4183.97435884	4185.89743576	4152.69230749	4192.82051269	4202.30769224	4199.87179474	4187.82051269	4192.94871781	4186.66666653	4192.56410243	4187.05128192	4199.35897422	4198.20512807	
4186.02564089	4181.15384602	4183.07692294	4154.48717928	4188.46153833	4188.84615371	4186.66666653	4177.05128192	4178.71794858	4174.61538448	4179.10256397	4176.5384614	4189.61538448	4192.05128192	
4185.12820499	4184.61538448	4182.82051269	4163.205128	4187.69230756	4184.99999986	4178.58974345	4168.20512807	4167.69230749	4167.43589723	4173.3333332	4173.71794858	4182.17948704	4191.15384602	
4192.69230756	4190.38461525	4186.02564089	4169.74358961	4190.51282038	4191.79487166	4181.41025628	4170.51282038	4172.69230756	4172.82051269	4170.76923063	4177.94871781	4187.4358973	4194.10256397	
4193.84615371	4191.92307679	4186.92307679	4168.20512807	4193.46153833	4191.15384602	4181.79487166	4172.56410243	4176.02564089	4176.92307679	4170.89743576	4180.12820499	4188.71794858	4193.58974345	
4187.17948704	4189.35897422	4184.35897422	4163.71794851	4192.94871781	4186.79487166	4177.30769217	4167.94871774	4171.79487166	4174.2307691	4170.64102551	4178.71794858	4183.46153833	4189.10256397	
4186.66666653	4187.05128192	4183.84615371	4161.28205108	4188.46153833	4187.05128192	4175.25641012	4166.28205108	4170.25641012	4174.10256397	4160.51282031	4178.46153833	4183.58974345	4187.82051269	
4191.5384614	4186.92307679	4186.02564089	4159.9999998	4189.2307691	4188.20512807	4179.10256397	4171.66666653	4171.5384614	4178.46153833	4154.9999998	4180.76923063	4186.5384614	4192.56410243	
4191.92307679	4186.92307679	4184.74358961	4157.94871774	4192.30769217	4191.28205115	4187.69230756	4181.28205115	4178.07692294	4181.5384614	4164.1025639	4178.46153833	4187.17948704	4193.3333332	
4188.58974345	4186.15384602	4179.48717935	4154.61538441	4189.99999986	4196.02564089	4188.07692294	4186.79487166	4184.48717935	4180.51282038	4169.74358961	4169.99999986	4186.02564089	4185.64102551	
4188.20512807	4184.61538448	4174.61538448	4155.38461518	4188.97435884	4197.17948704	4182.82051269	4182.94871781	4184.35897422	4181.02564089	4168.20512807	4168.97435884	4182.94871781	4182.17948704	
4189.48717935	4186.92307679	4177.17948704	4162.56410236	4194.10256397	4198.84615371	4189.35897422	4186.28205115	4188.58974345	4184.48717935	4172.56410243	4177.94871781	4184.74358961	4187.69230756	
4190.76923063	4195.64102551	4184.48717935	4166.92307672	4194.99999986	4205.25641019	4201.41025634	4199.35897422	4201.15384609	4187.05128192	4176.79487166	4183.84615371	4193.71794858	4194.61538448	
4190.25641012	4198.46153833	4184.74358961	4163.205128	4190.12820499	4206.92307686	4203.33333327	4200.25641012	4204.61538455	4188.71794858	4174.87179474	4182.69230756	4195.51282038	4194.61538448	
4182.05128192	4186.5384614	4175.38461525	4157.17948697	4191.02564089	4202.17948711	4197.4358973	4191.92307679	4196.92307679	4185.64102551	4169.35897422	4173.07692294	4187.17948704	4185.38461525	
4176.41025628	4182.4358973	4167.56410236	4157.56410236	4193.71794858	4203.20512814	4198.84615371	4198.20512807	4198.46153833	4183.71794858	4167.17948697	4168.20512807	4185.64102551	4180.25641012	
4178.3333332	4191.92307679	4170.64102551	4158.205128	4191.92307679	4205.25641019	4204.35897429	4204.99999993	4199.99999986	4185.51282038	4169.74358961	4172.56410243	4188.97435884	4182.69230756	
4181.28205115	4191.02564089	4175.12820499	4155.51282031	4190.25641012	4200.12820499	4197.17948704	4192.30769217	4187.94871781	4181.28205115	4166.41025621	4171.5384614	4186.28205115	4185.25641012	
4181.15384602	4183.97435884	4172.69230756	4158.97435877	4189.10256397	4196.92307679	4184.99999986	4183.3333332	4180.12820499	4173.20512807	4161.28205108	4168.20512807	4183.3333332	4184.74358961	
4182.17948704	4189.61538448	4174.74358961	4167.05128185	4188.07692294	4200.25641012	4188.46153833	4192.4358973	4184.61538448	4175.64102551	4163.46153826	4174.74358961	4185.76923063	4184.87179474	
4188.71794858	4199.35897422	4183.97435884	4171.41025628	4190.76923063	4202.82051275	4199.35897422	4200.38461525	4189.74358961	4184.2307691	4169.10256397	4183.71794858	4192.05128192	4189.10256397	
4194.2307691	4200.51282038	4187.69230756	4174.48717935	4191.5384614	4201.79487173	4199.2307691	4199.35897422	4194.99999986	4186.15384602	4175.89743576	4185.51282038	4199.10256397	4192.94871781	
4196.79487166	4201.02564096	4190.25641012	4181.66666653	4188.84615371	4201.41025634	4197.4358973	4199.61538448	4200.89743576	4189.99999986	4182.82051269	4190.51282038	4200.38461525	4195.12820499	
4197.30769217	4207.69230763	4196.92307679	4185.25641012	4188.97435884	4201.02564096	4198.46153833	4201.92307686	4201.79487173	4197.69230756	4187.94871781	4199.74358961	4200.51282038	4200.25641012	
4199.2307691	4214.48717942	4199.99999986	4185.89743576	4191.28205115	4201.6666666	4197.05128192	4203.84615378	4202.94871788	4201.6666666	4199.48717935	4202.82051275	4209.99999993	4204.48717942	
4204.61538455	4214.48717942	4201.53846147	4188.20512807	4191.02564089	4205.51282045	4199.61538448	4207.43589737	4209.35897429	4204.35897429	4205.64102558	4202.94871788	4218.58974352	4208.84615378	
4204.10256404	4207.43589737	4201.53846147	4181.5384614	4189.99999986	4205.64102558	4202.94871788	4208.07692301	4206.92307686	4202.30769224	4190.38461525	4203.33333327	4212.17948711	4209.61538455	
4198.20512807	4203.20512814	4193.71794858	4174.10256397	4190.12820499	4203.20512814	4200.89743576	4200.76923063	4192.56410243	4193.46153833	4179.99999986	4196.92307679	4201.15384609	4203.58974352	
4195.51282038	4203.71794865	4188.3333332	4175.51282038	4189.35897422	4204.23076917	4195.76923063	4192.17948704	4183.71794858	4188.07692294	4181.66666653	4188.84615371	4201.41025634	4196.15384602	
4191.66666653	4200.51282038	4186.79487166	4173.07692294	4191.02564089	4204.74358968	4190.38461525	4186.92307679	4184.61538448	4185.51282038	4173.84615371	4184.61538448	4200.64102551	4192.4358973	
4185.76923063	4196.02564089	4182.30769217	4165.89743569	4195.25641012	4199.99999986	4191.02564089	4185.76923063	4184.2307691	4181.92307679	4166.53846133	4182.4358973	4189.61538448	4189.99999986	
4188.84615371	4198.58974345	4182.56410243	4167.94871774	4194.48717935	4199.87179474	4194.2307691	4189.10256397	4183.3333332	4183.3333332	4172.94871781	4184.61538448	4189.87179474	4191.02564089	
4192.82051269	4199.2307691	4186.79487166	4169.10256397	4190.64102551	4204.74358968	4192.05128192	4189.99999986	4187.17948704	4187.4358973	4177.56410243	4189.10256397	4197.4358973	4195.89743576	
4186.15384602	4188.71794858	4179.74358961	4158.58974339	4190.25641012	4195.89743576	4183.3333332	4185.25641012	4185.76923063	4183.84615371	4172.56410243	4182.69230756	4190.76923063	4187.05128192	
4177.82051269	4182.17948704	4169.74358961	4157.56410236	4191.41025628	4183.71794858	4176.79487166	4181.41025628	4179.99999986	4178.46153833	4167.3076921	4174.99999986	4179.35897422	4176.92307679	
4182.30769217	4191.92307679	4176.79487166	4169.61538448	4190.51282038	4188.84615371	4182.56410243	4187.56410243	4181.66666653	4182.05128192	4167.69230749	4182.69230756	4183.20512807	4187.05128192	
4193.97435884	4201.6666666	4187.30769217	4173.20512807	4189.74358961	4199.2307691	4193.07692294	4198.3333332	4188.20512807	4189.10256397	4171.28205115	4191.41025628	4193.84615371	4196.92307679	
4196.02564089	4200.64102551	4185.76923063	4168.97435884	4190.38461525	4200.51282038	4200.38461525	4200.64102551	4193.58974345	4192.56410243	4170.25641012	4187.05128192	4199.61538448	4192.4358973	
4192.4358973	4197.05128192	4182.94871781	4166.53846133	4191.41025628	4203.33333327	4205.7692307	4201.79487173	4201.41025634	4194.10256397	4167.43589723	4185.38461525	4199.10256397	4190.89743576	
4186.5384614	4191.02564089	4178.07692294	4161.02564082	4191.79487166	4206.41025634	4205.38461532	4202.43589737	4202.30769224	4191.92307679	4163.71794851	4184.10256397	4191.41025628	4192.30769217	
4178.84615371	4184.35897422	4169.10256397	4154.74358954	4191.28205115	4202.05128199	4198.97435884	4192.4358973	4189.35897422	4184.2307691	4156.92307672	4172.56410243	4184.2307691	4181.02564089	
4175.76923063	4184.2307691	4166.41025621	4153.84615364	4189.99999986	4201.6666666	4194.2307691	4181.41025628	4180.89743576	4180.25641012	4152.56410236	4165.12820492	4182.4358973	4172.69230756	
4175.51282038	4184.10256397	4167.17948697	4153.07692287	4189.2307691	4197.69230756	4189.2307691	4182.69230756	4179.74358961	4181.15384602	4152.05128185	4167.56410236	4183.71794858	4175.38461525	
4177.4358973	4182.94871781	4169.99999986	4157.3076921	4189.48717935	4187.82051269	4180.51282038	4182.30769217	4175.89743576	4181.66666653	4157.94871774	4174.61538448	4184.99999986	4180.76923063	
4185.76923063	4191.79487166	4181.41025628	4167.94871774	4191.5384614	4190.76923063	4183.07692294	4181.92307679	4181.28205115	4186.79487166	4170.12820499	4183.46153833	4188.46153833	4187.4358973	
4193.71794858	4200.76923063	4187.30769217	4171.5384614	4192.94871781	4198.46153833	4194.35897422	4196.28205115	4194.87179474	4194.2307691	4168.71794858	4186.28205115	4193.07692294	4191.92307679	
4193.97435884	4197.4358973	4184.10256397	4168.84615371	4192.4358973	4196.41025628	4194.61538448	4200.51282038	4201.28205122	4197.4358973	4164.35897415	4187.94871781	4196.92307679	4196.41025628	
4198.58974345	4197.17948704	4193.46153833	4171.5384614	4191.28205115	4196.66666653	4192.56410243	4185.89743576	4207.05128199	4204.35897429	4184.87179474	4200.64102551	4208.84615378	4205.25641019	
4210.51282045	4207.82051275	4209.61538455	4174.2307691	4190.89743576	4203.58974352	4201.53846147	4180.64102551	4217.82051275	4215.64102558	4206.79487173	4214.74358968	4221.41025634	4215.25641019	
4214.99999993	4216.02564096	4210.7692307	4174.87179474	4191.28205115	4206.41025634	4209.74358968	4184.99999986	4222.69230763	4219.74358968	4206.92307686	4219.10256404	4224.23076917	4218.97435891	
4209.10256404	4210.89743583	4202.17948711	4172.94871781	4191.02564089	4202.82051275	4203.07692301	4175.25641012	4214.23076917	4212.17948711	4197.4358973	4214.99999993	4218.71794865	4215.38461532	
4202.17948711	4205.25641019	4199.61538448	4169.10256397	4188.97435884	4199.2307691	4194.99999986	4162.3076921	4201.6666666	4203.58974352	4193.97435884	4206.41025634	4214.87179481	4207.94871788	
4204.10256404	4210.89743583	4203.4615384	4174.99999986	4188.3333332	4206.15384609	4203.33333327	4166.28205108	4200.64102551	4203.33333327	4198.71794858	4203.4615384	4215.12820506	4205.89743583	
4205.64102558	4217.05128199	4201.02564096	4180.76923063	4191.28205115	4211.92307686	4211.28205122	4170.89743576	4206.41025634	4207.5641025	4200.51282038	4204.48717942	4214.48717942	4207.43589737	
4198.20512807	4211.92307686	4195.12820499	4175.89743576	4192.69230756	4207.30769224	4206.28205122	4167.94871774	4208.33333327	4207.5641025	4191.02564089	4200.38461525	4214.10256404	4202.82051275	
4197.05128192	4206.28205122	4197.05128192	4172.94871781	4191.02564089	4206.28205122	4200.51282038	4168.97435884	4205.12820506	4202.5641025	4184.35897422	4199.48717935	4213.07692301	4202.30769224	
4203.07692301	4206.15384609	4199.2307691	4174.35897422	4191.28205115	4207.30769224	4204.74358968	4174.35897422	4203.71794865	4199.99999986	4186.41025628	4202.69230763	4207.43589737	4207.69230763	
4200.64102551	4202.5641025	4195.89743576	4167.3076921	4191.02564089	4203.97435891	4206.53846147	4174.87179474	4205.12820506	4199.74358961	4181.5384614	4199.99999986	4202.30769224	4207.05128199	
4198.3333332	4201.41025634	4197.05128192	4165.89743569	4189.48717935	4203.84615378	4201.02564096	4172.94871781	4209.61538455	4200.51282038	4180.12820499	4203.71794865	4208.20512814	4204.99999993	
4203.4615384	4207.43589737	4202.94871788	4176.41025628	4190.76923063	4206.28205122	4201.92307686	4175.12820499	4211.79487173	4203.58974352	4192.56410243	4213.84615378	4216.41025634	4207.17948711	
4201.02564096	4206.53846147	4200.38461525	4177.4358973	4191.79487166	4202.69230763	4202.05128199	4175.64102551	4208.07692301	4206.92307686	4201.15384609	4209.87179481	4214.35897429	4203.20512814	
4195.25641012	4202.69230763	4195.64102551	4170.89743576	4189.99999986	4200.76923063	4197.4358973	4176.92307679	4209.48717942	4210.25641019	4200.76923063	4201.6666666	4212.69230763	4199.10256397	
4200.76923063	4204.61538455	4197.69230756	4171.92307679	4189.2307691	4206.28205122	4201.6666666	4183.71794858	4214.74358968	4212.82051275	4197.30769217	4208.20512814	4215.64102558	4203.4615384	
4206.79487173	4206.53846147	4201.15384609	4180.64102551	4189.10256397	4212.30769224	4209.99999993	4189.61538448	4220.38461532	4214.35897429	4192.30769217	4216.79487173	4216.53846147	4209.99999993	
4206.41025634	4205.25641019	4204.10256404	4184.74358961	4188.58974345	4210.89743583	4209.10256404	4186.28205115	4219.61538455	4213.58974352	4190.12820499	4217.05128199	4217.17948711	4213.97435891	
4202.30769224	4203.97435891	4204.10256404	4176.66666653	4189.87179474	4202.30769224	4202.05128199	4175.64102551	4208.4615384	4208.4615384	4188.71794858	4213.84615378	4217.69230763	4212.5641025	
4199.61538448	4198.97435884	4198.20512807	4168.20512807	4192.05128192	4198.46153833	4197.30769217	4167.3076921	4198.07692294	4200.25641012	4185.51282038	4208.58974352	4213.33333327	4207.05128199	
4205.38461532	4199.10256397	4199.99999986	4175.51282038	4191.92307679	4201.53846147	4197.4358973	4172.05128192	4200.12820499	4201.41025634	4191.5384614	4210.51282045	4214.99999993	4208.20512814	
4212.43589737	4211.92307686	4212.30769224	4188.84615371	4189.74358961	4202.5641025	4204.35897429	4185.12820499	4208.20512814	4211.28205122	4205.38461532	4219.61538455	4224.61538455	4216.92307686	
4207.30769224	4215.51282045	4210.12820506	4188.84615371	4189.35897422	4200.89743576	4208.07692301	4185.89743576	4204.74358968	4209.10256404	4201.02564096	4219.99999993	4222.94871788	4215.12820506	
4198.97435884	4208.07692301	4200.51282038	4187.69230756	4190.25641012	4199.99999986	4203.07692301	4179.2307691	4198.71794858	4199.61538448	4186.15384602	4212.82051275	4212.43589737	4206.02564096	
4203.71794865	4212.17948711	4206.41025634	4195.12820499	4189.99999986	4199.99999986	4199.99999986	4178.3333332	4200.38461525	4200.51282038	4184.87179474	4213.97435891	4214.74358968	4209.35897429	
4210.64102558	4219.87179481	4211.6666666	4198.3333332	4188.46153833	4199.99999986	4197.94871781	4176.02564089	4201.92307686	4204.87179481	4188.46153833	4218.20512814	4220.12820506	4214.99999993	
4205.7692307	4211.79487173	4205.89743583	4191.79487166	4189.74358961	4199.35897422	4190.38461525	4169.35897422	4197.94871781	4202.94871788	4186.41025628	4212.17948711	4209.74358968	4207.5641025	
4196.15384602	4198.07692294	4195.25641012	4179.61538448	4191.79487166	4193.20512807	4184.61538448	4166.92307672	4195.25641012	4196.41025628	4181.41025628	4201.53846147	4197.56410243	4194.2307691	
4189.10256397	4194.61538448	4186.79487166	4168.58974345	4190.76923063	4186.02564089	4182.94871781	4167.43589723	4194.87179474	4191.79487166	4171.41025628	4196.15384602	4195.89743576	4188.84615371	
4190.12820499	4198.07692294	4188.46153833	4169.10256397	4190.38461525	4192.17948704	4184.99999986	4167.43589723	4190.89743576	4191.79487166	4165.76923056	4196.28205115	4196.92307679	4190.89743576	
4192.56410243	4200.38461525	4191.5384614	4174.87179474	4189.74358961	4201.28205122	4187.56410243	4166.66666646	4186.28205115	4191.41025628	4175.25641012	4194.74358961	4196.5384614	4191.28205115	
4190.51282038	4197.17948704	4185.25641012	4171.41025628	4189.74358961	4200.38461525	4188.84615371	4165.64102544	4185.25641012	4187.30769217	4182.05128192	4192.82051269	4196.66666653	4187.94871781	
4193.58974345	4196.02564089	4186.66666653	4171.79487166	4191.02564089	4198.58974345	4194.99999986	4171.92307679	4190.12820499	4188.58974345	4173.07692294	4195.89743576	4197.56410243	4191.5384614	
4203.84615378	4206.15384609	4201.79487173	4182.94871781	4190.25641012	4202.30769224	4201.15384609	4184.48717935	4201.79487173	4197.17948704	4168.71794858	4205.64102558	4204.35897429	4202.94871788	
4213.71794865	4217.94871788	4213.84615378	4192.30769217	4189.48717935	4203.71794865	4201.92307686	4191.66666653	4211.53846147	4207.43589737	4181.66666653	4217.94871788	4215.89743583	4212.69230763	
4217.43589737	4218.84615378	4215.12820506	4196.79487166	4190.89743576	4201.02564096	4201.79487173	4190.12820499	4208.07692301	4210.25641019	4188.58974345	4222.94871788	4217.82051275	4215.64102558	
4213.33333327	4216.15384609	4212.94871788	4196.41025628	4192.56410243	4198.97435884	4202.69230763	4185.64102551	4201.15384609	4203.97435891	4179.87179474	4221.28205122	4214.74358968	4214.61538455	
4208.33333327	4215.89743583	4210.89743583	4189.48717935	4190.89743576	4197.94871781	4200.76923063	4186.41025628	4201.41025634	4201.92307686	4173.84615371	4218.84615378	4215.38461532	4211.92307686	
4204.23076917	4213.58974352	4206.6666666	4187.30769217	4188.3333332	4197.05128192	4196.28205115	4185.64102551	4202.94871788	4203.97435891	4171.79487166	4214.99999993	4211.6666666	4206.92307686	
4202.17948711	4212.43589737	4203.84615378	4194.2307691	4189.48717935	4196.66666653	4191.02564089	4175.12820499	4199.99999986	4202.5641025	4169.48717935	4210.89743583	4206.79487173	4202.5641025	
4200.38461525	4216.6666666	4204.23076917	4199.2307691	4190.12820499	4200.25641012	4185.12820499	4169.2307691	4198.71794858	4202.05128199	4172.4358973	4209.99999993	4211.41025634	4203.20512814	
4197.56410243	4217.5641025	4203.84615378	4197.69230756	4187.94871781	4202.17948711	4186.92307679	4178.07692294	4208.4615384	4205.38461532	4170.89743576	4211.92307686	4216.02564096	4203.58974352	
4199.48717935	4215.7692307	4205.51282045	4195.51282038	4189.61538448	4200.51282038	4195.38461525	4187.30769217	4217.82051275	4206.92307686	4162.56410236	4213.07692301	4214.23076917	4204.74358968	
4208.58974352	4224.48717942	4215.64102558	4200.38461525	4191.92307679	4208.84615378	4200.51282038	4190.51282038	4216.02564096	4205.51282045	4175.12820499	4217.69230763	4214.61538455	4213.97435891	
4218.20512814	4233.58974352	4226.53846147	4202.30769224	4189.10256397	4216.92307686	4208.07692301	4198.46153833	4214.61538455	4209.23076917	4203.4615384	4228.97435891	4219.48717942	4226.02564096	
4218.84615378	4225.25641019	4222.30769224	4191.92307679	4188.46153833	4210.12820506	4212.94871788	4203.84615378	4219.48717942	4214.10256404	4210.7692307	4230.89743583	4221.79487173	4224.35897429	
4208.84615378	4212.17948711	4211.92307686	4184.2307691	4189.87179474	4198.20512807	4205.38461532	4196.41025628	4212.30769224	4208.20512814	4209.87179481	4220.38461532	4217.94871788	4213.71794865	
4201.79487173	4209.48717942	4206.92307686	4185.89743576	4188.3333332	4195.38461525	4199.35897422	4191.79487166	4201.53846147	4200.89743576	4216.41025634	4214.99999993	4214.87179481	4210.12820506	
4206.79487173	4210.51282045	4206.28205122	4190.64102551	4187.17948704	4199.48717935	4207.69230763	4201.28205122	4209.87179481	4207.94871788	4219.61538455	4217.94871788	4216.28205122	4213.33333327	
4207.82051275	4212.69230763	4208.33333327	4196.79487166	4188.71794858	4203.20512814	4214.48717942	4208.4615384	4221.28205122	4219.35897429	4225.89743583	4217.43589737	4218.97435891	4214.48717942	
4202.43589737	4216.15384609	4210.51282045	4200.89743576	4189.61538448	4203.07692301	4209.74358968	4203.20512814	4219.61538455	4216.28205122	4237.17948718	4215.12820506	4218.33333327	4212.5641025	
4208.58974352	4218.58974352	4212.43589737	4200.12820499	4189.61538448	4200.51282038	4203.20512814	4199.35897422	4214.10256404	4208.07692301	4237.94871795	4217.17948711	4215.51282045	4212.05128199	
4217.82051275	4221.41025634	4217.05128199	4202.69230763	4191.5384614	4203.97435891	4200.76923063	4197.4358973	4210.51282045	4205.64102558	4234.35897436	4219.87179481	4215.89743583	4213.97435891	
4212.05128199	4221.15384609	4217.69230763	4199.48717935	4191.15384602	4205.7692307	4199.99999986	4189.35897422	4203.33333327	4203.97435891	4233.71794865	4216.79487173	4213.58974352	4211.6666666	
4204.48717942	4214.35897429	4205.38461532	4188.58974345	4190.38461525	4200.25641012	4197.82051269	4182.30769217	4198.46153833	4199.2307691	4226.79487173	4210.64102558	4205.25641019	4204.10256404	
4207.05128199	4209.61538455	4198.3333332	4186.5384614	4192.4358973	4198.71794858	4197.69230756	4183.97435884	4199.35897422	4196.5384614	4221.79487173	4209.74358968	4200.12820499	4201.41025634	
4205.51282045	4213.4615384	4204.10256404	4189.48717935	4192.30769217	4200.89743576	4200.64102551	4193.71794858	4201.02564096	4198.84615371	4226.28205122	4212.5641025	4201.92307686	4205.89743583	
4200.51282038	4214.35897429	4203.07692301	4188.20512807	4189.61538448	4199.48717935	4199.61538448	4199.99999986	4200.64102551	4200.25641012	4228.58974352	4213.97435891	4203.84615378	4207.30769224	
4199.99999986	4206.92307686	4199.61538448	4186.5384614	4189.2307691	4195.38461525	4194.99999986	4200.64102551	4199.2307691	4200.51282038	4227.94871788	4212.82051275	4203.58974352	4205.25641019	
4198.84615371	4201.15384609	4199.10256397	4185.51282038	4191.28205115	4194.61538448	4193.46153833	4200.25641012	4198.20512807	4199.61538448	4226.41025634	4210.64102558	4202.82051275	4205.7692307	
4200.89743576	4202.82051275	4200.12820499	4183.07692294	4191.92307679	4197.94871781	4197.94871781	4201.41025634	4199.99999986	4198.3333332	4225.25641019	4211.41025634	4202.17948711	4208.07692301	
4207.43589737	4204.74358968	4202.05128199	4183.46153833	4191.02564089	4201.02564096	4202.05128199	4203.07692301	4203.58974352	4199.99999986	4224.87179481	4214.87179481	4204.10256404	4208.71794865	
4208.4615384	4203.07692301	4200.89743576	4183.71794858	4190.38461525	4201.79487173	4206.53846147	4203.33333327	4206.02564096	4201.53846147	4222.30769224	4211.79487173	4205.7692307	4206.41025634	
4204.87179481	4199.74358961	4197.17948704	4179.99999986	4191.02564089	4203.33333327	4210.38461532	4203.58974352	4210.12820506	4199.74358961	4216.28205122	4202.43589737	4202.05128199	4203.07692301	
4202.30769224	4199.99999986	4197.30769217	4177.30769217	4192.69230756	4206.53846147	4209.35897429	4202.69230763	4209.23076917	4198.97435884	4212.30769224	4198.20512807	4200.38461525	4201.53846147	
4204.35897429	4207.82051275	4200.64102551	4183.58974345	4192.05128192	4206.41025634	4206.41025634	4200.89743576	4202.69230763	4203.4615384	4220.7692307	4204.48717942	4207.17948711	4207.17948711	
4209.61538455	4215.51282045	4202.43589737	4199.99999986	4190.76923063	4206.15384609	4206.41025634	4200.25641012	4205.64102558	4207.82051275	4242.30769231	4215.51282045	4215.7692307	4214.35897429	
4207.5641025	4219.23076917	4207.05128199	4216.28205122	4192.4358973	4204.87179481	4202.82051275	4199.87179474	4207.43589737	4204.35897429	4256.53846154	4221.92307686	4217.17948711	4212.30769224	
4206.92307686	4230.51282045	4221.92307686	4237.17948718	4192.82051269	4199.48717935	4195.64102551	4196.92307679	4198.3333332	4198.3333332	4262.6923077	4232.17948711	4219.87179481	4213.07692301	
4224.23076917	4250.25641026	4249.23076923	4271.66666674	4190.51282038	4204.10256404	4204.99999993	4201.28205122	4202.30769224	4208.71794865	4294.2307693	4260.76923077	4240.38461539	4233.58974352	
4243.20512821	4268.58974366	4275.64102571	4307.05128219	4190.89743576	4216.28205122	4225.12820506	4216.02564096	4219.10256404	4224.61538455	4338.97435919	4294.10256418	4264.10256411	4255.8974359	
4244.74358975	4279.10256418	4284.61538469	4327.17948732	4191.66666653	4217.43589737	4230.12820506	4222.5641025	4220.89743583	4224.61538455	4350.76923098	4310.89743604	4267.82051289	4258.33333334	
4245.76923077	4282.94871802	4286.0256411	4334.4871797	4191.5384614	4213.4615384	4226.02564096	4218.20512814	4216.6666666	4224.74358968	4345.3846156	4315.89743604	4264.35897436	4255.0	
4251.41025641	4284.35897443	4290.00000007	4332.94871816	4191.92307679	4215.51282045	4226.28205122	4217.17948711	4220.38461532	4230.25641019	4347.30769252	4315.2564104	4266.02564103	4261.15384616	
4244.74358975	4278.97435905	4281.0256411	4320.2564104	4190.38461525	4217.17948711	4223.20512814	4217.5641025	4221.92307686	4224.87179481	4338.97435919	4304.23076937	4261.15384616	4258.84615385	
4235.38461539	4268.33333341	4265.51282052	4304.74358989	4191.02564089	4212.05128199	4215.7692307	4215.38461532	4217.94871788	4220.38461532	4324.3589745	4292.56410264	4254.48717949	4245.76923077	
4235.0	4260.0	4262.43589744	4289.2307693	4194.10256397	4206.92307686	4212.82051275	4213.4615384	4218.97435891	4229.10256404	4327.94871809	4288.97435905	4260.64102564	4244.35897436	
4231.41025634	4249.10256411	4259.74358975	4263.20512821	4191.66666653	4208.4615384	4210.51282045	4213.97435891	4221.92307686	4234.87179488	4331.41025655	4284.48717956	4266.02564103	4251.53846154	
4223.07692301	4235.0	4248.20512821	4234.74358975	4188.20512807	4212.43589737	4212.43589737	4214.23076917	4222.69230763	4232.17948711	4318.20512835	4275.76923084	4260.0	4246.02564103	
4216.15384609	4223.07692301	4234.23076923	4213.97435891	4190.89743576	4207.82051275	4213.4615384	4208.84615378	4219.61538455	4225.25641019	4297.43589751	4261.66666667	4246.66666667	4230.25641019	
4207.30769224	4214.35897429	4220.7692307	4201.02564096	4192.94871781	4200.38461525	4202.94871788	4200.38461525	4211.02564096	4214.99999993	4275.1282052	4240.76923077	4230.25641019	4218.71794865	
4203.4615384	4209.87179481	4211.41025634	4194.2307691	4191.02564089	4199.48717935	4196.92307679	4198.58974345	4207.94871788	4211.28205122	4258.97435898	4228.4615384	4221.79487173	4215.25641019	
4210.25641019	4213.58974352	4217.05128199	4192.05128192	4190.76923063	4199.61538448	4204.10256404	4207.43589737	4215.64102558	4213.97435891	4257.56410257	4231.41025634	4227.17948711	4217.30769224	
4214.74358968	4219.10256404	4226.02564096	4192.56410243	4191.79487166	4205.25641019	4215.12820506	4217.5641025	4222.94871788	4218.20512814	4260.8974359	4235.38461539	4234.10256411	4222.82051275	
4210.89743583	4219.35897429	4221.28205122	4193.20512807	4191.15384602	4215.64102558	4219.10256404	4214.61538455	4221.41025634	4221.02564096	4255.76923077	4234.61538462	4231.53846147	4223.97435891	
4208.4615384	4215.89743583	4214.87179481	4191.41025628	4190.12820499	4213.33333327	4211.02564096	4202.30769224	4212.05128199	4213.58974352	4243.33333334	4228.20512814	4223.07692301	4218.07692301	
4206.28205122	4213.33333327	4212.5641025	4186.28205115	4190.51282038	4202.82051275	4200.64102551	4192.94871781	4202.69230763	4203.33333327	4232.94871788	4220.51282045	4212.94871788	4209.87179481	
4201.92307686	4213.97435891	4208.33333327	4182.56410243	4191.79487166	4201.02564096	4199.10256397	4187.94871781	4198.3333332	4201.02564096	4226.02564096	4215.25641019	4204.87179481	4205.89743583	
4200.76923063	4206.28205122	4201.79487173	4174.61538448	4192.94871781	4205.38461532	4199.2307691	4182.05128192	4194.35897422	4196.5384614	4218.84615378	4209.10256404	4200.25641012	4202.05128199	
4196.5384614	4191.66666653	4194.87179474	4161.53846133	4192.56410243	4203.07692301	4192.56410243	4181.5384614	4188.20512807	4186.5384614	4211.79487173	4198.97435884	4196.02564089	4195.76923063	
4194.74358961	4190.25641012	4193.58974345	4162.05128185	4191.79487166	4201.02564096	4195.76923063	4194.87179474	4194.48717935	4188.84615371	4214.35897429	4197.56410243	4198.71794858	4198.20512807	
4203.84615378	4201.02564096	4198.97435884	4170.25641012	4192.05128192	4206.15384609	4205.51282045	4212.5641025	4209.10256404	4200.76923063	4220.25641019	4208.84615378	4208.71794865	4210.12820506	
4209.48717942	4204.74358968	4204.74358968	4170.89743576	4192.94871781	4212.69230763	4208.97435891	4217.17948711	4214.99999993	4200.76923063	4220.12820506	4216.79487173	4215.12820506	4216.28205122	
4209.87179481	4201.41025634	4206.92307686	4169.35897422	4193.97435884	4215.7692307	4212.94871788	4215.12820506	4216.15384609	4196.41025628	4214.74358968	4217.69230763	4215.64102558	4215.7692307	
4210.51282045	4201.41025634	4207.5641025	4170.12820499	4191.28205115	4211.53846147	4213.84615378	4215.38461532	4216.79487173	4200.51282038	4205.64102558	4213.20512814	4212.17948711	4213.58974352	
4205.51282045	4198.46153833	4202.94871788	4163.07692287	4189.87179474	4203.58974352	4204.74358968	4208.97435891	4216.79487173	4201.6666666	4198.71794858	4205.38461532	4205.89743583	4211.92307686	
4200.12820499	4191.28205115	4197.69230756	4155.76923056	4193.46153833	4201.6666666	4198.71794858	4200.25641012	4214.48717942	4198.07692294	4197.30769217	4202.5641025	4205.51282045	4213.20512814	
4199.99999986	4188.3333332	4199.61538448	4153.58974339	4194.99999986	4205.38461532	4201.53846147	4201.28205122	4207.17948711	4198.97435884	4197.05128192	4203.97435891	4213.4615384	4213.4615384	
4199.2307691	4184.48717935	4194.87179474	4141.66666646	4192.17948704	4202.94871788	4201.92307686	4201.41025634	4202.82051275	4200.38461525	4198.20512807	4202.05128199	4213.4615384	4210.51282045	
4196.92307679	4181.92307679	4184.74358961	4134.61538434	4189.61538448	4201.6666666	4199.35897422	4195.51282038	4202.5641025	4196.66666653	4197.69230756	4198.84615371	4203.71794865	4207.30769224	
4197.82051269	4190.51282038	4189.61538448	4148.205128	4190.25641012	4208.84615378	4202.69230763	4198.71794858	4202.30769224	4196.92307679	4191.5384614	4200.25641012	4199.35897422	4204.10256404	
4199.74358961	4199.74358961	4195.38461525	4157.94871774	4193.07692294	4208.4615384	4206.41025634	4207.43589737	4204.35897429	4199.48717935	4186.66666653	4199.2307691	4200.12820499	4201.15384609	
4199.35897422	4197.82051269	4189.10256397	4154.48717928	4193.3333332	4201.28205122	4204.74358968	4208.71794865	4210.51282045	4199.74358961	4187.56410243	4194.99999986	4202.5641025	4201.6666666	
4201.92307686	4194.87179474	4190.51282038	4157.94871774	4192.17948704	4201.79487173	4206.92307686	4211.53846147	4216.15384609	4204.61538455	4188.3333332	4196.79487166	4203.20512814	4206.02564096	
4207.94871788	4197.56410243	4200.51282038	4168.84615371	4193.3333332	4207.94871788	4212.17948711	4217.82051275	4218.07692301	4205.51282045	4185.76923063	4201.79487173	4202.94871788	4206.53846147	
4211.15384609	4200.12820499	4202.69230763	4173.58974345	4193.58974345	4205.25641019	4208.33333327	4216.02564096	4216.41025634	4201.53846147	4185.12820499	4203.20512814	4207.30769224	4207.94871788	
4216.28205122	4202.5641025	4206.15384609	4174.2307691	4190.89743576	4201.92307686	4207.94871788	4214.99999993	4214.87179481	4205.38461532	4194.2307691	4209.23076917	4216.02564096	4217.5641025	
4221.02564096	4205.89743583	4211.41025634	4174.87179474	4189.99999986	4208.71794865	4214.35897429	4218.4615384	4218.07692301	4210.25641019	4204.48717942	4217.69230763	4218.71794865	4224.61538455	
4213.97435891	4205.38461532	4205.7692307	4169.61538448	4190.64102551	4211.41025634	4210.89743583	4212.30769224	4215.25641019	4203.84615378	4194.35897422	4211.53846147	4209.74358968	4215.64102558	
4202.43589737	4196.66666653	4196.02564089	4158.46153826	4190.89743576	4205.51282045	4202.82051275	4203.07692301	4204.87179481	4196.5384614	4176.41025628	4196.66666653	4201.28205122	4202.05128199	
4197.05128192	4186.92307679	4188.3333332	4150.76923056	4189.74358961	4202.82051275	4201.28205122	4202.43589737	4199.48717935	4193.97435884	4171.5384614	4188.84615371	4200.64102551	4195.64102551	
4195.89743576	4185.51282038	4185.38461525	4152.43589723	4189.35897422	4205.12820506	4200.76923063	4198.97435884	4199.74358961	4188.84615371	4165.76923056	4187.30769217	4199.10256397	4196.41025628	
4192.17948704	4189.2307691	4184.2307691	4153.205128	4191.15384602	4203.97435891	4199.74358961	4190.64102551	4200.38461525	4185.38461525	4154.61538441	4186.28205115	4191.15384602	4197.30769217	
4184.74358961	4188.3333332	4175.64102551	4145.64102544	4191.15384602	4200.64102551	4192.94871781	4186.5384614	4195.12820499	4183.84615371	4150.38461518	4182.82051269	4183.97435884	4189.74358961	
4181.5384614	4184.48717935	4171.02564089	4144.48717928	4189.74358961	4200.64102551	4184.48717935	4185.89743576	4190.76923063	4180.76923063	4152.69230749	4179.74358961	4184.99999986	4184.35897422	
4183.97435884	4186.41025628	4178.20512807	4153.205128	4188.20512807	4203.33333327	4187.56410243	4185.89743576	4195.51282038	4181.66666653	4154.48717928	4183.07692294	4187.82051269	4188.97435884	
4185.64102551	4189.61538448	4182.82051269	4156.02564082	4188.84615371	4203.97435891	4190.89743576	4187.4358973	4200.76923063	4185.64102551	4153.84615364	4186.02564089	4187.05128192	4191.02564089	
4185.76923063	4188.07692294	4184.74358961	4153.07692287	4190.25641012	4199.99999986	4186.41025628	4190.64102551	4200.64102551	4184.87179474	4154.1025639	4184.87179474	4186.41025628	4188.07692294	
4186.79487166	4187.69230756	4186.28205115	4154.9999998	4190.25641012	4199.35897422	4187.82051269	4189.87179474	4196.79487166	4181.66666653	4153.97435877	4186.02564089	4189.48717935	4188.84615371	
4185.64102551	4188.84615371	4180.64102551	4155.51282031	4190.38461525	4202.17948711	4194.10256397	4185.12820499	4187.30769217	4177.4358973	4149.1025639	4183.97435884	4186.5384614	4190.38461525	
4184.2307691	4186.92307679	4173.3333332	4149.87179467	4190.76923063	4205.51282045	4194.48717935	4183.07692294	4174.99999986	4168.84615371	4140.25641005	4174.2307691	4174.87179474	4183.84615371	
4180.89743576	4183.58974345	4170.38461525	4149.1025639	4191.5384614	4205.64102558	4188.71794858	4180.51282038	4169.87179474	4163.46153826	4131.66666639	4168.97435884	4167.3076921	4177.69230756	
4175.76923063	4183.46153833	4166.79487159	4151.02564082	4191.41025628	4199.35897422	4184.74358961	4172.69230756	4168.84615371	4166.66666646	4128.58974332	4169.74358961	4168.97435884	4178.58974345	
4179.2307691	4187.56410243	4169.74358961	4151.41025621	4189.99999986	4198.46153833	4186.41025628	4173.58974345	4170.51282038	4168.71794858	4133.46153819	4171.66666653	4173.07692294	4183.20512807	
4184.61538448	4188.84615371	4177.30769217	4149.61538441	4188.46153833	4201.41025634	4185.12820499	4179.87179474	4171.15384602	4167.69230749	4136.92307672	4172.69230756	4172.4358973	4182.4358973	
4179.10256397	4182.4358973	4174.48717935	4147.56410236	4189.99999986	4194.61538448	4178.97435884	4175.38461525	4167.94871774	4168.46153833	4134.10256383	4171.5384614	4169.10256397	4177.17948704	
4176.15384602	4180.76923063	4171.5384614	4150.89743569	4192.30769217	4191.28205115	4179.61538448	4173.58974345	4173.58974345	4169.10256397	4134.8717946	4175.12820499	4174.87179474	4179.87179474	
4185.12820499	4186.79487166	4181.02564089	4155.76923056	4190.38461525	4198.58974345	4185.51282038	4184.48717935	4185.51282038	4175.76923063	4139.9999998	4182.56410243	4183.3333332	4188.71794858	
4187.56410243	4187.56410243	4186.66666653	4155.89743569	4189.35897422	4198.97435884	4188.46153833	4188.3333332	4187.30769217	4184.74358961	4144.9999998	4186.28205115	4185.76923063	4193.20512807	
4185.25641012	4188.07692294	4183.46153833	4159.87179467	4192.05128192	4191.15384602	4191.02564089	4182.4358973	4183.20512807	4185.51282038	4153.07692287	4187.69230756	4191.5384614	4193.58974345	
4192.69230756	4196.66666653	4186.15384602	4167.56410236	4192.82051269	4191.5384614	4190.89743576	4184.2307691	4184.99999986	4184.61538448	4158.84615364	4191.28205115	4197.69230756	4195.76923063	
4195.64102551	4201.6666666	4189.74358961	4168.84615371	4190.51282038	4196.02564089	4185.64102551	4188.58974345	4183.58974345	4184.74358961	4152.05128185	4191.15384602	4190.51282038	4196.28205115	
4189.74358961	4199.61538448	4183.97435884	4167.56410236	4190.51282038	4197.30769217	4188.58974345	4183.71794858	4177.30769217	4180.89743576	4146.02564082	4184.87179474	4182.69230756	4192.05128192	
4192.69230756	4200.12820499	4182.30769217	4165.25641005	4193.20512807	4200.64102551	4199.2307691	4183.07692294	4180.89743576	4181.92307679	4151.79487159	4184.10256397	4189.74358961	4189.35897422	
4202.5641025	4199.10256397	4188.07692294	4155.25641005	4192.94871781	4202.30769224	4201.92307686	4192.94871781	4187.56410243	4188.07692294	4157.56410236	4191.15384602	4198.3333332	4193.97435884	
4203.4615384	4197.82051269	4192.56410243	4152.17948697	4189.99999986	4200.76923063	4197.30769217	4199.61538448	4185.76923063	4186.15384602	4156.41025621	4197.05128192	4199.2307691	4201.28205122	
4203.71794865	4206.41025634	4198.46153833	4165.89743569	4190.76923063	4199.74358961	4195.38461525	4197.56410243	4184.74358961	4187.94871781	4157.43589723	4198.58974345	4197.56410243	4206.79487173	
4211.6666666	4211.15384609	4204.48717942	4171.66666653	4194.10256397	4200.64102551	4198.58974345	4197.94871781	4189.74358961	4193.58974345	4159.74358954	4200.89743576	4198.20512807	4208.58974352	
4215.38461532	4205.51282045	4205.38461532	4164.35897415	4192.94871781	4202.94871788	4202.30769224	4201.6666666	4192.56410243	4189.61538448	4157.43589723	4202.69230763	4201.28205122	4208.4615384	
4210.89743583	4205.12820506	4205.7692307	4164.1025639	4190.51282038	4202.94871788	4201.79487173	4201.53846147	4190.89743576	4188.46153833	4156.02564082	4201.15384609	4203.71794865	4209.61538455	
4209.87179481	4212.94871788	4205.64102558	4172.56410243	4191.28205115	4202.30769224	4199.87179474	4198.20512807	4189.10256397	4196.15384602	4160.51282031	4202.5641025	4203.20512814	4211.41025634	
4213.84615378	4217.43589737	4205.25641019	4179.2307691	4193.20512807	4207.43589737	4203.84615378	4199.74358961	4193.20512807	4200.12820499	4166.79487159	4205.12820506	4204.48717942	4209.23076917	
4215.51282045	4215.38461532	4208.33333327	4180.51282038	4194.99999986	4211.6666666	4208.97435891	4208.07692301	4203.07692301	4201.6666666	4168.46153833	4202.30769224	4208.84615378	4211.6666666	
4215.64102558	4215.25641019	4213.4615384	4183.84615371	4193.20512807	4209.61538455	4206.79487173	4218.33333327	4208.07692301	4205.12820506	4168.3333332	4202.17948711	4211.02564096	4218.84615378	
4215.12820506	4220.12820506	4214.99999993	4186.5384614	4188.84615371	4208.84615378	4203.97435891	4218.07692301	4208.4615384	4205.25641019	4167.3076921	4208.71794865	4212.05128199	4219.61538455	
4207.17948711	4216.53846147	4208.20512814	4178.20512807	4188.3333332	4207.30769224	4200.25641012	4206.92307686	4202.30769224	4198.71794858	4160.76923056	4204.99999993	4206.92307686	4210.89743583	
4194.35897422	4198.20512807	4192.82051269	4164.9999998	4188.97435884	4201.15384609	4196.66666653	4196.66666653	4188.84615371	4189.87179474	4150.51282031	4188.97435884	4193.71794858	4196.41025628	
4185.64102551	4185.38461525	4182.94871781	4158.97435877	4188.58974345	4202.05128199	4199.35897422	4191.5384614	4183.20512807	4178.97435884	4142.69230749	4179.61538448	4184.74358961	4186.28205115	
4177.69230756	4184.61538448	4181.41025628	4155.64102544	4188.3333332	4204.35897429	4197.82051269	4186.15384602	4184.2307691	4171.15384602	4134.61538434	4179.2307691	4182.56410243	4184.87179474	
4177.17948704	4188.20512807	4183.20512807	4157.82051262	4189.35897422	4199.87179474	4192.69230756	4187.17948704	4185.25641012	4174.99999986	4132.56410229	4183.07692294	4185.76923063	4188.97435884	
4187.56410243	4198.3333332	4189.35897422	4170.51282038	4191.92307679	4201.15384609	4194.10256397	4198.3333332	4193.3333332	4186.66666653	4145.12820492	4189.10256397	4197.17948704	4195.76923063	
4189.35897422	4202.82051275	4191.41025628	4174.74358961	4193.3333332	4202.5641025	4191.41025628	4203.07692301	4202.30769224	4189.48717935	4154.74358954	4188.58974345	4199.87179474	4194.74358961	
4186.79487166	4199.61538448	4189.2307691	4173.84615371	4192.4358973	4199.87179474	4185.76923063	4200.12820499	4201.15384609	4183.84615371	4149.61538441	4186.15384602	4190.12820499	4189.99999986	
4195.12820499	4205.38461532	4197.56410243	4185.89743576	4191.02564089	4204.10256404	4196.28205115	4204.10256404	4201.6666666	4186.41025628	4149.61538441	4194.2307691	4194.61538448	4196.79487166	
4204.48717942	4216.15384609	4210.51282045	4200.12820499	4191.41025628	4206.53846147	4204.61538455	4209.74358968	4205.7692307	4193.20512807	4160.89743569	4204.99999993	4203.84615378	4207.5641025	
4207.69230763	4222.69230763	4214.99999993	4207.05128199	4192.17948704	4203.71794865	4198.3333332	4207.69230763	4203.71794865	4193.3333332	4169.61538448	4210.89743583	4202.82051275	4212.17948711	
4209.87179481	4228.33333327	4218.58974352	4214.74358968	4191.28205115	4205.51282045	4198.46153833	4203.33333327	4199.99999986	4189.99999986	4177.30769217	4216.15384609	4207.5641025	4217.5641025	
4207.69230763	4229.23076917	4221.28205122	4226.92307686	4191.28205115	4211.41025634	4202.30769224	4202.5641025	4193.07692294	4186.41025628	4184.2307691	4218.97435891	4211.53846147	4217.94871788	
4204.48717942	4228.97435891	4219.61538455	4242.17948718	4192.56410243	4212.69230763	4195.38461525	4197.4358973	4185.89743576	4184.61538448	4191.41025628	4220.25641019	4205.64102558	4208.4615384	
4208.20512814	4236.53846154	4228.20512814	4260.25641026	4193.84615371	4210.25641019	4189.2307691	4188.46153833	4185.89743576	4187.17948704	4213.97435891	4233.4615384	4212.17948711	4210.12820506	
4218.71794865	4250.51282052	4248.97435898	4283.97435905	4193.46153833	4206.28205122	4191.92307679	4189.61538448	4186.28205115	4193.84615371	4240.64102564	4254.74358975	4227.82051275	4225.64102558	
4227.43589737	4259.87179488	4263.46153847	4308.20512835	4191.41025628	4202.17948711	4192.30769217	4195.64102551	4187.94871781	4198.58974345	4255.51282052	4268.71794879	4233.20512814	4237.05128206	
4231.53846147	4264.48717949	4267.05128212	4316.92307707	4192.17948704	4204.99999993	4193.84615371	4199.35897422	4196.41025628	4201.92307686	4264.61538462	4275.00000007	4240.76923077	4243.97435898	
4240.12820513	4270.00000007	4273.97435905	4315.51282066	4194.74358961	4212.17948711	4204.61538455	4209.61538455	4209.23076917	4207.30769224	4270.76923084	4281.923077	4253.07692308	4251.92307693	
4246.15384616	4273.46153853	4282.17948725	4316.53846168	4193.20512807	4217.69230763	4214.48717942	4221.92307686	4214.99999993	4212.05128199	4271.41025648	4286.15384623	4255.12820513	4257.05128206	
4241.53846154	4268.46153853	4278.97435905	4308.07692322	4189.61538448	4214.35897429	4210.7692307	4218.97435891	4211.02564096	4212.69230763	4268.71794879	4282.30769238	4252.05128206	4255.25641026	
4234.48717949	4257.94871795	4266.66666674	4286.923077	4189.48717935	4205.25641019	4201.15384609	4207.05128199	4204.23076917	4203.71794865	4257.56410257	4271.15384623	4249.61538462	4247.82051282	
4227.17948711	4241.66666667	4249.61538462	4261.53846154	4191.92307679	4200.38461525	4198.46153833	4203.20512814	4197.05128192	4189.35897422	4237.43589744	4253.58974359	4237.82051282	4235.76923077	
4213.4615384	4221.02564096	4229.35897429	4232.30769224	4192.05128192	4198.3333332	4195.89743576	4199.2307691	4192.30769217	4180.38461525	4215.12820506	4233.07692301	4219.48717942	4220.12820506	
4201.92307686	4211.02564096	4216.15384609	4214.87179481	4190.51282038	4199.74358961	4194.87179474	4197.94871781	4195.51282038	4181.92307679	4199.10256397	4221.79487173	4212.05128199	4209.74358968	
4203.4615384	4210.51282045	4215.7692307	4217.30769224	4191.02564089	4203.97435891	4202.94871788	4209.61538455	4204.35897429	4187.94871781	4198.46153833	4220.7692307	4215.25641019	4211.79487173	
4204.35897429	4205.89743583	4214.87179481	4213.4615384	4191.66666653	4206.28205122	4207.05128199	4214.23076917	4205.38461532	4189.99999986	4200.12820499	4220.12820506	4217.94871788	4215.89743583	
4198.58974345	4201.15384609	4210.12820506	4198.71794858	4190.76923063	4200.51282038	4198.84615371	4203.58974352	4199.61538448	4185.64102551	4187.4358973	4213.20512814	4214.23076917	4211.41025634	
4196.92307679	4201.15384609	4208.58974352	4197.82051269	4191.02564089	4199.10256397	4194.2307691	4203.58974352	4199.48717935	4183.20512807	4179.35897422	4208.4615384	4211.53846147	4205.64102558	
4198.20512807	4206.41025634	4212.05128199	4204.10256404	4193.58974345	4210.12820506	4202.05128199	4215.38461532	4201.6666666	4186.92307679	4186.28205115	4210.89743583	4214.35897429	4205.51282045	
4201.92307686	4213.97435891	4214.35897429	4202.69230763	4192.56410243	4218.4615384	4210.7692307	4216.53846147	4202.82051275	4188.3333332	4183.84615371	4212.82051275	4215.25641019	4210.25641019	
4211.92307686	4219.23076917	4216.15384609	4204.23076917	4189.74358961	4218.07692301	4210.12820506	4213.58974352	4201.41025634	4185.25641012	4173.07692294	4214.87179481	4213.71794865	4212.94871788	
4219.35897429	4220.51282045	4222.5641025	4208.20512814	4191.79487166	4216.6666666	4207.94871788	4216.53846147	4202.30769224	4187.82051269	4177.05128192	4218.07692301	4214.74358968	4213.97435891	
4219.48717942	4219.87179481	4226.79487173	4202.5641025	4193.97435884	4218.20512814	4212.17948711	4216.79487173	4207.82051275	4192.4358973	4186.28205115	4219.10256404	4216.53846147	4218.84615378	
4216.79487173	4219.99999993	4223.20512814	4198.97435884	4191.02564089	4220.25641019	4213.97435891	4217.17948711	4212.43589737	4190.51282038	4180.89743576	4216.15384609	4215.25641019	4218.71794865	
4212.05128199	4216.79487173	4218.33333327	4202.05128199	4190.38461525	4221.53846147	4212.69230763	4227.69230763	4216.02564096	4192.30769217	4174.74358961	4216.79487173	4215.7692307	4213.20512814	
4204.74358968	4207.94871788	4215.12820506	4195.64102551	4193.97435884	4219.10256404	4212.82051275	4233.20512814	4218.07692301	4198.71794858	4175.25641012	4215.25641019	4217.94871788	4212.30769224	
4199.74358961	4199.35897422	4210.89743583	4184.35897422	4191.28205115	4212.17948711	4208.07692301	4222.43589737	4215.89743583	4198.07692294	4173.58974345	4204.61538455	4216.53846147	4214.10256404	
4202.82051275	4201.53846147	4213.58974352	4183.84615371	4186.5384614	4212.43589737	4207.43589737	4220.25641019	4214.10256404	4197.17948704	4178.84615371	4206.02564096	4216.41025634	4213.71794865	
4205.25641019	4205.64102558	4216.92307686	4188.71794858	4188.20512807	4214.48717942	4215.25641019	4229.35897429	4217.94871788	4202.94871788	4185.64102551	4216.53846147	4221.15384609	4216.15384609	
4197.82051269	4197.82051269	4207.69230763	4180.51282038	4191.41025628	4206.92307686	4210.25641019	4224.61538455	4217.43589737	4200.64102551	4177.4358973	4211.41025634	4217.30769224	4215.12820506	
4190.51282038	4187.56410243	4194.2307691	4168.58974345	4192.05128192	4202.94871788	4198.97435884	4215.51282045	4207.17948711	4185.38461525	4163.58974339	4194.48717935	4206.53846147	4204.10256404	
4189.2307691	4184.87179474	4188.07692294	4167.94871774	4190.76923063	4213.20512814	4200.25641012	4213.84615378	4201.79487173	4178.20512807	4154.61538441	4187.17948704	4199.48717935	4194.99999986	
4185.76923063	4185.25641012	4184.48717935	4166.28205108	4191.02564089	4216.15384609	4203.07692301	4207.17948711	4203.84615378	4178.58974345	4145.51282031	4182.17948704	4193.07692294	4190.38461525	
4176.79487166	4184.10256397	4176.41025628	4155.89743569	4192.05128192	4204.87179481	4194.35897422	4192.82051269	4198.58974345	4171.66666653	4133.0769228	4169.10256397	4184.61538448	4184.61538448	
4172.05128192	4180.38461525	4170.64102551	4151.53846133	4191.92307679	4197.30769217	4182.82051269	4183.71794858	4183.3333332	4162.43589723	4123.33333306	4163.07692287	4181.02564089	4178.07692294	
4179.10256397	4182.56410243	4175.89743576	4160.12820492	4190.89743576	4201.6666666	4185.64102551	4187.94871781	4182.56410243	4165.38461518	4126.53846126	4172.94871781	4183.84615371	4179.99999986	
4189.61538448	4191.15384602	4186.79487166	4166.28205108	4190.64102551	4208.97435891	4199.2307691	4198.46153833	4192.82051269	4174.10256397	4138.33333313	4184.99999986	4187.17948704	4189.74358961	
4190.89743576	4193.46153833	4190.12820499	4166.66666646	4191.92307679	4208.84615378	4200.89743576	4199.48717935	4192.4358973	4174.74358961	4139.74358954	4185.12820499	4191.92307679	4195.76923063	
4191.28205115	4191.66666653	4189.48717935	4168.97435884	4191.41025628	4207.30769224	4196.79487166	4199.35897422	4191.02564089	4174.74358961	4135.51282031	4185.12820499	4198.46153833	4199.35897422	
4198.3333332	4195.76923063	4195.51282038	4172.30769217	4191.15384602	4212.5641025	4202.69230763	4209.99999993	4196.79487166	4178.58974345	4138.33333313	4192.56410243	4200.12820499	4204.35897429	
4205.38461532	4205.64102558	4203.71794865	4178.84615371	4191.5384614	4216.79487173	4205.89743583	4212.5641025	4198.84615371	4181.02564089	4141.02564082	4199.10256397	4198.46153833	4207.94871788	
4211.53846147	4216.41025634	4209.99999993	4188.07692294	4192.05128192	4217.94871788	4203.97435891	4209.74358968	4199.35897422	4184.35897422	4139.23076903	4202.69230763	4199.99999986	4211.28205122	
4211.53846147	4214.99999993	4210.25641019	4184.87179474	4191.79487166	4217.69230763	4207.69230763	4211.6666666	4200.25641012	4185.38461525	4139.35897415	4202.5641025	4201.41025634	4212.82051275	
4204.23076917	4202.43589737	4203.58974352	4171.92307679	4191.02564089	4216.6666666	4209.99999993	4212.94871788	4199.10256397	4183.84615371	4142.3076921	4198.07692294	4201.6666666	4209.99999993	
4198.46153833	4199.74358961	4193.58974345	4170.51282038	4189.99999986	4215.89743583	4205.38461532	4212.05128199	4202.05128199	4184.2307691	4134.10256383	4190.38461525	4198.84615371	4204.74358968	
4192.56410243	4199.87179474	4185.89743576	4168.07692287	4190.76923063	4208.07692301	4200.12820499	4204.74358968	4200.25641012	4179.61538448	4122.94871767	4182.82051269	4188.3333332	4197.17948704	
4184.48717935	4188.71794858	4183.58974345	4155.38461518	4191.28205115	4198.20512807	4195.25641012	4197.05128192	4192.05128192	4174.2307691	4136.28205108	4181.5384614	4187.69230756	4189.2307691	
4185.89743576	4183.71794858	4186.02564089	4152.43589723	4191.5384614	4206.28205122	4193.71794858	4203.20512814	4197.94871781	4182.17948704	4162.17948697	4186.15384602	4202.94871788	4194.35897422	
4191.28205115	4187.56410243	4186.15384602	4156.79487159	4192.05128192	4213.33333327	4199.10256397	4210.51282045	4204.10256404	4190.38461525	4164.1025639	4187.69230756	4206.79487173	4201.15384609	
4186.79487166	4186.92307679	4181.79487166	4155.64102544	4191.5384614	4209.35897429	4202.94871788	4202.94871788	4197.4358973	4184.2307691	4147.17948697	4183.20512807	4196.79487166	4195.38461525	
4185.25641012	4186.5384614	4181.66666653	4156.79487159	4191.5384614	4212.94871788	4201.02564096	4199.10256397	4196.79487166	4182.56410243	4142.56410236	4181.79487166	4196.28205115	4191.28205115	
4187.05128192	4188.07692294	4182.4358973	4160.64102544	4191.02564089	4217.94871788	4199.61538448	4204.74358968	4202.69230763	4187.82051269	4148.46153826	4181.92307679	4199.74358961	4193.20512807	
4184.35897422	4194.35897422	4181.28205115	4166.02564082	4189.74358961	4216.02564096	4203.07692301	4204.48717942	4201.41025634	4186.15384602	4153.33333313	4181.92307679	4199.2307691	4194.10256397	
4185.89743576	4202.69230763	4186.28205115	4172.4358973	4191.41025628	4218.07692301	4207.05128199	4201.41025634	4199.87179474	4185.12820499	4155.89743569	4183.97435884	4199.74358961	4194.61538448	
4188.07692294	4201.53846147	4189.48717935	4166.41025621	4192.05128192	4218.84615378	4201.92307686	4200.12820499	4200.64102551	4186.79487166	4154.74358954	4183.97435884	4196.28205115	4190.89743576	
4186.28205115	4197.4358973	4184.48717935	4159.1025639	4189.87179474	4213.33333327	4194.2307691	4199.35897422	4199.10256397	4185.76923063	4150.64102544	4181.28205115	4193.20512807	4187.4358973	
4187.17948704	4199.74358961	4185.76923063	4166.15384595	4188.84615371	4213.07692301	4197.82051269	4200.51282038	4199.35897422	4185.64102551	4149.23076903	4182.4358973	4196.02564089	4192.82051269	
4192.94871781	4203.20512814	4196.92307679	4174.10256397	4188.20512807	4216.41025634	4204.61538455	4206.6666666	4201.6666666	4188.3333332	4154.9999998	4191.92307679	4202.05128199	4200.12820499	
4195.25641012	4205.25641019	4201.02564096	4172.94871781	4187.82051269	4218.58974352	4204.10256404	4209.99999993	4202.17948711	4188.71794858	4159.74358954	4195.51282038	4202.94871788	4199.10256397	
4187.69230756	4200.38461525	4190.64102551	4163.71794851	4189.87179474	4217.5641025	4201.15384609	4204.99999993	4201.02564096	4183.58974345	4152.69230749	4186.66666653	4193.97435884	4192.05128192	
4180.89743576	4190.38461525	4181.15384602	4153.97435877	4190.25641012	4214.23076917	4203.97435891	4206.6666666	4198.84615371	4181.79487166	4144.9999998	4180.25641012	4189.61538448	4185.38461525	
4183.97435884	4188.97435884	4184.35897422	4153.71794851	4187.94871781	4216.02564096	4209.23076917	4211.6666666	4202.5641025	4185.51282038	4151.02564082	4184.74358961	4198.20512807	4186.92307679	
4186.15384602	4191.5384614	4186.66666653	4157.82051262	4188.97435884	4219.48717942	4207.69230763	4208.97435891	4209.48717942	4186.5384614	4157.94871774	4188.3333332	4203.71794865	4190.76923063	
4179.48717935	4185.12820499	4181.92307679	4154.35897415	4192.56410243	4216.15384609	4200.38461525	4206.28205122	4208.4615384	4185.76923063	4154.61538441	4185.25641012	4198.46153833	4189.2307691	
4177.56410243	4182.69230756	4180.51282038	4152.3076921	4191.02564089	4210.7692307	4199.2307691	4206.6666666	4203.97435891	4186.92307679	4153.46153826	4183.20512807	4198.3333332	4188.3333332	
4184.35897422	4192.94871781	4184.35897422	4159.35897415	4188.71794858	4213.33333327	4203.20512814	4202.17948711	4204.48717942	4187.30769217	4156.28205108	4184.61538448	4202.05128199	4190.76923063	
4186.02564089	4195.38461525	4186.15384602	4165.25641005	4190.51282038	4213.97435891	4197.82051269	4198.20512807	4203.4615384	4185.12820499	4153.84615364	4186.92307679	4199.74358961	4190.12820499	
4180.25641012	4188.84615371	4185.38461525	4166.41025621	4191.5384614	4206.15384609	4189.74358961	4199.2307691	4200.12820499	4184.10256397	4153.71794851	4185.76923063	4198.3333332	4188.58974345	
4176.28205115	4186.92307679	4184.74358961	4163.07692287	4189.99999986	4201.02564096	4189.87179474	4197.94871781	4200.38461525	4185.12820499	4155.64102544	4183.46153833	4198.84615371	4190.25641012	
4178.20512807	4186.5384614	4182.30769217	4159.74358954	4189.48717935	4203.71794865	4189.10256397	4198.20512807	4199.48717935	4185.51282038	4151.41025621	4183.07692294	4196.41025628	4190.38461525	
4183.97435884	4189.2307691	4183.84615371	4163.71794851	4191.02564089	4205.51282045	4189.74358961	4199.48717935	4198.3333332	4185.25641012	4151.41025621	4185.64102551	4196.5384614	4190.25641012	
4188.97435884	4198.3333332	4188.58974345	4168.20512807	4191.02564089	4202.5641025	4194.2307691	4198.58974345	4199.61538448	4185.25641012	4150.89743569	4188.3333332	4199.74358961	4192.82051269	
4189.35897422	4201.15384609	4189.2307691	4167.69230749	4191.15384602	4203.58974352	4194.61538448	4198.71794858	4198.84615371	4185.89743576	4143.46153826	4188.20512807	4199.87179474	4194.48717935	
4190.76923063	4191.02564089	4189.87179474	4167.94871774	4192.69230756	4205.12820506	4194.74358961	4200.25641012	4197.82051269	4186.02564089	4143.33333313	4190.51282038	4199.35897422	4196.15384602	
4195.12820499	4185.25641012	4195.76923063	4169.61538448	4191.15384602	4202.82051275	4196.41025628	4204.74358968	4202.17948711	4187.4358973	4153.46153826	4197.05128192	4202.94871788	4200.51282038	
4197.4358973	4191.79487166	4199.87179474	4169.99999986	4189.2307691	4200.64102551	4192.94871781	4204.35897429	4204.35897429	4190.38461525	4156.53846133	4201.15384609	4203.07692301	4204.10256404	
4200.38461525	4199.2307691	4199.35897422	4172.05128192	4191.02564089	4201.41025634	4193.84615371	4199.35897422	4200.51282038	4191.5384614	4152.94871774	4200.25641012	4201.15384609	4206.15384609	
4203.84615378	4201.53846147	4203.07692301	4172.82051269	4191.5384614	4208.4615384	4202.94871788	4207.5641025	4206.79487173	4196.41025628	4156.53846133	4202.82051275	4207.5641025	4210.25641019	
4203.33333327	4198.97435884	4203.20512814	4168.97435884	4190.64102551	4211.6666666	4202.94871788	4215.12820506	4212.30769224	4200.38461525	4159.48717928	4203.20512814	4209.35897429	4209.35897429	
4199.35897422	4194.48717935	4194.10256397	4168.97435884	4190.76923063	4206.28205122	4199.87179474	4205.89743583	4204.99999993	4197.05128192	4157.69230749	4194.10256397	4202.05128199	4204.35897429	
4199.48717935	4193.3333332	4194.2307691	4171.41025628	4190.89743576	4202.43589737	4203.33333327	4204.87179481	4204.87179481	4197.30769217	4160.51282031	4193.84615371	4205.38461532	4206.28205122	
4202.82051275	4195.64102551	4199.48717935	4170.25641012	4191.28205115	4203.84615378	4202.43589737	4211.92307686	4210.12820506	4199.48717935	4162.69230749	4200.76923063	4212.17948711	4210.51282045	
4197.56410243	4195.89743576	4193.58974345	4168.84615371	4190.89743576	4204.10256404	4198.46153833	4203.20512814	4203.58974352	4193.07692294	4156.66666646	4195.25641012	4204.74358968	4201.92307686	
4187.05128192	4191.41025628	4182.82051269	4166.53846133	4190.64102551	4203.33333327	4200.51282038	4195.38461525	4198.07692294	4185.38461525	4151.41025621	4184.48717935	4196.02564089	4192.05128192	
4182.56410243	4184.2307691	4176.5384614	4158.84615364	4191.5384614	4201.28205122	4200.76923063	4202.05128199	4203.71794865	4187.69230756	4152.43589723	4182.4358973	4198.20512807	4192.17948704	
4181.41025628	4177.82051269	4175.38461525	4152.17948697	4191.02564089	4197.69230756	4191.41025628	4203.07692301	4203.84615378	4194.35897422	4153.46153826	4184.10256397	4199.87179474	4192.05128192	
4183.84615371	4180.25641012	4180.76923063	4155.51282031	4188.84615371	4199.35897422	4186.79487166	4198.97435884	4199.74358961	4196.92307679	4158.33333313	4185.25641012	4200.25641012	4191.79487166	
4190.64102551	4186.28205115	4187.05128192	4164.23076903	4192.05128192	4198.07692294	4190.12820499	4199.74358961	4200.64102551	4196.5384614	4166.53846133	4191.28205115	4203.71794865	4198.58974345	
4192.82051269	4186.28205115	4189.99999986	4166.53846133	4194.61538448	4191.79487166	4188.3333332	4198.20512807	4201.6666666	4197.94871781	4170.25641012	4195.89743576	4203.20512814	4200.12820499	
4193.71794858	4189.2307691	4195.51282038	4167.69230749	4190.25641012	4194.87179474	4182.82051269	4196.02564089	4200.51282038	4197.69230756	4166.53846133	4197.17948704	4200.64102551	4197.82051269	
4200.12820499	4197.69230756	4202.43589737	4174.87179474	4188.58974345	4201.92307686	4185.38461525	4197.69230756	4199.35897422	4197.05128192	4165.25641005	4202.94871788	4205.25641019	4205.25641019	
4211.28205122	4207.43589737	4212.82051275	4186.79487166	4192.4358973	4202.94871788	4197.17948704	4205.7692307	4207.43589737	4204.61538455	4176.41025628	4214.48717942	4214.99999993	4221.6666666	
4219.61538455	4214.74358968	4222.43589737	4194.87179474	4191.79487166	4200.38461525	4200.51282038	4211.6666666	4216.41025634	4209.99999993	4188.97435884	4223.58974352	4219.61538455	4228.97435891	
4217.30769224	4211.92307686	4220.12820506	4196.5384614	4189.61538448	4200.25641012	4193.97435884	4207.82051275	4209.74358968	4204.23076917	4188.46153833	4221.15384609	4219.10256404	4221.92307686	
4207.30769224	4204.99999993	4209.74358968	4196.15384602	4191.79487166	4204.48717942	4189.99999986	4198.20512807	4198.97435884	4197.05128192	4181.41025628	4215.12820506	4213.20512814	4213.20512814	
4195.64102551	4203.33333327	4203.97435891	4199.10256397	4192.4358973	4197.82051269	4184.61538448	4190.64102551	4197.94871781	4193.97435884	4184.74358961	4213.84615378	4205.7692307	4207.5641025	
4190.51282038	4201.6666666	4206.92307686	4204.99999993	4191.92307679	4184.61538448	4177.56410243	4191.41025628	4199.61538448	4194.87179474	4196.15384602	4212.5641025	4206.6666666	4204.10256404	
4193.20512807	4202.30769224	4212.94871788	4215.64102558	4191.41025628	4188.84615371	4178.97435884	4197.17948704	4198.58974345	4198.07692294	4209.48717942	4214.48717942	4213.33333327	4203.71794865	
4195.12820499	4214.35897429	4220.64102558	4238.33333334	4189.61538448	4201.28205122	4186.79487166	4198.84615371	4199.74358961	4199.99999986	4226.79487173	4226.15384609	4219.10256404	4207.82051275	
4199.10256397	4231.53846147	4233.33333327	4264.23076923	4190.89743576	4201.41025634	4193.71794858	4197.56410243	4201.15384609	4202.5641025	4255.25641026	4246.15384616	4232.05128199	4217.30769224	
4206.53846147	4241.66666667	4246.66666667	4279.2307693	4192.30769217	4198.71794858	4198.07692294	4200.38461525	4199.10256397	4204.99999993	4279.74358982	4264.10256411	4245.76923077	4227.05128199	
4211.92307686	4245.38461539	4254.87179488	4292.43589751	4190.38461525	4201.92307686	4200.25641012	4203.58974352	4198.20512807	4204.74358968	4283.58974366	4278.20512828	4250.0	4235.51282052	
4219.74358968	4256.7948718	4263.07692308	4310.76923091	4188.58974345	4203.97435891	4198.97435884	4205.7692307	4202.30769224	4212.43589737	4290.25641033	4292.43589751	4255.64102564	4242.43589744	
4229.10256404	4267.30769238	4269.87179495	4316.92307707	4190.64102551	4203.84615378	4198.20512807	4206.92307686	4205.7692307	4220.64102558	4299.74358989	4298.20512828	4263.84615385	4246.7948718	
4231.79487173	4259.61538462	4269.10256418	4308.07692322	4191.92307679	4201.6666666	4197.69230756	4202.82051275	4202.69230763	4218.07692301	4290.89743597	4290.64102571	4260.0	4247.17948718	
4231.28205122	4249.23076923	4267.30769238	4300.76923091	4191.02564089	4202.5641025	4197.69230756	4201.28205122	4204.74358968	4218.20512814	4281.79487187	4285.00000007	4254.87179488	4247.17948718	
4228.4615384	4246.28205129	4263.07692308	4288.07692315	4191.15384602	4201.53846147	4191.66666653	4202.17948711	4205.64102558	4217.82051275	4277.05128212	4283.07692315	4253.46153847	4243.46153847	
4213.71794865	4234.35897436	4246.7948718	4265.38461539	4191.15384602	4188.3333332	4176.92307679	4194.87179474	4193.97435884	4201.15384609	4249.61538462	4263.33333334	4238.71794872	4229.74358968	
4197.56410243	4214.99999993	4226.6666666	4243.71794872	4189.35897422	4180.38461525	4168.3333332	4181.02564089	4182.05128192	4186.66666653	4214.10256404	4237.30769231	4217.30769224	4216.28205122	
4193.97435884	4203.97435891	4215.12820506	4225.38461532	4187.4358973	4183.97435884	4167.05128185	4170.12820499	4173.3333332	4183.3333332	4193.07692294	4227.43589737	4206.02564096	4210.25641019	
4188.58974345	4193.71794858	4206.15384609	4206.6666666	4189.48717935	4179.99999986	4163.46153826	4164.87179467	4164.48717928	4173.3333332	4173.46153833	4216.15384609	4192.69230756	4202.43589737	
4182.56410243	4185.12820499	4196.5384614	4198.58974345	4193.3333332	4174.48717935	4164.61538441	4171.15384602	4163.07692287	4168.3333332	4158.07692287	4199.99999986	4183.97435884	4194.2307691	
4184.61538448	4185.76923063	4193.71794858	4200.25641012	4194.10256397	4181.79487166	4177.30769217	4182.56410243	4170.76923063	4179.2307691	4156.92307672	4197.82051269	4193.3333332	4194.61538448	
4186.66666653	4188.20512807	4195.76923063	4194.74358961	4191.66666653	4188.20512807	4186.41025628	4186.66666653	4179.10256397	4184.99999986	4157.56410236	4201.92307686	4202.17948711	4197.17948704	
4186.28205115	4193.07692294	4197.56410243	4187.4358973	4191.92307679	4186.15384602	4185.89743576	4187.05128192	4186.15384602	4183.46153833	4156.53846133	4201.79487173	4198.58974345	4195.64102551	
4186.02564089	4198.58974345	4196.79487166	4186.79487166	4192.94871781	4185.89743576	4183.97435884	4188.97435884	4187.17948704	4185.76923063	4155.89743569	4197.4358973	4192.82051269	4196.41025628	
4184.35897422	4194.99999986	4191.66666653	4187.05128192	4192.4358973	4188.07692294	4182.17948704	4186.79487166	4183.84615371	4186.15384602	4152.94871774	4192.30769217	4191.15384602	4196.15384602	
4182.69230756	4187.05128192	4186.28205115	4183.3333332	4193.07692294	4187.56410243	4176.41025628	4184.74358961	4187.05128192	4185.76923063	4153.07692287	4192.30769217	4193.3333332	4192.17948704	
4184.48717935	4187.17948704	4186.92307679	4183.58974345	4192.94871781	4186.41025628	4171.5384614	4184.99999986	4187.17948704	4187.05128192	4151.41025621	4192.05128192	4193.58974345	4189.99999986	
4186.66666653	4191.28205115	4188.97435884	4182.30769217	4191.5384614	4187.17948704	4175.76923063	4184.2307691	4182.82051269	4185.64102551	4142.56410236	4184.99999986	4187.30769217	4190.12820499	
4185.89743576	4189.48717935	4186.41025628	4174.74358961	4190.64102551	4187.4358973	4178.46153833	4185.51282038	4179.87179474	4181.66666653	4135.76923056	4184.10256397	4184.10256397	4188.20512807	
4180.25641012	4185.64102551	4181.28205115	4171.02564089	4192.05128192	4184.61538448	4171.02564089	4183.71794858	4174.35897422	4178.84615371	4136.15384595	4185.25641012	4186.15384602	4186.5384614	
4182.56410243	4189.74358961	4187.4358973	4174.35897422	4194.2307691	4182.4358973	4171.15384602	4182.17948704	4174.2307691	4180.64102551	4138.84615364	4182.17948704	4187.4358973	4191.28205115	
4196.28205115	4200.51282038	4202.30769224	4184.99999986	4193.58974345	4184.48717935	4185.25641012	4194.10256397	4186.5384614	4186.66666653	4142.69230749	4191.66666653	4190.12820499	4198.3333332	
4200.38461525	4204.99999993	4206.41025634	4192.4358973	4191.5384614	4185.38461525	4189.61538448	4204.35897429	4192.05128192	4187.30769217	4143.07692287	4201.92307686	4190.38461525	4200.51282038	
4192.56410243	4197.82051269	4197.94871781	4183.84615371	4191.28205115	4183.20512807	4183.58974345	4198.84615371	4188.3333332	4183.20512807	4138.58974339	4192.82051269	4186.28205115	4196.02564089	
4188.07692294	4191.66666653	4194.87179474	4173.20512807	4191.66666653	4186.79487166	4188.71794858	4198.20512807	4195.12820499	4184.48717935	4136.79487159	4185.76923063	4187.56410243	4192.56410243	
4185.51282038	4190.12820499	4193.07692294	4173.97435884	4190.12820499	4191.02564089	4195.12820499	4203.97435891	4204.87179481	4188.46153833	4132.69230742	4189.87179474	4188.71794858	4191.15384602	
4176.92307679	4185.12820499	4179.2307691	4169.10256397	4190.12820499	4188.46153833	4190.64102551	4193.97435884	4199.2307691	4187.05128192	4123.58974332	4181.02564089	4179.87179474	4181.79487166	
4170.76923063	4180.12820499	4173.3333332	4158.84615364	4191.66666653	4188.71794858	4184.35897422	4183.07692294	4191.02564089	4183.46153833	4116.15384588	4171.79487166	4176.02564089	4173.3333332	
4173.20512807	4182.30769217	4178.97435884	4157.05128185	4191.41025628	4194.10256397	4185.51282038	4186.66666653	4191.02564089	4183.3333332	4116.02564075	4177.4358973	4183.46153833	4177.4358973	
4174.99999986	4185.64102551	4178.58974345	4156.79487159	4189.87179474	4193.20512807	4187.05128192	4187.69230756	4188.84615371	4183.58974345	4118.0769228	4177.30769217	4184.10256397	4181.28205115	
4177.17948704	4184.99999986	4177.82051269	4160.38461518	4190.89743576	4186.15384602	4183.20512807	4182.94871781	4184.10256397	4183.07692294	4121.66666639	4171.41025628	4179.87179474	4179.61538448	
4179.87179474	4188.20512807	4181.66666653	4170.12820499	4191.15384602	4182.56410243	4175.12820499	4182.94871781	4183.84615371	4180.12820499	4132.05128178	4173.97435884	4182.82051269	4183.3333332	
4176.5384614	4188.3333332	4180.38461525	4164.9999998	4190.25641012	4182.69230756	4167.3076921	4184.10256397	4182.69230756	4178.46153833	4135.38461518	4178.07692294	4183.97435884	4182.82051269	
4175.25641012	4185.64102551	4178.97435884	4158.33333313	4190.38461525	4183.71794858	4171.15384602	4182.69230756	4180.51282038	4177.56410243	4130.7692305	4178.20512807	4180.76923063	4181.15384602	
4182.30769217	4191.92307679	4185.38461525	4170.64102551	4189.99999986	4185.64102551	4178.3333332	4186.41025628	4184.35897422	4175.76923063	4134.61538434	4182.4358973	4185.12820499	4187.56410243	
4181.28205115	4193.20512807	4183.3333332	4170.25641012	4189.10256397	4183.97435884	4171.5384614	4182.56410243	4182.94871781	4174.10256397	4138.205128	4184.2307691	4188.3333332	4187.69230756	
4173.58974345	4183.07692294	4176.15384602	4153.97435877	4190.89743576	4181.02564089	4164.1025639	4171.28205115	4172.30769217	4171.79487166	4129.48717921	4179.87179474	4183.3333332	4180.76923063	
4176.15384602	4183.71794858	4179.48717935	4158.46153826	4192.05128192	4181.92307679	4171.28205115	4175.25641012	4170.76923063	4171.02564089	4122.56410229	4179.99999986	4181.41025628	4180.38461525	
4182.4358973	4193.3333332	4185.12820499	4171.15384602	4190.12820499	4185.64102551	4178.84615371	4183.71794858	4174.74358961	4172.17948704	4127.17948691	4183.3333332	4180.64102551	4184.2307691	
4180.25641012	4189.87179474	4186.79487166	4169.87179474	4189.61538448	4184.74358961	4174.74358961	4176.5384614	4172.05128192	4173.3333332	4133.20512793	4184.87179474	4177.69230756	4184.10256397	
4180.12820499	4185.51282038	4187.82051269	4169.74358961	4190.64102551	4183.20512807	4171.66666653	4169.10256397	4169.61538448	4171.92307679	4132.69230742	4183.58974345	4176.02564089	4184.35897422	
4181.5384614	4186.79487166	4184.35897422	4168.07692287	4191.41025628	4184.35897422	4173.3333332	4172.69230756	4169.99999986	4170.12820499	4127.43589716	4178.58974345	4174.2307691	4182.4358973	
4172.05128192	4177.4358973	4173.07692294	4155.51282031	4191.41025628	4182.17948704	4170.25641012	4169.99999986	4166.92307672	4167.3076921	4121.53846126	4166.53846133	4169.10256397	4172.17948704	
4161.79487159	4167.69230749	4162.43589723	4150.64102544	4190.51282038	4179.74358961	4166.53846133	4164.35897415	4165.38461518	4164.23076903	4116.79487152	4157.82051262	4162.69230749	4165.25641005	
4162.82051262	4166.41025621	4158.97435877	4150.89743569	4190.64102551	4183.71794858	4166.92307672	4169.48717935	4169.48717935	4168.97435884	4116.66666639	4157.94871774	4160.76923056	4166.53846133	
4163.97435877	4161.92307672	4156.15384595	4142.56410236	4192.17948704	4181.41025628	4164.87179467	4172.69230756	4167.17948697	4171.15384602	4115.12820485	4154.74358954	4159.61538441	4166.41025621	
4157.94871774	4152.3076921	4151.15384595	4134.35897408	4191.92307679	4172.69230756	4160.25641005	4166.41025621	4160.12820492	4164.23076903	4106.53846126	4148.33333313	4155.64102544	4157.43589723	
4158.205128	4152.17948697	4151.41025621	4135.64102544	4189.99999986	4174.74358961	4165.89743569	4166.66666646	4161.79487159	4161.02564082	4105.89743562	4149.87179467	4156.28205108	4156.41025621	
4168.71794858	4161.28205108	4160.25641005	4143.71794851	4191.02564089	4183.3333332	4172.82051269	4178.97435884	4172.05128192	4167.05128185	4119.10256383	4158.58974339	4164.23076903	4169.61538448	
4176.92307679	4169.74358961	4171.15384602	4153.97435877	4191.92307679	4185.51282038	4172.82051269	4187.56410243	4181.41025628	4175.25641012	4130.51282024	4168.20512807	4174.87179474	4179.35897422	
4178.58974345	4177.82051269	4178.58974345	4159.87179467	4190.89743576	4185.12820499	4178.3333332	4187.4358973	4186.15384602	4181.28205115	4138.205128	4178.97435884	4182.30769217	4181.66666653	
4178.07692294	4181.15384602	4178.71794858	4159.1025639	4191.5384614	4186.15384602	4183.46153833	4187.05128192	4185.64102551	4181.28205115	4142.56410236	4181.41025628	4184.2307691	4180.89743576	
4178.07692294	4182.4358973	4177.30769217	4163.205128	4191.92307679	4186.15384602	4181.79487166	4187.30769217	4183.71794858	4181.28205115	4141.28205108	4177.56410243	4182.4358973	4180.51282038	
4177.94871781	4186.02564089	4182.05128192	4168.20512807	4191.28205115	4187.82051269	4183.07692294	4187.17948704	4186.41025628	4186.5384614	4143.84615364	4180.89743576	4184.99999986	4184.10256397	
4175.51282038	4183.3333332	4184.48717935	4159.9999998	4192.30769217	4188.46153833	4182.17948704	4185.25641012	4183.97435884	4184.74358961	4143.58974339	4182.82051269	4182.82051269	4184.2307691	
4175.89743576	4177.56410243	4179.61538448	4152.3076921	4194.48717935	4186.02564089	4177.69230756	4184.10256397	4174.2307691	4179.48717935	4137.3076921	4178.20512807	4172.56410243	4177.30769217	
4183.97435884	4181.79487166	4183.20512807	4162.43589723	4194.2307691	4186.02564089	4181.5384614	4180.89743576	4171.79487166	4179.99999986	4137.43589723	4181.28205115	4170.89743576	4180.76923063	
4185.38461525	4187.56410243	4191.02564089	4168.07692287	4191.66666653	4186.66666653	4182.30769217	4172.94871781	4173.20512807	4176.28205115	4139.35897415	4187.17948704	4174.99999986	4190.25641012	
4179.10256397	4181.15384602	4186.66666653	4158.07692287	4190.64102551	4185.89743576	4176.28205115	4172.17948704	4169.99999986	4173.58974345	4138.07692287	4184.74358961	4178.71794858	4185.64102551	
4182.30769217	4181.5384614	4184.87179474	4159.9999998	4190.89743576	4186.66666653	4180.12820499	4183.84615371	4174.61538448	4184.10256397	4141.15384595	4185.51282038	4185.64102551	4183.84615371	
4186.15384602	4189.87179474	4188.97435884	4168.46153833	4190.76923063	4187.4358973	4184.48717935	4190.89743576	4185.89743576	4185.89743576	4145.12820492	4188.97435884	4184.99999986	4190.51282038	
4178.3333332	4182.05128192	4181.66666653	4161.28205108	4191.92307679	4184.35897422	4174.48717935	4181.66666653	4181.28205115	4171.79487166	4136.28205108	4180.25641012	4173.07692294	4183.97435884	
4167.56410236	4168.84615371	4171.5384614	4151.92307672	4190.38461525	4183.46153833	4170.25641012	4172.56410243	4170.12820499	4168.3333332	4125.12820485	4170.25641012	4167.94871774	4170.51282038	
4166.92307672	4169.99999986	4171.79487166	4153.84615364	4188.46153833	4186.92307679	4181.5384614	4173.71794858	4170.38461525	4172.17948704	4120.89743562	4168.97435884	4170.12820499	4167.94871774	
4169.61538448	4171.79487166	4171.66666653	4153.58974339	4189.99999986	4186.5384614	4182.30769217	4172.69230756	4171.66666653	4166.15384595	4116.53846126	4168.84615371	4166.41025621	4169.87179474	
4170.25641012	4171.92307679	4173.20512807	4153.205128	4190.12820499	4185.38461525	4174.74358961	4170.25641012	4169.61538448	4168.3333332	4117.69230742	4168.97435884	4167.43589723	4171.02564089	
4171.5384614	4178.3333332	4177.69230756	4158.205128	4191.5384614	4186.92307679	4174.99999986	4173.71794858	4173.3333332	4181.66666653	4124.8717946	4169.99999986	4175.64102551	4172.82051269	
4165.89743569	4175.76923063	4167.05128185	4155.12820492	4193.20512807	4184.35897422	4175.51282038	4174.74358961	4174.74358961	4178.71794858	4118.84615357	4161.41025621	4173.07692294	4165.12820492	
4157.94871774	4167.05128185	4155.76923056	4148.46153826	4189.61538448	4181.5384614	4175.38461525	4174.2307691	4170.25641012	4166.02564082	4107.05128178	4151.53846133	4164.9999998	4156.28205108	
4159.87179467	4167.94871774	4161.28205108	4150.25641005	4187.17948704	4186.15384602	4182.05128192	4180.51282038	4169.87179474	4167.3076921	4108.84615357	4152.3076921	4166.28205108	4157.17948697	
4168.20512807	4172.82051269	4167.3076921	4156.02564082	4189.99999986	4189.87179474	4186.41025628	4185.76923063	4171.5384614	4172.05128192	4112.69230742	4154.74358954	4169.87179474	4162.17948697	
4171.66666653	4175.64102551	4166.15384595	4156.92307672	4191.02564089	4187.17948704	4182.30769217	4179.74358961	4171.15384602	4169.61538448	4113.46153819	4158.33333313	4167.82051262	4164.35897415	
4169.48717935	4178.3333332	4168.97435884	4155.51282031	4189.35897422	4185.25641012	4177.4358973	4171.41025628	4170.12820499	4169.2307691	4117.69230742	4165.38461518	4168.71794858	4167.82051262	
4173.20512807	4179.99999986	4175.64102551	4155.89743569	4190.25641012	4184.74358961	4174.35897422	4172.82051269	4171.79487166	4176.02564089	4123.20512793	4172.69230756	4176.79487166	4175.51282038	
4182.94871781	4182.94871781	4182.05128192	4159.87179467	4190.89743576	4184.2307691	4173.3333332	4182.17948704	4178.71794858	4183.71794858	4132.69230742	4179.48717935	4184.2307691	4182.17948704	
4186.66666653	4184.48717935	4187.82051269	4164.1025639	4190.64102551	4184.74358961	4175.76923063	4188.84615371	4187.94871781	4188.07692294	4139.9999998	4186.5384614	4186.28205115	4184.35897422	
4182.56410243	4176.41025628	4186.02564089	4158.46153826	4193.07692294	4183.20512807	4176.02564089	4186.28205115	4184.48717935	4186.92307679	4132.56410229	4184.48717935	4182.56410243	4183.84615371	
4182.30769217	4171.02564089	4180.38461525	4151.15384595	4193.58974345	4182.69230756	4176.66666653	4182.69230756	4174.48717935	4180.25641012	4122.30769203	4175.38461525	4176.28205115	4182.4358973	
4184.99999986	4173.58974345	4181.41025628	4153.46153826	4192.17948704	4185.51282038	4180.64102551	4182.94871781	4175.25641012	4177.56410243	4122.43589716	4175.64102551	4173.20512807	4180.38461525	
4185.25641012	4174.2307691	4184.87179474	4159.35897415	4192.17948704	4185.38461525	4180.76923063	4183.46153833	4175.25641012	4180.89743576	4124.48717921	4181.02564089	4176.02564089	4180.64102551	
4180.12820499	4172.30769217	4178.46153833	4154.74358954	4191.92307679	4184.2307691	4176.92307679	4184.61538448	4169.99999986	4178.97435884	4124.48717921	4177.4358973	4174.48717935	4179.2307691	
4172.56410243	4168.58974345	4168.20512807	4142.94871774	4191.15384602	4186.15384602	4181.02564089	4191.02564089	4176.5384614	4177.05128192	4124.35897408	4168.58974345	4170.38461525	4176.02564089	
4173.58974345	4164.23076903	4167.94871774	4141.28205108	4191.5384614	4188.20512807	4191.15384602	4198.58974345	4186.5384614	4182.05128192	4122.69230742	4168.46153833	4174.74358961	4177.30769217	
4181.92307679	4167.05128185	4176.28205115	4151.41025621	4193.20512807	4193.46153833	4197.69230756	4201.02564096	4183.3333332	4185.64102551	4121.53846126	4173.46153833	4182.4358973	4184.10256397	
4187.69230756	4174.87179474	4184.48717935	4158.71794851	4192.94871781	4198.20512807	4198.58974345	4200.25641012	4183.3333332	4186.02564089	4118.0769228	4175.51282038	4187.56410243	4190.38461525	
4184.35897422	4174.2307691	4182.4358973	4155.25641005	4189.99999986	4191.5384614	4190.76923063	4193.20512807	4185.38461525	4184.61538448	4104.23076896	4173.84615371	4182.30769217	4185.51282038	
4180.38461525	4167.17948697	4176.79487166	4151.79487159	4190.12820499	4182.05128192	4181.15384602	4181.15384602	4175.12820499	4181.02564089	4089.7435894	4169.2307691	4172.94871781	4177.82051269	
4183.97435884	4168.58974345	4181.41025628	4154.61538441	4193.58974345	4182.56410243	4179.99999986	4177.56410243	4169.10256397	4178.71794858	4089.7435894	4170.64102551	4177.17948704	4180.64102551	
4186.79487166	4174.74358961	4187.05128192	4155.89743569	4192.94871781	4185.38461525	4178.07692294	4182.56410243	4172.30769217	4177.17948704	4094.10256376	4173.46153833	4182.56410243	4185.89743576	
4185.12820499	4173.97435884	4184.74358961	4153.97435877	4190.64102551	4184.48717935	4177.05128192	4185.76923063	4171.5384614	4174.87179474	4086.41025607	4171.02564089	4174.48717935	4182.94871781	
4183.84615371	4170.38461525	4180.51282038	4153.84615364	4191.28205115	4185.25641012	4180.89743576	4179.87179474	4166.41025621	4173.84615371	4080.76923043	4168.58974345	4168.3333332	4176.28205115	
4180.25641012	4170.51282038	4178.46153833	4152.82051262	4191.79487166	4186.28205115	4174.2307691	4172.05128192	4162.82051262	4171.41025628	4096.02564068	4168.58974345	4169.99999986	4172.05128192	
4175.38461525	4171.5384614	4178.46153833	4151.79487159	4190.76923063	4182.69230756	4165.64102544	4174.2307691	4164.48717928	4169.74358961	4118.33333306	4168.46153833	4168.84615371	4173.46153833	
4174.48717935	4170.38461525	4175.89743576	4150.76923056	4190.76923063	4175.76923063	4169.61538448	4174.35897422	4164.87179467	4170.51282038	4125.7692305	4168.20512807	4168.46153833	4174.10256397	
4172.05128192	4168.3333332	4168.84615371	4143.84615364	4191.5384614	4173.71794858	4170.38461525	4166.15384595	4155.38461518	4167.94871774	4121.92307665	4166.15384595	4167.05128185	4168.07692287	
4168.84615371	4167.82051262	4166.41025621	4143.07692287	4190.89743576	4177.82051269	4166.41025621	4163.46153826	4152.17948697	4166.79487159	4119.8717946	4162.94871774	4165.25641005	4163.71794851	
4169.99999986	4169.87179474	4170.89743576	4152.3076921	4191.5384614	4181.92307679	4170.51282038	4167.56410236	4163.84615364	4169.99999986	4120.89743562	4165.38461518	4168.3333332	4165.51282031	
4173.84615371	4173.07692294	4170.89743576	4156.66666646	4192.30769217	4186.02564089	4180.38461525	4176.02564089	4174.61538448	4172.69230756	4126.92307665	4169.35897422	4169.99999986	4168.46153833	
4176.02564089	4174.61538448	4170.89743576	4155.89743569	4190.25641012	4188.84615371	4186.28205115	4186.28205115	4181.28205115	4177.82051269	4136.41025621	4168.46153833	4173.84615371	4172.69230756	
4175.64102551	4178.58974345	4177.94871781	4158.33333313	4189.74358961	4186.15384602	4183.07692294	4186.02564089	4184.35897422	4183.3333332	4138.33333313	4169.87179474	4181.28205115	4178.07692294	
4177.4358973	4181.41025628	4180.25641012	4161.02564082	4191.15384602	4182.05128192	4176.15384602	4179.87179474	4182.56410243	4186.5384614	4142.3076921	4175.25641012	4185.51282038	4179.35897422	
4178.71794858	4181.5384614	4178.71794858	4164.23076903	4191.15384602	4183.71794858	4176.66666653	4184.35897422	4183.97435884	4188.84615371	4150.89743569	4174.99999986	4186.41025628	4178.07692294	
4175.51282038	4183.97435884	4178.84615371	4170.12820499	4190.89743576	4187.94871781	4181.15384602	4189.10256397	4186.41025628	4187.82051269	4143.33333313	4168.71794858	4182.56410243	4176.15384602	
4171.41025628	4182.56410243	4173.20512807	4167.56410236	4193.58974345	4186.41025628	4176.28205115	4182.56410243	4185.12820499	4185.25641012	4134.48717921	4167.43589723	4179.10256397	4172.82051269	
4170.76923063	4177.4358973	4167.3076921	4157.05128185	4193.97435884	4182.4358973	4169.99999986	4176.79487166	4179.74358961	4186.15384602	4146.41025621	4168.58974345	4181.79487166	4171.5384614	
4173.07692294	4180.25641012	4175.38461525	4155.64102544	4191.5384614	4184.10256397	4172.82051269	4180.38461525	4176.28205115	4186.92307679	4155.76923056	4169.2307691	4184.2307691	4173.84615371	
4178.20512807	4189.99999986	4186.02564089	4167.56410236	4192.30769217	4189.87179474	4181.5384614	4186.5384614	4180.12820499	4186.66666653	4153.205128	4175.89743576	4186.15384602	4179.87179474	
4180.51282038	4189.10256397	4183.84615371	4172.4358973	4194.35897422	4189.35897422	4184.61538448	4185.76923063	4184.87179474	4187.56410243	4156.66666646	4182.69230756	4189.87179474	4181.66666653	
4176.15384602	4180.38461525	4179.87179474	4164.23076903	4191.79487166	4184.61538448	4178.20512807	4180.89743576	4181.79487166	4186.02564089	4159.23076903	4182.17948704	4186.92307679	4177.4358973	
4179.2307691	4187.82051269	4186.92307679	4166.15384595	4188.46153833	4190.38461525	4181.15384602	4184.10256397	4182.69230756	4188.07692294	4155.76923056	4183.84615371	4186.66666653	4183.07692294	
4186.02564089	4199.10256397	4194.61538448	4174.48717935	4190.12820499	4199.2307691	4192.30769217	4195.12820499	4194.10256397	4197.05128192	4161.02564082	4189.35897422	4194.61538448	4193.71794858	
4183.84615371	4194.2307691	4194.10256397	4171.79487166	4192.4358973	4196.79487166	4192.69230756	4202.5641025	4199.61538448	4201.6666666	4166.28205108	4188.97435884	4194.74358961	4192.94871781	
4184.35897422	4190.76923063	4191.79487166	4168.20512807	4191.92307679	4194.74358961	4192.05128192	4204.10256404	4201.92307686	4198.97435884	4161.92307672	4187.05128192	4188.84615371	4190.76923063	
4185.25641012	4197.94871781	4192.69230756	4173.07692294	4192.17948704	4195.89743576	4192.94871781	4199.99999986	4201.15384609	4192.94871781	4156.02564082	4188.84615371	4188.20512807	4190.89743576	
4176.15384602	4194.74358961	4187.30769217	4170.51282038	4192.17948704	4186.92307679	4180.64102551	4188.97435884	4185.25641012	4187.17948704	4152.56410236	4185.64102551	4185.38461525	4183.58974345	
4169.87179474	4179.35897422	4175.76923063	4157.94871774	4191.02564089	4178.97435884	4168.84615371	4181.41025628	4173.71794858	4181.28205115	4146.66666646	4176.02564089	4176.02564089	4175.38461525	
4169.2307691	4169.87179474	4167.56410236	4151.41025621	4189.10256397	4182.82051269	4173.84615371	4183.58974345	4178.46153833	4176.92307679	4139.35897415	4166.92307672	4168.58974345	4170.76923063	
4166.53846133	4170.51282038	4167.69230749	4152.43589723	4189.48717935	4184.74358961	4179.99999986	4185.51282038	4177.4358973	4174.61538448	4136.28205108	4164.9999998	4167.69230749	4168.46153833	
4167.56410236	4175.89743576	4170.89743576	4159.23076903	4192.4358973	4184.74358961	4184.35897422	4184.74358961	4169.74358961	4173.97435884	4137.05128185	4169.35897422	4171.15384602	4171.41025628	
4173.46153833	4176.79487166	4171.92307679	4166.66666646	4193.07692294	4188.07692294	4186.02564089	4183.84615371	4173.20512807	4175.51282038	4138.97435877	4171.92307679	4172.30769217	4173.84615371	
4176.92307679	4177.4358973	4174.87179474	4167.82051262	4191.15384602	4188.3333332	4182.30769217	4183.07692294	4179.10256397	4179.74358961	4138.205128	4170.25641012	4170.89743576	4175.89743576	
4180.38461525	4184.35897422	4180.38461525	4166.41025621	4190.89743576	4186.79487166	4184.74358961	4184.48717935	4181.02564089	4184.10256397	4139.87179467	4172.30769217	4175.38461525	4182.05128192	
4186.66666653	4187.94871781	4183.3333332	4171.02564089	4193.07692294	4185.38461525	4186.41025628	4185.64102551	4181.79487166	4183.71794858	4146.66666646	4178.84615371	4180.89743576	4188.58974345	
4194.74358961	4192.30769217	4190.76923063	4181.15384602	4191.79487166	4188.07692294	4184.2307691	4190.25641012	4184.2307691	4186.15384602	4153.33333313	4187.30769217	4186.02564089	4194.35897422	
4198.84615371	4201.15384609	4198.84615371	4186.66666653	4189.35897422	4194.74358961	4187.56410243	4201.41025634	4192.4358973	4194.74358961	4161.92307672	4195.38461525	4195.12820499	4199.74358961	
4196.02564089	4202.82051275	4200.12820499	4185.89743576	4193.58974345	4192.69230756	4189.48717935	4205.51282045	4195.51282038	4200.25641012	4169.10256397	4199.2307691	4202.30769224	4202.30769224	
4192.17948704	4197.17948704	4197.05128192	4181.28205115	4193.07692294	4185.38461525	4184.87179474	4198.46153833	4192.05128192	4198.97435884	4170.76923063	4199.48717935	4202.82051275	4202.82051275	
4196.5384614	4201.53846147	4201.28205122	4185.38461525	4188.3333332	4192.82051269	4190.76923063	4196.66666653	4199.87179474	4201.02564096	4173.71794858	4203.33333327	4205.12820506	4206.79487173	
4203.20512814	4211.02564096	4208.07692301	4194.74358961	4190.76923063	4200.12820499	4197.17948704	4197.56410243	4203.84615378	4204.35897429	4178.84615371	4206.53846147	4207.17948711	4210.7692307	
4202.05128199	4208.4615384	4205.38461532	4192.17948704	4192.4358973	4193.84615371	4188.20512807	4188.58974345	4188.97435884	4194.10256397	4173.3333332	4203.33333327	4200.76923063	4203.84615378	
4198.58974345	4201.53846147	4200.89743576	4185.76923063	4187.69230756	4195.25641012	4187.82051269	4183.3333332	4180.89743576	4184.87179474	4161.15384595	4201.53846147	4198.84615371	4195.51282038	
4193.97435884	4199.99999986	4197.94871781	4185.12820499	4187.82051269	4200.25641012	4194.10256397	4185.76923063	4186.02564089	4188.20512807	4157.82051262	4196.79487166	4200.38461525	4193.97435884	
4186.41025628	4198.07692294	4192.56410243	4180.76923063	4192.82051269	4191.92307679	4187.82051269	4185.12820499	4182.94871781	4186.41025628	4158.07692287	4185.25641012	4191.15384602	4190.76923063	
4187.69230756	4195.12820499	4192.05128192	4176.92307679	4191.15384602	4188.3333332	4185.12820499	4187.17948704	4179.99999986	4182.69230756	4159.61538441	4187.4358973	4187.05128192	4189.35897422	
4195.25641012	4199.74358961	4199.74358961	4184.61538448	4188.20512807	4199.35897422	4196.41025628	4199.61538448	4192.4358973	4191.92307679	4167.17948697	4200.38461525	4197.94871781	4197.94871781	
4197.69230756	4204.48717942	4202.43589737	4190.38461525	4191.28205115	4203.33333327	4201.92307686	4210.25641019	4205.12820506	4202.30769224	4174.61538448	4204.10256404	4204.35897429	4204.48717942	
4198.20512807	4201.79487173	4198.97435884	4185.64102551	4193.46153833	4200.12820499	4198.71794858	4208.20512814	4203.58974352	4202.05128199	4173.84615371	4201.02564096	4199.10256397	4203.84615378	
4197.94871781	4202.05128199	4201.79487173	4186.5384614	4190.64102551	4201.79487173	4199.35897422	4204.23076917	4201.15384609	4203.97435891	4172.17948704	4203.97435891	4199.2307691	4203.07692301	
4193.58974345	4203.4615384	4201.41025634	4189.61538448	4188.71794858	4198.84615371	4195.51282038	4202.43589737	4204.61538455	4204.23076917	4171.5384614	4202.05128199	4202.17948711	4199.74358961	
4186.5384614	4197.94871781	4192.69230756	4181.02564089	4189.87179474	4193.07692294	4186.41025628	4198.07692294	4197.4358973	4194.61538448	4162.05128185	4191.79487166	4194.35897422	4191.79487166	
4182.17948704	4193.46153833	4188.07692294	4171.41025628	4190.38461525	4196.41025628	4188.46153833	4196.92307679	4187.69230756	4185.76923063	4153.97435877	4185.89743576	4187.4358973	4186.28205115	
4185.64102551	4196.41025628	4188.97435884	4176.41025628	4190.64102551	4200.64102551	4194.74358961	4199.35897422	4190.25641012	4186.02564089	4159.35897415	4185.76923063	4186.79487166	4187.05128192	
4189.61538448	4199.61538448	4191.41025628	4185.51282038	4189.99999986	4199.35897422	4193.58974345	4195.76923063	4190.89743576	4189.61538448	4167.17948697	4191.15384602	4187.30769217	4192.69230756	
4189.99999986	4199.48717935	4196.28205115	4185.51282038	4188.71794858	4197.69230756	4190.12820499	4191.02564089	4185.51282038	4189.61538448	4168.58974345	4194.48717935	4192.05128192	4196.15384602	
4192.94871781	4201.28205122	4200.76923063	4183.71794858	4188.84615371	4197.05128192	4191.66666653	4196.66666653	4188.07692294	4186.92307679	4168.3333332	4192.17948704	4200.25641012	4194.74358961	
4196.15384602	4204.48717942	4200.25641012	4185.25641012	4188.58974345	4197.05128192	4194.87179474	4202.82051275	4197.17948704	4190.76923063	4171.79487166	4193.97435884	4202.05128199	4196.02564089	
4195.51282038	4204.10256404	4199.87179474	4186.28205115	4187.94871781	4200.64102551	4199.61538448	4203.07692301	4199.61538448	4194.87179474	4175.51282038	4200.64102551	4200.51282038	4199.35897422	
4195.25641012	4202.5641025	4201.92307686	4187.30769217	4188.20512807	4202.30769224	4202.69230763	4203.33333327	4200.51282038	4196.02564089	4176.15384602	4201.6666666	4202.05128199	4198.97435884	
4193.84615371	4201.53846147	4199.74358961	4186.41025628	4188.71794858	4201.41025634	4199.74358961	4204.35897429	4201.92307686	4196.02564089	4173.20512807	4196.92307679	4201.15384609	4196.79487166	
4188.97435884	4201.92307686	4194.2307691	4185.51282038	4189.99999986	4202.82051275	4197.56410243	4204.87179481	4200.51282038	4192.17948704	4169.61538448	4193.46153833	4197.4358973	4193.20512807	
4187.94871781	4201.15384609	4187.05128192	4186.66666653	4190.25641012	4201.79487173	4198.46153833	4203.07692301	4202.5641025	4190.64102551	4165.25641005	4187.30769217	4196.41025628	4188.71794858	
4186.79487166	4199.2307691	4182.30769217	4184.74358961	4188.84615371	4198.71794858	4194.10256397	4198.3333332	4200.76923063	4195.25641012	4159.23076903	4183.07692294	4196.15384602	4188.3333332	
4182.4358973	4199.99999986	4186.5384614	4183.84615371	4189.48717935	4199.48717935	4190.25641012	4197.56410243	4192.17948704	4193.3333332	4158.205128	4186.79487166	4198.46153833	4191.02564089	
4181.92307679	4197.69230756	4191.92307679	4186.41025628	4191.66666653	4198.07692294	4191.02564089	4199.35897422	4186.92307679	4184.35897422	4159.23076903	4189.74358961	4197.82051269	4188.46153833	
4179.35897422	4188.58974345	4189.2307691	4186.41025628	4189.10256397	4193.07692294	4190.12820499	4198.20512807	4185.76923063	4182.30769217	4156.15384595	4184.99999986	4190.76923063	4184.35897422	
4175.64102551	4183.20512807	4187.56410243	4182.30769217	4189.35897422	4194.87179474	4190.12820499	4198.07692294	4184.99999986	4186.02564089	4158.33333313	4182.4358973	4189.74358961	4187.17948704	
4183.58974345	4190.89743576	4195.12820499	4184.10256397	4194.10256397	4201.92307686	4197.82051269	4200.76923063	4190.76923063	4188.46153833	4167.17948697	4190.76923063	4197.82051269	4196.5384614	
4193.07692294	4197.82051269	4202.43589737	4194.2307691	4191.66666653	4197.82051269	4198.58974345	4201.79487173	4198.71794858	4191.41025628	4170.51282038	4199.74358961	4201.92307686	4203.84615378	
4194.99999986	4195.51282038	4202.43589737	4198.58974345	4188.3333332	4189.74358961	4191.92307679	4200.12820499	4198.3333332	4195.89743576	4168.71794858	4201.6666666	4200.25641012	4205.64102558	
4197.30769217	4193.58974345	4196.79487166	4192.05128192	4191.28205115	4194.61538448	4192.05128192	4199.99999986	4196.92307679	4196.66666653	4168.46153833	4196.92307679	4201.15384609	4203.4615384	
4197.4358973	4194.99999986	4194.99999986	4186.5384614	4190.89743576	4201.53846147	4195.89743576	4201.79487173	4199.74358961	4193.71794858	4165.64102544	4195.38461525	4200.38461525	4200.12820499	
