4186.28205115	4190.89743576	4202.05128199	4222.94871788	4199.61538448	4192.69230756	4174.74358961	4169.87179474	4169.74358961	4135.64102544	4138.33333313	4164.35897415	4134.74358947	4173.46153833	
4181.28205115	4183.58974345	4190.64102551	4228.97435891	4202.05128199	4199.87179474	4183.84615371	4173.97435884	4180.64102551	4140.12820492	4138.33333313	4156.79487159	4138.33333313	4170.76923063	
4169.48717935	4182.17948704	4185.76923063	4204.99999993	4190.25641012	4192.94871781	4175.12820499	4168.97435884	4176.15384602	4136.15384595	4136.02564082	4155.76923056	4133.84615357	4169.35897422	
4164.1025639	4177.4358973	4180.76923063	4215.38461532	4197.82051269	4189.2307691	4171.79487166	4168.46153833	4172.94871781	4136.79487159	4136.92307672	4152.56410236	4134.35897408	4168.20512807	
4160.25641005	4178.97435884	4181.5384614	4207.82051275	4192.05128192	4193.84615371	4172.69230756	4168.97435884	4171.66666653	4138.84615364	4130.89743562	4149.48717928	4142.43589723	4169.35897422	
4164.35897415	4184.10256397	4181.5384614	4205.38461532	4191.79487166	4201.6666666	4178.07692294	4170.12820499	4170.25641012	4137.43589723	4122.56410229	4147.17948697	4141.41025621	4166.02564082	
4161.15384595	4184.2307691	4177.17948704	4209.74358968	4199.87179474	4199.2307691	4182.05128192	4170.12820499	4172.94871781	4135.51282031	4125.25640998	4143.97435877	4128.0769228	4161.28205108	
4166.66666646	4184.74358961	4185.25641012	4209.87179481	4197.30769217	4194.10256397	4184.74358961	4176.41025628	4182.17948704	4145.38461518	4138.71794851	4151.02564082	4137.69230749	4167.05128185	
4215.12820506	4182.30769217	4198.46153833	4209.48717942	4193.71794858	4196.02564089	4187.4358973	4186.41025628	4188.97435884	4156.41025621	4142.94871774	4162.17948697	4158.07692287	4176.02564089	
4270.89743597	4178.20512807	4195.76923063	4214.74358968	4199.87179474	4201.28205122	4190.12820499	4184.87179474	4186.79487166	4154.9999998	4139.61538441	4164.1025639	4154.35897415	4173.97435884	
4279.61538469	4177.4358973	4181.79487166	4213.84615378	4203.4615384	4202.30769224	4188.84615371	4178.58974345	4183.84615371	4144.48717928	4137.43589723	4154.74358954	4138.46153826	4165.64102544	
4267.82051289	4174.61538448	4172.82051269	4206.6666666	4197.56410243	4202.94871788	4186.66666653	4182.56410243	4186.5384614	4139.1025639	4137.69230749	4147.05128185	4134.10256383	4165.76923056	
4274.87179495	4171.41025628	4180.12820499	4202.69230763	4196.5384614	4204.23076917	4185.12820499	4181.66666653	4187.30769217	4142.69230749	4134.10256383	4151.66666646	4141.41025621	4170.12820499	
4285.00000007	4180.12820499	4193.97435884	4214.87179481	4209.48717942	4202.5641025	4181.92307679	4178.71794858	4187.17948704	4152.69230749	4136.02564082	4158.84615364	4151.92307672	4169.99999986	
4287.43589751	4187.05128192	4197.56410243	4232.05128199	4215.38461532	4200.89743576	4182.69230756	4183.58974345	4189.35897422	4167.3076921	4150.38461518	4164.74358954	4161.53846133	4171.79487166	
4289.74358982	4180.25641012	4193.71794858	4224.61538455	4209.48717942	4199.10256397	4182.94871781	4178.58974345	4189.35897422	4164.74358954	4157.43589723	4168.46153833	4160.89743569	4174.10256397	
4285.89743597	4181.41025628	4193.3333332	4214.61538455	4210.38461532	4196.41025628	4179.48717935	4171.15384602	4185.25641012	4152.69230749	4150.38461518	4166.79487159	4154.9999998	4170.89743576	
4282.17948725	4188.20512807	4195.89743576	4224.61538455	4214.10256404	4196.41025628	4180.38461525	4179.10256397	4185.89743576	4159.48717928	4150.12820492	4166.53846133	4158.33333313	4173.71794858	
4288.20512828	4185.51282038	4201.53846147	4233.71794865	4213.58974352	4198.84615371	4186.15384602	4186.5384614	4194.99999986	4171.79487166	4163.71794851	4175.76923063	4167.05128185	4183.97435884	
4295.1282052	4184.99999986	4209.35897429	4231.41025634	4216.02564096	4199.35897422	4186.5384614	4183.71794858	4198.07692294	4170.64102551	4165.89743569	4183.97435884	4173.71794858	4188.71794858	
4292.30769238	4190.12820499	4206.79487173	4228.4615384	4214.87179481	4198.71794858	4185.76923063	4186.15384602	4196.02564089	4167.05128185	4156.41025621	4178.46153833	4166.02564082	4186.5384614	
4285.76923084	4184.99999986	4194.61538448	4221.41025634	4206.02564096	4199.10256397	4187.30769217	4189.10256397	4198.07692294	4165.38461518	4152.82051262	4169.10256397	4153.205128	4182.94871781	
4287.82051289	4178.20512807	4192.82051269	4212.82051275	4201.92307686	4199.61538448	4187.82051269	4185.64102551	4199.48717935	4162.82051262	4153.46153826	4171.5384614	4159.1025639	4184.74358961	
4290.25641033	4184.99999986	4198.46153833	4214.35897429	4203.07692301	4198.07692294	4192.4358973	4189.35897422	4197.05128192	4167.82051262	4151.79487159	4177.69230756	4169.10256397	4188.97435884	
4284.2307693	4188.20512807	4192.94871781	4213.58974352	4203.84615378	4196.41025628	4196.92307679	4195.25641012	4198.58974345	4171.41025628	4153.33333313	4174.74358961	4167.69230749	4187.30769217	
4283.84615392	4182.94871781	4189.35897422	4210.12820506	4201.92307686	4201.41025634	4193.97435884	4194.35897422	4202.94871788	4171.66666653	4161.79487159	4176.41025628	4171.41025628	4186.41025628	
4286.41025648	4183.58974345	4195.89743576	4213.4615384	4202.05128199	4202.5641025	4188.3333332	4187.56410243	4196.79487166	4168.07692287	4160.25641005	4180.89743576	4173.46153833	4186.41025628	
4281.923077	4186.5384614	4195.76923063	4217.5641025	4205.7692307	4190.89743576	4184.99999986	4180.64102551	4187.69230756	4159.23076903	4153.33333313	4177.05128192	4160.51282031	4181.92307679	
4282.43589751	4179.74358961	4192.69230756	4219.23076917	4204.74358968	4184.99999986	4182.4358973	4178.84615371	4187.30769217	4162.56410236	4159.1025639	4181.92307679	4159.61538441	4183.3333332	
4286.66666674	4176.79487166	4195.51282038	4219.48717942	4199.35897422	4189.61538448	4183.20512807	4182.69230756	4188.46153833	4173.3333332	4166.15384595	4194.35897422	4175.89743576	4191.5384614	
4282.30769238	4184.74358961	4196.5384614	4215.12820506	4198.97435884	4188.97435884	4184.99999986	4185.12820499	4189.61538448	4169.74358961	4164.74358954	4189.61538448	4172.56410243	4191.02564089	
4274.61538469	4184.74358961	4193.07692294	4211.79487173	4202.43589737	4186.5384614	4182.30769217	4181.02564089	4191.79487166	4163.97435877	4161.53846133	4173.84615371	4154.23076903	4183.20512807	
4273.33333341	4179.74358961	4191.92307679	4217.43589737	4205.51282045	4190.76923063	4182.69230756	4182.17948704	4192.30769217	4169.99999986	4157.05128185	4172.30769217	4156.15384595	4182.69230756	
4273.84615392	4178.3333332	4193.07692294	4215.7692307	4198.3333332	4193.07692294	4186.66666653	4187.69230756	4189.99999986	4169.87179474	4156.41025621	4180.76923063	4172.56410243	4187.69230756	
4270.38461546	4172.82051269	4187.69230756	4203.4615384	4186.15384602	4188.07692294	4184.2307691	4183.71794858	4185.12820499	4155.25641005	4153.84615364	4171.5384614	4165.89743569	4181.02564089	
4263.97435898	4164.87179467	4178.20512807	4200.25641012	4189.87179474	4187.05128192	4183.3333332	4180.51282038	4181.5384614	4144.87179467	4136.92307672	4154.61538441	4141.28205108	4167.43589723	
4259.10256411	4167.17948697	4180.64102551	4206.15384609	4199.2307691	4196.28205115	4192.05128192	4186.02564089	4184.10256397	4153.33333313	4136.79487159	4160.25641005	4147.3076921	4172.17948704	
4261.92307693	4176.02564089	4189.10256397	4206.15384609	4193.07692294	4199.61538448	4193.20512807	4188.71794858	4188.20512807	4167.17948697	4158.71794851	4177.17948704	4175.25641012	4183.97435884	
4267.17948725	4180.76923063	4196.79487166	4203.84615378	4185.38461525	4188.3333332	4184.87179474	4184.48717935	4190.76923063	4174.61538448	4171.79487166	4189.61538448	4183.20512807	4183.20512807	
4272.05128212	4181.66666653	4212.17948711	4203.97435891	4186.79487166	4182.17948704	4183.07692294	4183.97435884	4196.02564089	4181.28205115	4188.71794858	4208.71794865	4186.5384614	4191.28205115	
4280.89743597	4184.2307691	4229.48717942	4205.64102558	4188.07692294	4188.46153833	4186.02564089	4187.56410243	4201.6666666	4189.2307691	4217.82051275	4236.02564103	4203.33333327	4210.89743583	
4285.76923084	4189.87179474	4231.53846147	4204.87179481	4188.84615371	4188.71794858	4184.10256397	4191.79487166	4201.92307686	4200.12820499	4231.79487173	4253.71794872	4229.10256404	4218.97435891	
4282.94871802	4184.2307691	4227.05128199	4192.69230756	4187.82051269	4183.3333332	4185.25641012	4197.17948704	4203.84615378	4212.82051275	4238.46153847	4260.12820513	4249.35897436	4223.33333327	
4284.10256418	4172.30769217	4234.48717949	4186.66666653	4183.71794858	4188.71794858	4194.61538448	4203.20512814	4213.71794865	4220.64102558	4252.30769231	4272.82051289	4250.0	4232.05128199	
4287.94871802	4173.3333332	4238.33333334	4187.05128192	4187.17948704	4198.46153833	4203.07692301	4211.41025634	4221.53846147	4230.12820506	4267.17948725	4287.43589751	4245.8974359	4234.61538462	
4280.89743597	4170.38461525	4224.23076917	4168.07692287	4184.87179474	4200.76923063	4208.71794865	4218.71794865	4223.84615378	4243.20512821	4277.30769238	4285.64102571	4260.76923077	4233.97435898	
4271.28205136	4155.12820492	4211.79487173	4146.53846133	4171.41025628	4199.48717935	4214.23076917	4219.87179481	4223.71794865	4239.10256411	4273.46153853	4274.87179495	4272.56410264	4235.0	
4266.66666674	4149.1025639	4208.07692301	4144.1025639	4171.15384602	4199.10256397	4213.07692301	4217.30769224	4219.61538455	4228.07692301	4267.30769238	4266.923077	4257.82051282	4232.05128199	
4260.8974359	4152.3076921	4201.92307686	4145.12820492	4183.20512807	4200.51282038	4206.28205122	4217.17948711	4220.89743583	4236.7948718	4270.76923084	4258.46153847	4244.48717949	4228.58974352	
4258.33333334	4154.35897415	4196.28205115	4145.76923056	4188.58974345	4205.12820506	4208.71794865	4220.7692307	4235.12820513	4251.7948718	4279.48717956	4252.6923077	4256.53846154	4230.51282045	
4261.41025641	4155.12820492	4198.46153833	4152.94871774	4188.97435884	4207.17948711	4211.53846147	4222.05128199	4240.8974359	4252.94871795	4282.82051289	4258.46153847	4274.61538469	4234.23076923	
4259.35897436	4155.38461518	4200.25641012	4153.07692287	4189.74358961	4200.76923063	4201.79487173	4216.79487173	4233.84615385	4250.25641026	4271.0256411	4257.56410257	4269.10256418	4234.23076923	
4255.38461539	4157.69230749	4198.20512807	4154.48717928	4190.38461525	4198.97435884	4198.58974345	4216.53846147	4235.38461539	4252.6923077	4264.74358975	4243.20512821	4252.43589744	4229.74358968	
4259.61538462	4161.15384595	4197.69230756	4158.46153826	4193.97435884	4207.05128199	4204.61538455	4214.35897429	4235.25641026	4250.25641026	4272.94871802	4240.0	4258.58974359	4230.12820506	
4258.58974359	4157.56410236	4193.3333332	4145.38461518	4199.74358961	4212.69230763	4202.17948711	4204.99999993	4224.74358968	4247.30769231	4267.56410264	4241.41025641	4266.15384616	4230.64102558	
4245.8974359	4150.89743569	4182.94871781	4131.41025614	4197.05128192	4213.33333327	4201.92307686	4206.02564096	4226.6666666	4243.71794872	4246.28205129	4227.17948711	4247.56410257	4222.05128199	
4240.38461539	4151.15384595	4176.02564089	4135.38461518	4188.20512807	4215.12820506	4213.33333327	4214.87179481	4232.17948711	4236.7948718	4242.30769231	4214.35897429	4230.12820506	4214.87179481	
4240.76923077	4144.74358954	4170.76923063	4139.87179467	4184.35897422	4217.30769224	4219.74358968	4221.6666666	4232.05128199	4231.15384609	4247.94871795	4214.35897429	4230.7692307	4216.15384609	
4232.94871788	4132.82051255	4162.82051262	4129.99999973	4183.84615371	4215.25641019	4218.4615384	4226.92307686	4237.17948718	4231.41025634	4244.61538462	4212.69230763	4231.92307686	4214.87179481	
4231.02564096	4140.64102544	4163.58974339	4125.7692305	4184.99999986	4213.33333327	4218.84615378	4230.89743583	4247.6923077	4240.51282052	4247.94871795	4211.92307686	4236.7948718	4213.33333327	
4242.56410257	4155.51282031	4174.48717935	4143.46153826	4193.07692294	4216.6666666	4218.97435891	4232.17948711	4248.58974359	4250.76923077	4250.25641026	4217.94871788	4249.10256411	4223.20512814	
4244.74358975	4154.74358954	4178.07692294	4154.9999998	4200.25641012	4217.5641025	4216.02564096	4228.33333327	4239.48717949	4249.35897436	4247.94871795	4220.7692307	4250.64102564	4227.17948711	
4235.38461539	4147.69230749	4173.07692294	4141.02564082	4191.66666653	4213.58974352	4214.48717942	4223.33333327	4237.05128206	4242.82051282	4255.25641026	4216.53846147	4246.15384616	4217.30769224	
4235.12820513	4151.66666646	4173.46153833	4135.38461518	4183.71794858	4216.53846147	4217.17948711	4229.23076917	4246.02564103	4245.76923077	4258.58974359	4211.79487173	4243.20512821	4212.69230763	
4242.56410257	4156.41025621	4178.84615371	4150.64102544	4193.71794858	4224.23076917	4220.64102558	4234.10256411	4246.41025641	4244.23076923	4246.7948718	4208.07692301	4233.58974352	4213.33333327	
4238.58974359	4152.56410236	4177.82051269	4149.48717928	4202.30769224	4222.30769224	4220.7692307	4221.79487173	4234.23076923	4233.71794865	4236.28205129	4205.25641019	4230.12820506	4212.43589737	
4229.74358968	4150.76923056	4170.25641012	4134.99999973	4197.94871781	4216.28205122	4217.82051275	4214.87179481	4234.61538462	4231.41025634	4234.23076923	4205.12820506	4234.87179488	4210.12820506	
4227.05128199	4148.58974339	4167.69230749	4135.64102544	4188.58974345	4214.74358968	4214.35897429	4218.84615378	4244.74358975	4232.94871788	4238.20512821	4206.15384609	4234.10256411	4208.97435891	
4231.79487173	4148.58974339	4176.92307679	4147.17948697	4186.02564089	4215.38461532	4215.64102558	4218.07692301	4243.58974359	4235.0	4248.07692308	4213.07692301	4236.7948718	4210.89743583	
4239.74358975	4154.9999998	4188.84615371	4154.1025639	4195.51282038	4217.17948711	4215.51282045	4216.79487173	4245.0	4240.38461539	4254.74358975	4219.74358968	4242.43589744	4217.17948711	
4238.33333334	4157.3076921	4187.4358973	4149.48717928	4198.07692294	4211.92307686	4207.05128199	4217.5641025	4247.82051282	4239.74358975	4251.28205129	4217.82051275	4250.25641026	4219.23076917	
4234.35897436	4159.9999998	4184.10256397	4143.84615364	4187.4358973	4204.61538455	4203.84615378	4216.6666666	4238.33333334	4232.17948711	4249.87179488	4219.61538455	4258.58974359	4217.94871788	
4239.48717949	4166.79487159	4192.05128192	4152.17948697	4190.38461525	4211.15384609	4215.7692307	4217.30769224	4233.4615384	4233.33333327	4250.8974359	4224.10256404	4246.92307693	4219.99999993	
4239.74358975	4163.84615364	4192.56410243	4160.76923056	4202.17948711	4219.10256404	4218.4615384	4217.30769224	4236.02564103	4231.79487173	4243.84615385	4216.41025634	4223.33333327	4213.84615378	
4226.15384609	4150.64102544	4178.58974345	4152.17948697	4193.84615371	4210.51282045	4205.25641019	4213.20512814	4229.99999993	4219.10256404	4235.0	4207.43589737	4220.7692307	4202.94871788	
4220.51282045	4152.69230749	4172.4358973	4140.51282031	4183.58974345	4206.02564096	4206.53846147	4214.23076917	4233.84615385	4219.87179481	4234.61538462	4209.74358968	4234.48717949	4207.30769224	
4228.71794865	4160.25641005	4180.76923063	4138.84615364	4190.25641012	4213.33333327	4216.92307686	4219.23076917	4249.48717949	4227.17948711	4233.07692301	4212.17948711	4237.17948718	4218.20512814	
4229.35897429	4156.28205108	4184.48717935	4147.56410236	4197.82051269	4212.17948711	4213.33333327	4218.4615384	4245.38461539	4220.25641019	4229.74358968	4211.92307686	4230.51282045	4215.25641019	
4225.12820506	4154.1025639	4178.84615371	4158.58974339	4197.69230756	4206.15384609	4204.74358968	4215.25641019	4230.38461532	4219.74358968	4241.41025641	4212.43589737	4226.02564096	4210.38461532	
4224.10256404	4151.15384595	4176.02564089	4152.82051262	4189.48717935	4202.94871788	4201.92307686	4212.69230763	4230.7692307	4226.41025634	4251.7948718	4211.41025634	4229.61538455	4210.51282045	
4221.28205122	4147.43589723	4177.82051269	4140.89743569	4184.35897422	4201.02564096	4200.25641012	4212.30769224	4236.41025641	4221.6666666	4240.12820513	4210.7692307	4230.64102558	4208.20512814	
4222.30769224	4152.69230749	4179.87179474	4141.28205108	4194.35897422	4201.6666666	4200.89743576	4213.71794865	4233.71794865	4214.48717942	4228.84615378	4209.99999993	4220.25641019	4210.38461532	
4226.6666666	4157.69230749	4179.74358961	4141.02564082	4198.3333332	4205.12820506	4207.94871788	4216.41025634	4232.17948711	4216.6666666	4232.17948711	4209.10256404	4221.02564096	4212.69230763	
4222.5641025	4153.84615364	4175.25641012	4139.23076903	4188.58974345	4205.51282045	4213.58974352	4223.58974352	4242.05128206	4223.07692301	4236.02564103	4206.28205122	4229.61538455	4209.61538455	
4216.6666666	4149.9999998	4172.56410243	4145.51282031	4189.61538448	4201.6666666	4211.79487173	4229.10256404	4248.71794872	4229.74358968	4233.4615384	4202.94871788	4229.48717942	4209.23076917	
4220.7692307	4149.87179467	4179.10256397	4145.89743569	4194.2307691	4207.5641025	4211.41025634	4230.12820506	4243.20512821	4233.20512814	4235.38461539	4206.6666666	4231.41025634	4215.51282045	
4227.82051275	4154.87179467	4184.10256397	4142.17948697	4189.87179474	4213.71794865	4217.05128199	4230.38461532	4243.33333334	4233.07692301	4239.23076923	4213.71794865	4237.05128206	4223.71794865	
4226.53846147	4161.41025621	4182.69230756	4149.48717928	4190.76923063	4205.12820506	4212.17948711	4225.89743583	4245.12820513	4233.97435898	4237.43589744	4214.61538455	4232.94871788	4223.58974352	
4221.6666666	4157.94871774	4185.38461525	4153.97435877	4197.69230756	4200.89743576	4201.92307686	4217.69230763	4237.56410257	4230.89743583	4238.84615385	4215.51282045	4228.07692301	4219.10256404	
4224.35897429	4157.69230749	4191.28205115	4155.51282031	4201.53846147	4213.84615378	4208.4615384	4218.97435891	4237.43589744	4229.48717942	4246.53846154	4222.5641025	4232.69230763	4223.33333327	
4229.61538455	4166.53846133	4193.46153833	4164.1025639	4201.6666666	4217.43589737	4217.17948711	4229.10256404	4248.20512821	4234.48717949	4249.23076923	4226.28205122	4233.20512814	4230.64102558	
4231.92307686	4172.17948704	4195.76923063	4163.71794851	4201.02564096	4206.92307686	4215.7692307	4230.38461532	4249.35897436	4236.28205129	4246.53846154	4227.30769224	4236.92307693	4232.5641025	
4233.84615385	4172.4358973	4196.92307679	4152.3076921	4201.02564096	4205.89743583	4214.35897429	4224.61538455	4243.71794872	4236.66666667	4246.92307693	4229.23076917	4249.48717949	4234.48717949	
4226.41025634	4163.58974339	4190.76923063	4151.53846133	4199.35897422	4206.6666666	4208.4615384	4216.28205122	4235.8974359	4233.4615384	4245.8974359	4220.12820506	4239.74358975	4225.12820506	
4217.5641025	4157.43589723	4186.92307679	4166.66666646	4198.3333332	4202.94871788	4201.92307686	4212.69230763	4228.20512814	4225.7692307	4247.17948718	4212.69230763	4214.23076917	4211.15384609	
4229.61538455	4169.74358961	4199.2307691	4180.76923063	4204.10256404	4208.4615384	4209.99999993	4225.25641019	4235.8974359	4229.35897429	4257.94871795	4228.71794865	4224.35897429	4222.17948711	
4240.25641026	4181.92307679	4209.10256404	4179.61538448	4207.94871788	4213.71794865	4220.64102558	4233.71794865	4243.97435898	4243.46153847	4259.87179488	4241.02564103	4251.15384616	4240.0	
4231.6666666	4173.07692294	4202.30769224	4162.43589723	4201.6666666	4208.58974352	4213.84615378	4221.41025634	4230.89743583	4243.20512821	4245.76923077	4230.38461532	4242.6923077	4232.94871788	
4224.99999993	4163.46153826	4194.10256397	4152.43589723	4197.05128192	4203.07692301	4204.87179481	4212.17948711	4223.20512814	4226.92307686	4231.15384609	4214.99999993	4223.07692301	4221.79487173	
4224.35897429	4163.97435877	4195.12820499	4166.15384595	4200.51282038	4203.58974352	4206.6666666	4217.17948711	4227.94871788	4222.30769224	4233.84615385	4212.05128199	4220.89743583	4222.05128199	
4221.15384609	4166.79487159	4193.97435884	4170.38461525	4202.43589737	4203.4615384	4208.84615378	4216.28205122	4225.89743583	4227.30769224	4242.30769231	4213.07692301	4221.15384609	4219.35897429	
4221.15384609	4171.5384614	4190.89743576	4153.46153826	4194.99999986	4203.07692301	4210.7692307	4213.71794865	4224.48717942	4223.58974352	4236.7948718	4213.07692301	4222.05128199	4219.87179481	
4223.07692301	4170.38461525	4193.84615371	4151.79487159	4188.71794858	4201.53846147	4209.23076917	4213.97435891	4231.53846147	4215.64102558	4230.51282045	4215.7692307	4225.51282045	4227.43589737	
4219.99999993	4166.92307672	4193.58974345	4172.56410243	4197.30769217	4199.74358961	4204.87179481	4209.61538455	4228.07692301	4214.61538455	4232.82051275	4215.12820506	4217.30769224	4225.25641019	
4218.58974352	4169.10256397	4192.17948704	4178.07692294	4207.05128199	4202.94871788	4204.35897429	4206.15384609	4221.02564096	4214.74358968	4232.5641025	4211.79487173	4205.51282045	4216.02564096	
4219.35897429	4170.76923063	4193.84615371	4163.97435877	4202.94871788	4205.38461532	4204.35897429	4204.23076917	4221.79487173	4211.92307686	4232.82051275	4212.82051275	4204.48717942	4215.25641019	
4214.48717942	4168.07692287	4191.28205115	4158.205128	4199.48717935	4202.69230763	4200.38461525	4205.51282045	4221.53846147	4211.92307686	4231.15384609	4209.99999993	4203.33333327	4216.92307686	
4211.6666666	4164.1025639	4190.51282038	4166.28205108	4204.61538455	4206.28205122	4206.28205122	4214.10256404	4225.7692307	4216.15384609	4222.69230763	4204.74358968	4203.4615384	4215.38461532	
4214.87179481	4166.79487159	4193.58974345	4175.51282038	4202.30769224	4214.35897429	4218.4615384	4219.35897429	4229.48717942	4217.94871788	4222.94871788	4207.30769224	4218.84615378	4218.07692301	
4214.10256404	4169.2307691	4190.25641012	4170.25641012	4198.97435884	4215.64102558	4213.71794865	4212.5641025	4225.89743583	4217.05128199	4233.58974352	4208.84615378	4224.48717942	4218.58974352	
4210.12820506	4167.43589723	4185.51282038	4159.35897415	4206.92307686	4213.07692301	4204.35897429	4206.92307686	4228.33333327	4218.58974352	4232.17948711	4205.7692307	4206.41025634	4214.10256404	
4212.43589737	4166.79487159	4187.4358973	4165.89743569	4214.10256404	4214.35897429	4204.99999993	4205.51282045	4232.17948711	4219.48717942	4228.07692301	4205.51282045	4199.10256397	4212.30769224	
4221.02564096	4169.87179474	4193.84615371	4182.30769217	4216.6666666	4212.30769224	4206.28205122	4206.15384609	4229.61538455	4215.38461532	4231.15384609	4207.17948711	4215.89743583	4220.89743583	
4227.43589737	4181.41025628	4207.5641025	4184.2307691	4215.64102558	4206.02564096	4204.99999993	4211.28205122	4231.6666666	4216.02564096	4230.64102558	4213.58974352	4222.94871788	4231.53846147	
4227.94871788	4190.12820499	4210.38461532	4173.71794858	4208.84615378	4202.5641025	4203.4615384	4208.71794865	4228.58974352	4220.38461532	4231.53846147	4220.25641019	4214.61538455	4228.84615378	
4224.48717942	4180.76923063	4198.84615371	4170.76923063	4201.79487173	4200.12820499	4199.87179474	4200.89743576	4215.38461532	4219.87179481	4233.84615385	4221.28205122	4213.20512814	4218.4615384	
4221.15384609	4168.84615371	4198.84615371	4175.12820499	4203.4615384	4196.66666653	4196.92307679	4200.64102551	4217.43589737	4219.10256404	4231.41025634	4221.6666666	4218.20512814	4220.64102558	
4222.30769224	4170.89743576	4209.35897429	4181.02564089	4208.84615378	4194.87179474	4198.20512807	4204.87179481	4222.94871788	4219.35897429	4231.15384609	4223.71794865	4218.84615378	4229.87179481	
4222.94871788	4173.58974345	4207.17948711	4185.38461525	4207.43589737	4197.94871781	4201.92307686	4211.02564096	4219.74358968	4218.58974352	4230.38461532	4218.4615384	4219.48717942	4225.12820506	
4214.74358968	4170.76923063	4193.58974345	4172.17948704	4194.2307691	4199.87179474	4202.05128199	4213.58974352	4220.12820506	4212.5641025	4226.15384609	4207.05128199	4215.12820506	4217.30769224	
4204.35897429	4168.58974345	4185.51282038	4156.79487159	4186.02564089	4198.46153833	4201.92307686	4206.92307686	4215.89743583	4201.6666666	4222.17948711	4202.30769224	4204.23076917	4215.12820506	
4201.41025634	4159.87179467	4182.56410243	4165.38461518	4194.10256397	4200.51282038	4208.71794865	4200.51282038	4209.87179481	4193.3333332	4215.38461532	4197.94871781	4195.38461525	4207.82051275	
4204.48717942	4158.97435877	4185.76923063	4167.43589723	4196.15384602	4202.94871788	4210.7692307	4204.87179481	4216.41025634	4199.10256397	4207.30769224	4194.99999986	4198.84615371	4204.10256404	
4208.97435891	4167.94871774	4193.46153833	4155.76923056	4187.94871781	4202.17948711	4204.35897429	4205.89743583	4219.99999993	4207.82051275	4212.94871788	4202.82051275	4210.25641019	4213.84615378	
4209.61538455	4160.76923056	4192.56410243	4162.82051262	4187.4358973	4196.5384614	4199.74358961	4200.76923063	4213.71794865	4206.02564096	4224.35897429	4207.94871788	4212.94871788	4217.17948711	
4209.35897429	4154.35897415	4189.10256397	4176.15384602	4188.3333332	4188.46153833	4197.17948704	4199.61538448	4213.97435891	4205.51282045	4223.20512814	4204.48717942	4203.07692301	4212.5641025	
4208.97435891	4166.41025621	4189.99999986	4168.20512807	4181.79487166	4185.51282038	4194.74358961	4200.51282038	4217.43589737	4207.82051275	4215.89743583	4202.17948711	4199.35897422	4213.4615384	
4207.5641025	4172.94871781	4192.4358973	4159.23076903	4180.64102551	4190.12820499	4193.84615371	4198.07692294	4214.48717942	4201.53846147	4213.84615378	4205.25641019	4209.74358968	4215.89743583	
4210.51282045	4167.94871774	4198.20512807	4167.05128185	4194.2307691	4194.61538448	4193.97435884	4195.25641012	4212.5641025	4198.97435884	4216.92307686	4209.35897429	4211.02564096	4216.41025634	
4213.84615378	4167.56410236	4200.89743576	4173.20512807	4200.64102551	4195.38461525	4197.30769217	4203.33333327	4216.41025634	4207.30769224	4220.25641019	4206.53846147	4199.99999986	4217.05128199	
4214.74358968	4170.89743576	4196.66666653	4172.4358973	4189.74358961	4198.46153833	4203.58974352	4213.33333327	4220.89743583	4210.12820506	4220.38461532	4200.25641012	4202.5641025	4217.69230763	
4211.92307686	4172.94871781	4193.58974345	4172.17948704	4186.66666653	4200.38461525	4202.69230763	4207.5641025	4217.30769224	4202.94871788	4214.35897429	4197.17948704	4207.69230763	4216.02564096	
4206.92307686	4167.82051262	4191.92307679	4164.87179467	4192.4358973	4195.76923063	4198.84615371	4198.46153833	4210.12820506	4192.56410243	4202.82051275	4192.17948704	4193.71794858	4212.69230763	
4203.84615378	4160.12820492	4188.58974345	4155.64102544	4190.64102551	4192.82051269	4200.25641012	4200.25641012	4210.7692307	4187.69230756	4200.12820499	4187.4358973	4184.2307691	4210.38461532	
4204.99999993	4165.12820492	4188.20512807	4162.82051262	4193.07692294	4196.15384602	4200.38461525	4203.97435891	4214.74358968	4195.76923063	4210.64102558	4190.51282038	4194.10256397	4211.02564096	
4208.07692301	4171.66666653	4189.74358961	4174.35897422	4196.02564089	4198.3333332	4198.20512807	4201.92307686	4216.79487173	4204.10256404	4215.12820506	4196.79487166	4202.82051275	4214.61538455	
4209.35897429	4169.10256397	4190.89743576	4171.15384602	4187.82051269	4198.3333332	4199.61538448	4203.71794865	4219.35897429	4210.25641019	4214.48717942	4202.82051275	4209.35897429	4215.89743583	
4205.12820506	4171.66666653	4190.89743576	4168.97435884	4188.84615371	4200.89743576	4199.74358961	4209.23076917	4221.41025634	4218.71794865	4220.38461532	4204.10256404	4214.23076917	4216.53846147	
4197.69230756	4169.48717935	4185.25641012	4173.84615371	4198.46153833	4197.56410243	4188.97435884	4203.97435891	4214.74358968	4213.84615378	4216.53846147	4193.3333332	4204.87179481	4211.6666666	
4194.61538448	4157.56410236	4178.58974345	4169.48717935	4193.07692294	4193.07692294	4183.46153833	4195.76923063	4209.10256404	4197.05128192	4206.6666666	4184.2307691	4196.66666653	4203.07692301	
4197.94871781	4162.05128185	4181.02564089	4165.25641005	4184.10256397	4195.64102551	4192.05128192	4198.20512807	4212.69230763	4202.30769224	4213.20512814	4193.46153833	4204.10256404	4208.58974352	
4199.10256397	4169.2307691	4182.4358973	4169.87179474	4186.92307679	4196.5384614	4195.89743576	4200.51282038	4213.4615384	4214.61538455	4220.51282045	4198.20512807	4204.99999993	4215.38461532	
4196.79487166	4157.43589723	4176.92307679	4168.20512807	4196.28205115	4195.51282038	4193.58974345	4197.30769217	4213.4615384	4206.15384609	4210.38461532	4186.41025628	4196.02564089	4206.53846147	
4197.69230756	4153.84615364	4177.56410243	4160.12820492	4197.05128192	4198.07692294	4194.10256397	4195.89743576	4211.79487173	4195.38461525	4198.71794858	4182.56410243	4196.41025628	4201.02564096	
4199.10256397	4166.92307672	4180.76923063	4155.25641005	4188.84615371	4197.69230756	4193.07692294	4197.05128192	4203.84615378	4197.69230756	4197.94871781	4186.79487166	4202.05128199	4206.6666666	
4195.64102551	4170.12820499	4175.76923063	4160.89743569	4191.92307679	4195.76923063	4194.48717935	4197.94871781	4204.99999993	4200.76923063	4206.6666666	4185.51282038	4201.92307686	4205.25641019	
4198.71794858	4166.66666646	4178.07692294	4174.10256397	4201.41025634	4199.35897422	4203.4615384	4206.02564096	4218.71794865	4202.17948711	4216.02564096	4188.84615371	4200.64102551	4200.64102551	
4205.25641019	4171.28205115	4187.56410243	4178.07692294	4199.35897422	4200.76923063	4204.61538455	4211.53846147	4215.25641019	4201.53846147	4215.64102558	4196.41025628	4198.97435884	4206.53846147	
4204.48717942	4173.3333332	4190.64102551	4170.89743576	4196.28205115	4197.56410243	4198.71794858	4206.15384609	4204.87179481	4202.17948711	4214.61538455	4196.28205115	4199.61538448	4212.05128199	
4204.61538455	4169.87179474	4192.05128192	4169.99999986	4201.92307686	4197.56410243	4199.87179474	4201.6666666	4210.89743583	4207.17948711	4218.97435891	4195.12820499	4204.35897429	4209.99999993	
4202.05128199	4165.76923056	4191.15384602	4173.58974345	4202.5641025	4199.87179474	4200.89743576	4196.41025628	4209.23076917	4206.15384609	4216.79487173	4194.2307691	4203.07692301	4204.35897429	
4195.89743576	4167.94871774	4185.51282038	4171.28205115	4197.69230756	4200.64102551	4196.79487166	4190.64102551	4198.84615371	4200.12820499	4213.97435891	4190.76923063	4197.82051269	4200.76923063	
4202.82051275	4174.87179474	4190.38461525	4172.4358973	4201.41025634	4201.02564096	4197.69230756	4190.51282038	4199.87179474	4202.69230763	4217.82051275	4191.5384614	4202.30769224	4205.12820506	
4208.58974352	4174.61538448	4197.94871781	4175.51282038	4202.05128199	4199.61538448	4197.82051269	4188.46153833	4201.79487173	4204.10256404	4215.12820506	4194.10256397	4203.07692301	4208.07692301	
4195.64102551	4168.20512807	4186.02564089	4167.56410236	4194.61538448	4196.79487166	4191.92307679	4183.84615371	4196.92307679	4196.5384614	4212.69230763	4192.82051269	4199.35897422	4204.74358968	
4190.25641012	4167.69230749	4176.41025628	4162.43589723	4196.41025628	4198.46153833	4194.48717935	4189.10256397	4195.89743576	4196.5384614	4213.58974352	4190.51282038	4207.30769224	4202.17948711	
4196.79487166	4170.38461525	4182.56410243	4174.10256397	4203.71794865	4202.30769224	4201.41025634	4196.5384614	4199.48717935	4202.94871788	4209.10256404	4190.76923063	4205.89743583	4201.6666666	
4193.71794858	4169.2307691	4187.4358973	4184.48717935	4202.05128199	4201.6666666	4198.71794858	4196.41025628	4204.61538455	4199.10256397	4212.82051275	4192.82051269	4193.46153833	4201.53846147	
4194.61538448	4174.2307691	4192.56410243	4182.56410243	4199.74358961	4201.6666666	4197.56410243	4201.6666666	4213.97435891	4199.74358961	4227.43589737	4204.23076917	4204.23076917	4209.99999993	
4208.97435891	4185.38461525	4210.38461532	4184.2307691	4201.6666666	4205.64102558	4202.69230763	4206.6666666	4219.87179481	4211.15384609	4233.71794865	4223.20512814	4223.84615378	4219.74358968	
4215.12820506	4188.20512807	4222.69230763	4188.3333332	4200.64102551	4202.94871788	4197.94871781	4200.25641012	4214.74358968	4210.7692307	4229.74358968	4232.30769224	4220.38461532	4219.48717942	
4217.30769224	4187.94871781	4227.82051275	4186.41025628	4203.58974352	4197.69230756	4191.41025628	4192.30769217	4202.5641025	4199.74358961	4233.20512814	4240.25641026	4214.61538455	4219.74358968	
4225.12820506	4192.56410243	4240.76923077	4191.28205115	4207.43589737	4199.2307691	4193.84615371	4187.30769217	4196.28205115	4198.71794858	4240.8974359	4254.35897436	4223.33333327	4225.89743583	
4222.05128199	4195.76923063	4240.8974359	4204.74358968	4201.79487173	4196.41025628	4191.66666653	4185.12820499	4197.69230756	4203.20512814	4246.7948718	4257.43589744	4223.97435891	4226.79487173	
4216.28205122	4198.20512807	4230.7692307	4208.20512814	4199.87179474	4189.35897422	4184.87179474	4181.5384614	4198.3333332	4200.76923063	4247.43589744	4248.97435898	4216.92307686	4219.23076917	
4218.84615378	4199.87179474	4229.10256404	4203.07692301	4204.99999993	4186.66666653	4183.84615371	4180.38461525	4195.76923063	4198.71794858	4231.79487173	4242.05128206	4215.64102558	4216.6666666	
4217.30769224	4193.07692294	4229.87179481	4203.07692301	4203.84615378	4186.15384602	4189.10256397	4190.12820499	4197.56410243	4204.35897429	4223.97435891	4239.10256411	4218.84615378	4222.5641025	
4212.30769224	4187.4358973	4227.30769224	4201.53846147	4200.64102551	4190.64102551	4194.35897422	4201.92307686	4207.43589737	4213.58974352	4245.0	4239.74358975	4224.87179481	4225.7692307	
4213.84615378	4188.3333332	4224.48717942	4193.07692294	4202.05128199	4202.5641025	4199.74358961	4208.71794865	4219.23076917	4222.30769224	4256.15384616	4238.71794872	4228.4615384	4224.23076917	
4211.92307686	4181.66666653	4213.97435891	4187.30769217	4202.17948711	4203.33333327	4201.02564096	4212.82051275	4221.53846147	4219.48717942	4234.35897436	4227.82051275	4220.12820506	4220.64102558	
4203.97435891	4179.10256397	4198.97435884	4187.4358973	4201.53846147	4200.64102551	4201.6666666	4216.02564096	4217.82051275	4214.99999993	4226.28205122	4216.15384609	4216.15384609	4218.33333327	
4203.58974352	4186.28205115	4199.48717935	4185.38461525	4200.89743576	4211.15384609	4206.53846147	4216.6666666	4220.51282045	4222.30769224	4233.4615384	4214.10256404	4222.5641025	4217.82051275	
4201.28205122	4176.02564089	4201.79487173	4182.30769217	4197.69230756	4212.17948711	4206.28205122	4214.10256404	4226.02564096	4219.23076917	4224.10256404	4213.07692301	4216.79487173	4214.48717942	
4195.25641012	4162.17948697	4196.15384602	4185.38461525	4200.12820499	4201.02564096	4197.4358973	4205.12820506	4217.5641025	4203.20512814	4220.51282045	4207.30769224	4210.64102558	4210.25641019	
4196.41025628	4171.15384602	4193.58974345	4188.07692294	4206.6666666	4199.61538448	4189.74358961	4192.05128192	4202.05128199	4204.87179481	4227.05128199	4203.84615378	4212.30769224	4209.99999993	
4193.84615371	4175.51282038	4192.94871781	4180.51282038	4203.20512814	4203.07692301	4187.94871781	4189.87179474	4203.20512814	4214.48717942	4219.99999993	4200.76923063	4204.61538455	4208.58974352	
4191.66666653	4167.69230749	4192.05128192	4176.15384602	4196.92307679	4200.64102551	4189.2307691	4198.84615371	4214.87179481	4207.17948711	4213.07692301	4199.48717935	4203.58974352	4208.71794865	
4196.92307679	4173.3333332	4194.35897422	4177.30769217	4198.46153833	4200.25641012	4194.61538448	4203.97435891	4215.38461532	4201.53846147	4219.87179481	4204.23076917	4215.89743583	4213.71794865	
4196.41025628	4178.71794858	4193.84615371	4174.74358961	4199.35897422	4203.07692301	4197.4358973	4200.64102551	4213.97435891	4207.17948711	4220.64102558	4204.87179481	4210.64102558	4208.71794865	
4192.05128192	4171.02564089	4189.10256397	4178.71794858	4199.2307691	4200.64102551	4190.64102551	4199.10256397	4214.61538455	4203.20512814	4213.20512814	4200.51282038	4192.4358973	4200.12820499	
4194.74358961	4168.58974345	4188.07692294	4183.3333332	4204.48717942	4202.05128199	4187.56410243	4200.25641012	4209.87179481	4199.2307691	4214.35897429	4196.79487166	4196.5384614	4203.84615378	
4199.48717935	4172.94871781	4193.71794858	4181.5384614	4207.30769224	4209.61538455	4194.10256397	4201.28205122	4209.99999993	4208.58974352	4221.28205122	4198.71794858	4212.82051275	4211.41025634	
4197.94871781	4174.48717935	4197.94871781	4179.87179474	4200.76923063	4208.33333327	4193.97435884	4203.20512814	4216.15384609	4210.7692307	4221.02564096	4200.25641012	4210.25641019	4208.33333327	
4193.20512807	4172.69230756	4192.82051269	4177.69230756	4195.25641012	4202.43589737	4187.05128192	4200.25641012	4214.35897429	4202.17948711	4214.61538455	4196.79487166	4199.10256397	4202.5641025	
4192.69230756	4169.48717935	4189.2307691	4172.82051269	4199.74358961	4206.15384609	4188.3333332	4197.05128192	4207.43589737	4199.10256397	4216.15384609	4197.17948704	4197.05128192	4205.7692307	
4192.56410243	4168.97435884	4193.46153833	4170.38461525	4204.99999993	4207.94871788	4190.51282038	4200.51282038	4210.12820506	4201.6666666	4219.10256404	4197.82051269	4200.89743576	4207.43589737	
4189.74358961	4171.66666653	4190.64102551	4171.5384614	4203.33333327	4201.02564096	4185.38461525	4200.89743576	4213.20512814	4200.64102551	4212.17948711	4191.5384614	4202.17948711	4200.64102551	
4188.71794858	4171.02564089	4183.58974345	4171.41025628	4199.61538448	4199.87179474	4183.84615371	4190.76923063	4204.74358968	4195.38461525	4206.6666666	4187.05128192	4192.82051269	4195.25641012	
4189.2307691	4168.58974345	4182.17948704	4178.07692294	4199.10256397	4203.33333327	4192.17948704	4188.3333332	4201.6666666	4194.35897422	4213.4615384	4189.10256397	4181.02564089	4196.41025628	
4186.15384602	4168.58974345	4181.79487166	4180.25641012	4201.92307686	4203.33333327	4196.15384602	4198.71794858	4213.07692301	4197.56410243	4213.71794865	4187.82051269	4182.05128192	4197.30769217	
4185.38461525	4170.89743576	4181.66666653	4171.66666653	4204.23076917	4204.35897429	4192.94871781	4203.33333327	4217.94871788	4201.53846147	4203.20512814	4183.3333332	4189.10256397	4196.02564089	
4188.97435884	4171.79487166	4184.48717935	4172.56410243	4203.58974352	4202.69230763	4190.51282038	4198.3333332	4207.5641025	4199.10256397	4204.10256404	4183.20512807	4187.30769217	4194.87179474	
4193.46153833	4168.97435884	4189.2307691	4185.12820499	4201.53846147	4204.10256404	4192.94871781	4198.97435884	4207.82051275	4196.02564089	4216.15384609	4190.76923063	4188.07692294	4199.35897422	
4196.02564089	4170.76923063	4193.71794858	4185.64102551	4201.41025634	4210.38461532	4200.89743576	4206.6666666	4219.48717942	4203.07692301	4221.41025634	4199.10256397	4199.74358961	4205.7692307	
4196.15384602	4179.74358961	4195.76923063	4177.30769217	4209.61538455	4206.41025634	4199.87179474	4204.99999993	4216.41025634	4207.05128199	4214.87179481	4197.30769217	4201.28205122	4203.58974352	
4198.3333332	4182.56410243	4197.82051269	4182.17948704	4213.33333327	4199.2307691	4189.48717935	4198.3333332	4204.35897429	4198.84615371	4210.51282045	4192.94871781	4191.79487166	4198.97435884	
4200.76923063	4177.69230756	4199.10256397	4190.89743576	4208.4615384	4202.43589737	4191.02564089	4198.71794858	4202.05128199	4193.58974345	4211.28205122	4193.20512807	4187.4358973	4201.15384609	
4198.07692294	4179.35897422	4197.4358973	4190.25641012	4210.51282045	4205.89743583	4196.92307679	4193.84615371	4203.71794865	4192.4358973	4211.15384609	4191.79487166	4185.64102551	4200.89743576	
4193.71794858	4186.79487166	4196.5384614	4185.25641012	4211.28205122	4201.02564096	4192.56410243	4185.76923063	4196.28205115	4186.28205115	4203.4615384	4189.61538448	4182.30769217	4195.38461525	
4196.28205115	4185.64102551	4199.61538448	4181.28205115	4202.43589737	4199.2307691	4189.48717935	4187.69230756	4197.17948704	4187.4358973	4196.66666653	4194.35897422	4190.89743576	4196.15384602	
4197.05128192	4175.76923063	4197.69230756	4183.58974345	4200.12820499	4202.5641025	4191.92307679	4191.79487166	4208.84615378	4199.87179474	4207.05128199	4197.05128192	4201.15384609	4201.53846147	
4188.84615371	4167.05128185	4189.61538448	4181.79487166	4203.07692301	4203.4615384	4192.17948704	4192.17948704	4206.92307686	4200.25641012	4216.02564096	4188.84615371	4194.10256397	4202.69230763	
4186.79487166	4167.82051262	4188.84615371	4170.25641012	4198.20512807	4203.07692301	4191.41025628	4196.28205115	4199.99999986	4191.79487166	4208.84615378	4184.87179474	4183.07692294	4196.92307679	
4186.92307679	4170.38461525	4191.5384614	4167.05128185	4196.28205115	4202.82051275	4189.10256397	4199.61538448	4208.20512814	4192.4358973	4199.2307691	4185.89743576	4187.56410243	4187.56410243	
4182.56410243	4164.9999998	4189.2307691	4177.30769217	4200.25641012	4206.15384609	4190.12820499	4198.84615371	4216.41025634	4197.30769217	4201.15384609	4183.97435884	4191.92307679	4188.58974345	
4187.56410243	4167.69230749	4190.38461525	4186.92307679	4200.51282038	4210.38461532	4200.12820499	4202.30769224	4215.38461532	4201.28205122	4209.10256404	4185.89743576	4190.51282038	4198.97435884	
4193.84615371	4176.5384614	4193.20512807	4188.3333332	4198.71794858	4206.92307686	4201.02564096	4203.58974352	4213.84615378	4196.02564089	4211.02564096	4190.38461525	4191.41025628	4200.76923063	
4188.71794858	4174.99999986	4194.35897422	4185.89743576	4196.79487166	4200.64102551	4191.41025628	4196.79487166	4213.20512814	4192.94871781	4207.17948711	4191.15384602	4191.66666653	4196.41025628	
4187.17948704	4171.02564089	4194.61538448	4186.41025628	4198.84615371	4200.25641012	4189.10256397	4194.74358961	4215.64102558	4200.25641012	4200.12820499	4188.71794858	4191.02564089	4196.92307679	
4192.05128192	4175.12820499	4193.84615371	4185.25641012	4196.28205115	4200.89743576	4190.12820499	4194.10256397	4214.61538455	4195.89743576	4202.43589737	4182.4358973	4188.71794858	4194.2307691	
4188.20512807	4174.35897422	4190.76923063	4175.51282038	4186.5384614	4202.30769224	4188.58974345	4184.87179474	4201.79487173	4181.28205115	4206.28205122	4177.94871781	4184.61538448	4188.97435884	
4178.84615371	4164.35897415	4181.15384602	4168.97435884	4182.69230756	4197.69230756	4185.38461525	4175.38461525	4193.3333332	4179.48717935	4197.17948704	4176.92307679	4181.15384602	4185.64102551	
4176.41025628	4163.205128	4178.46153833	4176.92307679	4188.71794858	4188.46153833	4185.51282038	4179.99999986	4198.20512807	4184.48717935	4191.66666653	4174.99999986	4183.84615371	4184.48717935	
4184.48717935	4169.61538448	4189.87179474	4186.28205115	4197.30769217	4192.82051269	4193.97435884	4186.66666653	4200.89743576	4182.69230756	4197.82051269	4179.99999986	4187.82051269	4188.46153833	
4190.12820499	4173.97435884	4195.25641012	4181.28205115	4196.92307679	4200.25641012	4194.74358961	4183.84615371	4199.10256397	4182.56410243	4201.53846147	4188.07692294	4181.92307679	4191.28205115	
4185.12820499	4173.20512807	4189.35897422	4173.97435884	4188.71794858	4194.74358961	4186.5384614	4186.79487166	4202.30769224	4186.92307679	4198.71794858	4188.20512807	4180.12820499	4188.71794858	
4178.3333332	4168.3333332	4184.48717935	4173.58974345	4183.46153833	4192.4358973	4188.97435884	4198.3333332	4208.71794865	4190.38461525	4199.61538448	4183.3333332	4187.30769217	4189.48717935	
4178.58974345	4168.58974345	4182.30769217	4174.10256397	4190.89743576	4199.99999986	4200.12820499	4200.51282038	4212.05128199	4189.74358961	4200.76923063	4178.46153833	4189.87179474	4193.46153833	
4182.94871781	4175.12820499	4189.74358961	4179.74358961	4201.79487173	4201.6666666	4201.79487173	4197.17948704	4213.71794865	4189.10256397	4199.2307691	4178.97435884	4184.2307691	4190.64102551	
4180.38461525	4174.74358961	4192.69230756	4184.35897422	4196.02564089	4199.10256397	4194.35897422	4197.05128192	4215.38461532	4192.4358973	4202.69230763	4178.97435884	4183.84615371	4185.12820499	
4176.41025628	4168.84615371	4180.51282038	4177.17948704	4184.61538448	4201.6666666	4190.51282038	4193.20512807	4211.15384609	4190.25641012	4204.61538455	4178.58974345	4189.74358961	4190.38461525	
4180.38461525	4171.02564089	4179.2307691	4176.92307679	4188.84615371	4199.35897422	4189.74358961	4184.61538448	4203.07692301	4183.84615371	4198.58974345	4180.38461525	4189.2307691	4195.89743576	
4181.5384614	4175.64102551	4188.71794858	4188.3333332	4200.76923063	4189.99999986	4187.56410243	4174.87179474	4199.48717935	4181.66666653	4193.71794858	4176.66666653	4183.46153833	4188.20512807	
4181.02564089	4177.4358973	4190.25641012	4187.4358973	4198.20512807	4187.30769217	4185.38461525	4168.3333332	4199.74358961	4181.79487166	4197.56410243	4172.56410243	4181.5384614	4180.51282038	
4186.02564089	4178.07692294	4191.5384614	4181.41025628	4193.20512807	4193.97435884	4187.94871781	4174.35897422	4198.71794858	4185.64102551	4206.28205122	4179.10256397	4184.61538448	4190.51282038	
4185.76923063	4171.02564089	4192.17948704	4185.76923063	4196.5384614	4190.38461525	4187.69230756	4185.38461525	4201.28205122	4188.46153833	4206.28205122	4183.71794858	4187.05128192	4197.05128192	
4176.41025628	4170.25641012	4182.69230756	4180.25641012	4191.79487166	4180.89743576	4182.82051269	4192.94871781	4209.48717942	4187.17948704	4196.79487166	4175.64102551	4185.76923063	4188.84615371	
4176.5384614	4179.74358961	4179.87179474	4174.87179474	4185.89743576	4184.61538448	4189.99999986	4205.38461532	4212.05128199	4190.25641012	4198.46153833	4176.02564089	4186.5384614	4189.2307691	
4182.56410243	4177.17948704	4186.41025628	4183.20512807	4192.69230756	4192.82051269	4202.69230763	4213.71794865	4206.6666666	4194.2307691	4208.33333327	4182.56410243	4187.94871781	4195.25641012	
4178.71794858	4167.69230749	4181.5384614	4180.12820499	4195.51282038	4192.82051269	4199.99999986	4205.64102558	4202.17948711	4182.30769217	4201.92307686	4172.56410243	4179.10256397	4187.4358973	
4176.92307679	4174.2307691	4178.07692294	4169.48717935	4188.3333332	4188.97435884	4191.41025628	4196.79487166	4198.84615371	4170.51282038	4186.28205115	4165.12820492	4167.05128185	4179.48717935	
4181.02564089	4182.17948704	4187.56410243	4174.10256397	4188.97435884	4187.94871781	4194.61538448	4199.10256397	4193.20512807	4175.38461525	4187.30769217	4173.46153833	4171.66666653	4183.07692294	
4180.51282038	4178.71794858	4190.51282038	4180.12820499	4195.89743576	4188.07692294	4195.89743576	4197.30769217	4188.58974345	4177.30769217	4198.71794858	4176.79487166	4178.71794858	4183.46153833	
4178.84615371	4171.66666653	4184.99999986	4175.89743576	4187.4358973	4186.28205115	4185.76923063	4187.56410243	4188.20512807	4171.5384614	4202.69230763	4174.87179474	4172.69230756	4182.05128192	
4180.12820499	4172.30769217	4188.07692294	4181.28205115	4180.89743576	4184.61538448	4187.82051269	4188.20512807	4192.94871781	4176.28205115	4203.4615384	4182.05128192	4176.02564089	4187.30769217	
4181.15384602	4181.15384602	4190.89743576	4190.51282038	4190.51282038	4189.35897422	4196.66666653	4198.71794858	4199.48717935	4184.99999986	4198.97435884	4181.92307679	4188.71794858	4188.58974345	
4178.20512807	4182.17948704	4185.64102551	4182.82051269	4196.28205115	4194.48717935	4192.94871781	4200.51282038	4200.64102551	4184.87179474	4194.99999986	4176.5384614	4186.66666653	4184.35897422	
4176.5384614	4173.3333332	4187.4358973	4177.17948704	4195.38461525	4193.3333332	4190.51282038	4201.53846147	4204.48717942	4186.41025628	4208.20512814	4187.17948704	4185.38461525	4187.05128192	
4177.56410243	4168.97435884	4191.79487166	4180.64102551	4190.89743576	4190.25641012	4194.35897422	4212.17948711	4215.38461532	4193.20512807	4220.89743583	4197.56410243	4196.15384602	4194.10256397	
4172.05128192	4169.35897422	4182.17948704	4178.58974345	4186.66666653	4188.84615371	4195.76923063	4217.94871788	4216.92307686	4195.12820499	4209.99999993	4186.15384602	4193.71794858	4190.25641012	
4162.82051262	4167.3076921	4171.15384602	4176.41025628	4191.15384602	4188.3333332	4196.02564089	4211.15384609	4207.69230763	4186.92307679	4196.5384614	4172.69230756	4180.76923063	4179.35897422	
4166.28205108	4169.10256397	4176.41025628	4177.4358973	4197.05128192	4186.02564089	4193.3333332	4202.82051275	4197.4358973	4177.94871781	4198.46153833	4174.99999986	4181.66666653	4178.46153833	
4176.28205115	4171.5384614	4183.58974345	4178.07692294	4190.76923063	4185.38461525	4189.35897422	4198.84615371	4187.56410243	4181.02564089	4204.10256404	4178.84615371	4186.41025628	4185.25641012	
4176.66666653	4166.66666646	4182.82051269	4181.92307679	4182.56410243	4186.28205115	4189.87179474	4195.76923063	4186.28205115	4181.5384614	4202.17948711	4181.15384602	4182.4358973	4185.38461525	
4181.28205115	4173.46153833	4188.84615371	4189.2307691	4191.66666653	4186.79487166	4192.17948704	4194.48717935	4197.05128192	4176.28205115	4199.99999986	4190.38461525	4183.46153833	4186.02564089	
4191.02564089	4185.76923063	4198.20512807	4187.69230756	4200.38461525	4185.76923063	4191.79487166	4197.69230756	4202.82051275	4182.30769217	4208.4615384	4196.02564089	4190.64102551	4194.61538448	
4189.35897422	4185.38461525	4197.30769217	4183.20512807	4197.56410243	4188.20512807	4191.92307679	4201.79487173	4199.74358961	4191.02564089	4215.38461532	4194.48717935	4195.38461525	4200.25641012	
4180.64102551	4177.56410243	4190.64102551	4185.89743576	4193.97435884	4192.82051269	4192.4358973	4207.5641025	4205.51282045	4187.30769217	4209.35897429	4192.56410243	4197.94871781	4201.02564096	
4176.66666653	4168.46153833	4183.71794858	4184.48717935	4189.2307691	4189.61538448	4195.38461525	4213.20512814	4213.97435891	4184.10256397	4201.15384609	4191.92307679	4194.2307691	4198.20512807	
4179.87179474	4168.71794858	4182.05128192	4183.97435884	4186.79487166	4189.87179474	4199.61538448	4216.28205122	4209.48717942	4187.94871781	4204.87179481	4192.94871781	4187.05128192	4190.89743576	
4184.35897422	4179.35897422	4188.58974345	4186.02564089	4195.25641012	4195.51282038	4199.87179474	4217.43589737	4199.48717935	4186.02564089	4209.23076917	4191.41025628	4183.97435884	4184.48717935	
4185.38461525	4183.20512807	4191.92307679	4185.51282038	4202.05128199	4196.41025628	4201.28205122	4214.48717942	4198.71794858	4184.48717935	4204.23076917	4186.5384614	4186.15384602	4187.4358973	
4178.71794858	4170.76923063	4183.20512807	4185.64102551	4192.69230756	4194.2307691	4199.35897422	4207.82051275	4205.25641019	4186.41025628	4199.87179474	4182.17948704	4187.17948704	4188.71794858	
4172.82051269	4163.71794851	4178.46153833	4186.92307679	4185.89743576	4193.07692294	4191.28205115	4198.46153833	4198.58974345	4185.25641012	4199.99999986	4181.02564089	4183.20512807	4183.3333332	
4178.97435884	4173.84615371	4187.05128192	4186.15384602	4193.58974345	4189.2307691	4184.2307691	4188.46153833	4183.97435884	4183.07692294	4203.71794865	4185.25641012	4183.46153833	4183.07692294	
4188.20512807	4184.99999986	4193.07692294	4184.87179474	4201.41025634	4186.28205115	4185.12820499	4192.17948704	4189.35897422	4184.87179474	4203.84615378	4191.5384614	4191.02564089	4187.05128192	
4187.4358973	4184.61538448	4192.30769217	4186.02564089	4198.07692294	4188.3333332	4188.58974345	4201.6666666	4200.25641012	4181.5384614	4200.89743576	4191.02564089	4190.38461525	4187.4358973	
4183.58974345	4176.92307679	4191.5384614	4187.05128192	4190.25641012	4186.66666653	4186.66666653	4193.20512807	4191.28205115	4176.15384602	4199.99999986	4184.2307691	4180.12820499	4184.99999986	
4183.20512807	4173.3333332	4192.30769217	4181.92307679	4184.48717935	4186.15384602	4184.99999986	4186.5384614	4182.05128192	4181.79487166	4202.05128199	4185.38461525	4180.64102551	4185.76923063	
4184.10256397	4173.20512807	4191.41025628	4176.28205115	4185.76923063	4187.30769217	4186.02564089	4197.30769217	4187.94871781	4186.28205115	4201.92307686	4190.89743576	4183.58974345	4186.41025628	
4186.02564089	4173.84615371	4192.17948704	4182.4358973	4193.58974345	4186.92307679	4189.35897422	4203.97435891	4195.89743576	4184.74358961	4198.20512807	4190.64102551	4184.35897422	4189.2307691	
4187.4358973	4177.4358973	4195.76923063	4191.92307679	4197.56410243	4189.10256397	4190.38461525	4202.5641025	4199.61538448	4187.17948704	4207.82051275	4191.79487166	4190.64102551	4194.61538448	
4182.69230756	4176.02564089	4193.20512807	4184.10256397	4190.64102551	4190.64102551	4187.82051269	4204.10256404	4198.97435884	4187.4358973	4217.30769224	4192.56410243	4190.76923063	4190.76923063	
4177.4358973	4166.41025621	4186.79487166	4171.28205115	4184.87179474	4190.12820499	4191.15384602	4205.89743583	4198.71794858	4183.84615371	4209.35897429	4187.05128192	4186.02564089	4183.97435884	
4182.56410243	4165.38461518	4189.48717935	4174.87179474	4193.07692294	4192.69230756	4197.30769217	4204.74358968	4199.99999986	4186.79487166	4201.6666666	4187.17948704	4189.74358961	4186.15384602	
4190.38461525	4181.28205115	4195.76923063	4183.97435884	4201.53846147	4197.17948704	4193.97435884	4202.05128199	4195.89743576	4191.02564089	4203.58974352	4191.5384614	4188.58974345	4187.69230756	
4192.30769217	4192.17948704	4196.41025628	4188.3333332	4201.02564096	4195.76923063	4188.97435884	4202.5641025	4195.89743576	4192.94871781	4203.58974352	4189.87179474	4183.58974345	4184.10256397	
4189.99999986	4182.94871781	4194.74358961	4188.46153833	4198.71794858	4190.25641012	4191.79487166	4202.05128199	4198.20512807	4192.30769217	4201.15384609	4190.25641012	4189.61538448	4184.48717935	
4187.4358973	4171.41025628	4191.02564089	4184.2307691	4197.05128192	4187.30769217	4190.12820499	4196.41025628	4190.89743576	4183.58974345	4202.5641025	4191.28205115	4192.17948704	4186.5384614	
4187.69230756	4172.17948704	4189.74358961	4183.20512807	4199.48717935	4188.07692294	4187.56410243	4196.79487166	4190.12820499	4178.84615371	4207.05128199	4189.2307691	4183.20512807	4186.66666653	
4183.20512807	4173.07692294	4191.41025628	4185.25641012	4201.28205122	4192.56410243	4194.99999986	4200.64102551	4198.07692294	4189.61538448	4213.07692301	4189.48717935	4181.41025628	4189.35897422	
4181.15384602	4170.12820499	4192.05128192	4186.79487166	4199.99999986	4198.20512807	4201.02564096	4201.92307686	4199.99999986	4200.51282038	4217.30769224	4194.35897422	4194.2307691	4194.2307691	
4189.35897422	4170.76923063	4195.25641012	4187.30769217	4199.10256397	4200.12820499	4200.25641012	4209.35897429	4206.53846147	4200.76923063	4219.61538455	4198.84615371	4206.28205122	4196.15384602	
4189.35897422	4171.5384614	4188.84615371	4182.05128192	4201.53846147	4199.35897422	4202.69230763	4218.71794865	4213.20512814	4203.07692301	4212.82051275	4190.51282038	4200.12820499	4190.76923063	
4179.48717935	4170.76923063	4176.28205115	4176.79487166	4202.30769224	4199.10256397	4205.51282045	4218.4615384	4208.4615384	4204.35897429	4204.99999993	4179.61538448	4186.28205115	4184.48717935	
4178.84615371	4170.64102551	4180.12820499	4179.87179474	4199.99999986	4200.76923063	4200.76923063	4216.02564096	4206.92307686	4193.07692294	4209.23076917	4179.35897422	4182.17948704	4181.66666653	
4183.84615371	4172.69230756	4191.02564089	4186.02564089	4201.6666666	4201.6666666	4200.38461525	4213.33333327	4208.71794865	4187.94871781	4211.6666666	4181.5384614	4184.74358961	4182.30769217	
4183.3333332	4173.46153833	4188.20512807	4186.15384602	4205.64102558	4199.74358961	4198.20512807	4203.58974352	4202.05128199	4193.07692294	4202.69230763	4177.69230756	4183.97435884	4179.35897422	
4184.74358961	4178.07692294	4185.76923063	4184.10256397	4205.64102558	4196.28205115	4187.94871781	4194.2307691	4196.79487166	4191.28205115	4199.35897422	4179.74358961	4185.64102551	4177.94871781	
4194.48717935	4185.64102551	4195.25641012	4186.28205115	4203.33333327	4192.82051269	4187.69230756	4194.10256397	4196.92307679	4190.38461525	4207.82051275	4191.79487166	4191.5384614	4187.4358973	
4199.10256397	4183.84615371	4199.99999986	4188.46153833	4201.53846147	4192.4358973	4196.66666653	4199.2307691	4197.56410243	4199.48717935	4217.05128199	4198.58974345	4196.92307679	4199.10256397	
4196.41025628	4182.69230756	4198.71794858	4187.4358973	4201.92307686	4197.17948704	4200.25641012	4203.20512814	4200.51282038	4202.05128199	4222.69230763	4199.61538448	4201.53846147	4202.17948711	
4193.84615371	4185.38461525	4199.2307691	4187.69230756	4201.28205122	4197.56410243	4199.74358961	4203.33333327	4201.53846147	4198.71794858	4219.99999993	4202.05128199	4200.25641012	4199.61538448	
4193.3333332	4177.56410243	4195.76923063	4188.3333332	4198.97435884	4189.35897422	4197.30769217	4202.69230763	4200.76923063	4200.76923063	4210.7692307	4197.82051269	4192.82051269	4193.20512807	
4191.15384602	4172.82051269	4192.4358973	4184.2307691	4200.51282038	4189.35897422	4194.99999986	4202.5641025	4203.4615384	4201.6666666	4210.64102558	4189.74358961	4187.05128192	4186.41025628	
4188.58974345	4181.92307679	4194.87179474	4183.84615371	4204.61538455	4198.97435884	4199.10256397	4205.12820506	4205.38461532	4200.12820499	4215.7692307	4187.82051269	4185.89743576	4186.41025628	
4189.99999986	4187.05128192	4195.76923063	4187.17948704	4201.53846147	4199.35897422	4202.69230763	4208.58974352	4204.35897429	4200.89743576	4212.5641025	4187.56410243	4185.38461525	4187.30769217	
4191.15384602	4183.71794858	4194.61538448	4185.12820499	4196.02564089	4194.35897422	4199.48717935	4206.28205122	4199.10256397	4200.64102551	4202.05128199	4186.15384602	4183.46153833	4181.15384602	
4188.97435884	4180.25641012	4195.51282038	4184.10256397	4198.97435884	4197.17948704	4198.46153833	4203.33333327	4192.05128192	4194.48717935	4198.84615371	4182.17948704	4180.64102551	4176.92307679	
4188.71794858	4177.4358973	4194.2307691	4185.12820499	4201.02564096	4196.92307679	4200.12820499	4203.4615384	4187.17948704	4190.25641012	4202.5641025	4179.48717935	4182.05128192	4179.87179474	
4191.41025628	4182.4358973	4194.48717935	4186.41025628	4198.84615371	4192.82051269	4202.30769224	4203.20512814	4188.20512807	4196.66666653	4203.84615378	4186.79487166	4186.66666653	4184.2307691	
4192.17948704	4189.61538448	4198.84615371	4189.10256397	4201.92307686	4199.87179474	4204.10256404	4202.43589737	4191.79487166	4199.35897422	4203.33333327	4192.56410243	4187.30769217	4183.97435884	
4191.15384602	4181.66666653	4198.97435884	4185.64102551	4199.99999986	4201.92307686	4200.25641012	4197.30769217	4188.3333332	4188.3333332	4200.76923063	4190.12820499	4184.10256397	4182.56410243	
4190.25641012	4174.74358961	4195.12820499	4178.46153833	4190.12820499	4188.58974345	4194.48717935	4191.5384614	4181.92307679	4180.38461525	4201.02564096	4191.5384614	4181.02564089	4183.20512807	
4191.28205115	4183.3333332	4195.89743576	4182.30769217	4189.35897422	4185.89743576	4195.25641012	4198.58974345	4190.38461525	4192.05128192	4209.10256404	4194.99999986	4188.3333332	4185.51282038	
4194.61538448	4190.25641012	4199.99999986	4187.82051269	4197.82051269	4198.20512807	4199.61538448	4208.4615384	4203.84615378	4207.43589737	4215.64102558	4193.20512807	4202.17948711	4188.20512807	
4189.87179474	4180.64102551	4195.25641012	4186.15384602	4200.64102551	4199.99999986	4199.10256397	4205.25641019	4202.17948711	4207.43589737	4215.51282045	4191.28205115	4200.64102551	4186.5384614	
4186.02564089	4174.99999986	4191.02564089	4191.28205115	4199.74358961	4194.48717935	4195.89743576	4201.6666666	4197.05128192	4199.35897422	4215.25641019	4192.56410243	4190.12820499	4184.10256397	
4193.46153833	4184.10256397	4200.25641012	4196.5384614	4200.89743576	4199.99999986	4198.20512807	4203.71794865	4199.10256397	4199.74358961	4218.71794865	4194.99999986	4196.41025628	4185.25641012	
4198.07692294	4189.2307691	4203.84615378	4190.89743576	4199.74358961	4201.41025634	4200.89743576	4204.23076917	4202.82051275	4204.99999993	4213.58974352	4196.02564089	4202.05128199	4186.15384602	
4192.56410243	4188.84615371	4196.79487166	4184.99999986	4197.4358973	4192.69230756	4198.20512807	4199.48717935	4198.71794858	4196.79487166	4204.23076917	4192.94871781	4187.94871781	4179.2307691	
4191.02564089	4192.56410243	4195.76923063	4185.51282038	4198.97435884	4192.82051269	4196.28205115	4190.89743576	4188.84615371	4185.38461525	4205.25641019	4188.84615371	4181.02564089	4172.69230756	
4196.28205115	4190.38461525	4198.58974345	4192.56410243	4204.35897429	4199.10256397	4198.58974345	4186.79487166	4183.84615371	4186.66666653	4207.82051275	4191.15384602	4186.41025628	4173.46153833	
4197.17948704	4182.56410243	4199.2307691	4197.30769217	4206.28205122	4198.97435884	4199.35897422	4186.02564089	4183.84615371	4188.20512807	4206.02564096	4193.84615371	4183.58974345	4173.84615371	
4196.15384602	4188.58974345	4199.74358961	4193.71794858	4199.10256397	4196.02564089	4198.97435884	4185.25641012	4186.28205115	4182.05128192	4202.82051275	4189.2307691	4178.97435884	4177.05128192	
4201.53846147	4201.6666666	4202.69230763	4191.66666653	4194.74358961	4197.17948704	4200.12820499	4192.30769217	4192.82051269	4187.94871781	4207.17948711	4194.2307691	4190.76923063	4187.94871781	
4203.71794865	4200.38461525	4207.5641025	4198.71794858	4200.12820499	4198.71794858	4200.64102551	4206.28205122	4199.99999986	4208.84615378	4222.69230763	4206.92307686	4205.64102558	4193.71794858	
4196.79487166	4189.87179474	4204.74358968	4203.84615378	4202.94871788	4199.35897422	4199.74358961	4211.92307686	4208.71794865	4213.84615378	4229.99999993	4204.23076917	4206.02564096	4187.4358973	
4194.48717935	4188.20512807	4199.2307691	4197.82051269	4200.89743576	4200.51282038	4199.35897422	4207.94871788	4218.33333327	4205.89743583	4220.12820506	4195.64102551	4202.05128199	4183.07692294	
4196.66666653	4190.51282038	4200.38461525	4191.41025628	4201.28205122	4200.12820499	4199.87179474	4202.82051275	4213.20512814	4202.94871788	4213.97435891	4195.89743576	4200.12820499	4184.10256397	
4195.76923063	4187.05128192	4201.6666666	4192.56410243	4200.89743576	4198.46153833	4199.10256397	4201.6666666	4200.64102551	4202.05128199	4215.7692307	4196.15384602	4200.89743576	4182.82051269	
4196.15384602	4186.28205115	4198.58974345	4196.28205115	4201.15384609	4198.84615371	4199.35897422	4199.99999986	4200.51282038	4201.79487173	4216.02564096	4193.58974345	4197.82051269	4178.20512807	
4196.28205115	4186.5384614	4195.38461525	4193.97435884	4204.23076917	4201.6666666	4200.12820499	4189.48717935	4195.51282038	4195.89743576	4217.17948711	4192.05128192	4182.94871781	4170.51282038	
4194.74358961	4189.35897422	4195.12820499	4185.12820499	4201.28205122	4202.82051275	4199.35897422	4182.56410243	4186.41025628	4185.12820499	4210.89743583	4189.10256397	4173.20512807	4168.46153833	
4194.87179474	4196.5384614	4198.84615371	4184.48717935	4198.46153833	4202.05128199	4199.74358961	4191.41025628	4192.17948704	4186.92307679	4205.51282045	4188.3333332	4185.25641012	4176.79487166	
4198.20512807	4198.20512807	4203.33333327	4196.02564089	4202.69230763	4204.48717942	4203.07692301	4199.74358961	4200.51282038	4198.58974345	4215.38461532	4194.2307691	4198.97435884	4183.3333332	
4197.69230756	4192.82051269	4198.3333332	4199.35897422	4202.94871788	4206.53846147	4205.64102558	4204.23076917	4206.79487173	4207.05128199	4220.12820506	4197.56410243	4200.64102551	4183.97435884	
4193.84615371	4187.94871781	4192.56410243	4188.58974345	4203.07692301	4206.02564096	4205.38461532	4215.7692307	4215.25641019	4210.89743583	4214.35897429	4195.12820499	4201.6666666	4187.30769217	
4190.76923063	4183.71794858	4195.89743576	4187.56410243	4209.23076917	4204.99999993	4203.71794865	4218.20512814	4217.82051275	4208.84615378	4215.25641019	4192.30769217	4199.87179474	4182.17948704	
4191.79487166	4187.17948704	4196.02564089	4197.30769217	4208.84615378	4203.07692301	4201.28205122	4206.79487173	4212.94871788	4203.97435891	4218.33333327	4192.4358973	4197.4358973	4174.48717935	
4197.4358973	4193.97435884	4195.89743576	4201.15384609	4199.74358961	4203.20512814	4198.3333332	4202.30769224	4208.58974352	4204.23076917	4216.6666666	4197.94871781	4201.79487173	4181.79487166	
4196.5384614	4190.64102551	4201.92307686	4200.51282038	4196.92307679	4203.84615378	4199.48717935	4203.33333327	4208.07692301	4206.6666666	4219.10256404	4199.61538448	4205.25641019	4184.99999986	
4191.66666653	4185.25641012	4202.5641025	4191.5384614	4200.76923063	4201.02564096	4198.71794858	4194.61538448	4201.79487173	4200.25641012	4216.41025634	4191.79487166	4197.30769217	4175.64102551	
4192.94871781	4184.99999986	4197.94871781	4182.82051269	4201.53846147	4198.71794858	4191.92307679	4183.3333332	4188.20512807	4191.41025628	4209.10256404	4191.41025628	4187.94871781	4173.20512807	
4193.46153833	4186.15384602	4197.4358973	4193.20512807	4198.46153833	4200.64102551	4191.41025628	4182.82051269	4185.76923063	4192.82051269	4206.28205122	4196.66666653	4187.05128192	4179.10256397	
4191.02564089	4186.41025628	4198.3333332	4204.87179481	4199.61538448	4201.92307686	4198.84615371	4188.07692294	4195.25641012	4196.15384602	4204.23076917	4192.30769217	4188.58974345	4175.51282038	
4193.84615371	4189.35897422	4198.20512807	4200.38461525	4206.28205122	4201.02564096	4201.53846147	4197.17948704	4202.94871788	4199.2307691	4208.20512814	4189.61538448	4193.3333332	4172.30769217	
4195.25641012	4189.35897422	4198.71794858	4196.41025628	4206.92307686	4202.94871788	4201.41025634	4209.61538455	4211.15384609	4206.92307686	4216.92307686	4193.97435884	4199.35897422	4178.71794858	
4189.48717935	4184.48717935	4197.69230756	4198.3333332	4201.53846147	4204.87179481	4202.5641025	4211.28205122	4213.20512814	4208.4615384	4214.23076917	4191.28205115	4200.89743576	4180.51282038	
4188.97435884	4183.46153833	4196.02564089	4196.92307679	4200.38461525	4202.05128199	4200.38461525	4203.58974352	4204.87179481	4201.92307686	4209.35897429	4187.56410243	4200.51282038	4179.61538448	
4194.2307691	4187.17948704	4196.15384602	4188.97435884	4201.53846147	4197.94871781	4198.71794858	4201.79487173	4202.82051275	4197.82051269	4214.99999993	4192.17948704	4194.48717935	4182.30769217	
4192.30769217	4187.82051269	4194.35897422	4182.56410243	4201.79487173	4197.4358973	4199.48717935	4201.6666666	4203.97435891	4193.3333332	4217.43589737	4193.97435884	4188.97435884	4181.66666653	
4186.5384614	4179.99999986	4192.69230756	4188.71794858	4200.38461525	4199.48717935	4199.35897422	4198.97435884	4199.74358961	4190.51282038	4213.4615384	4192.05128192	4193.58974345	4179.48717935	
4191.28205115	4180.89743576	4198.07692294	4200.76923063	4200.51282038	4200.64102551	4202.17948711	4194.87179474	4196.15384602	4193.71794858	4212.43589737	4191.79487166	4192.17948704	4177.56410243	
4198.46153833	4191.5384614	4200.25641012	4200.25641012	4207.05128199	4201.79487173	4205.64102558	4192.69230756	4195.25641012	4194.87179474	4207.30769224	4190.12820499	4181.92307679	4174.87179474	
4193.20512807	4190.89743576	4194.35897422	4195.25641012	4214.87179481	4202.30769224	4202.43589737	4194.48717935	4196.28205115	4193.97435884	4197.82051269	4188.46153833	4182.30769217	4173.97435884	
4187.94871781	4185.76923063	4193.3333332	4199.48717935	4216.79487173	4202.94871788	4201.92307686	4199.35897422	4199.74358961	4192.82051269	4199.48717935	4188.3333332	4185.76923063	4174.2307691	
4193.97435884	4187.56410243	4198.84615371	4202.05128199	4211.79487173	4209.10256404	4211.28205122	4205.51282045	4201.41025634	4192.05128192	4209.87179481	4189.48717935	4189.99999986	4175.38461525	
4197.94871781	4186.15384602	4198.58974345	4198.71794858	4205.12820506	4211.6666666	4215.7692307	4213.07692301	4205.64102558	4198.20512807	4209.10256404	4192.17948704	4196.5384614	4182.30769217	
4195.76923063	4186.15384602	4196.5384614	4200.89743576	4208.58974352	4210.64102558	4214.48717942	4218.58974352	4214.61538455	4203.97435891	4202.69230763	4194.87179474	4196.92307679	4186.02564089	
4194.99999986	4197.69230756	4198.84615371	4202.17948711	4211.79487173	4213.97435891	4216.15384609	4218.71794865	4222.17948711	4206.41025634	4213.20512814	4195.76923063	4198.20512807	4184.99999986	
4195.38461525	4198.07692294	4198.07692294	4199.2307691	4206.41025634	4211.92307686	4211.15384609	4211.92307686	4217.43589737	4205.7692307	4220.51282045	4196.28205115	4199.87179474	4182.56410243	
4193.3333332	4187.94871781	4196.28205115	4201.41025634	4208.84615378	4202.05128199	4200.25641012	4197.69230756	4197.94871781	4193.07692294	4206.15384609	4192.82051269	4189.48717935	4176.02564089	
4193.3333332	4192.94871781	4199.61538448	4204.48717942	4216.41025634	4199.87179474	4199.61538448	4186.79487166	4189.35897422	4182.17948704	4200.12820499	4190.12820499	4185.25641012	4176.92307679	
4199.74358961	4200.25641012	4204.35897429	4201.79487173	4211.92307686	4201.79487173	4201.92307686	4186.02564089	4195.25641012	4182.82051269	4212.82051275	4192.94871781	4189.10256397	4182.30769217	
4204.61538455	4197.05128192	4205.7692307	4202.43589737	4202.43589737	4202.17948711	4199.48717935	4191.5384614	4196.41025628	4184.99999986	4216.6666666	4192.30769217	4182.05128192	4178.07692294	
4204.87179481	4194.87179474	4206.6666666	4205.38461532	4204.35897429	4207.43589737	4205.12820506	4201.15384609	4202.5641025	4187.82051269	4212.43589737	4197.17948704	4185.64102551	4180.89743576	
4203.71794865	4198.3333332	4207.94871788	4197.94871781	4207.5641025	4209.35897429	4214.74358968	4204.61538455	4213.71794865	4188.46153833	4214.10256404	4205.7692307	4200.12820499	4190.76923063	
4202.30769224	4202.05128199	4209.61538455	4197.56410243	4205.89743583	4202.82051275	4212.05128199	4202.17948711	4207.17948711	4191.5384614	4218.4615384	4205.12820506	4200.89743576	4192.05128192	
4204.23076917	4196.28205115	4211.02564096	4209.23076917	4208.58974352	4200.25641012	4207.69230763	4204.35897429	4199.61538448	4203.20512814	4219.74358968	4202.43589737	4200.64102551	4190.89743576	
4201.79487173	4189.99999986	4205.38461532	4208.71794865	4210.38461532	4202.17948711	4209.74358968	4206.79487173	4209.35897429	4204.74358968	4219.48717942	4200.51282038	4201.92307686	4189.61538448	
4193.71794858	4195.76923063	4200.38461525	4204.10256404	4207.5641025	4199.10256397	4205.89743583	4199.35897422	4208.71794865	4188.71794858	4218.84615378	4197.56410243	4192.05128192	4184.61538448	
4194.87179474	4202.17948711	4203.4615384	4206.79487173	4207.5641025	4194.74358961	4199.2307691	4194.74358961	4198.46153833	4182.82051269	4218.71794865	4203.58974352	4193.20512807	4187.82051269	
4201.15384609	4197.56410243	4203.20512814	4197.94871781	4211.92307686	4196.28205115	4201.53846147	4197.69230756	4201.28205122	4188.20512807	4214.61538455	4206.53846147	4201.41025634	4190.12820499	
4198.3333332	4195.51282038	4201.6666666	4195.76923063	4213.71794865	4198.71794858	4203.20512814	4193.71794858	4200.38461525	4184.2307691	4212.82051275	4196.66666653	4188.07692294	4178.97435884	
4197.56410243	4205.51282045	4208.58974352	4221.28205122	4215.38461532	4198.07692294	4201.53846147	4186.5384614	4191.41025628	4182.05128192	4213.58974352	4193.71794858	4183.07692294	4176.66666653	
4205.7692307	4214.87179481	4216.02564096	4239.10256411	4217.69230763	4200.51282038	4203.4615384	4187.56410243	4191.41025628	4183.84615371	4210.51282045	4199.10256397	4190.89743576	4184.99999986	
4206.53846147	4216.41025634	4218.84615378	4235.51282052	4215.38461532	4199.35897422	4198.71794858	4186.66666653	4193.71794858	4170.89743576	4197.94871781	4195.89743576	4176.5384614	4179.48717935	
4201.79487173	4215.64102558	4220.64102558	4232.43589737	4211.53846147	4188.97435884	4187.94871781	4184.2307691	4187.4358973	4153.58974339	4183.84615371	4189.48717935	4162.56410236	4169.74358961	
4202.94871788	4220.25641019	4224.48717942	4232.82051275	4211.28205122	4182.94871781	4187.56410243	4184.35897422	4185.64102551	4152.3076921	4182.30769217	4188.07692294	4166.66666646	4171.92307679	
4200.51282038	4221.53846147	4225.64102558	4240.25641026	4213.33333327	4183.84615371	4188.46153833	4176.41025628	4190.12820499	4156.15384595	4180.12820499	4183.46153833	4157.17948697	4167.94871774	
4196.41025628	4217.69230763	4224.48717942	4249.87179488	4215.12820506	4182.05128192	4180.25641012	4166.92307672	4183.20512807	4149.9999998	4168.84615371	4178.46153833	4141.15384595	4156.92307672	
4195.25641012	4217.82051275	4224.10256404	4245.8974359	4218.84615378	4181.15384602	4175.89743576	4167.43589723	4171.28205115	4140.89743569	4156.79487159	4171.79487166	4139.48717928	4154.23076903	
4194.99999986	4218.58974352	4221.02564096	4241.53846154	4214.61538455	4183.84615371	4181.79487166	4168.58974345	4173.71794858	4139.1025639	4154.74358954	4166.15384595	4141.92307672	4156.92307672	
4193.84615371	4217.5641025	4215.51282045	4246.92307693	4203.07692301	4183.07692294	4185.51282038	4168.46153833	4184.10256397	4143.71794851	4162.94871774	4171.28205115	4146.79487159	4158.58974339	
4191.02564089	4214.87179481	4210.89743583	4242.43589744	4205.25641019	4181.15384602	4182.17948704	4171.66666653	4183.07692294	4148.71794851	4170.38461525	4171.5384614	4152.82051262	4157.69230749	
4194.10256397	4214.61538455	4212.82051275	4230.7692307	4214.99999993	4179.48717935	4180.12820499	4170.76923063	4175.12820499	4148.46153826	4167.05128185	4170.51282038	4149.9999998	4160.25641005	
4198.3333332	4217.30769224	4215.12820506	4230.89743583	4209.10256404	4176.02564089	4180.76923063	4162.82051262	4175.25641012	4146.53846133	4160.76923056	4173.97435884	4143.97435877	4162.69230749	
4191.02564089	4211.92307686	4207.05128199	4233.4615384	4198.58974345	4171.79487166	4173.71794858	4155.89743569	4169.48717935	4141.53846133	4159.23076903	4166.15384595	4141.41025621	4156.15384595	
4184.99999986	4205.7692307	4203.84615378	4232.30769224	4203.33333327	4168.58974345	4169.61538448	4154.1025639	4159.48717928	4137.17948697	4157.82051262	4158.97435877	4138.97435877	4153.33333313	
4191.02564089	4212.94871788	4209.99999993	4237.43589744	4214.23076917	4174.87179474	4178.84615371	4158.33333313	4164.35897415	4142.3076921	4164.35897415	4169.99999986	4140.64102544	4159.74358954	
4194.74358961	4218.33333327	4209.23076917	4241.53846154	4213.33333327	4181.79487166	4181.79487166	4159.35897415	4166.53846133	4142.3076921	4167.69230749	4174.99999986	4141.53846133	4159.87179467	
4189.2307691	4205.7692307	4204.23076917	4230.89743583	4206.02564096	4176.66666653	4176.5384614	4153.33333313	4153.46153826	4128.20512793	4152.69230749	4160.89743569	4129.35897408	4153.58974339	
4181.79487166	4195.51282038	4200.64102551	4222.05128199	4205.51282045	4172.56410243	4180.38461525	4156.02564082	4154.74358954	4125.38461511	4147.69230749	4152.05128185	4125.25640998	4153.07692287	
4177.69230756	4201.53846147	4194.87179474	4220.38461532	4206.6666666	4180.25641012	4186.92307679	4167.43589723	4170.38461525	4140.12820492	4158.71794851	4155.64102544	4135.51282031	4152.43589723	
4183.46153833	4204.10256404	4194.61538448	4213.71794865	4204.61538455	4186.15384602	4185.89743576	4170.51282038	4174.99999986	4146.92307672	4163.58974339	4162.69230749	4136.92307672	4152.56410236	
4189.87179474	4197.94871781	4204.87179481	4218.71794865	4213.4615384	4185.64102551	4185.38461525	4167.3076921	4174.35897422	4147.82051262	4166.15384595	4168.97435884	4138.58974339	4162.05128185	
4185.89743576	4198.20512807	4206.79487173	4233.58974352	4220.64102558	4187.4358973	4186.15384602	4168.97435884	4176.92307679	4155.64102544	4167.94871774	4171.92307679	4151.02564082	4168.58974345	
4176.79487166	4201.92307686	4194.61538448	4225.12820506	4210.12820506	4186.41025628	4182.82051269	4169.61538448	4178.84615371	4154.74358954	4161.02564082	4165.12820492	4151.41025621	4160.25641005	
4176.5384614	4197.56410243	4192.05128192	4209.99999993	4202.69230763	4182.30769217	4182.30769217	4166.66666646	4177.05128192	4143.58974339	4158.46153826	4156.92307672	4136.66666646	4151.53846133	
4181.5384614	4195.12820499	4195.76923063	4214.87179481	4203.07692301	4183.71794858	4184.99999986	4168.58974345	4173.58974345	4140.25641005	4159.1025639	4162.94871774	4136.02564082	4155.51282031	
4179.87179474	4200.64102551	4190.38461525	4214.74358968	4201.28205122	4185.89743576	4186.79487166	4172.94871781	4170.12820499	4146.92307672	4153.33333313	4165.89743569	4145.25641005	4161.41025621	
4177.82051269	4201.6666666	4189.2307691	4209.74358968	4202.82051275	4183.84615371	4186.28205115	4172.82051269	4175.25641012	4153.71794851	4151.15384595	4156.41025621	4143.205128	4156.79487159	
4177.30769217	4198.97435884	4194.74358961	4223.07692301	4206.02564096	4183.84615371	4185.38461525	4171.15384602	4182.69230756	4153.58974339	4156.79487159	4150.25641005	4135.64102544	4146.92307672	
4173.71794858	4200.12820499	4194.48717935	4232.94871788	4203.97435891	4186.5384614	4184.2307691	4169.87179474	4177.82051269	4143.46153826	4150.51282031	4147.56410236	4132.94871767	4139.35897415	
4176.15384602	4201.79487173	4198.3333332	4230.38461532	4201.53846147	4186.66666653	4182.4358973	4169.48717935	4170.51282038	4131.15384588	4135.12820485	4148.58974339	4131.41025614	4138.97435877	
4185.25641012	4207.30769224	4209.74358968	4235.25641026	4197.94871781	4182.05128192	4182.05128192	4167.82051262	4169.99999986	4125.38461511	4134.48717921	4151.79487159	4124.74358947	4146.92307672	
4183.71794858	4213.33333327	4210.51282045	4238.84615385	4190.25641012	4174.48717935	4177.94871781	4159.35897415	4171.66666653	4125.51282024	4142.17948697	4148.46153826	4121.41025614	4148.205128	
4182.69230756	4219.99999993	4211.15384609	4246.7948718	4192.82051269	4174.87179474	4175.89743576	4155.51282031	4166.15384595	4122.56410229	4138.58974339	4149.48717928	4122.56410229	4141.15384595	
4194.2307691	4230.7692307	4227.17948711	4272.05128212	4203.84615378	4183.84615371	4183.84615371	4163.97435877	4162.05128185	4117.30769203	4131.15384588	4164.35897415	4120.7692305	4142.82051262	
4203.97435891	4235.64102564	4237.30769231	4279.48717956	4204.99999993	4185.38461525	4191.5384614	4171.15384602	4167.82051262	4119.23076896	4135.12820485	4173.07692294	4121.66666639	4154.61538441	
4203.07692301	4232.69230763	4229.61538455	4264.10256411	4200.89743576	4182.17948704	4188.3333332	4169.99999986	4173.07692294	4125.64102537	4141.53846133	4172.30769217	4127.43589716	4159.35897415	
4200.12820499	4229.87179481	4224.48717942	4262.05128206	4199.61538448	4181.92307679	4181.02564089	4163.33333313	4168.84615371	4124.74358947	4138.97435877	4173.3333332	4126.02564075	4155.76923056	
4199.99999986	4223.4615384	4230.51282045	4261.92307693	4195.51282038	4175.12820499	4175.25641012	4156.02564082	4164.35897415	4119.35897408	4135.76923056	4171.79487166	4123.46153819	4156.41025621	
4198.20512807	4214.23076917	4228.07692301	4253.20512821	4194.74358961	4168.97435884	4171.66666653	4156.02564082	4169.87179474	4122.56410229	4136.92307672	4167.69230749	4126.92307665	4157.82051262	
4191.15384602	4213.58974352	4217.17948711	4252.17948718	4195.76923063	4174.35897422	4172.05128192	4157.69230749	4165.64102544	4124.23076896	4138.71794851	4161.53846133	4116.66666639	4149.1025639	
4185.89743576	4217.69230763	4216.41025634	4252.6923077	4189.10256397	4178.3333332	4171.28205115	4152.94871774	4154.87179467	4115.38461511	4136.53846133	4152.82051262	4108.0769228	4142.05128185	
4190.25641012	4217.5641025	4220.12820506	4246.92307693	4183.97435884	4174.99999986	4171.41025628	4152.05128185	4156.92307672	4112.43589716	4136.66666646	4156.79487159	4120.7692305	4148.58974339	
4195.25641012	4216.28205122	4219.48717942	4249.48717949	4184.35897422	4174.2307691	4173.46153833	4153.46153826	4158.33333313	4117.43589716	4139.74358954	4166.66666646	4123.46153819	4154.23076903	
4190.89743576	4216.41025634	4217.17948711	4255.0	4188.71794858	4176.02564089	4172.56410243	4151.41025621	4154.61538441	4121.66666639	4143.33333313	4162.69230749	4109.10256383	4150.25641005	
4181.66666653	4213.4615384	4209.74358968	4245.76923077	4189.35897422	4172.94871781	4170.76923063	4152.94871774	4157.94871774	4119.74358947	4138.46153826	4152.43589723	4107.82051255	4143.71794851	
4173.46153833	4205.89743583	4199.10256397	4232.82051275	4183.71794858	4169.87179474	4170.76923063	4152.69230749	4156.79487159	4108.33333306	4122.69230742	4144.23076903	4110.51282024	4136.79487159	
4174.99999986	4202.69230763	4201.15384609	4232.82051275	4179.99999986	4172.82051269	4171.92307679	4150.38461518	4150.89743569	4104.10256383	4123.58974332	4144.61538441	4104.48717921	4139.9999998	
4185.89743576	4203.33333327	4211.28205122	4236.7948718	4177.05128192	4174.10256397	4171.66666653	4154.23076903	4160.89743569	4117.17948691	4140.89743569	4156.79487159	4109.8717946	4150.12820492	
4187.05128192	4199.74358961	4208.84615378	4232.5641025	4170.89743576	4169.2307691	4169.99999986	4157.94871774	4167.17948697	4122.30769203	4141.53846133	4159.61538441	4113.33333306	4150.64102544	
4180.89743576	4200.64102551	4207.43589737	4230.12820506	4167.94871774	4169.2307691	4169.87179474	4154.61538441	4157.3076921	4110.12820485	4132.94871767	4156.28205108	4107.05128178	4149.35897415	
4182.30769217	4204.35897429	4212.69230763	4233.4615384	4173.07692294	4174.74358961	4172.30769217	4152.3076921	4157.56410236	4109.74358947	4136.15384595	4157.56410236	4112.56410229	4155.51282031	
4182.56410243	4201.41025634	4206.02564096	4233.84615385	4178.84615371	4173.58974345	4171.5384614	4157.05128185	4168.97435884	4124.99999973	4140.12820492	4153.71794851	4121.15384588	4155.25641005	
4179.48717935	4204.48717942	4204.99999993	4233.07692301	4181.92307679	4170.51282038	4171.15384602	4164.9999998	4177.69230756	4138.46153826	4144.35897415	4155.25641005	4128.20512793	4153.46153826	
4185.89743576	4214.74358968	4217.82051275	4233.4615384	4183.46153833	4175.89743576	4173.46153833	4169.48717935	4180.25641012	4145.89743569	4155.64102544	4166.15384595	4136.53846133	4161.28205108	
4195.76923063	4221.53846147	4223.33333327	4235.12820513	4180.76923063	4182.69230756	4173.97435884	4169.2307691	4176.92307679	4144.9999998	4155.51282031	4168.3333332	4137.82051262	4167.56410236	
4193.97435884	4218.58974352	4217.17948711	4235.51282052	4180.51282038	4185.25641012	4179.2307691	4169.2307691	4172.69230756	4139.87179467	4148.46153826	4163.84615364	4133.46153819	4164.35897415	
4186.66666653	4205.12820506	4209.99999993	4226.02564096	4185.12820499	4182.17948704	4183.97435884	4169.99999986	4172.94871781	4137.56410236	4151.92307672	4162.82051262	4137.43589723	4157.94871774	
4179.74358961	4197.05128192	4203.33333327	4214.74358968	4187.30769217	4173.71794858	4174.99999986	4167.05128185	4171.92307679	4137.17948697	4155.51282031	4156.79487159	4138.84615364	4156.15384595	
4174.2307691	4202.94871788	4199.74358961	4219.87179481	4183.46153833	4170.89743576	4171.41025628	4167.43589723	4169.48717935	4138.84615364	4152.56410236	4150.64102544	4128.33333306	4155.12820492	
4180.51282038	4207.30769224	4207.43589737	4234.61538462	4182.94871781	4175.38461525	4179.2307691	4168.58974345	4172.30769217	4139.61538441	4152.69230749	4159.87179467	4132.05128178	4154.9999998	
4183.3333332	4200.51282038	4212.69230763	4237.56410257	4183.58974345	4175.12820499	4175.76923063	4162.56410236	4171.15384602	4137.43589723	4153.84615364	4162.3076921	4136.15384595	4153.71794851	
4175.89743576	4201.41025634	4208.4615384	4230.7692307	4175.89743576	4170.12820499	4167.82051262	4158.07692287	4166.28205108	4136.66666646	4153.33333313	4151.92307672	4124.48717921	4149.48717928	
4180.38461525	4211.6666666	4211.41025634	4232.17948711	4176.5384614	4171.79487166	4171.28205115	4161.28205108	4165.25641005	4138.58974339	4153.46153826	4155.89743569	4127.82051255	4152.43589723	
4184.74358961	4209.23076917	4214.35897429	4235.76923077	4184.35897422	4173.46153833	4172.56410243	4160.51282031	4165.64102544	4137.56410236	4152.94871774	4162.43589723	4138.07692287	4155.12820492	
4176.5384614	4198.71794858	4208.84615378	4232.05128199	4183.20512807	4171.66666653	4171.02564089	4158.71794851	4165.38461518	4136.02564082	4153.46153826	4157.43589723	4131.92307665	4152.56410236	
4179.74358961	4199.61538448	4208.07692301	4232.43589737	4183.58974345	4174.61538448	4175.76923063	4166.79487159	4167.43589723	4136.41025621	4152.56410236	4158.71794851	4126.53846126	4154.61538441	
4186.41025628	4206.92307686	4211.28205122	4233.4615384	4185.64102551	4174.48717935	4175.38461525	4167.82051262	4170.51282038	4135.64102544	4149.9999998	4164.1025639	4132.05128178	4156.92307672	
4179.35897422	4201.6666666	4205.64102558	4227.69230763	4179.87179474	4169.10256397	4168.84615371	4156.79487159	4165.64102544	4132.94871767	4149.35897415	4156.41025621	4132.17948691	4150.38461518	
4180.25641012	4195.76923063	4204.61538455	4225.64102558	4179.74358961	4174.2307691	4174.87179474	4159.1025639	4165.51282031	4134.99999973	4149.35897415	4154.1025639	4131.79487152	4150.12820492	
4188.84615371	4201.6666666	4217.5641025	4229.61538455	4188.97435884	4183.07692294	4186.15384602	4173.07692294	4177.56410243	4145.89743569	4152.17948697	4168.3333332	4142.3076921	4162.3076921	
4187.82051269	4204.10256404	4224.61538455	4225.25641019	4188.58974345	4179.2307691	4183.07692294	4174.61538448	4180.76923063	4153.71794851	4164.48717928	4179.48717935	4150.89743569	4167.56410236	
4186.28205115	4203.07692301	4223.84615378	4220.12820506	4181.92307679	4172.4358973	4177.30769217	4168.84615371	4172.4358973	4151.41025621	4181.02564089	4187.82051269	4153.58974339	4165.76923056	
4191.41025628	4204.10256404	4226.15384609	4219.99999993	4181.79487166	4173.71794858	4181.15384602	4170.38461525	4170.76923063	4149.87179467	4183.20512807	4200.12820499	4154.9999998	4166.41025621	
4194.35897422	4202.82051275	4234.74358975	4215.25641019	4185.51282038	4177.4358973	4182.82051269	4171.66666653	4173.58974345	4154.87179467	4182.4358973	4213.84615378	4160.51282031	4173.97435884	
4198.3333332	4206.02564096	4245.51282052	4217.17948711	4186.5384614	4181.66666653	4183.20512807	4176.41025628	4174.99999986	4164.87179467	4202.94871788	4230.12820506	4177.4358973	4190.38461525	
4201.02564096	4205.64102558	4245.64102564	4217.5641025	4182.17948704	4183.3333332	4184.87179474	4182.56410243	4180.76923063	4176.15384602	4226.53846147	4242.43589744	4193.20512807	4196.28205115	
4196.28205115	4191.28205115	4240.0	4203.33333327	4179.2307691	4180.89743576	4186.5384614	4187.69230756	4189.87179474	4189.2307691	4233.84615385	4241.53846154	4202.69230763	4193.07692294	
4194.87179474	4188.58974345	4240.8974359	4197.30769217	4183.58974345	4184.2307691	4194.2307691	4199.2307691	4201.28205122	4206.15384609	4236.7948718	4244.61538462	4212.82051275	4201.41025634	
4199.61538448	4200.38461525	4247.43589744	4198.58974345	4186.79487166	4188.84615371	4203.20512814	4207.17948711	4212.82051275	4219.99999993	4248.33333334	4260.25641026	4223.71794865	4212.82051275	
4199.74358961	4192.69230756	4241.41025641	4186.28205115	4182.69230756	4180.89743576	4198.84615371	4203.97435891	4212.17948711	4218.71794865	4259.87179488	4258.07692308	4227.43589737	4210.89743583	
4195.12820499	4180.25641012	4225.51282045	4178.71794858	4181.5384614	4173.97435884	4189.74358961	4200.12820499	4204.61538455	4213.07692301	4261.41025641	4244.48717949	4232.05128199	4208.20512814	
4189.48717935	4184.87179474	4219.48717942	4185.12820499	4190.25641012	4178.97435884	4188.71794858	4194.10256397	4200.76923063	4216.15384609	4251.28205129	4240.25641026	4233.71794865	4205.25641019	
4184.74358961	4184.2307691	4218.71794865	4179.48717935	4189.74358961	4186.92307679	4193.84615371	4187.17948704	4198.07692294	4217.94871788	4249.10256411	4240.51282052	4222.82051275	4199.87179474	
4184.74358961	4183.07692294	4214.87179481	4168.20512807	4185.25641012	4191.5384614	4199.2307691	4192.82051269	4199.10256397	4214.23076917	4262.6923077	4236.7948718	4217.69230763	4201.79487173	
4184.35897422	4184.10256397	4202.94871788	4169.10256397	4196.66666653	4195.12820499	4201.28205122	4202.30769224	4207.82051275	4217.5641025	4264.35897436	4226.79487173	4231.02564096	4203.4615384	
4180.38461525	4173.3333332	4194.61538448	4169.87179474	4205.51282045	4199.61538448	4200.64102551	4207.69230763	4221.6666666	4233.58974352	4259.35897436	4220.25641019	4244.23076923	4201.41025634	
4180.64102551	4174.61538448	4198.46153833	4166.66666646	4204.61538455	4201.6666666	4203.84615378	4213.84615378	4225.7692307	4246.66666667	4265.8974359	4219.87179481	4240.0	4201.79487173	
4183.84615371	4184.2307691	4200.76923063	4167.94871774	4208.07692301	4203.84615378	4208.4615384	4215.12820506	4220.7692307	4242.30769231	4262.56410257	4214.99999993	4230.7692307	4199.99999986	
4181.79487166	4177.05128192	4193.58974345	4169.61538448	4210.64102558	4210.38461532	4213.58974352	4215.38461532	4222.43589737	4238.20512821	4255.12820513	4209.23076917	4233.20512814	4198.97435884	
4175.64102551	4168.97435884	4187.17948704	4161.53846133	4206.92307686	4212.17948711	4214.74358968	4215.38461532	4224.48717942	4239.61538462	4258.84615385	4204.61538455	4236.92307693	4200.12820499	
4175.25641012	4169.74358961	4190.38461525	4152.05128185	4211.41025634	4204.23076917	4206.02564096	4206.53846147	4216.41025634	4233.07692301	4251.15384616	4200.12820499	4228.33333327	4196.02564089	
4177.05128192	4167.82051262	4188.58974345	4156.79487159	4217.30769224	4200.12820499	4199.87179474	4202.05128199	4211.41025634	4226.6666666	4238.46153847	4198.84615371	4218.84615378	4187.56410243	
4175.51282038	4168.97435884	4181.02564089	4158.33333313	4206.79487173	4204.23076917	4207.30769224	4211.6666666	4218.20512814	4226.6666666	4240.8974359	4198.97435884	4218.84615378	4188.46153833	
4175.64102551	4171.66666653	4184.48717935	4150.38461518	4198.97435884	4206.02564096	4213.84615378	4217.30769224	4226.28205122	4231.15384609	4246.53846154	4198.46153833	4222.43589737	4196.66666653	
4182.4358973	4172.94871781	4192.56410243	4159.48717928	4208.20512814	4209.35897429	4213.33333327	4216.41025634	4229.10256404	4242.6923077	4248.97435898	4205.64102558	4237.30769231	4202.17948711	
4192.4358973	4184.48717935	4200.12820499	4177.05128192	4221.15384609	4217.05128199	4216.53846147	4219.74358968	4231.15384609	4255.51282052	4255.12820513	4216.02564096	4250.51282052	4205.7692307	
4188.58974345	4186.15384602	4201.02564096	4171.02564089	4222.05128199	4215.38461532	4215.25641019	4218.58974352	4226.79487173	4249.87179488	4253.07692308	4210.38461532	4241.92307693	4202.30769224	
4176.02564089	4169.99999986	4187.17948704	4153.84615364	4209.10256404	4209.74358968	4209.10256404	4212.5641025	4221.02564096	4233.07692301	4243.46153847	4195.38461525	4225.64102558	4191.15384602	
4172.56410243	4164.87179467	4176.92307679	4153.46153826	4199.87179474	4212.05128199	4213.84615378	4214.48717942	4218.71794865	4228.4615384	4241.7948718	4191.79487166	4220.64102558	4183.58974345	
4173.84615371	4172.82051269	4182.82051269	4159.48717928	4203.33333327	4216.79487173	4219.61538455	4217.94871788	4218.33333327	4236.15384616	4238.33333334	4192.17948704	4218.71794865	4185.89743576	
4180.12820499	4169.10256397	4181.5384614	4153.84615364	4204.87179481	4214.10256404	4216.6666666	4215.89743583	4217.30769224	4232.69230763	4225.89743583	4184.2307691	4212.94871788	4187.94871781	
4197.82051269	4153.46153826	4163.46153826	4148.97435877	4199.74358961	4213.71794865	4216.28205122	4213.20512814	4215.12820506	4216.28205122	4221.92307686	4173.97435884	4211.02564096	4179.35897422	
4213.20512814	4150.38461518	4157.3076921	4151.53846133	4207.82051275	4224.99999993	4219.87179481	4214.23076917	4215.25641019	4213.4615384	4229.48717942	4174.35897422	4211.41025634	4173.84615371	
4221.6666666	4163.84615364	4172.4358973	4151.53846133	4215.51282045	4227.30769224	4217.82051275	4217.05128199	4220.25641019	4226.53846147	4234.10256411	4187.94871781	4211.53846147	4179.10256397	
4234.48717949	4173.07692294	4183.58974345	4158.46153826	4204.87179481	4217.05128199	4215.64102558	4219.99999993	4230.12820506	4233.58974352	4237.6923077	4201.92307686	4219.48717942	4189.99999986	
4243.97435898	4170.64102551	4183.97435884	4177.17948704	4201.92307686	4216.6666666	4216.15384609	4219.74358968	4228.97435891	4233.07692301	4246.02564103	4203.33333327	4232.94871788	4199.74358961	
4245.12820513	4172.17948704	4187.69230756	4179.2307691	4210.12820506	4216.92307686	4213.07692301	4217.17948711	4219.99999993	4235.64102564	4241.15384616	4196.79487166	4231.79487173	4199.74358961	
4244.61538462	4173.46153833	4188.58974345	4161.41025621	4200.64102551	4206.79487173	4210.51282045	4216.02564096	4219.74358968	4235.51282052	4231.92307686	4192.82051269	4220.12820506	4191.79487166	
4237.05128206	4159.35897415	4173.46153833	4152.43589723	4183.97435884	4198.58974345	4209.10256404	4206.92307686	4213.97435891	4223.20512814	4229.99999993	4188.46153833	4213.71794865	4181.15384602	
4228.20512814	4148.46153826	4160.12820492	4154.48717928	4188.3333332	4201.92307686	4208.97435891	4198.97435884	4204.87179481	4212.69230763	4223.97435891	4181.02564089	4208.07692301	4174.99999986	
4227.82051275	4151.15384595	4164.23076903	4152.94871774	4193.58974345	4209.74358968	4213.20512814	4207.82051275	4209.74358968	4213.07692301	4215.89743583	4174.99999986	4201.53846147	4175.76923063	
4232.05128199	4153.33333313	4169.87179474	4148.46153826	4188.20512807	4214.61538455	4218.07692301	4219.10256404	4218.4615384	4216.79487173	4214.23076917	4174.2307691	4200.64102551	4177.30769217	
4234.48717949	4154.23076903	4169.99999986	4147.05128185	4193.46153833	4216.02564096	4218.4615384	4217.82051275	4217.82051275	4222.82051275	4219.23076917	4179.35897422	4209.48717942	4177.17948704	
4237.56410257	4159.35897415	4172.82051269	4155.12820492	4205.25641019	4214.48717942	4213.84615378	4216.53846147	4218.4615384	4235.25641026	4232.82051275	4190.12820499	4223.71794865	4182.69230756	
4238.33333334	4160.76923056	4175.25641012	4162.56410236	4205.7692307	4208.97435891	4207.5641025	4218.97435891	4220.25641019	4236.53846154	4235.64102564	4193.46153833	4223.71794865	4189.35897422	
4235.38461539	4155.38461518	4174.87179474	4160.38461518	4196.28205115	4202.05128199	4201.79487173	4214.99999993	4216.28205122	4222.5641025	4222.05128199	4186.5384614	4212.69230763	4183.46153833	
4236.41025641	4155.76923056	4176.28205115	4153.58974339	4187.69230756	4200.12820499	4201.53846147	4211.02564096	4216.41025634	4217.5641025	4219.10256404	4184.74358961	4215.89743583	4180.12820499	
4238.33333334	4158.46153826	4174.87179474	4144.23076903	4182.69230756	4201.02564096	4203.33333327	4213.84615378	4217.05128199	4219.23076917	4224.87179481	4184.10256397	4219.23076917	4184.74358961	
4235.51282052	4155.51282031	4174.2307691	4145.64102544	4186.66666653	4201.41025634	4204.74358968	4216.53846147	4214.48717942	4216.41025634	4220.64102558	4183.84615371	4207.94871788	4184.48717935	
4233.97435898	4151.92307672	4176.28205115	4156.92307672	4191.02564089	4202.43589737	4206.28205122	4214.61538455	4214.35897429	4217.43589737	4218.97435891	4189.87179474	4208.84615378	4184.99999986	
4230.12820506	4151.53846133	4172.94871781	4150.51282031	4183.97435884	4200.51282038	4204.23076917	4211.92307686	4215.7692307	4219.99999993	4219.74358968	4187.56410243	4217.94871788	4184.48717935	
4227.05128199	4152.3076921	4170.25641012	4138.71794851	4181.41025628	4198.97435884	4202.94871788	4214.99999993	4218.07692301	4220.51282045	4218.4615384	4183.3333332	4215.25641019	4181.79487166	
4233.20512814	4151.28205108	4175.38461525	4150.89743569	4181.28205115	4202.17948711	4205.7692307	4219.35897429	4219.35897429	4223.58974352	4222.69230763	4189.99999986	4210.38461532	4184.61538448	
4235.51282052	4151.92307672	4179.2307691	4158.71794851	4173.97435884	4202.30769224	4205.12820506	4214.10256404	4217.5641025	4223.97435891	4224.87179481	4188.84615371	4204.23076917	4182.94871781	
4229.61538455	4155.38461518	4177.17948704	4141.66666646	4170.64102551	4197.56410243	4201.41025634	4205.38461532	4216.28205122	4214.87179481	4218.84615378	4182.4358973	4201.6666666	4173.97435884	
4231.28205122	4157.69230749	4176.28205115	4141.66666646	4183.07692294	4197.30769217	4200.51282038	4203.20512814	4213.84615378	4214.35897429	4215.89743583	4185.12820499	4209.35897429	4176.28205115	
4240.64102564	4158.97435877	4176.5384614	4165.38461518	4196.15384602	4201.15384609	4200.76923063	4202.05128199	4205.64102558	4220.12820506	4216.28205122	4185.38461525	4208.58974352	4182.05128192	
4237.05128206	4160.51282031	4172.17948704	4169.87179474	4192.56410243	4201.28205122	4199.74358961	4199.10256397	4201.15384609	4212.69230763	4219.61538455	4178.58974345	4200.51282038	4173.58974345	
4224.74358968	4156.15384595	4164.61538441	4154.74358954	4182.56410243	4199.61538448	4199.48717935	4196.02564089	4202.94871788	4201.6666666	4214.99999993	4170.89743576	4194.2307691	4164.61538441	
4226.79487173	4150.76923056	4167.94871774	4151.41025621	4181.66666653	4199.61538448	4198.84615371	4193.46153833	4199.87179474	4198.46153833	4202.43589737	4168.3333332	4187.94871781	4166.92307672	
4238.33333334	4161.66666646	4179.61538448	4158.84615364	4191.41025628	4201.28205122	4202.05128199	4198.07692294	4198.46153833	4200.25641012	4207.17948711	4176.28205115	4191.5384614	4172.69230756	
4239.48717949	4169.35897422	4179.2307691	4158.58974339	4191.92307679	4201.92307686	4205.89743583	4202.94871788	4202.94871788	4206.53846147	4218.97435891	4183.07692294	4204.61538455	4174.10256397	
4231.41025634	4155.38461518	4172.82051269	4157.17948697	4183.84615371	4199.48717935	4203.97435891	4202.05128199	4206.79487173	4211.92307686	4214.61538455	4178.58974345	4203.71794865	4172.17948704	
4236.41025641	4152.94871774	4180.25641012	4164.35897415	4191.92307679	4199.48717935	4206.28205122	4205.64102558	4210.7692307	4216.15384609	4215.89743583	4180.64102551	4199.99999986	4176.41025628	
4248.20512821	4172.56410243	4190.76923063	4171.41025628	4200.89743576	4201.92307686	4208.71794865	4209.99999993	4210.89743583	4222.43589737	4232.30769224	4191.41025628	4209.87179481	4185.89743576	
4244.74358975	4175.76923063	4185.64102551	4170.64102551	4193.07692294	4198.58974345	4201.15384609	4203.58974352	4203.84615378	4220.12820506	4234.23076923	4190.51282038	4210.7692307	4184.35897422	
4238.07692308	4164.74358954	4179.48717935	4170.38461525	4185.64102551	4195.38461525	4196.15384602	4196.02564089	4197.56410243	4206.79487173	4223.84615378	4184.35897422	4200.12820499	4176.15384602	
4240.12820513	4166.41025621	4183.84615371	4171.66666653	4189.10256397	4198.97435884	4201.15384609	4196.28205115	4198.58974345	4201.79487173	4219.35897429	4184.35897422	4197.69230756	4179.10256397	
4241.28205129	4167.3076921	4183.20512807	4164.35897415	4188.3333332	4201.6666666	4203.71794865	4201.53846147	4203.33333327	4206.79487173	4215.38461532	4183.71794858	4204.61538455	4186.66666653	
4238.46153847	4156.53846133	4176.41025628	4158.07692287	4184.35897422	4199.48717935	4202.82051275	4201.92307686	4202.5641025	4205.25641019	4213.07692301	4179.2307691	4201.15384609	4181.66666653	
4236.28205129	4150.89743569	4175.38461525	4159.35897415	4186.28205115	4197.56410243	4201.53846147	4197.17948704	4197.69230756	4200.64102551	4214.87179481	4174.10256397	4190.38461525	4175.12820499	
4236.28205129	4159.48717928	4176.41025628	4159.61538441	4188.97435884	4200.12820499	4202.05128199	4202.82051275	4204.10256404	4205.51282045	4213.4615384	4173.3333332	4193.58974345	4182.05128192	
4242.56410257	4168.97435884	4182.30769217	4161.41025621	4192.17948704	4201.79487173	4208.84615378	4215.64102558	4214.87179481	4213.58974352	4211.02564096	4178.46153833	4199.87179474	4187.05128192	
4247.82051282	4170.12820499	4189.2307691	4169.10256397	4197.05128192	4198.84615371	4212.69230763	4217.94871788	4213.58974352	4215.64102558	4212.5641025	4182.05128192	4200.51282038	4184.2307691	
4247.30769231	4167.82051262	4186.92307679	4179.35897422	4198.07692294	4199.99999986	4209.87179481	4211.53846147	4212.5641025	4217.43589737	4216.28205122	4185.12820499	4204.74358968	4188.84615371	
4244.74358975	4167.69230749	4180.64102551	4185.38461525	4198.71794858	4204.35897429	4205.25641019	4206.02564096	4213.07692301	4215.51282045	4218.97435891	4185.51282038	4202.17948711	4187.94871781	
4238.71794872	4171.28205115	4177.30769217	4184.35897422	4201.6666666	4201.15384609	4200.64102551	4199.35897422	4205.64102558	4205.25641019	4214.99999993	4174.2307691	4186.66666653	4173.46153833	
4233.58974352	4176.02564089	4178.20512807	4183.97435884	4203.20512814	4198.97435884	4197.17948704	4191.28205115	4199.48717935	4200.38461525	4205.64102558	4166.53846133	4183.84615371	4167.56410236	
4235.51282052	4174.87179474	4177.56410243	4183.97435884	4202.82051275	4203.71794865	4199.2307691	4187.30769217	4199.48717935	4203.84615378	4202.69230763	4167.43589723	4189.74358961	4171.79487166	
4237.94871795	4170.25641012	4177.30769217	4174.2307691	4203.4615384	4204.10256404	4202.5641025	4183.58974345	4199.99999986	4201.6666666	4201.79487173	4164.87179467	4185.64102551	4172.17948704	
4235.51282052	4172.56410243	4178.07692294	4167.3076921	4201.15384609	4201.15384609	4201.92307686	4185.89743576	4201.02564096	4200.25641012	4198.07692294	4161.92307672	4186.5384614	4169.87179474	
4234.23076923	4175.38461525	4174.61538448	4176.92307679	4197.56410243	4200.12820499	4202.17948711	4191.66666653	4201.79487173	4204.35897429	4200.38461525	4165.51282031	4190.64102551	4174.2307691	
4238.97435898	4174.61538448	4175.64102551	4181.5384614	4199.87179474	4200.25641012	4203.84615378	4191.28205115	4201.28205122	4201.6666666	4205.7692307	4170.64102551	4184.61538448	4178.84615371	
4239.87179488	4173.97435884	4180.38461525	4172.30769217	4200.12820499	4201.15384609	4204.74358968	4194.35897422	4203.71794865	4199.61538448	4205.64102558	4172.82051269	4183.58974345	4179.99999986	
4233.33333327	4171.02564089	4181.41025628	4168.58974345	4189.2307691	4195.76923063	4203.58974352	4198.58974345	4204.99999993	4202.69230763	4202.05128199	4171.92307679	4190.51282038	4181.79487166	
