4020.12820465	4197.94871781	4171.79487166	4162.17948697	4173.58974345	4174.2307691	4190.25641012	4187.94871781	4186.5384614	4176.02564089	4171.66666653	4176.79487166	4175.25641012	4226.53846147	
4011.79487131	4191.15384602	4169.74358961	4158.33333313	4180.12820499	4167.82051262	4182.17948704	4178.20512807	4173.71794858	4182.05128192	4173.3333332	4173.46153833	4174.74358961	4242.17948718	
4000.38461483	4179.35897422	4160.89743569	4150.76923056	4166.79487159	4161.79487159	4171.02564089	4165.64102544	4165.25641005	4171.92307679	4168.71794858	4162.69230749	4177.56410243	4241.28205129	
3998.58974304	4184.74358961	4162.3076921	4155.76923056	4155.89743569	4166.92307672	4175.64102551	4169.48717935	4170.25641012	4174.35897422	4173.46153833	4170.12820499	4185.12820499	4244.74358975	
4004.10256362	4203.71794865	4177.82051269	4157.43589723	4170.64102551	4169.10256397	4182.56410243	4176.15384602	4171.15384602	4185.51282038	4184.61538448	4187.69230756	4188.58974345	4256.28205129	
3997.17948663	4202.43589737	4177.69230756	4151.41025621	4177.56410243	4160.25641005	4175.64102551	4168.3333332	4161.66666646	4172.69230756	4179.61538448	4183.84615371	4185.76923063	4254.61538462	
3981.1538456	4191.79487166	4164.61538441	4160.51282031	4165.12820492	4155.51282031	4165.38461518	4156.53846133	4151.28205108	4152.3076921	4169.10256397	4168.71794858	4177.82051269	4239.74358975	
3981.02564047	4208.33333327	4172.69230756	4180.38461525	4164.48717928	4158.33333313	4166.41025621	4154.1025639	4150.76923056	4154.48717928	4167.17948697	4167.05128185	4168.58974345	4231.6666666	
3989.74358919	4221.53846147	4188.97435884	4185.12820499	4171.79487166	4156.53846133	4168.58974345	4157.43589723	4153.84615364	4155.12820492	4155.89743569	4171.28205115	4161.53846133	4233.71794865	
3986.02564047	4206.53846147	4186.28205115	4183.46153833	4168.58974345	4154.48717928	4164.48717928	4155.64102544	4149.74358954	4138.97435877	4140.25641005	4166.92307672	4153.58974339	4232.5641025	
3982.30769176	4204.10256404	4180.25641012	4193.84615371	4167.82051262	4156.53846133	4158.71794851	4148.46153826	4142.3076921	4129.23076896	4135.25640998	4158.97435877	4143.58974339	4221.92307686	
3984.10256355	4216.02564096	4181.28205115	4202.69230763	4171.5384614	4154.9999998	4155.76923056	4143.205128	4134.61538434	4129.10256383	4128.46153819	4147.82051262	4127.69230742	4212.69230763	
3988.58974304	4217.94871788	4184.99999986	4206.15384609	4175.76923063	4152.05128185	4156.53846133	4136.41025621	4127.05128178	4116.02564075	4119.48717921	4138.97435877	4112.30769203	4209.87179481	
3994.35897381	4222.5641025	4188.71794858	4219.23076917	4184.2307691	4154.74358954	4154.9999998	4125.7692305	4118.71794844	4094.48717914	4108.84615357	4137.05128185	4110.89743562	4206.41025634	
3995.89743535	4234.10256411	4188.3333332	4232.43589737	4188.46153833	4156.53846133	4152.69230749	4120.64102537	4111.92307665	4090.25640991	4095.6410253	4132.82051255	4106.02564075	4200.12820499	
3994.74358919	4235.0	4185.25641012	4230.89743583	4177.69230756	4151.66666646	4150.89743569	4122.17948691	4109.8717946	4094.61538427	4093.97435863	4130.51282024	4086.79487145	4197.94871781	
3992.82051227	4228.71794865	4182.4358973	4223.58974352	4167.82051262	4143.205128	4143.58974339	4116.66666639	4108.84615357	4089.48717914	4092.17948684	4130.12820485	4075.25640991	4197.30769217	
3993.97435842	4229.10256404	4179.35897422	4224.10256404	4169.48717935	4137.82051262	4135.25640998	4111.79487152	4105.25640998	4085.89743555	4078.58974325	4127.56410229	4083.58974325	4197.05128192	
4003.33333278	4229.10256404	4183.20512807	4235.76923077	4175.12820499	4144.9999998	4140.89743569	4119.61538434	4105.12820485	4091.02564068	4076.53846119	4126.15384588	4094.35897402	4196.66666653	
4011.41025593	4233.33333327	4191.02564089	4246.53846154	4182.82051269	4155.76923056	4152.43589723	4128.58974332	4114.35897408	4094.23076889	4090.25640991	4127.69230742	4089.35897402	4194.74358961	
4006.66666618	4244.23076923	4189.61538448	4248.33333334	4187.82051269	4154.87179467	4152.17948697	4132.30769203	4120.51282024	4096.53846119	4094.23076889	4130.25640998	4079.48717914	4194.2307691	
4007.69230721	4243.58974359	4189.35897422	4246.66666667	4181.92307679	4152.43589723	4151.79487159	4138.84615364	4124.35897408	4107.17948691	4092.05128171	4132.94871767	4091.41025607	4200.12820499	
4015.89743541	4232.30769224	4193.3333332	4237.17948718	4171.5384614	4155.25641005	4156.02564082	4139.35897415	4123.9743587	4112.30769203	4097.30769196	4134.99999973	4103.46153819	4201.41025634	
4016.41025593	4232.30769224	4191.41025628	4236.15384616	4175.38461525	4154.48717928	4153.71794851	4128.84615357	4113.9743587	4101.92307658	4107.43589716	4137.43589723	4093.71794837	4193.97435884	
4018.20512772	4237.94871795	4192.69230756	4253.84615385	4188.3333332	4153.97435877	4149.48717928	4121.28205101	4109.99999973	4093.58974325	4110.12820485	4141.02564082	4090.38461504	4192.82051269	
4021.15384567	4231.28205122	4195.51282038	4257.43589744	4185.76923063	4156.02564082	4151.28205108	4120.51282024	4110.12820485	4093.46153812	4101.92307658	4139.61538441	4091.66666632	4197.56410243	
4024.10256362	4234.87179488	4195.89743576	4245.25641026	4176.66666653	4155.38461518	4154.23076903	4120.64102537	4105.64102537	4093.33333299	4096.79487145	4137.56410236	4080.76923043	4198.71794858	
4029.61538413	4247.6923077	4200.51282038	4247.43589744	4179.74358961	4160.38461518	4155.38461518	4120.7692305	4107.05128178	4099.10256376	4103.20512793	4142.69230749	4089.48717914	4197.4358973	
4035.64102516	4248.58974359	4202.69230763	4250.8974359	4187.05128192	4168.46153833	4155.76923056	4122.43589716	4116.66666639	4109.10256383	4113.33333306	4151.15384595	4110.89743562	4200.51282038	
4034.487179	4240.25641026	4195.38461525	4245.25641026	4190.76923063	4169.10256397	4159.61538441	4128.84615357	4118.71794844	4107.94871767	4116.02564075	4152.56410236	4101.41025607	4202.30769224	
4030.89743541	4237.56410257	4191.41025628	4240.12820513	4190.64102551	4167.43589723	4167.17948697	4141.66666646	4125.12820485	4107.56410229	4114.61538434	4141.28205108	4091.53846119	4199.35897422	
4029.61538413	4238.46153847	4190.25641012	4230.38461532	4187.69230756	4170.12820499	4171.28205115	4154.35897415	4139.87179467	4118.33333306	4111.53846126	4131.53846126	4104.10256383	4197.94871781	
4027.56410208	4228.20512814	4182.69230756	4231.92307686	4187.82051269	4172.4358973	4172.82051269	4163.33333313	4142.82051262	4126.15384588	4111.28205101	4134.48717921	4112.30769203	4198.20512807	
4032.82051234	4227.30769224	4184.61538448	4245.76923077	4186.92307679	4171.92307679	4175.64102551	4169.87179474	4143.71794851	4125.38461511	4118.84615357	4146.41025621	4113.46153819	4201.79487173	
4040.25640984	4239.35897436	4193.58974345	4241.02564103	4181.5384614	4170.38461525	4173.07692294	4160.76923056	4140.89743569	4123.58974332	4125.51282024	4148.58974339	4111.92307665	4203.33333327	
4039.35897395	4234.74358975	4191.66666653	4223.71794865	4183.46153833	4167.94871774	4168.58974345	4142.05128185	4126.79487152	4122.17948691	4118.33333306	4141.15384595	4104.35897408	4199.61538448	
4037.56410215	4223.97435891	4186.15384602	4227.82051275	4191.92307679	4165.89743569	4168.84615371	4135.89743569	4118.84615357	4119.8717946	4106.41025614	4137.3076921	4103.0769228	4193.71794858	
4039.48717907	4225.7692307	4184.87179474	4238.20512821	4189.10256397	4165.76923056	4168.07692287	4136.79487159	4120.89743562	4119.48717921	4111.92307665	4135.25640998	4111.41025614	4194.74358961	
4036.66666618	4224.87179481	4181.92307679	4235.76923077	4178.71794858	4169.10256397	4166.15384595	4134.23076896	4124.8717946	4122.82051255	4121.28205101	4131.79487152	4112.43589716	4196.15384602	
4036.53846106	4218.71794865	4179.2307691	4227.94871788	4169.74358961	4172.94871781	4167.05128185	4139.48717928	4132.56410229	4127.30769203	4125.25640998	4134.61538434	4113.46153819	4190.38461525	
4043.07692266	4218.20512814	4176.41025628	4214.23076917	4163.97435877	4173.58974345	4170.12820499	4153.205128	4143.205128	4131.15384588	4120.38461511	4139.87179467	4115.51282024	4190.64102551	
4038.84615343	4217.94871788	4171.92307679	4212.5641025	4170.51282038	4171.5384614	4170.64102551	4157.17948697	4147.82051262	4134.8717946	4109.10256383	4143.205128	4119.99999973	4198.07692294	
4039.23076882	4222.82051275	4180.25641012	4231.02564096	4184.2307691	4169.99999986	4168.07692287	4153.58974339	4150.12820492	4136.53846133	4119.99999973	4147.82051262	4134.61538434	4199.35897422	
4054.87179446	4225.7692307	4192.56410243	4229.35897429	4185.38461525	4172.4358973	4168.84615371	4157.82051262	4153.46153826	4139.61538441	4138.84615364	4151.79487159	4143.33333313	4200.89743576	
4060.5128201	4215.7692307	4191.02564089	4211.79487173	4179.74358961	4174.99999986	4172.94871781	4161.41025621	4152.82051262	4142.43589723	4130.64102537	4150.25641005	4136.92307672	4202.82051275	
4052.43589702	4213.71794865	4182.94871781	4221.79487173	4184.61538448	4170.51282038	4174.10256397	4154.9999998	4144.61538441	4132.82051255	4116.41025614	4142.69230749	4128.33333306	4193.58974345	
4051.02564061	4221.53846147	4179.35897422	4239.23076923	4189.87179474	4169.35897422	4172.05128192	4147.82051262	4135.89743569	4119.99999973	4118.71794844	4134.74358947	4125.12820485	4186.02564089	
4051.410256	4218.84615378	4183.58974345	4233.20512814	4183.20512807	4175.76923063	4170.38461525	4146.02564082	4135.38461518	4118.46153819	4112.30769203	4131.66666639	4117.17948691	4184.99999986	
4052.94871754	4215.51282045	4188.71794858	4229.35897429	4179.99999986	4176.41025628	4172.56410243	4151.41025621	4140.38461518	4122.69230742	4106.66666639	4138.97435877	4119.8717946	4186.66666653	
4066.15384574	4221.15384609	4194.2307691	4232.82051275	4186.15384602	4173.58974345	4174.35897422	4156.02564082	4146.28205108	4122.56410229	4118.33333306	4147.56410236	4138.205128	4192.69230756	
4076.66666632	4233.20512814	4198.97435884	4223.58974352	4187.56410243	4172.82051269	4174.74358961	4154.35897415	4148.07692287	4122.69230742	4123.0769228	4146.41025621	4137.82051262	4198.46153833	
4073.8461535	4234.61538462	4197.69230756	4217.30769224	4186.15384602	4172.4358973	4176.41025628	4155.38461518	4148.205128	4124.10256383	4113.58974332	4146.15384595	4126.15384588	4195.64102551	
4070.25640991	4220.51282045	4191.79487166	4225.7692307	4189.35897422	4177.17948704	4180.89743576	4159.48717928	4151.92307672	4127.82051255	4108.71794844	4145.38461518	4130.38461511	4188.71794858	
4072.17948684	4218.58974352	4186.66666653	4231.6666666	4190.38461525	4180.38461525	4185.12820499	4158.84615364	4153.71794851	4136.92307672	4117.94871767	4140.25641005	4141.28205108	4189.48717935	
4068.20512779	4217.30769224	4180.25641012	4228.71794865	4184.87179474	4171.79487166	4179.48717935	4154.35897415	4150.76923056	4139.9999998	4124.23076896	4140.38461518	4141.28205108	4190.64102551	
4063.07692266	4201.92307686	4176.79487166	4214.99999993	4176.5384614	4169.74358961	4173.97435884	4156.28205108	4151.79487159	4131.41025614	4118.9743587	4144.23076903	4137.56410236	4186.79487166	
4067.69230728	4204.10256404	4183.97435884	4204.10256404	4176.41025628	4180.38461525	4178.71794858	4162.82051262	4151.92307672	4127.30769203	4119.48717921	4146.41025621	4134.99999973	4189.2307691	
4078.33333299	4218.33333327	4189.87179474	4210.25641019	4179.2307691	4180.12820499	4185.89743576	4167.43589723	4151.15384595	4136.92307672	4124.48717921	4149.74358954	4138.46153826	4199.10256397	
4082.56410222	4213.33333327	4187.56410243	4219.10256404	4175.38461525	4170.25641012	4182.30769217	4169.61538448	4158.71794851	4145.12820492	4124.74358947	4149.48717928	4143.71794851	4202.05128199	
4075.76923043	4207.30769224	4184.87179474	4217.69230763	4166.53846133	4170.64102551	4174.35897422	4169.61538448	4160.51282031	4144.23076903	4126.02564075	4146.15384595	4142.82051262	4195.38461525	
4072.94871761	4208.97435891	4178.84615371	4209.10256404	4166.02564082	4176.02564089	4175.89743576	4168.46153833	4154.9999998	4141.41025621	4121.53846126	4145.64102544	4144.48717928	4194.2307691	
4081.66666632	4205.64102558	4178.58974345	4206.15384609	4180.51282038	4177.4358973	4176.28205115	4166.92307672	4153.71794851	4137.43589723	4116.28205101	4146.92307672	4146.66666646	4194.2307691	
4090.6410253	4207.82051275	4187.4358973	4210.38461532	4183.07692294	4178.07692294	4174.74358961	4168.20512807	4154.61538441	4140.38461518	4123.84615357	4147.94871774	4137.82051262	4190.38461525	
4090.38461504	4211.41025634	4186.41025628	4211.79487173	4170.51282038	4181.41025628	4179.35897422	4169.10256397	4155.38461518	4151.66666646	4128.0769228	4145.12820492	4133.46153819	4191.92307679	
4088.58974325	4211.28205122	4183.46153833	4221.28205122	4175.76923063	4185.89743576	4181.02564089	4169.35897422	4158.84615364	4156.41025621	4130.12820485	4148.84615364	4147.17948697	4197.4358973	
4094.87179453	4218.33333327	4188.3333332	4231.15384609	4187.4358973	4183.3333332	4173.97435884	4168.20512807	4158.46153826	4151.15384595	4136.66666646	4155.38461518	4160.38461518	4194.61538448	
4094.87179453	4216.79487173	4185.51282038	4214.61538455	4177.94871781	4173.97435884	4168.07692287	4160.51282031	4151.02564082	4141.15384595	4126.66666639	4147.3076921	4147.43589723	4187.17948704	
4090.12820478	4206.28205122	4184.99999986	4204.48717942	4171.41025628	4169.48717935	4169.74358961	4156.92307672	4150.64102544	4136.79487159	4112.94871767	4144.61538441	4131.53846126	4186.66666653	
4094.87179453	4214.10256404	4198.46153833	4232.05128199	4179.10256397	4168.84615371	4170.51282038	4159.35897415	4155.25641005	4144.61538441	4123.0769228	4158.46153826	4145.64102544	4191.79487166	
4102.56410229	4221.28205122	4200.89743576	4240.25641026	4177.69230756	4172.82051269	4168.71794858	4156.66666646	4154.23076903	4150.89743569	4129.8717946	4162.56410236	4155.89743569	4192.94871781	
4103.71794844	4214.99999993	4193.20512807	4214.99999993	4170.76923063	4176.02564089	4172.56410243	4157.3076921	4152.56410236	4138.33333313	4123.9743587	4157.3076921	4141.66666646	4188.71794858	
4106.53846126	4218.71794865	4199.35897422	4214.87179481	4169.2307691	4174.2307691	4178.3333332	4167.56410236	4157.3076921	4132.17948691	4130.89743562	4158.33333313	4142.43589723	4189.61538448	
4112.43589716	4221.53846147	4205.7692307	4228.84615378	4175.51282038	4176.15384602	4177.30769217	4168.3333332	4157.94871774	4148.33333313	4137.82051262	4161.92307672	4156.66666646	4198.97435884	
4112.17948691	4211.53846147	4199.99999986	4227.43589737	4184.74358961	4184.35897422	4175.76923063	4161.92307672	4153.33333313	4154.23076903	4136.92307672	4164.35897415	4154.61538441	4201.92307686	
4116.02564075	4214.23076917	4197.69230756	4223.58974352	4183.20512807	4186.92307679	4185.25641012	4166.02564082	4159.74358954	4148.07692287	4140.89743569	4168.20512807	4157.05128185	4200.89743576	
4124.8717946	4221.02564096	4199.48717935	4218.07692301	4183.58974345	4182.4358973	4189.48717935	4172.4358973	4169.74358961	4150.89743569	4140.89743569	4164.35897415	4164.48717928	4201.92307686	
4118.46153819	4207.17948711	4192.17948704	4211.92307686	4188.3333332	4184.48717935	4185.76923063	4176.66666653	4170.12820499	4155.51282031	4133.9743587	4155.25641005	4155.89743569	4200.25641012	
4112.82051255	4206.02564096	4191.02564089	4217.17948711	4176.02564089	4188.46153833	4192.17948704	4179.74358961	4167.43589723	4153.07692287	4134.74358947	4159.35897415	4155.64102544	4202.43589737	
4121.53846126	4218.97435891	4194.74358961	4219.23076917	4164.35897415	4187.30769217	4196.02564089	4176.5384614	4168.3333332	4149.9999998	4138.84615364	4163.58974339	4163.46153826	4199.35897422	
4123.84615357	4211.6666666	4185.64102551	4205.38461532	4175.64102551	4185.38461525	4192.17948704	4174.87179474	4168.97435884	4150.38461518	4134.99999973	4158.07692287	4156.15384595	4191.66666653	
4118.20512793	4200.64102551	4181.15384602	4204.35897429	4188.20512807	4186.28205115	4197.30769217	4182.94871781	4171.28205115	4157.17948697	4134.74358947	4156.79487159	4147.43589723	4193.71794858	
4120.12820485	4200.12820499	4189.61538448	4219.48717942	4183.3333332	4189.87179474	4203.84615378	4187.17948704	4171.28205115	4165.76923056	4141.53846133	4160.64102544	4155.38461518	4202.17948711	
4128.84615357	4202.82051275	4194.87179474	4221.53846147	4175.25641012	4193.71794858	4202.82051275	4187.82051269	4174.35897422	4167.56410236	4146.15384595	4169.74358961	4175.51282038	4206.28205122	
4135.51282031	4206.53846147	4194.99999986	4207.69230763	4169.61538448	4196.41025628	4203.33333327	4190.38461525	4185.64102551	4168.71794858	4148.33333313	4177.56410243	4180.38461525	4205.25641019	
4131.41025614	4194.10256397	4179.74358961	4205.89743583	4159.61538441	4182.82051269	4189.10256397	4181.28205115	4175.38461525	4167.94871774	4153.84615364	4171.66666653	4177.17948704	4198.84615371	
4143.46153826	4196.5384614	4187.94871781	4197.56410243	4152.3076921	4187.82051269	4199.35897422	4185.25641012	4182.69230756	4171.92307679	4169.48717935	4179.74358961	4187.4358973	4203.71794865	
4156.15384595	4198.07692294	4202.17948711	4197.56410243	4159.61538441	4197.56410243	4211.53846147	4196.79487166	4184.74358961	4184.2307691	4180.89743576	4192.56410243	4206.53846147	4218.20512814	
4168.3333332	4214.35897429	4214.35897429	4209.61538455	4179.10256397	4209.87179481	4220.89743583	4205.64102558	4193.20512807	4201.6666666	4188.97435884	4201.02564096	4214.10256404	4227.94871788	
4175.89743576	4232.30769224	4221.41025634	4222.43589737	4187.30769217	4214.61538455	4220.89743583	4207.5641025	4201.6666666	4208.20512814	4186.28205115	4203.4615384	4212.5641025	4223.07692301	
4176.79487166	4234.23076923	4225.64102558	4232.94871788	4189.10256397	4211.79487173	4218.20512814	4209.87179481	4202.17948711	4206.79487173	4183.58974345	4208.07692301	4222.94871788	4227.05128199	
4181.79487166	4226.28205122	4228.71794865	4230.7692307	4188.84615371	4211.92307686	4223.4615384	4215.51282045	4205.64102558	4212.05128199	4193.71794858	4211.15384609	4232.30769224	4238.33333334	
4188.58974345	4228.84615378	4226.53846147	4217.94871788	4179.10256397	4216.15384609	4233.33333327	4219.87179481	4216.79487173	4209.35897429	4199.74358961	4208.07692301	4224.35897429	4235.38461539	
4187.30769217	4236.02564103	4220.89743583	4217.82051275	4179.48717935	4221.15384609	4235.0	4219.61538455	4217.5641025	4204.23076917	4194.99999986	4206.53846147	4215.64102558	4230.7692307	
4185.76923063	4232.17948711	4223.20512814	4228.58974352	4197.17948704	4220.89743583	4232.05128199	4220.12820506	4213.20512814	4221.79487173	4198.3333332	4208.84615378	4226.92307686	4233.84615385	
4186.28205115	4218.33333327	4226.02564096	4224.87179481	4198.20512807	4217.43589737	4231.15384609	4220.12820506	4214.99999993	4236.02564103	4209.35897429	4212.30769224	4238.71794872	4234.87179488	
4182.82051269	4215.38461532	4220.12820506	4218.58974352	4189.35897422	4223.33333327	4232.17948711	4217.94871788	4221.02564096	4223.07692301	4206.28205122	4216.02564096	4231.79487173	4230.64102558	
4185.89743576	4231.41025634	4219.99999993	4227.82051275	4195.64102551	4230.12820506	4233.33333327	4222.94871788	4229.10256404	4223.07692301	4200.25641012	4218.84615378	4231.15384609	4234.74358975	
4192.56410243	4240.25641026	4227.94871788	4229.35897429	4194.48717935	4222.5641025	4233.71794865	4228.97435891	4231.41025634	4238.97435898	4211.41025634	4221.79487173	4245.12820513	4242.6923077	
4188.71794858	4226.28205122	4228.97435891	4217.17948711	4181.5384614	4214.35897429	4228.71794865	4222.43589737	4225.51282045	4230.89743583	4214.99999993	4219.87179481	4243.84615385	4239.23076923	
4183.46153833	4214.61538455	4222.30769224	4216.15384609	4184.2307691	4215.38461532	4224.35897429	4215.7692307	4219.35897429	4217.5641025	4207.94871788	4213.58974352	4223.4615384	4232.05128199	
4191.41025628	4226.28205122	4222.17948711	4223.20512814	4192.17948704	4214.61538455	4226.41025634	4217.30769224	4217.94871788	4215.51282045	4207.82051275	4215.51282045	4219.74358968	4234.23076923	
4199.2307691	4232.94871788	4228.71794865	4219.87179481	4185.89743576	4214.87179481	4231.79487173	4218.97435891	4219.99999993	4217.30769224	4203.97435891	4220.51282045	4234.48717949	4238.20512821	
4192.56410243	4217.69230763	4226.92307686	4214.74358968	4184.10256397	4218.07692301	4231.15384609	4216.28205122	4219.23076917	4220.38461532	4195.51282038	4215.38461532	4227.05128199	4231.79487173	
4181.92307679	4205.64102558	4215.38461532	4213.33333327	4193.3333332	4216.02564096	4223.97435891	4211.02564096	4208.84615378	4212.69230763	4193.58974345	4202.17948711	4207.30769224	4221.6666666	
4185.64102551	4213.4615384	4215.51282045	4211.02564096	4200.51282038	4212.5641025	4224.35897429	4208.58974352	4203.4615384	4205.38461532	4193.3333332	4198.07692294	4214.48717942	4224.10256404	
4198.84615371	4231.41025634	4230.38461532	4216.6666666	4199.99999986	4217.05128199	4232.5641025	4215.51282045	4217.30769224	4217.5641025	4200.89743576	4213.4615384	4231.15384609	4233.97435898	
4204.10256404	4234.10256411	4233.07692301	4224.74358968	4191.28205115	4226.53846147	4234.23076923	4225.7692307	4231.02564096	4232.17948711	4217.82051275	4225.64102558	4232.82051275	4237.82051282	
4202.82051275	4226.53846147	4230.12820506	4224.87179481	4192.94871781	4231.02564096	4231.15384609	4229.10256404	4233.4615384	4234.61538462	4222.82051275	4219.61538455	4232.17948711	4236.66666667	
4201.15384609	4223.07692301	4235.64102564	4223.07692301	4208.20512814	4225.89743583	4235.76923077	4224.99999993	4235.8974359	4234.74358975	4213.84615378	4213.97435891	4232.43589737	4237.05128206	
4194.61538448	4216.02564096	4232.05128199	4215.38461532	4205.64102558	4218.58974352	4230.12820506	4216.6666666	4228.4615384	4234.10256411	4208.33333327	4213.4615384	4230.12820506	4234.35897436	
4188.20512807	4210.89743583	4218.33333327	4207.05128199	4186.5384614	4215.25641019	4216.53846147	4213.4615384	4216.92307686	4229.61538455	4205.51282045	4210.12820506	4229.61538455	4229.48717942	
4188.20512807	4214.61538455	4216.92307686	4210.64102558	4184.61538448	4217.05128199	4223.97435891	4217.94871788	4222.82051275	4228.20512814	4201.6666666	4206.28205122	4226.02564096	4230.51282045	
4187.17948704	4211.15384609	4220.7692307	4206.53846147	4191.02564089	4218.20512814	4232.05128199	4217.69230763	4226.6666666	4222.43589737	4200.12820499	4202.82051275	4224.99999993	4231.41025634	
4190.25641012	4207.17948711	4221.6666666	4197.56410243	4194.2307691	4216.92307686	4221.6666666	4214.99999993	4215.7692307	4213.33333327	4204.23076917	4202.82051275	4229.23076917	4227.05128199	
4197.82051269	4214.23076917	4224.87179481	4209.74358968	4200.64102551	4219.35897429	4214.61538455	4213.20512814	4213.20512814	4215.51282045	4210.89743583	4203.33333327	4226.79487173	4220.89743583	
4195.38461525	4208.84615378	4221.6666666	4215.38461532	4197.17948704	4216.15384609	4216.6666666	4207.5641025	4215.12820506	4217.17948711	4205.12820506	4196.92307679	4219.35897429	4217.94871788	
4187.30769217	4195.12820499	4213.07692301	4192.56410243	4181.79487166	4203.20512814	4213.84615378	4199.99999986	4209.99999993	4204.48717942	4188.3333332	4189.74358961	4211.79487173	4217.17948711	
4184.99999986	4199.48717935	4208.97435891	4188.20512807	4175.25641012	4202.94871788	4213.84615378	4200.76923063	4212.94871788	4198.46153833	4184.10256397	4191.15384602	4209.23076917	4214.87179481	
4188.46153833	4206.79487173	4210.89743583	4202.17948711	4179.2307691	4215.89743583	4220.25641019	4208.07692301	4218.4615384	4208.84615378	4194.35897422	4197.69230756	4216.28205122	4215.12820506	
4190.25641012	4204.74358968	4215.12820506	4196.66666653	4180.64102551	4214.99999993	4221.28205122	4211.15384609	4213.97435891	4210.38461532	4201.15384609	4199.99999986	4221.28205122	4217.43589737	
4188.07692294	4200.89743576	4214.74358968	4187.94871781	4179.74358961	4206.79487173	4219.35897429	4213.07692301	4211.79487173	4202.17948711	4200.12820499	4196.66666653	4217.82051275	4218.33333327	
4183.07692294	4195.12820499	4208.4615384	4189.99999986	4178.07692294	4206.02564096	4218.20512814	4213.97435891	4212.82051275	4198.97435884	4193.20512807	4192.56410243	4214.87179481	4213.33333327	
4180.51282038	4187.94871781	4201.6666666	4188.3333332	4179.99999986	4206.28205122	4217.82051275	4214.61538455	4215.89743583	4202.17948711	4188.46153833	4190.64102551	4207.05128199	4208.20512814	
4181.28205115	4182.82051269	4200.12820499	4183.84615371	4185.38461525	4209.48717942	4216.15384609	4216.79487173	4219.10256404	4211.53846147	4192.69230756	4190.76923063	4202.82051275	4211.41025634	
4183.84615371	4182.94871781	4200.51282038	4183.71794858	4187.05128192	4209.99999993	4214.74358968	4213.07692301	4211.15384609	4213.07692301	4194.99999986	4188.3333332	4213.33333327	4214.10256404	
4190.25641012	4189.87179474	4207.17948711	4187.69230756	4184.10256397	4202.82051275	4213.84615378	4210.89743583	4206.79487173	4207.05128199	4199.2307691	4194.74358961	4221.53846147	4218.71794865	
4200.25641012	4199.48717935	4221.28205122	4196.41025628	4182.05128192	4201.79487173	4208.84615378	4213.97435891	4213.97435891	4213.71794865	4212.43589737	4213.33333327	4225.7692307	4229.99999993	
4205.38461532	4203.20512814	4225.12820506	4198.07692294	4182.56410243	4199.87179474	4201.6666666	4209.74358968	4209.23076917	4217.82051275	4206.53846147	4210.7692307	4226.15384609	4229.10256404	
4201.41025634	4196.15384602	4214.48717942	4188.46153833	4173.07692294	4191.41025628	4198.71794858	4198.84615371	4195.38461525	4202.17948711	4187.4358973	4192.30769217	4214.23076917	4214.61538455	
4193.20512807	4182.30769217	4207.43589737	4179.10256397	4161.66666646	4187.94871781	4197.4358973	4197.69230756	4195.76923063	4189.2307691	4192.17948704	4191.79487166	4211.28205122	4210.38461532	
4189.35897422	4174.2307691	4205.25641019	4177.56410243	4171.28205115	4190.25641012	4196.28205115	4200.51282038	4200.76923063	4193.84615371	4204.48717942	4197.30769217	4217.17948711	4215.38461532	
4189.35897422	4182.30769217	4202.5641025	4187.05128192	4189.10256397	4192.17948704	4197.94871781	4197.94871781	4199.48717935	4202.30769224	4198.20512807	4190.76923063	4214.10256404	4209.99999993	
4189.61538448	4189.2307691	4203.97435891	4193.3333332	4182.94871781	4194.61538448	4198.97435884	4196.79487166	4198.46153833	4198.97435884	4192.56410243	4184.48717935	4212.30769224	4201.79487173	
4194.61538448	4187.4358973	4207.5641025	4188.97435884	4170.64102551	4197.82051269	4201.41025634	4199.48717935	4199.99999986	4195.25641012	4197.56410243	4190.76923063	4215.7692307	4207.05128199	
4198.97435884	4194.48717935	4208.84615378	4189.35897422	4178.46153833	4201.53846147	4205.38461532	4203.71794865	4201.41025634	4205.12820506	4201.6666666	4199.35897422	4217.43589737	4217.82051275	
4195.38461525	4191.66666653	4206.53846147	4195.76923063	4187.4358973	4201.41025634	4203.33333327	4203.71794865	4201.02564096	4208.20512814	4201.92307686	4199.35897422	4220.64102558	4220.7692307	
4189.48717935	4170.25641012	4200.76923063	4187.82051269	4180.25641012	4195.76923063	4199.48717935	4201.15384609	4204.87179481	4198.20512807	4201.02564096	4197.69230756	4221.15384609	4212.82051275	
4188.58974345	4172.69230756	4194.2307691	4170.89743576	4168.3333332	4196.15384602	4200.12820499	4202.94871788	4208.33333327	4199.61538448	4198.84615371	4194.87179474	4217.30769224	4204.87179481	
4191.28205115	4190.89743576	4194.61538448	4173.58974345	4172.56410243	4202.5641025	4203.33333327	4203.84615378	4202.94871788	4204.74358968	4194.61538448	4187.82051269	4223.58974352	4206.6666666	
4195.64102551	4188.07692294	4202.17948711	4188.71794858	4184.74358961	4201.92307686	4203.71794865	4201.79487173	4201.15384609	4203.58974352	4196.92307679	4188.58974345	4229.35897429	4210.25641019	
4200.64102551	4181.28205115	4207.94871788	4192.05128192	4183.07692294	4199.48717935	4201.15384609	4201.6666666	4205.64102558	4205.51282045	4203.58974352	4195.51282038	4222.43589737	4209.87179481	
4200.38461525	4186.28205115	4207.69230763	4189.35897422	4178.07692294	4199.10256397	4199.48717935	4201.02564096	4205.12820506	4203.4615384	4200.38461525	4198.46153833	4221.79487173	4212.17948711	
4197.94871781	4189.74358961	4206.92307686	4190.76923063	4184.87179474	4200.25641012	4201.28205122	4196.79487166	4197.17948704	4194.61538448	4195.25641012	4200.64102551	4230.51282045	4217.17948711	
4197.69230756	4186.02564089	4206.41025634	4191.15384602	4190.25641012	4202.05128199	4202.30769224	4197.94871781	4191.79487166	4196.28205115	4201.6666666	4197.69230756	4234.23076923	4216.6666666	
4195.25641012	4182.69230756	4204.10256404	4192.56410243	4187.69230756	4201.28205122	4199.61538448	4202.43589737	4197.30769217	4202.69230763	4205.51282045	4192.4358973	4227.05128199	4211.41025634	
4192.94871781	4186.02564089	4203.33333327	4192.4358973	4183.84615371	4199.74358961	4198.20512807	4197.30769217	4200.76923063	4193.07692294	4192.4358973	4191.5384614	4219.35897429	4204.35897429	
4192.17948704	4189.35897422	4204.35897429	4184.48717935	4181.02564089	4199.74358961	4199.48717935	4190.38461525	4189.35897422	4184.99999986	4182.30769217	4191.5384614	4222.94871788	4201.53846147	
4190.25641012	4179.74358961	4199.74358961	4186.5384614	4183.20512807	4200.64102551	4201.6666666	4195.76923063	4185.76923063	4196.92307679	4196.15384602	4189.61538448	4230.25641019	4205.25641019	
4186.41025628	4174.87179474	4195.38461525	4195.25641012	4187.4358973	4202.43589737	4203.07692301	4203.71794865	4198.3333332	4202.94871788	4207.5641025	4188.07692294	4229.87179481	4205.38461532	
4185.38461525	4179.99999986	4193.58974345	4183.20512807	4187.30769217	4203.07692301	4201.92307686	4201.6666666	4203.4615384	4191.66666653	4193.71794858	4186.15384602	4228.33333327	4201.6666666	
4187.17948704	4173.58974345	4190.89743576	4165.76923056	4183.20512807	4200.76923063	4199.87179474	4199.48717935	4196.28205115	4186.5384614	4182.82051269	4182.05128192	4228.71794865	4201.79487173	
4193.71794858	4173.97435884	4198.71794858	4170.38461525	4177.94871781	4198.58974345	4200.76923063	4199.74358961	4194.74358961	4188.84615371	4187.82051269	4186.66666653	4225.51282045	4211.15384609	
4199.35897422	4183.97435884	4210.7692307	4186.28205115	4178.97435884	4197.56410243	4200.12820499	4190.12820499	4195.38461525	4184.99999986	4187.69230756	4192.69230756	4223.20512814	4214.61538455	
4196.28205115	4177.4358973	4207.5641025	4190.64102551	4185.76923063	4199.2307691	4195.89743576	4184.2307691	4193.07692294	4184.87179474	4189.99999986	4191.5384614	4221.53846147	4207.17948711	
4197.30769217	4171.15384602	4203.20512814	4182.17948704	4183.84615371	4198.97435884	4193.46153833	4191.5384614	4196.15384602	4192.82051269	4198.71794858	4193.84615371	4221.79487173	4208.20512814	
4202.05128199	4179.35897422	4207.05128199	4176.02564089	4177.94871781	4189.61538448	4191.28205115	4191.28205115	4195.76923063	4191.15384602	4195.12820499	4196.02564089	4230.12820506	4216.79487173	
4202.5641025	4187.17948704	4211.79487173	4182.4358973	4177.05128192	4186.5384614	4189.48717935	4186.79487166	4192.69230756	4186.28205115	4196.15384602	4201.6666666	4239.10256411	4219.10256404	
4201.41025634	4181.41025628	4210.25641019	4189.74358961	4174.2307691	4193.07692294	4188.97435884	4191.92307679	4195.38461525	4193.3333332	4207.05128199	4203.71794865	4233.71794865	4211.92307686	
4192.17948704	4167.3076921	4197.17948704	4182.30769217	4181.02564089	4189.48717935	4185.89743576	4192.05128192	4194.87179474	4190.38461525	4194.35897422	4188.3333332	4216.53846147	4200.38461525	
4179.2307691	4162.3076921	4185.12820499	4170.64102551	4185.51282038	4180.12820499	4182.17948704	4184.2307691	4185.12820499	4175.12820499	4178.46153833	4175.51282038	4212.82051275	4193.71794858	
4184.48717935	4173.20512807	4189.2307691	4170.12820499	4171.66666653	4182.56410243	4184.99999986	4183.58974345	4180.51282038	4179.48717935	4192.82051269	4185.12820499	4228.33333327	4201.15384609	
4197.69230756	4176.28205115	4196.15384602	4175.38461525	4169.74358961	4188.07692294	4191.5384614	4187.56410243	4185.51282038	4195.51282038	4206.28205122	4193.97435884	4234.35897436	4209.10256404	
4194.61538448	4168.84615371	4193.20512807	4176.79487166	4183.20512807	4187.69230756	4191.41025628	4188.3333332	4190.51282038	4198.58974345	4198.46153833	4188.20512807	4229.10256404	4204.61538455	
4191.92307679	4169.2307691	4194.74358961	4179.87179474	4176.92307679	4186.92307679	4189.2307691	4189.61538448	4193.46153833	4196.41025628	4194.48717935	4188.58974345	4233.84615385	4202.69230763	
4199.10256397	4169.2307691	4202.05128199	4182.82051269	4165.89743569	4184.87179474	4187.17948704	4187.94871781	4189.2307691	4192.69230756	4196.92307679	4194.61538448	4239.23076923	4207.94871788	
4200.51282038	4171.02564089	4202.30769224	4175.64102551	4176.41025628	4182.94871781	4184.35897422	4179.35897422	4182.4358973	4183.84615371	4194.2307691	4192.94871781	4226.53846147	4207.69230763	
4199.35897422	4174.61538448	4200.38461525	4171.28205115	4184.10256397	4183.07692294	4183.46153833	4177.56410243	4183.3333332	4183.07692294	4196.66666653	4190.76923063	4220.7692307	4202.82051275	
4199.10256397	4171.92307679	4202.05128199	4182.30769217	4184.2307691	4182.69230756	4184.99999986	4183.20512807	4188.84615371	4187.4358973	4198.07692294	4192.05128192	4232.5641025	4200.89743576	
4192.4358973	4166.92307672	4197.17948704	4191.41025628	4185.25641012	4187.30769217	4187.56410243	4184.74358961	4188.46153833	4183.3333332	4184.61538448	4184.48717935	4226.79487173	4203.71794865	
4191.66666653	4168.97435884	4191.41025628	4186.02564089	4180.64102551	4195.89743576	4190.12820499	4183.3333332	4185.64102551	4182.82051269	4183.71794858	4179.74358961	4214.23076917	4204.61538455	
4201.6666666	4173.46153833	4198.46153833	4179.99999986	4177.94871781	4195.12820499	4190.51282038	4186.41025628	4191.02564089	4198.97435884	4207.17948711	4196.41025628	4236.15384616	4206.28205122	
4200.12820499	4168.3333332	4197.94871781	4175.25641012	4180.76923063	4184.61538448	4187.56410243	4188.71794858	4193.97435884	4204.10256404	4218.20512814	4204.10256404	4258.46153847	4208.97435891	
4194.48717935	4162.43589723	4189.87179474	4170.38461525	4185.38461525	4180.12820499	4185.12820499	4185.25641012	4187.69230756	4187.05128192	4199.48717935	4191.28205115	4242.17948718	4206.15384609	
4198.71794858	4166.79487159	4191.79487166	4171.66666653	4182.94871781	4183.84615371	4185.64102551	4184.2307691	4187.17948704	4178.97435884	4182.82051269	4184.48717935	4228.97435891	4202.82051275	
4204.10256404	4172.82051269	4194.74358961	4169.99999986	4171.02564089	4183.46153833	4185.25641012	4184.48717935	4189.87179474	4185.64102551	4191.66666653	4188.84615371	4236.7948718	4203.33333327	
4200.38461525	4166.66666646	4192.56410243	4167.05128185	4171.92307679	4181.28205115	4183.84615371	4179.87179474	4186.92307679	4185.89743576	4203.58974352	4189.2307691	4234.48717949	4201.6666666	
4190.89743576	4159.87179467	4187.94871781	4170.12820499	4182.30769217	4183.71794858	4183.3333332	4171.66666653	4184.10256397	4182.05128192	4193.20512807	4182.17948704	4226.02564096	4196.66666653	
4189.10256397	4155.38461518	4179.87179474	4178.07692294	4181.15384602	4184.35897422	4183.20512807	4167.82051262	4184.48717935	4182.05128192	4181.41025628	4179.10256397	4225.7692307	4193.3333332	
4198.46153833	4155.12820492	4182.94871781	4181.79487166	4181.92307679	4182.82051269	4184.35897422	4175.76923063	4183.20512807	4181.28205115	4195.64102551	4187.56410243	4233.33333327	4199.74358961	
4204.87179481	4166.53846133	4197.82051269	4179.61538448	4188.20512807	4183.58974345	4188.07692294	4184.99999986	4183.84615371	4181.02564089	4205.64102558	4197.30769217	4234.87179488	4209.48717942	
4200.64102551	4173.20512807	4196.79487166	4179.61538448	4183.58974345	4186.66666653	4190.38461525	4184.61538448	4190.76923063	4181.41025628	4189.48717935	4192.17948704	4227.69230763	4206.92307686	
4200.12820499	4168.58974345	4190.89743576	4185.12820499	4181.66666653	4186.79487166	4192.17948704	4185.76923063	4196.41025628	4187.4358973	4191.28205115	4190.51282038	4232.69230763	4200.51282038	
4211.02564096	4169.10256397	4210.7692307	4190.64102551	4188.3333332	4186.92307679	4197.69230756	4196.66666653	4200.25641012	4197.05128192	4220.51282045	4214.48717942	4250.8974359	4209.48717942	
4219.99999993	4174.2307691	4230.89743583	4185.89743576	4179.61538448	4189.10256397	4201.92307686	4203.71794865	4204.23076917	4199.99999986	4234.23076923	4237.43589744	4262.56410257	4223.58974352	
4223.4615384	4177.56410243	4228.84615378	4172.56410243	4172.56410243	4187.82051269	4201.28205122	4199.74358961	4205.7692307	4207.43589737	4231.6666666	4247.82051282	4271.41025648	4227.69230763	
4227.69230763	4180.51282038	4229.10256404	4164.1025639	4181.28205115	4187.56410243	4200.38461525	4196.5384614	4203.33333327	4217.30769224	4249.61538462	4265.51282052	4283.07692315	4230.51282045	
4230.12820506	4175.64102551	4239.61538462	4169.99999986	4182.82051269	4188.71794858	4198.20512807	4195.25641012	4198.97435884	4215.7692307	4277.94871802	4280.76923084	4288.46153853	4237.56410257	
4233.07692301	4175.38461525	4247.94871795	4183.84615371	4171.41025628	4187.56410243	4197.30769217	4198.46153833	4207.5641025	4225.89743583	4291.53846161	4291.41025648	4310.12820527	4252.05128206	
4237.6923077	4182.05128192	4247.30769231	4176.15384602	4167.82051262	4186.66666653	4201.15384609	4210.25641019	4221.28205122	4252.17948718	4303.71794886	4310.64102578	4344.74358996	4265.76923077	
4231.15384609	4168.71794858	4235.12820513	4141.66666646	4174.99999986	4184.48717935	4200.64102551	4213.71794865	4220.38461532	4255.38461539	4316.28205142	4313.20512835	4339.74358996	4265.25641026	
4216.41025634	4147.69230749	4218.84615378	4127.05128178	4174.99999986	4183.84615371	4197.17948704	4211.15384609	4219.61538455	4251.28205129	4323.4615386	4297.17948725	4324.87179501	4259.48717949	
4211.6666666	4143.33333313	4208.58974352	4137.69230749	4165.89743569	4188.20512807	4200.89743576	4217.30769224	4233.58974352	4270.00000007	4329.3589745	4293.20512828	4344.87179508	4258.71794872	
4212.94871788	4134.8717946	4202.5641025	4125.25640998	4161.41025621	4190.64102551	4204.61538455	4222.94871788	4240.38461539	4277.94871802	4332.6923079	4295.76923084	4363.97435919	4258.58974359	
4202.05128199	4110.7692305	4189.87179474	4093.8461535	4166.92307672	4184.99999986	4199.10256397	4223.84615378	4229.87179481	4262.56410257	4323.97435912	4284.87179495	4353.5897438	4253.58974359	
4191.66666653	4108.0769228	4174.74358961	4085.51282017	4170.89743576	4185.25641012	4200.25641012	4230.89743583	4232.30769224	4261.41025641	4316.53846168	4269.74358982	4344.74358996	4249.35897436	
4196.28205115	4126.66666639	4169.99999986	4092.43589709	4168.07692287	4197.30769217	4211.6666666	4241.02564103	4248.20512821	4278.84615392	4324.3589745	4263.07692308	4355.89743611	4251.53846154	
4195.64102551	4122.56410229	4167.05128185	4083.33333299	4165.25641005	4198.07692294	4209.87179481	4235.76923077	4244.87179488	4273.84615392	4319.48717963	4256.7948718	4351.41025662	4245.0	
4184.35897422	4099.23076889	4153.46153826	4070.25640991	4160.89743569	4189.48717935	4200.38461525	4220.25641019	4230.7692307	4254.10256411	4301.1538463	4244.10256411	4331.53846168	4230.38461532	
4183.3333332	4098.58974325	4149.87179467	4073.8461535	4156.53846133	4191.41025628	4204.10256404	4220.38461532	4235.8974359	4259.61538462	4301.41025655	4238.84615385	4330.64102578	4230.64102558	
4189.48717935	4111.79487152	4158.71794851	4076.41025607	4154.87179467	4194.74358961	4207.94871788	4229.10256404	4244.48717949	4267.43589751	4303.84615399	4243.07692308	4340.51282073	4239.35897436	
4188.97435884	4108.33333306	4160.25641005	4076.28205094	4160.89743569	4189.10256397	4201.41025634	4223.58974352	4233.07692301	4257.17948718	4296.66666674	4245.64102564	4333.71794893	4234.48717949	
4190.25641012	4106.79487152	4159.61538441	4087.82051248	4161.28205108	4184.2307691	4198.71794858	4213.84615378	4226.92307686	4252.17948718	4304.23076937	4246.28205129	4331.02564117	4230.64102558	
4196.66666653	4114.74358947	4163.07692287	4093.8461535	4157.82051262	4187.69230756	4200.38461525	4214.87179481	4232.69230763	4253.46153847	4312.17948732	4245.64102564	4346.15384637	4240.0	
4202.30769224	4118.84615357	4165.76923056	4097.30769196	4165.38461518	4192.69230756	4200.25641012	4221.92307686	4234.10256411	4254.74358975	4302.43589758	4245.25641026	4341.28205149	4243.97435898	
4203.4615384	4125.51282024	4163.84615364	4105.25640998	4166.66666646	4193.58974345	4202.69230763	4227.94871788	4235.25641026	4262.43589744	4299.74358989	4241.92307693	4331.41025655	4237.82051282	
4194.10256397	4128.84615357	4154.61538441	4097.56410222	4162.82051262	4190.76923063	4204.10256404	4225.38461532	4236.92307693	4259.35897436	4297.30769238	4229.10256404	4332.05128219	4230.38461532	
4178.46153833	4107.82051255	4138.33333313	4074.35897402	4161.28205108	4185.12820499	4201.92307686	4216.15384609	4229.74358968	4239.48717949	4277.05128212	4215.51282045	4314.10256425	4221.53846147	
4173.07692294	4087.30769196	4129.99999973	4066.79487138	4158.84615364	4183.58974345	4201.02564096	4219.74358968	4221.92307686	4232.82051275	4265.38461539	4208.4615384	4298.07692315	4213.97435891	
4179.99999986	4104.10256383	4136.02564082	4081.02564068	4159.35897415	4192.30769217	4208.84615378	4229.35897429	4225.51282045	4245.0	4272.05128212	4209.10256404	4310.00000014	4214.74358968	
4190.12820499	4126.66666639	4143.71794851	4090.89743555	4162.56410236	4201.02564096	4218.58974352	4233.71794865	4234.74358975	4250.12820513	4277.82051289	4215.12820506	4318.84615399	4222.43589737	
4191.92307679	4116.02564075	4146.28205108	4084.23076889	4161.15384595	4193.46153833	4213.58974352	4231.79487173	4235.38461539	4239.48717949	4275.1282052	4219.48717942	4306.1538463	4224.74358968	
4187.82051269	4101.02564068	4145.38461518	4084.23076889	4158.205128	4182.69230756	4198.58974345	4216.92307686	4226.79487173	4228.71794865	4269.35897443	4219.61538455	4297.56410264	4219.87179481	
4186.5384614	4110.25640998	4144.23076903	4102.43589709	4160.51282031	4184.61538448	4191.5384614	4205.7692307	4224.35897429	4233.4615384	4268.58974366	4217.17948711	4298.71794879	4216.02564096	
4186.79487166	4114.48717921	4142.69230749	4099.7435894	4162.17948697	4185.89743576	4190.64102551	4212.94871788	4230.89743583	4237.82051282	4265.0	4212.17948711	4296.0256411	4217.17948711	
4187.17948704	4105.38461511	4143.07692287	4078.20512786	4162.82051262	4183.3333332	4186.92307679	4216.92307686	4230.89743583	4229.23076917	4260.25641026	4206.6666666	4287.17948725	4215.89743583	
4186.92307679	4112.56410229	4145.89743569	4082.43589709	4157.05128185	4183.97435884	4185.89743576	4204.10256404	4220.25641019	4223.84615378	4265.0	4205.7692307	4281.66666674	4209.87179481	
4186.5384614	4123.9743587	4147.56410236	4103.33333306	4159.9999998	4184.99999986	4188.3333332	4198.84615371	4212.94871788	4229.48717942	4272.69230777	4210.38461532	4286.53846161	4211.02564096	
4185.25641012	4112.69230742	4143.33333313	4106.41025614	4169.87179474	4179.2307691	4188.20512807	4208.07692301	4214.23076917	4229.61538455	4266.66666674	4211.6666666	4284.2307693	4215.7692307	
4184.99999986	4104.99999973	4137.82051262	4093.33333299	4157.56410236	4174.87179474	4189.99999986	4214.48717942	4216.6666666	4220.38461532	4251.15384616	4203.33333327	4276.15384623	4212.94871788	
4178.58974345	4110.51282024	4132.94871767	4085.76923043	4146.02564082	4174.74358961	4192.82051269	4211.6666666	4213.4615384	4217.69230763	4242.56410257	4190.89743576	4272.30769238	4202.82051275	
4171.41025628	4101.53846119	4127.82051255	4089.87179453	4156.79487159	4173.97435884	4193.46153833	4203.71794865	4204.10256404	4217.17948711	4242.30769231	4186.41025628	4268.71794879	4196.41025628	
4178.71794858	4103.46153819	4134.35897408	4100.6410253	4160.89743569	4177.56410243	4193.71794858	4202.82051275	4205.89743583	4214.48717942	4246.92307693	4200.12820499	4268.07692315	4202.30769224	
4187.94871781	4126.92307665	4145.38461518	4106.15384588	4154.74358954	4180.12820499	4190.89743576	4204.61538455	4216.28205122	4218.58974352	4249.35897436	4210.12820506	4266.66666674	4205.38461532	
4189.10256397	4129.74358947	4148.71794851	4109.99999973	4163.33333313	4173.46153833	4183.71794858	4200.51282038	4215.25641019	4219.99999993	4246.92307693	4202.69230763	4264.48717949	4199.61538448	
4189.74358961	4119.35897408	4151.92307672	4119.23076896	4176.92307679	4168.46153833	4180.89743576	4198.20512807	4207.69230763	4215.89743583	4250.12820513	4199.48717935	4271.66666674	4201.6666666	
4192.05128192	4122.94871767	4149.9999998	4121.02564075	4173.07692294	4174.48717935	4187.17948704	4202.82051275	4204.61538455	4216.53846147	4253.07692308	4201.79487173	4271.28205136	4206.92307686	
4188.71794858	4126.02564075	4141.92307672	4119.35897408	4166.02564082	4177.69230756	4192.17948704	4204.10256404	4208.07692301	4218.07692301	4245.76923077	4199.87179474	4257.05128206	4203.97435891	
4187.94871781	4119.61538434	4143.33333313	4119.99999973	4164.9999998	4172.56410243	4190.64102551	4199.48717935	4209.35897429	4215.64102558	4246.15384616	4203.97435891	4257.82051282	4201.53846147	
4193.3333332	4120.89743562	4149.61538441	4114.35897408	4164.87179467	4169.74358961	4187.17948704	4199.35897422	4204.10256404	4214.61538455	4258.58974359	4209.48717942	4261.92307693	4202.30769224	
4193.97435884	4125.89743562	4148.33333313	4105.89743562	4162.3076921	4172.17948704	4187.4358973	4202.05128199	4208.20512814	4215.89743583	4257.56410257	4204.61538455	4259.87179488	4202.5641025	
4186.15384602	4121.02564075	4138.58974339	4102.30769196	4162.69230749	4173.46153833	4187.69230756	4200.25641012	4216.79487173	4211.02564096	4234.61538462	4190.51282038	4258.20512821	4201.15384609	
4179.74358961	4114.48717921	4131.53846126	4102.17948684	4166.79487159	4169.48717935	4183.3333332	4195.76923063	4208.71794865	4205.89743583	4223.20512814	4182.4358973	4242.30769231	4191.79487166	
4184.2307691	4121.02564075	4137.56410236	4108.71794844	4165.12820492	4170.12820499	4183.20512807	4196.5384614	4199.74358961	4212.69230763	4235.64102564	4189.87179474	4233.84615385	4188.97435884	
4186.41025628	4125.89743562	4142.94871774	4112.17948691	4158.71794851	4173.46153833	4184.48717935	4199.99999986	4205.7692307	4219.61538455	4241.7948718	4193.46153833	4250.25641026	4197.56410243	
4183.84615371	4120.64102537	4139.87179467	4107.43589716	4163.46153826	4171.79487166	4182.56410243	4200.76923063	4209.23076917	4217.43589737	4232.82051275	4188.71794858	4263.46153847	4198.46153833	
4182.94871781	4120.25640998	4140.12820492	4121.41025614	4176.92307679	4172.94871781	4184.87179474	4201.41025634	4211.15384609	4217.17948711	4231.28205122	4191.15384602	4258.07692308	4196.02564089	
4183.3333332	4123.71794844	4142.05128185	4137.43589723	4174.99999986	4180.76923063	4188.58974345	4202.43589737	4217.30769224	4221.92307686	4242.05128206	4191.79487166	4247.94871795	4193.58974345	
4181.5384614	4124.23076896	4138.205128	4123.20512793	4163.97435877	4181.15384602	4187.82051269	4202.05128199	4213.71794865	4212.17948711	4241.41025641	4183.84615371	4240.51282052	4187.56410243	
4185.64102551	4126.15384588	4140.38461518	4111.41025614	4167.05128185	4174.2307691	4185.76923063	4199.48717935	4204.74358968	4199.87179474	4228.58974352	4184.35897422	4243.58974359	4191.41025628	
4194.48717935	4122.82051255	4150.64102544	4118.9743587	4181.02564089	4176.41025628	4184.35897422	4197.94871781	4206.28205122	4204.74358968	4228.4615384	4190.76923063	4249.87179488	4200.25641012	
4195.64102551	4123.20512793	4152.69230749	4126.28205101	4188.84615371	4183.97435884	4185.38461525	4200.51282038	4211.53846147	4206.41025634	4232.05128199	4189.74358961	4247.43589744	4195.12820499	
4192.94871781	4136.15384595	4148.07692287	4127.05128178	4183.3333332	4187.30769217	4188.07692294	4195.38461525	4205.64102558	4194.99999986	4224.35897429	4187.4358973	4243.46153847	4186.15384602	
4186.5384614	4130.7692305	4140.51282031	4119.74358947	4178.84615371	4182.82051269	4185.89743576	4186.28205115	4196.15384602	4191.15384602	4217.30769224	4183.46153833	4230.7692307	4183.97435884	
4185.51282038	4117.94871767	4137.3076921	4114.10256383	4173.84615371	4175.76923063	4189.10256397	4194.48717935	4203.20512814	4201.79487173	4217.43589737	4178.20512807	4224.23076917	4186.92307679	
4192.17948704	4125.89743562	4145.51282031	4122.94871767	4165.51282031	4178.3333332	4197.56410243	4206.53846147	4218.20512814	4214.61538455	4220.64102558	4186.66666653	4244.74358975	4197.4358973	
4193.71794858	4135.25640998	4153.58974339	4127.30769203	4172.30769217	4183.97435884	4192.56410243	4205.51282045	4217.82051275	4218.97435891	4228.58974352	4196.66666653	4260.51282052	4204.74358968	
4194.99999986	4130.12820485	4152.82051262	4122.05128178	4186.66666653	4175.64102551	4181.02564089	4200.51282038	4205.64102558	4211.15384609	4233.20512814	4192.17948704	4251.7948718	4199.99999986	
4195.25641012	4130.64102537	4148.97435877	4133.33333306	4182.30769217	4168.07692287	4182.05128192	4196.15384602	4200.89743576	4203.07692301	4227.94871788	4188.46153833	4244.61538462	4193.84615371	
4191.15384602	4141.41025621	4147.82051262	4137.43589723	4171.79487166	4173.07692294	4187.17948704	4189.10256397	4202.05128199	4197.94871781	4219.10256404	4188.46153833	4240.8974359	4189.87179474	
4191.15384602	4141.92307672	4149.1025639	4125.7692305	4176.28205115	4173.46153833	4181.5384614	4187.94871781	4200.76923063	4188.46153833	4215.25641019	4183.58974345	4228.71794865	4184.61538448	
4193.84615371	4130.7692305	4146.53846133	4128.58974332	4181.02564089	4168.84615371	4176.02564089	4186.28205115	4195.89743576	4183.3333332	4214.35897429	4176.41025628	4224.74358968	4180.51282038	
4186.28205115	4125.38461511	4141.41025621	4136.41025621	4175.76923063	4164.1025639	4170.89743576	4172.4358973	4182.94871781	4175.89743576	4207.17948711	4169.48717935	4222.82051275	4174.87179474	
4181.28205115	4127.17948691	4141.02564082	4135.38461518	4170.38461525	4153.84615364	4162.69230749	4163.71794851	4175.89743576	4164.48717928	4200.89743576	4165.12820492	4210.12820506	4170.25641012	
4185.76923063	4124.8717946	4143.71794851	4136.53846133	4165.64102544	4153.07692287	4162.3076921	4168.58974345	4185.12820499	4165.12820492	4196.28205115	4164.61538441	4204.35897429	4169.99999986	
4186.15384602	4126.92307665	4141.41025621	4137.94871774	4162.69230749	4162.82051262	4164.9999998	4171.92307679	4189.61538448	4170.76923063	4187.82051269	4166.41025621	4211.28205122	4170.76923063	
4183.20512807	4136.28205108	4137.82051262	4137.43589723	4166.15384595	4162.3076921	4162.82051262	4168.97435884	4179.35897422	4171.41025628	4190.76923063	4168.97435884	4215.7692307	4169.74358961	
4186.02564089	4138.46153826	4142.05128185	4139.61538441	4178.07692294	4159.23076903	4163.97435877	4174.2307691	4182.69230756	4172.4358973	4195.51282038	4164.61538441	4212.43589737	4169.74358961	
4189.61538448	4139.23076903	4146.15384595	4138.58974339	4184.99999986	4166.15384595	4170.64102551	4186.15384602	4196.92307679	4171.15384602	4183.46153833	4163.46153826	4214.23076917	4173.07692294	
4189.35897422	4140.64102544	4143.33333313	4134.61538434	4175.64102551	4170.64102551	4170.38461525	4184.2307691	4194.35897422	4173.46153833	4183.07692294	4172.05128192	4219.23076917	4173.46153833	
4189.10256397	4136.53846133	4143.46153826	4139.35897415	4170.12820499	4168.3333332	4166.53846133	4174.10256397	4184.99999986	4178.84615371	4204.48717942	4175.51282038	4216.53846147	4170.51282038	
4190.51282038	4137.3076921	4147.56410236	4150.12820492	4183.46153833	4169.35897422	4168.84615371	4172.05128192	4185.38461525	4174.99999986	4203.4615384	4174.2307691	4214.61538455	4172.17948704	
4192.56410243	4142.69230749	4150.51282031	4154.74358954	4193.97435884	4169.74358961	4168.07692287	4172.94871781	4187.17948704	4171.5384614	4183.97435884	4175.76923063	4216.6666666	4176.15384602	
4197.94871781	4144.35897415	4157.82051262	4150.38461518	4183.97435884	4167.17948697	4167.82051262	4170.38461525	4186.5384614	4174.2307691	4188.71794858	4178.97435884	4217.5641025	4174.61538448	
4203.4615384	4152.43589723	4163.71794851	4152.69230749	4173.58974345	4168.84615371	4172.05128192	4171.92307679	4188.58974345	4172.82051269	4202.17948711	4179.74358961	4210.12820506	4171.28205115	
4202.82051275	4158.58974339	4156.28205108	4165.51282031	4177.82051269	4168.3333332	4172.30769217	4172.05128192	4185.38461525	4169.10256397	4194.2307691	4175.12820499	4198.84615371	4167.56410236	
4195.64102551	4147.43589723	4149.23076903	4169.35897422	4184.74358961	4167.43589723	4169.10256397	4167.94871774	4179.48717935	4165.51282031	4176.28205115	4163.205128	4193.71794858	4159.61538441	
4189.74358961	4137.05128185	4150.12820492	4164.48717928	4190.25641012	4169.2307691	4168.07692287	4168.07692287	4183.71794858	4168.71794858	4179.10256397	4157.17948697	4201.02564096	4157.3076921	
4192.94871781	4153.58974339	4153.205128	4155.76923056	4190.51282038	4171.5384614	4168.46153833	4171.5384614	4187.05128192	4178.3333332	4197.94871781	4168.07692287	4211.28205122	4166.28205108	
4202.5641025	4169.99999986	4156.92307672	4150.51282031	4179.87179474	4171.5384614	4169.10256397	4176.79487166	4188.46153833	4174.99999986	4200.25641012	4178.46153833	4211.53846147	4171.41025628	
4202.82051275	4156.15384595	4159.1025639	4163.84615364	4175.64102551	4168.20512807	4168.84615371	4178.3333332	4188.97435884	4170.38461525	4179.35897422	4174.87179474	4214.99999993	4170.76923063	
4197.05128192	4136.53846133	4157.82051262	4170.25641012	4185.89743576	4166.53846133	4167.43589723	4173.3333332	4184.74358961	4182.69230756	4173.58974345	4171.02564089	4217.43589737	4172.17948704	
4196.79487166	4140.38461518	4157.05128185	4154.74358954	4187.4358973	4169.74358961	4170.64102551	4176.79487166	4187.17948704	4186.02564089	4198.20512807	4174.10256397	4207.69230763	4172.30769217	
4200.89743576	4148.97435877	4160.64102544	4147.82051262	4179.48717935	4171.92307679	4176.15384602	4187.30769217	4195.25641012	4176.66666653	4205.51282045	4176.02564089	4204.35897429	4171.79487166	
4202.05128199	4145.51282031	4162.05128185	4161.15384595	4176.28205115	4168.97435884	4173.84615371	4184.74358961	4189.35897422	4178.20512807	4187.05128192	4177.82051269	4219.74358968	4173.58974345	
4201.53846147	4147.69230749	4160.76923056	4170.76923063	4177.4358973	4168.07692287	4170.12820499	4173.71794858	4174.74358961	4176.79487166	4179.10256397	4174.99999986	4220.64102558	4172.30769217	
4203.4615384	4156.41025621	4160.76923056	4161.92307672	4180.89743576	4164.74358954	4169.35897422	4164.61538441	4172.05128192	4157.17948697	4182.05128192	4164.87179467	4197.17948704	4162.94871774	
4203.07692301	4155.25641005	4159.61538441	4155.64102544	4182.82051269	4156.79487159	4164.35897415	4158.46153826	4172.17948704	4148.71794851	4182.94871781	4160.51282031	4188.97435884	4153.33333313	
4199.74358961	4153.58974339	4155.51282031	4163.97435877	4178.71794858	4155.89743569	4160.89743569	4159.9999998	4167.69230749	4160.64102544	4182.94871781	4162.94871774	4198.20512807	4152.56410236	
4198.07692294	4152.43589723	4153.58974339	4167.05128185	4173.46153833	4161.02564082	4164.74358954	4171.92307679	4175.38461525	4170.64102551	4180.76923063	4169.61538448	4209.10256404	4162.43589723	
4202.82051275	4142.43589723	4158.33333313	4162.3076921	4175.25641012	4162.56410236	4170.51282038	4184.35897422	4190.89743576	4172.30769217	4182.56410243	4179.10256397	4218.20512814	4173.58974345	
4207.82051275	4143.46153826	4166.28205108	4166.02564082	4177.69230756	4159.23076903	4171.79487166	4187.69230756	4193.07692294	4172.94871781	4192.05128192	4180.51282038	4216.28205122	4171.79487166	
4199.35897422	4153.07692287	4160.12820492	4161.28205108	4171.5384614	4154.23076903	4168.97435884	4184.48717935	4185.12820499	4172.30769217	4184.87179474	4169.74358961	4203.84615378	4165.76923056	
4188.97435884	4143.33333313	4144.1025639	4149.74358954	4161.41025621	4151.41025621	4167.43589723	4179.87179474	4185.64102551	4169.48717935	4174.48717935	4164.48717928	4198.97435884	4166.41025621	
4192.56410243	4138.205128	4146.28205108	4158.97435877	4163.84615364	4155.12820492	4169.61538448	4175.51282038	4186.28205115	4169.48717935	4184.2307691	4174.10256397	4207.05128199	4171.02564089	
4199.87179474	4147.3076921	4156.15384595	4167.3076921	4170.76923063	4155.89743569	4167.05128185	4171.5384614	4178.20512807	4168.20512807	4182.17948704	4176.5384614	4207.5641025	4171.15384602	
4199.10256397	4145.25641005	4155.76923056	4161.79487159	4166.53846133	4152.69230749	4157.82051262	4163.33333313	4173.3333332	4166.41025621	4170.51282038	4172.05128192	4199.61538448	4163.46153826	
4195.89743576	4143.97435877	4155.89743569	4167.94871774	4169.61538448	4153.58974339	4153.33333313	4156.66666646	4174.10256397	4165.76923056	4179.61538448	4171.41025628	4190.25641012	4156.53846133	
4198.71794858	4158.58974339	4157.94871774	4176.02564089	4171.79487166	4153.97435877	4156.15384595	4156.41025621	4173.58974345	4158.33333313	4185.76923063	4170.64102551	4191.41025628	4157.56410236	
4199.87179474	4160.64102544	4155.64102544	4169.74358961	4164.87179467	4156.02564082	4159.1025639	4158.07692287	4171.28205115	4153.71794851	4171.66666653	4167.17948697	4194.61538448	4160.51282031	
4188.84615371	4139.61538441	4144.87179467	4157.56410236	4165.38461518	4158.33333313	4154.87179467	4159.23076903	4170.38461525	4152.3076921	4162.69230749	4159.9999998	4188.07692294	4154.61538441	
4181.02564089	4127.17948691	4139.23076903	4153.46153826	4171.02564089	4154.35897415	4152.05128185	4165.89743569	4176.41025628	4149.9999998	4169.61538448	4158.58974339	4189.87179474	4150.76923056	
4194.99999986	4144.74358954	4151.79487159	4155.89743569	4168.97435884	4152.56410236	4159.48717928	4172.82051269	4187.17948704	4159.1025639	4179.35897422	4169.99999986	4199.2307691	4160.76923056	
4207.43589737	4163.205128	4161.92307672	4155.64102544	4166.53846133	4156.02564082	4163.71794851	4172.69230756	4190.12820499	4174.35897422	4187.82051269	4177.30769217	4203.58974352	4171.02564089	
4196.92307679	4154.87179467	4152.82051262	4161.79487159	4168.58974345	4156.02564082	4156.79487159	4171.02564089	4183.71794858	4172.94871781	4188.07692294	4169.48717935	4199.61538448	4167.56410236	
4196.92307679	4154.87179467	4152.82051262	4161.79487159	4168.58974345	4156.02564082	4156.79487159	4171.02564089	4183.71794858	4172.94871781	4188.07692294	4169.48717935	4199.61538448	4167.56410236	
4184.61538448	4138.97435877	4143.33333313	4169.87179474	4166.28205108	4151.15384595	4152.43589723	4164.48717928	4174.99999986	4154.61538441	4170.25641012	4158.07692287	4186.41025628	4156.28205108	
4184.10256397	4135.89743569	4141.15384595	4161.28205108	4163.07692287	4151.15384595	4153.84615364	4151.53846133	4165.64102544	4141.53846133	4155.38461518	4154.48717928	4169.99999986	4145.25641005	
4183.58974345	4139.48717928	4138.07692287	4150.64102544	4161.41025621	4150.12820492	4148.84615364	4143.33333313	4159.1025639	4138.07692287	4162.94871774	4153.33333313	4165.12820492	4139.9999998	
4184.99999986	4144.61538441	4142.05128185	4154.87179467	4169.87179474	4143.71794851	4142.56410236	4138.84615364	4155.64102544	4138.07692287	4172.82051269	4153.46153826	4167.43589723	4145.25641005	
4192.30769217	4142.05128185	4149.61538441	4162.69230749	4182.05128192	4142.94871774	4144.87179467	4141.92307672	4157.82051262	4140.89743569	4164.35897415	4158.71794851	4169.2307691	4153.58974339	
4200.89743576	4150.51282031	4155.76923056	4167.94871774	4176.5384614	4151.79487159	4156.92307672	4158.205128	4174.10256397	4149.48717928	4161.92307672	4168.97435884	4179.10256397	4158.84615364	
4208.07692301	4173.46153833	4164.74358954	4173.71794858	4169.35897422	4158.58974339	4169.10256397	4173.3333332	4190.38461525	4167.43589723	4180.64102551	4179.99999986	4195.51282038	4168.58974345	
4203.97435891	4164.23076903	4163.07692287	4168.97435884	4173.58974345	4155.76923056	4170.64102551	4180.12820499	4190.76923063	4184.74358961	4197.4358973	4186.66666653	4208.97435891	4176.66666653	
4195.89743576	4137.3076921	4157.17948697	4159.35897415	4174.10256397	4153.58974339	4168.46153833	4184.10256397	4189.74358961	4192.4358973	4204.35897429	4187.4358973	4210.38461532	4173.84615371	
4201.15384609	4147.56410236	4165.12820492	4161.02564082	4174.87179474	4154.87179467	4168.97435884	4181.79487166	4195.25641012	4183.71794858	4199.35897422	4188.3333332	4202.69230763	4172.69230756	
4209.87179481	4166.66666646	4173.07692294	4172.30769217	4185.64102551	4157.17948697	4169.48717935	4174.48717935	4192.17948704	4171.28205115	4190.89743576	4188.07692294	4199.10256397	4175.76923063	
4203.33333327	4152.43589723	4165.51282031	4174.87179474	4189.48717935	4157.3076921	4166.92307672	4166.53846133	4181.28205115	4171.79487166	4181.92307679	4177.82051269	4194.74358961	4168.20512807	
4190.25641012	4138.97435877	4151.92307672	4160.38461518	4177.94871781	4154.35897415	4163.71794851	4159.23076903	4177.56410243	4166.53846133	4173.20512807	4169.35897422	4181.41025628	4155.51282031	
4189.2307691	4152.17948697	4147.05128185	4151.41025621	4169.74358961	4153.84615364	4160.51282031	4153.71794851	4174.99999986	4149.9999998	4168.07692287	4170.76923063	4173.20512807	4150.89743569	
4197.30769217	4167.05128185	4153.07692287	4162.17948697	4175.12820499	4154.48717928	4156.15384595	4154.61538441	4170.25641012	4151.28205108	4168.71794858	4168.97435884	4182.69230756	4153.97435877	
4202.05128199	4161.41025621	4159.87179467	4175.64102551	4186.5384614	4152.69230749	4158.84615364	4159.23076903	4171.92307679	4168.20512807	4180.64102551	4168.3333332	4189.87179474	4159.87179467	
4203.20512814	4150.25641005	4162.3076921	4173.71794858	4186.28205115	4156.53846133	4168.71794858	4168.3333332	4182.17948704	4170.38461525	4189.87179474	4178.07692294	4181.02564089	4166.02564082	
4206.53846147	4157.17948697	4167.17948697	4169.87179474	4179.61538448	4165.64102544	4175.12820499	4182.17948704	4194.35897422	4174.87179474	4190.89743576	4187.69230756	4190.51282038	4172.69230756	
4206.92307686	4160.25641005	4166.53846133	4170.51282038	4179.99999986	4164.87179467	4171.15384602	4183.3333332	4194.61538448	4185.89743576	4190.25641012	4187.56410243	4214.48717942	4177.56410243	
4204.61538455	4156.28205108	4162.3076921	4170.64102551	4176.15384602	4156.79487159	4166.79487159	4172.30769217	4183.46153833	4177.56410243	4193.97435884	4184.99999986	4206.15384609	4176.15384602	
4205.89743583	4157.17948697	4165.64102544	4170.89743576	4169.48717935	4155.38461518	4168.46153833	4168.46153833	4183.84615371	4170.64102551	4193.97435884	4184.87179474	4185.25641012	4173.58974345	
4203.84615378	4151.15384595	4161.28205108	4161.79487159	4173.20512807	4156.28205108	4165.25641005	4172.30769217	4187.56410243	4174.74358961	4179.74358961	4180.25641012	4179.87179474	4170.51282038	
4196.66666653	4145.38461518	4149.48717928	4150.25641005	4179.10256397	4155.38461518	4160.51282031	4169.87179474	4174.35897422	4161.41025621	4164.87179467	4168.3333332	4173.46153833	4161.79487159	
4194.48717935	4149.35897415	4145.12820492	4150.76923056	4167.05128185	4153.84615364	4164.74358954	4165.51282031	4169.61538448	4145.64102544	4164.61538441	4161.02564082	4169.87179474	4154.87179467	
4196.15384602	4147.3076921	4144.35897415	4155.25641005	4153.97435877	4156.02564082	4171.79487166	4171.02564089	4183.20512807	4153.33333313	4172.56410243	4164.48717928	4171.92307679	4153.71794851	
4187.56410243	4135.51282031	4138.58974339	4153.33333313	4168.3333332	4155.89743569	4165.25641005	4169.2307691	4180.38461525	4151.41025621	4161.66666646	4159.1025639	4158.07692287	4150.76923056	
4174.2307691	4128.84615357	4135.76923056	4154.48717928	4184.35897422	4147.43589723	4153.07692287	4154.1025639	4161.15384595	4137.43589723	4148.71794851	4147.69230749	4144.61538441	4145.89743569	
4178.20512807	4136.28205108	4142.82051262	4156.53846133	4175.38461525	4145.38461518	4153.97435877	4151.28205108	4167.17948697	4142.82051262	4159.23076903	4155.76923056	4157.05128185	4148.84615364	
4194.48717935	4154.23076903	4148.46153826	4148.07692287	4166.28205108	4154.74358954	4160.12820492	4165.51282031	4184.87179474	4155.64102544	4171.79487166	4173.97435884	4176.92307679	4158.58974339	
4201.92307686	4164.48717928	4155.89743569	4157.43589723	4178.3333332	4156.02564082	4160.51282031	4169.74358961	4178.20512807	4162.3076921	4176.28205115	4182.05128192	4186.92307679	4168.07692287	
4202.69230763	4156.92307672	4165.89743569	4181.02564089	4191.5384614	4151.02564082	4157.94871774	4163.33333313	4170.51282038	4172.17948704	4181.92307679	4180.25641012	4188.07692294	4172.17948704	
4204.74358968	4152.43589723	4166.79487159	4176.28205115	4187.05128192	4152.94871774	4156.41025621	4164.9999998	4179.99999986	4171.92307679	4183.84615371	4178.71794858	4184.61538448	4169.61538448	
4205.25641019	4160.38461518	4164.1025639	4161.41025621	4180.25641012	4156.28205108	4159.1025639	4169.35897422	4187.17948704	4161.53846133	4174.87179474	4180.76923063	4185.12820499	4168.07692287	
4203.97435891	4162.94871774	4162.3076921	4165.64102544	4183.71794858	4155.51282031	4165.64102544	4174.10256397	4183.07692294	4163.46153826	4167.56410236	4178.97435884	4186.92307679	4171.02564089	
4199.99999986	4147.69230749	4153.07692287	4160.38461518	4182.4358973	4156.79487159	4168.97435884	4179.48717935	4183.84615371	4170.12820499	4169.35897422	4170.12820499	4177.69230756	4169.35897422	
4196.02564089	4139.23076903	4148.58974339	4150.64102544	4178.07692294	4158.205128	4168.97435884	4177.4358973	4187.56410243	4168.07692287	4175.12820499	4164.9999998	4159.23076903	4158.58974339	
4192.56410243	4149.1025639	4151.92307672	4162.69230749	4179.74358961	4156.79487159	4167.69230749	4170.38461525	4180.12820499	4163.71794851	4168.84615371	4160.89743569	4141.79487159	4150.64102544	
4193.20512807	4152.56410236	4149.23076903	4166.28205108	4182.05128192	4155.64102544	4166.15384595	4168.97435884	4170.89743576	4155.76923056	4151.02564082	4157.43589723	4136.92307672	4151.15384595	
4198.84615371	4153.07692287	4150.64102544	4154.23076903	4177.69230756	4155.51282031	4163.46153826	4169.61538448	4169.35897422	4151.41025621	4156.79487159	4167.05128185	4148.58974339	4155.38461518	
4200.25641012	4155.89743569	4155.64102544	4157.94871774	4178.46153833	4152.05128185	4158.07692287	4163.07692287	4171.02564089	4158.58974339	4174.74358961	4172.17948704	4158.97435877	4159.1025639	
4197.30769217	4150.76923056	4154.61538441	4168.20512807	4183.84615371	4147.82051262	4153.46153826	4158.58974339	4168.97435884	4167.56410236	4169.99999986	4165.89743569	4156.02564082	4158.46153826	
4200.12820499	4153.07692287	4160.38461518	4171.15384602	4177.30769217	4152.17948697	4154.74358954	4162.3076921	4170.12820499	4172.69230756	4165.12820492	4170.64102551	4153.33333313	4157.56410236	
4202.82051275	4163.205128	4166.28205108	4173.20512807	4175.89743576	4157.3076921	4155.38461518	4161.66666646	4171.15384602	4167.69230749	4170.76923063	4173.07692294	4151.92307672	4156.92307672	
4198.58974345	4160.51282031	4154.74358954	4172.56410243	4190.76923063	4153.07692287	4151.28205108	4149.9999998	4164.61538441	4155.25641005	4160.38461518	4155.89743569	4138.84615364	4150.38461518	
4198.07692294	4152.94871774	4145.76923056	4169.35897422	4196.28205115	4150.64102544	4151.15384595	4147.17948697	4163.97435877	4150.64102544	4147.56410236	4150.12820492	4130.89743562	4147.69230749	
4200.51282038	4153.71794851	4154.23076903	4165.51282031	4181.02564089	4154.61538441	4154.61538441	4160.38461518	4174.74358961	4159.1025639	4163.46153826	4165.12820492	4143.84615364	4155.38461518	
4200.12820499	4157.69230749	4161.41025621	4168.20512807	4176.5384614	4156.53846133	4156.92307672	4169.35897422	4180.12820499	4168.3333332	4181.79487166	4174.10256397	4156.28205108	4161.66666646	
4206.6666666	4166.02564082	4163.97435877	4176.02564089	4188.46153833	4156.02564082	4157.69230749	4169.61538448	4177.05128192	4169.87179474	4176.15384602	4175.12820499	4156.53846133	4162.69230749	
4207.94871788	4165.51282031	4163.33333313	4174.48717935	4192.94871781	4154.61538441	4155.89743569	4166.53846133	4176.28205115	4169.87179474	4169.61538448	4174.10256397	4155.25641005	4160.89743569	
4198.07692294	4149.74358954	4159.35897415	4168.71794858	4187.17948704	4152.94871774	4154.35897415	4165.51282031	4175.51282038	4167.3076921	4172.4358973	4165.89743569	4155.25641005	4154.87179467	
4197.94871781	4149.1025639	4159.35897415	4168.84615371	4180.12820499	4151.02564082	4154.23076903	4167.3076921	4171.02564089	4166.15384595	4169.48717935	4163.71794851	4156.53846133	4155.76923056	
4202.43589737	4163.46153826	4160.12820492	4166.53846133	4184.2307691	4152.94871774	4155.64102544	4168.58974345	4175.76923063	4174.35897422	4167.56410236	4172.30769217	4158.97435877	4161.66666646	
4194.87179474	4157.69230749	4151.41025621	4162.43589723	4187.56410243	4155.38461518	4157.17948697	4169.87179474	4186.66666653	4183.97435884	4172.17948704	4169.74358961	4154.87179467	4156.53846133	
4192.05128192	4147.82051262	4147.69230749	4165.51282031	4183.20512807	4154.48717928	4158.33333313	4169.61538448	4185.25641012	4183.07692294	4171.5384614	4159.9999998	4147.94871774	4151.53846133	
4204.87179481	4162.69230749	4159.9999998	4169.10256397	4187.56410243	4154.1025639	4162.43589723	4168.58974345	4180.51282038	4181.5384614	4171.66666653	4169.35897422	4155.89743569	4162.94871774	
4214.74358968	4171.92307679	4169.87179474	4174.99999986	4194.48717935	4155.64102544	4168.20512807	4169.48717935	4184.74358961	4186.02564089	4183.20512807	4184.74358961	4168.97435884	4173.84615371	
4217.05128199	4165.51282031	4173.58974345	4185.64102551	4185.51282038	4154.87179467	4170.25641012	4178.71794858	4190.38461525	4183.3333332	4187.05128192	4182.69230756	4171.02564089	4174.10256397	
4218.07692301	4169.35897422	4173.20512807	4186.92307679	4180.12820499	4156.15384595	4169.35897422	4184.99999986	4189.10256397	4182.4358973	4178.20512807	4179.2307691	4165.25641005	4170.64102551	
4212.5641025	4166.92307672	4165.51282031	4182.69230756	4191.66666653	4160.38461518	4169.2307691	4180.12820499	4185.12820499	4185.12820499	4177.05128192	4181.41025628	4162.17948697	4163.71794851	
4205.7692307	4157.56410236	4163.58974339	4179.2307691	4195.25641012	4159.74358954	4168.71794858	4176.92307679	4181.66666653	4175.38461525	4178.84615371	4177.30769217	4167.3076921	4162.3076921	
4209.74358968	4166.79487159	4169.10256397	4180.12820499	4183.97435884	4157.82051262	4169.87179474	4175.51282038	4176.66666653	4165.51282031	4179.35897422	4174.74358961	4169.74358961	4165.25641005	
4208.71794865	4167.82051262	4165.38461518	4181.5384614	4179.99999986	4154.9999998	4169.99999986	4169.48717935	4171.15384602	4167.17948697	4178.46153833	4173.71794858	4166.28205108	4162.17948697	
4203.33333327	4151.66666646	4161.53846133	4174.35897422	4187.94871781	4153.07692287	4166.53846133	4167.43589723	4172.82051269	4171.41025628	4181.02564089	4173.84615371	4173.3333332	4161.66666646	
4214.23076917	4158.58974339	4175.64102551	4170.76923063	4188.71794858	4163.33333313	4172.56410243	4175.76923063	4185.38461525	4174.35897422	4192.4358973	4189.10256397	4185.25641012	4172.69230756	
4224.35897429	4180.25641012	4189.35897422	4185.12820499	4181.28205115	4169.10256397	4182.82051269	4179.74358961	4191.5384614	4175.64102551	4199.10256397	4211.02564096	4187.4358973	4182.4358973	
4229.87179481	4187.94871781	4201.53846147	4200.51282038	4186.66666653	4159.48717928	4178.58974345	4172.4358973	4181.5384614	4169.74358961	4195.38461525	4222.17948711	4194.2307691	4185.64102551	
4241.02564103	4192.30769217	4213.58974352	4201.79487173	4196.79487166	4157.43589723	4171.79487166	4171.28205115	4174.74358961	4170.76923063	4197.30769217	4230.89743583	4204.87179481	4191.02564089	
4243.46153847	4197.94871781	4210.38461532	4205.38461532	4191.02564089	4163.33333313	4173.97435884	4177.56410243	4181.02564089	4184.87179474	4213.58974352	4236.28205129	4201.15384609	4192.56410243	
4236.28205129	4201.92307686	4208.58974352	4216.41025634	4183.97435884	4159.61538441	4173.3333332	4177.05128192	4188.58974345	4188.97435884	4218.84615378	4231.02564096	4199.35897422	4189.48717935	
4238.84615385	4199.74358961	4212.5641025	4213.20512814	4186.92307679	4156.15384595	4168.58974345	4172.30769217	4185.25641012	4178.3333332	4207.05128199	4226.28205122	4201.02564096	4189.10256397	
4232.94871788	4182.4358973	4196.5384614	4191.41025628	4184.10256397	4157.69230749	4169.74358961	4171.92307679	4174.87179474	4168.07692287	4195.51282038	4215.25641019	4181.41025628	4180.51282038	
4217.30769224	4173.71794858	4180.76923063	4184.2307691	4180.51282038	4159.9999998	4176.79487166	4173.84615371	4174.61538448	4170.76923063	4196.02564089	4197.94871781	4165.51282031	4166.79487159	
4218.4615384	4183.07692294	4187.30769217	4205.89743583	4186.15384602	4169.10256397	4187.69230756	4182.30769217	4186.79487166	4183.3333332	4198.46153833	4197.56410243	4183.97435884	4172.17948704	
4222.05128199	4182.56410243	4189.10256397	4206.15384609	4188.07692294	4174.35897422	4187.82051269	4189.2307691	4192.69230756	4184.87179474	4186.41025628	4202.69230763	4195.12820499	4180.51282038	
4212.17948711	4167.43589723	4175.76923063	4178.97435884	4178.46153833	4164.9999998	4174.99999986	4178.97435884	4185.51282038	4171.41025628	4182.30769217	4187.82051269	4174.61538448	4167.43589723	
4206.15384609	4159.35897415	4167.43589723	4174.61538448	4171.28205115	4155.64102544	4168.3333332	4168.07692287	4177.69230756	4165.25641005	4183.58974345	4173.46153833	4161.92307672	4158.46153826	
4213.33333327	4163.97435877	4168.84615371	4181.15384602	4173.3333332	4154.35897415	4169.61538448	4169.74358961	4173.71794858	4168.71794858	4176.28205115	4175.76923063	4170.76923063	4166.41025621	
4220.38461532	4174.10256397	4174.35897422	4176.66666653	4171.79487166	4157.05128185	4169.99999986	4173.71794858	4177.4358973	4168.20512807	4173.97435884	4182.4358973	4175.76923063	4169.87179474	
4215.64102558	4172.05128192	4174.2307691	4175.25641012	4167.05128185	4159.1025639	4170.12820499	4171.92307679	4183.07692294	4168.71794858	4176.15384602	4181.15384602	4171.5384614	4165.76923056	
4208.07692301	4157.94871774	4167.82051262	4175.38461525	4172.30769217	4155.64102544	4168.46153833	4169.74358961	4181.66666653	4170.76923063	4173.46153833	4173.71794858	4166.41025621	4161.79487159	
4211.92307686	4165.89743569	4173.3333332	4177.17948704	4178.84615371	4154.61538441	4167.3076921	4172.56410243	4182.4358973	4169.99999986	4176.5384614	4177.94871781	4168.07692287	4165.51282031	
4221.02564096	4181.66666653	4184.87179474	4185.76923063	4173.07692294	4162.17948697	4170.89743576	4179.74358961	4188.97435884	4173.84615371	4187.4358973	4192.56410243	4176.5384614	4177.05128192	
4212.05128199	4165.25641005	4171.28205115	4181.28205115	4170.12820499	4165.38461518	4171.28205115	4179.61538448	4185.12820499	4175.25641012	4181.15384602	4184.99999986	4171.79487166	4169.74358961	
4197.30769217	4153.33333313	4156.41025621	4172.69230756	4177.94871781	4164.48717928	4169.99999986	4174.2307691	4179.35897422	4169.99999986	4168.84615371	4163.205128	4157.56410236	4151.79487159	
4199.2307691	4170.12820499	4163.71794851	4176.79487166	4184.35897422	4168.71794858	4176.02564089	4179.48717935	4185.76923063	4170.51282038	4175.25641012	4166.66666646	4168.58974345	4156.02564082	
4206.92307686	4173.20512807	4169.99999986	4170.12820499	4185.12820499	4171.02564089	4177.05128192	4182.4358973	4184.87179474	4172.69230756	4182.69230756	4182.05128192	4185.76923063	4171.28205115	
4214.48717942	4166.28205108	4170.89743576	4173.71794858	4183.84615371	4169.61538448	4172.82051269	4176.5384614	4176.79487166	4172.82051269	4178.97435884	4185.12820499	4180.38461525	4175.51282038	
4219.23076917	4170.38461525	4173.07692294	4190.76923063	4183.46153833	4171.02564089	4176.66666653	4172.82051269	4175.64102551	4170.64102551	4172.94871781	4179.35897422	4164.9999998	4169.35897422	
4213.4615384	4172.56410243	4166.53846133	4179.48717935	4187.30769217	4172.56410243	4182.05128192	4171.5384614	4177.56410243	4163.71794851	4172.17948704	4167.82051262	4156.79487159	4162.3076921	
4211.15384609	4174.87179474	4162.94871774	4172.05128192	4188.97435884	4177.05128192	4182.4358973	4175.38461525	4179.48717935	4165.51282031	4171.92307679	4165.12820492	4163.07692287	4162.43589723	
4219.99999993	4182.05128192	4176.79487166	4189.99999986	4188.71794858	4179.35897422	4181.79487166	4182.05128192	4182.94871781	4174.2307691	4168.20512807	4176.28205115	4174.10256397	4167.94871774	
4221.92307686	4182.17948704	4184.10256397	4193.71794858	4189.2307691	4172.4358973	4178.71794858	4182.56410243	4185.25641012	4171.5384614	4171.66666653	4183.3333332	4170.89743576	4169.48717935	
4213.58974352	4178.20512807	4174.48717935	4183.97435884	4190.64102551	4169.2307691	4173.3333332	4178.71794858	4185.25641012	4168.97435884	4182.4358973	4178.58974345	4165.64102544	4167.82051262	
4211.53846147	4177.94871781	4171.66666653	4182.05128192	4196.79487166	4174.87179474	4175.25641012	4178.46153833	4183.84615371	4174.61538448	4180.25641012	4171.02564089	4171.28205115	4168.58974345	
4214.99999993	4180.64102551	4177.17948704	4184.87179474	4197.56410243	4181.92307679	4183.3333332	4178.84615371	4182.56410243	4171.79487166	4168.3333332	4170.12820499	4173.3333332	4168.3333332	
4216.15384609	4185.12820499	4178.46153833	4189.61538448	4190.25641012	4186.41025628	4187.17948704	4181.15384602	4185.25641012	4167.56410236	4174.2307691	4175.76923063	4168.58974345	4169.35897422	
4218.97435891	4182.17948704	4178.20512807	4186.15384602	4192.05128192	4185.89743576	4184.99999986	4184.2307691	4185.76923063	4175.64102551	4186.5384614	4182.69230756	4168.71794858	4170.12820499	
4221.79487173	4186.02564089	4187.56410243	4186.79487166	4202.94871788	4185.25641012	4183.07692294	4183.84615371	4184.87179474	4186.15384602	4185.12820499	4187.05128192	4178.97435884	4173.3333332	
4224.10256404	4197.17948704	4190.89743576	4203.84615378	4201.15384609	4183.97435884	4184.10256397	4183.20512807	4190.12820499	4186.15384602	4184.61538448	4187.30769217	4190.25641012	4177.69230756	
4224.74358968	4191.79487166	4184.2307691	4204.87179481	4196.92307679	4176.41025628	4182.82051269	4180.38461525	4191.92307679	4175.38461525	4188.71794858	4184.74358961	4180.51282038	4175.51282038	
4226.6666666	4186.5384614	4183.71794858	4184.10256397	4196.02564089	4169.87179474	4181.41025628	4177.82051269	4185.51282038	4167.56410236	4185.64102551	4183.71794858	4169.10256397	4175.38461525	
4234.74358975	4196.79487166	4192.17948704	4184.61538448	4186.92307679	4177.17948704	4183.84615371	4183.20512807	4180.89743576	4173.97435884	4182.30769217	4191.92307679	4182.56410243	4185.12820499	
4240.64102564	4204.99999993	4198.3333332	4200.64102551	4189.10256397	4185.25641012	4185.25641012	4186.66666653	4184.99999986	4185.76923063	4185.38461525	4196.02564089	4186.66666653	4189.74358961	
4236.53846154	4196.5384614	4192.82051269	4192.69230756	4201.15384609	4181.28205115	4184.48717935	4185.38461525	4191.02564089	4184.99999986	4188.3333332	4187.17948704	4170.89743576	4180.76923063	
4227.43589737	4182.94871781	4182.82051269	4180.38461525	4198.3333332	4179.48717935	4184.61538448	4187.56410243	4189.10256397	4174.74358961	4184.35897422	4181.79487166	4169.48717935	4172.56410243	
4219.10256404	4177.82051269	4174.10256397	4181.41025628	4187.4358973	4178.07692294	4184.87179474	4186.92307679	4182.17948704	4165.89743569	4178.71794858	4179.10256397	4173.58974345	4174.87179474	
4221.15384609	4183.58974345	4176.15384602	4178.58974345	4182.56410243	4172.30769217	4184.74358961	4185.25641012	4183.3333332	4168.84615371	4184.10256397	4182.05128192	4174.2307691	4182.30769217	
4228.20512814	4186.28205115	4188.71794858	4173.07692294	4184.10256397	4173.58974345	4184.87179474	4187.17948704	4188.58974345	4178.84615371	4183.71794858	4187.05128192	4179.61538448	4187.4358973	
4225.7692307	4180.76923063	4186.92307679	4179.87179474	4192.4358973	4181.15384602	4184.74358961	4188.20512807	4187.4358973	4179.48717935	4167.43589723	4178.97435884	4173.84615371	4183.58974345	
4218.58974352	4184.87179474	4175.64102551	4186.41025628	4200.76923063	4183.84615371	4184.48717935	4186.79487166	4190.89743576	4175.64102551	4172.30769217	4173.20512807	4167.56410236	4174.74358961	
4221.41025634	4188.20512807	4179.48717935	4185.76923063	4201.79487173	4183.58974345	4184.87179474	4186.28205115	4195.89743576	4180.76923063	4195.38461525	4184.87179474	4177.05128192	4174.48717935	
4229.48717942	4185.89743576	4193.20512807	4189.74358961	4200.89743576	4184.99999986	4184.61538448	4186.15384602	4190.38461525	4188.58974345	4189.10256397	4190.76923063	4180.51282038	4180.38461525	
4229.23076917	4189.61538448	4192.82051269	4186.02564089	4197.94871781	4177.56410243	4182.69230756	4183.20512807	4189.61538448	4181.02564089	4172.4358973	4182.30769217	4178.20512807	4180.51282038	
4227.43589737	4193.07692294	4186.66666653	4184.74358961	4199.35897422	4172.05128192	4181.41025628	4181.28205115	4194.10256397	4174.2307691	4187.82051269	4185.89743576	4183.71794858	4179.99999986	
4230.51282045	4192.17948704	4192.56410243	4194.99999986	4198.46153833	4178.84615371	4182.56410243	4182.82051269	4190.64102551	4183.20512807	4197.69230756	4196.15384602	4185.89743576	4185.38461525	
4231.79487173	4194.35897422	4197.4358973	4187.69230756	4188.07692294	4178.3333332	4184.35897422	4183.71794858	4188.20512807	4186.79487166	4181.79487166	4192.56410243	4182.56410243	4185.64102551	
4226.41025634	4192.69230756	4190.12820499	4173.84615371	4187.05128192	4172.17948704	4186.15384602	4184.87179474	4191.92307679	4177.56410243	4178.3333332	4184.74358961	4180.51282038	4183.84615371	
4225.38461532	4185.51282038	4185.51282038	4180.12820499	4201.15384609	4175.89743576	4186.02564089	4187.17948704	4188.97435884	4174.74358961	4187.05128192	4183.46153833	4180.38461525	4185.89743576	
4231.15384609	4185.12820499	4190.51282038	4193.3333332	4203.97435891	4183.97435884	4182.94871781	4186.92307679	4185.25641012	4182.30769217	4188.3333332	4185.64102551	4182.05128192	4186.02564089	
4232.05128199	4186.15384602	4194.87179474	4191.41025628	4196.15384602	4184.87179474	4181.79487166	4184.48717935	4188.07692294	4184.48717935	4187.4358973	4192.05128192	4184.74358961	4187.30769217	
4230.64102558	4191.66666653	4194.10256397	4179.35897422	4198.46153833	4182.05128192	4185.38461525	4184.48717935	4188.46153833	4183.84615371	4187.94871781	4195.64102551	4180.38461525	4188.84615371	
4225.25641019	4200.51282038	4189.99999986	4175.25641012	4199.2307691	4177.69230756	4181.92307679	4180.38461525	4188.3333332	4182.82051269	4187.17948704	4188.58974345	4175.12820499	4185.25641012	
4217.82051275	4194.61538448	4183.3333332	4185.12820499	4194.10256397	4174.2307691	4172.69230756	4171.28205115	4182.4358973	4175.64102551	4185.38461525	4179.99999986	4173.20512807	4178.84615371	
4212.43589737	4179.2307691	4178.46153833	4184.35897422	4194.48717935	4177.17948704	4168.20512807	4164.48717928	4171.66666653	4165.64102544	4181.5384614	4174.99999986	4166.41025621	4171.28205115	
4218.33333327	4178.58974345	4182.94871781	4171.02564089	4203.97435891	4180.12820499	4169.35897422	4162.69230749	4171.79487166	4170.51282038	4178.58974345	4179.99999986	4165.64102544	4169.35897422	
4226.6666666	4193.3333332	4192.82051269	4182.56410243	4209.87179481	4182.56410243	4176.28205115	4171.15384602	4185.64102551	4186.79487166	4189.10256397	4190.89743576	4173.84615371	4178.3333332	
4221.53846147	4202.82051275	4191.79487166	4196.92307679	4201.92307686	4185.12820499	4182.82051269	4184.74358961	4197.30769217	4188.07692294	4198.97435884	4190.64102551	4178.97435884	4185.64102551	
4217.82051275	4202.82051275	4184.74358961	4188.58974345	4197.56410243	4183.58974345	4185.38461525	4191.02564089	4200.38461525	4188.20512807	4191.79487166	4187.30769217	4179.48717935	4185.38461525	
4223.84615378	4197.69230756	4187.30769217	4184.10256397	4202.69230763	4183.97435884	4186.02564089	4190.51282038	4197.56410243	4196.41025628	4183.58974345	4189.10256397	4177.69230756	4188.20512807	
4224.10256404	4191.02564089	4190.38461525	4184.35897422	4204.99999993	4183.71794858	4186.66666653	4186.66666653	4189.10256397	4191.41025628	4185.12820499	4184.87179474	4173.20512807	4184.99999986	
4218.4615384	4186.5384614	4184.99999986	4180.76923063	4201.02564096	4179.74358961	4186.28205115	4182.94871781	4183.71794858	4178.46153833	4187.69230756	4175.76923063	4164.48717928	4175.12820499	
4219.48717942	4187.17948704	4178.71794858	4181.15384602	4196.41025628	4180.51282038	4185.89743576	4181.79487166	4185.51282038	4177.30769217	4186.28205115	4178.84615371	4160.64102544	4178.71794858	
4218.71794865	4187.56410243	4178.07692294	4183.58974345	4198.71794858	4184.2307691	4185.25641012	4176.92307679	4182.82051269	4174.99999986	4183.46153833	4182.30769217	4153.205128	4182.94871781	
4212.30769224	4183.46153833	4178.58974345	4178.58974345	4200.64102551	4184.10256397	4182.56410243	4165.76923056	4171.5384614	4164.87179467	4173.58974345	4176.66666653	4141.15384595	4171.15384602	
4212.82051275	4193.3333332	4183.3333332	4185.12820499	4200.51282038	4185.64102551	4183.07692294	4163.71794851	4166.92307672	4168.84615371	4169.74358961	4176.02564089	4135.89743569	4165.51282031	
4213.71794865	4199.61538448	4190.76923063	4202.94871788	4208.97435891	4187.82051269	4181.79487166	4168.71794858	4173.07692294	4178.58974345	4181.5384614	4177.4358973	4135.38461518	4171.28205115	
4211.53846147	4189.10256397	4192.4358973	4200.12820499	4216.41025634	4184.61538448	4178.97435884	4174.2307691	4184.48717935	4184.10256397	4186.02564089	4176.5384614	4144.23076903	4176.15384602	
4214.10256404	4191.5384614	4190.25641012	4183.58974345	4207.69230763	4186.92307679	4185.76923063	4185.25641012	4198.46153833	4194.2307691	4186.02564089	4178.46153833	4156.92307672	4180.89743576	
4215.7692307	4197.4358973	4186.15384602	4182.17948704	4196.5384614	4193.3333332	4195.25641012	4192.56410243	4202.43589737	4202.82051275	4192.56410243	4183.07692294	4158.58974339	4185.76923063	
4210.7692307	4185.76923063	4180.12820499	4187.30769217	4203.20512814	4189.74358961	4192.94871781	4189.48717935	4192.69230756	4199.10256397	4193.3333332	4185.76923063	4147.94871774	4182.69230756	
4210.51282045	4181.66666653	4180.25641012	4183.07692294	4212.05128199	4183.71794858	4185.76923063	4185.76923063	4184.99999986	4188.71794858	4185.51282038	4181.5384614	4139.61538441	4174.61538448	
4211.79487173	4190.51282038	4182.17948704	4182.56410243	4209.23076917	4185.38461525	4185.12820499	4185.12820499	4186.5384614	4185.25641012	4177.94871781	4173.58974345	4137.69230749	4172.82051269	
4210.25641019	4184.10256397	4180.64102551	4184.35897422	4202.69230763	4186.15384602	4185.89743576	4180.51282038	4184.99999986	4182.94871781	4174.87179474	4172.69230756	4136.02564082	4178.58974345	
4217.17948711	4187.4358973	4187.56410243	4181.92307679	4199.35897422	4185.12820499	4187.05128192	4178.46153833	4185.12820499	4181.15384602	4181.79487166	4179.99999986	4136.28205108	4185.25641012	
4224.61538455	4205.38461532	4197.30769217	4186.5384614	4202.43589737	4184.87179474	4187.82051269	4182.94871781	4187.82051269	4184.2307691	4184.99999986	4181.15384602	4132.82051255	4187.05128192	
4221.02564096	4196.02564089	4196.66666653	4190.89743576	4209.10256404	4186.28205115	4188.71794858	4183.07692294	4184.87179474	4184.2307691	4171.66666653	4179.48717935	4122.94871767	4179.61538448	
4218.71794865	4178.84615371	4193.3333332	4187.69230756	4213.58974352	4191.28205115	4193.46153833	4181.5384614	4191.79487166	4187.30769217	4171.66666653	4183.3333332	4119.35897408	4173.46153833	
4223.71794865	4190.38461525	4195.76923063	4187.4358973	4214.61538455	4197.4358973	4197.56410243	4184.61538448	4198.97435884	4191.15384602	4189.74358961	4186.02564089	4130.64102537	4179.74358961	
4224.99999993	4202.69230763	4196.28205115	4189.87179474	4216.53846147	4198.97435884	4198.84615371	4187.17948704	4191.41025628	4185.76923063	4189.2307691	4184.87179474	4135.76923056	4185.76923063	
4224.99999993	4202.69230763	4196.28205115	4189.87179474	4216.53846147	4198.97435884	4198.84615371	4187.17948704	4191.41025628	4185.76923063	4189.2307691	4184.87179474	4135.76923056	4185.76923063	
4221.02564096	4194.87179474	4189.99999986	4188.20512807	4212.5641025	4200.25641012	4201.41025634	4186.02564089	4189.2307691	4186.92307679	4176.02564089	4175.64102551	4122.69230742	4178.97435884	
4211.92307686	4183.97435884	4181.15384602	4185.12820499	4202.05128199	4203.71794865	4197.94871781	4184.87179474	4197.94871781	4200.25641012	4176.02564089	4167.43589723	4118.20512793	4169.74358961	
4202.94871788	4169.48717935	4175.25641012	4181.15384602	4198.58974345	4198.71794858	4192.4358973	4191.66666653	4200.76923063	4200.38461525	4182.17948704	4170.89743576	4129.35897408	4171.79487166	
4204.35897429	4167.69230749	4175.51282038	4176.66666653	4201.53846147	4190.12820499	4197.30769217	4197.56410243	4200.12820499	4193.46153833	4184.48717935	4172.4358973	4131.41025614	4176.28205115	
4210.64102558	4189.87179474	4179.61538448	4178.97435884	4206.41025634	4193.07692294	4198.97435884	4191.28205115	4200.38461525	4197.82051269	4183.07692294	4167.69230749	4123.71794844	4173.97435884	
4212.94871788	4196.41025628	4184.2307691	4184.99999986	4207.69230763	4196.28205115	4189.35897422	4184.74358961	4192.82051269	4193.20512807	4181.5384614	4170.76923063	4115.7692305	4174.2307691	
4214.23076917	4181.79487166	4188.71794858	4187.17948704	4200.76923063	4188.3333332	4183.3333332	4184.2307691	4186.15384602	4183.3333332	4181.28205115	4177.56410243	4112.82051255	4177.94871781	
4218.71794865	4182.82051269	4191.79487166	4185.25641012	4199.61538448	4182.82051269	4185.51282038	4182.82051269	4187.17948704	4188.3333332	4182.94871781	4175.51282038	4119.74358947	4179.10256397	
4221.53846147	4190.51282038	4191.92307679	4185.25641012	4202.69230763	4186.02564089	4188.3333332	4180.12820499	4187.30769217	4190.25641012	4183.07692294	4176.02564089	4116.41025614	4180.12820499	
4225.38461532	4190.76923063	4193.84615371	4195.89743576	4199.2307691	4190.25641012	4189.2307691	4183.07692294	4185.25641012	4185.12820499	4176.02564089	4179.87179474	4108.33333306	4183.97435884	
4226.79487173	4196.02564089	4196.79487166	4201.92307686	4206.02564096	4195.38461525	4186.5384614	4182.17948704	4183.71794858	4182.94871781	4170.38461525	4177.56410243	4116.53846126	4185.89743576	
4218.07692301	4192.4358973	4192.56410243	4191.02564089	4215.25641019	4198.84615371	4185.12820499	4171.79487166	4181.66666653	4182.82051269	4175.12820499	4175.12820499	4120.64102537	4180.64102551	
4214.35897429	4182.94871781	4189.48717935	4185.89743576	4203.4615384	4201.28205122	4189.2307691	4172.82051269	4182.30769217	4190.64102551	4185.76923063	4177.05128192	4116.28205101	4175.38461525	
4218.58974352	4187.69230756	4188.84615371	4189.61538448	4197.82051269	4199.10256397	4189.61538448	4180.38461525	4184.87179474	4197.30769217	4185.25641012	4175.51282038	4121.41025614	4174.87179474	
4214.74358968	4189.10256397	4183.58974345	4185.89743576	4209.99999993	4189.48717935	4184.87179474	4175.38461525	4184.2307691	4188.71794858	4170.89743576	4166.79487159	4119.10256383	4173.58974345	
4202.69230763	4178.97435884	4176.41025628	4182.82051269	4201.02564096	4186.41025628	4184.87179474	4169.74358961	4181.41025628	4182.94871781	4165.12820492	4160.25641005	4107.05128178	4167.82051262	
4200.76923063	4176.41025628	4172.82051269	4187.82051269	4188.58974345	4191.66666653	4186.02564089	4178.71794858	4179.99999986	4187.56410243	4172.69230756	4161.15384595	4109.10256383	4166.92307672	
4208.97435891	4181.28205115	4175.64102551	4187.17948704	4205.25641019	4189.35897422	4184.99999986	4185.76923063	4182.69230756	4186.41025628	4172.17948704	4166.41025621	4114.61538434	4170.89743576	
4217.05128199	4189.74358961	4184.35897422	4187.30769217	4211.02564096	4185.89743576	4192.56410243	4185.64102551	4187.17948704	4184.99999986	4166.79487159	4171.41025628	4118.20512793	4177.4358973	
4222.69230763	4200.12820499	4193.07692294	4198.84615371	4201.02564096	4190.12820499	4199.61538448	4188.71794858	4189.2307691	4190.64102551	4177.69230756	4178.58974345	4127.56410229	4183.20512807	
4220.12820506	4195.51282038	4194.61538448	4199.87179474	4203.33333327	4189.10256397	4189.61538448	4183.84615371	4186.28205115	4186.92307679	4184.2307691	4181.02564089	4117.30769203	4179.99999986	
4217.82051275	4186.5384614	4189.2307691	4189.35897422	4207.43589737	4189.10256397	4183.58974345	4179.48717935	4188.20512807	4182.56410243	4173.71794858	4171.41025628	4106.02564075	4176.5384614	
4214.87179481	4183.3333332	4183.07692294	4186.5384614	4206.92307686	4198.3333332	4193.20512807	4182.05128192	4192.56410243	4192.82051269	4173.58974345	4168.07692287	4119.48717921	4180.51282038	
4206.79487173	4184.10256397	4178.46153833	4188.71794858	4212.05128199	4204.48717942	4194.99999986	4176.41025628	4188.58974345	4201.92307686	4184.99999986	4171.66666653	4121.79487152	4175.64102551	
4208.07692301	4197.17948704	4178.46153833	4191.92307679	4212.17948711	4202.5641025	4188.20512807	4167.3076921	4186.28205115	4198.58974345	4184.74358961	4169.74358961	4108.46153819	4166.28205108	
4213.20512814	4201.02564096	4183.20512807	4199.48717935	4211.92307686	4199.74358961	4186.92307679	4171.28205115	4188.84615371	4198.20512807	4182.05128192	4170.51282038	4117.94871767	4175.64102551	
4207.43589737	4179.74358961	4183.07692294	4195.38461525	4217.05128199	4197.56410243	4186.66666653	4182.05128192	4187.94871781	4198.07692294	4182.56410243	4173.71794858	4126.79487152	4184.87179474	
4206.53846147	4172.94871781	4181.41025628	4180.25641012	4208.4615384	4197.82051269	4190.51282038	4186.02564089	4188.46153833	4194.35897422	4174.87179474	4170.12820499	4112.30769203	4176.5384614	
4217.30769224	4190.25641012	4181.92307679	4180.38461525	4198.46153833	4198.46153833	4199.10256397	4184.48717935	4189.35897422	4194.61538448	4169.10256397	4168.46153833	4110.38461511	4174.87179474	
4215.64102558	4186.28205115	4179.35897422	4188.07692294	4201.28205122	4192.30769217	4200.51282038	4185.38461525	4188.71794858	4192.4358973	4174.2307691	4173.58974345	4114.8717946	4181.28205115	
4212.05128199	4179.2307691	4185.25641012	4191.02564089	4206.28205122	4192.69230756	4199.48717935	4194.87179474	4196.92307679	4192.69230756	4182.94871781	4180.89743576	4113.33333306	4184.61538448	
4226.02564096	4196.79487166	4201.28205122	4199.74358961	4211.41025634	4197.56410243	4202.17948711	4199.48717935	4206.02564096	4204.48717942	4188.46153833	4188.07692294	4122.30769203	4190.76923063	
4231.02564096	4206.15384609	4203.97435891	4203.07692301	4215.38461532	4195.25641012	4200.38461525	4189.87179474	4197.94871781	4209.61538455	4186.92307679	4186.02564089	4125.64102537	4193.20512807	
4220.38461532	4203.4615384	4192.17948704	4192.4358973	4211.79487173	4195.38461525	4199.61538448	4182.82051269	4187.82051269	4201.79487173	4182.4358973	4175.76923063	4113.9743587	4186.15384602	
4218.33333327	4196.41025628	4191.66666653	4194.35897422	4207.43589737	4200.89743576	4200.64102551	4187.17948704	4188.71794858	4198.3333332	4182.56410243	4177.30769217	4108.46153819	4184.10256397	
4221.79487173	4187.05128192	4196.66666653	4200.76923063	4210.89743583	4202.43589737	4194.10256397	4186.79487166	4190.25641012	4199.48717935	4184.35897422	4183.84615371	4109.8717946	4183.84615371	
4214.35897429	4185.89743576	4186.92307679	4193.3333332	4214.10256404	4198.20512807	4187.4358973	4180.76923063	4184.74358961	4197.94871781	4182.05128192	4183.20512807	4107.17948691	4178.58974345	
4209.10256404	4186.66666653	4177.30769217	4192.82051269	4210.89743583	4192.4358973	4187.17948704	4180.89743576	4181.79487166	4198.3333332	4179.99999986	4179.2307691	4105.12820485	4178.46153833	
4213.58974352	4181.66666653	4181.92307679	4198.07692294	4202.43589737	4192.4358973	4191.41025628	4184.10256397	4190.51282038	4199.87179474	4181.02564089	4175.64102551	4103.71794844	4181.15384602	
4218.84615378	4188.84615371	4191.79487166	4190.51282038	4202.05128199	4202.05128199	4199.10256397	4188.71794858	4197.17948704	4202.30769224	4185.25641012	4179.61538448	4107.43589716	4185.76923063	
4216.79487173	4189.99999986	4193.97435884	4187.05128192	4211.53846147	4199.2307691	4198.3333332	4186.79487166	4188.46153833	4201.53846147	4185.38461525	4184.10256397	4107.17948691	4184.74358961	
4207.5641025	4169.35897422	4185.64102551	4189.35897422	4209.48717942	4187.82051269	4189.2307691	4180.38461525	4182.4358973	4195.89743576	4174.10256397	4174.48717935	4095.25640991	4173.84615371	
4207.5641025	4170.51282038	4177.4358973	4180.38461525	4198.97435884	4192.82051269	4190.64102551	4181.66666653	4185.25641012	4193.07692294	4164.87179467	4169.74358961	4087.94871761	4169.10256397	
4218.20512814	4191.5384614	4184.35897422	4187.69230756	4205.12820506	4202.17948711	4199.74358961	4187.69230756	4186.15384602	4199.10256397	4175.89743576	4181.28205115	4090.76923043	4176.02564089	
4218.84615378	4190.51282038	4193.97435884	4210.12820506	4220.89743583	4201.15384609	4200.76923063	4190.38461525	4191.41025628	4206.92307686	4189.10256397	4181.5384614	4095.6410253	4179.74358961	
4210.12820506	4178.20512807	4185.12820499	4205.64102558	4219.74358968	4198.3333332	4198.20512807	4192.82051269	4199.99999986	4205.38461532	4185.76923063	4169.35897422	4099.87179453	4175.38461525	
4210.38461532	4179.48717935	4177.82051269	4186.66666653	4207.17948711	4199.87179474	4201.53846147	4201.02564096	4203.20512814	4208.58974352	4184.61538448	4168.20512807	4105.38461511	4177.4358973	
4218.84615378	4190.89743576	4189.48717935	4182.17948704	4199.87179474	4200.76923063	4201.6666666	4200.38461525	4205.51282045	4215.89743583	4185.25641012	4173.07692294	4104.23076896	4185.12820499	
4215.51282045	4187.17948704	4189.61538448	4184.87179474	4204.74358968	4197.4358973	4192.94871781	4184.35897422	4200.76923063	4207.30769224	4173.46153833	4167.05128185	4088.58974325	4179.10256397	
4203.58974352	4166.02564082	4174.35897422	4185.89743576	4215.25641019	4190.89743576	4186.02564089	4173.20512807	4184.35897422	4194.87179474	4164.48717928	4156.66666646	4077.56410222	4167.94871774	
4200.38461525	4165.89743569	4171.28205115	4186.5384614	4216.41025634	4189.99999986	4184.87179474	4177.94871781	4182.82051269	4201.53846147	4171.66666653	4158.97435877	4082.82051248	4168.46153833	
4205.7692307	4190.12820499	4177.56410243	4185.64102551	4207.69230763	4199.48717935	4188.84615371	4185.38461525	4195.51282038	4214.99999993	4179.2307691	4169.61538448	4092.69230735	4175.12820499	
4211.6666666	4196.92307679	4181.15384602	4189.2307691	4204.10256404	4200.89743576	4192.94871781	4186.15384602	4194.10256397	4217.17948711	4183.58974345	4173.3333332	4096.02564068	4180.38461525	
4210.7692307	4185.25641012	4182.30769217	4192.05128192	4206.6666666	4190.12820499	4191.41025628	4190.64102551	4191.92307679	4213.97435891	4184.99999986	4169.2307691	4090.89743555	4185.12820499	
4206.6666666	4179.87179474	4180.64102551	4188.46153833	4207.94871788	4185.25641012	4190.12820499	4194.2307691	4195.64102551	4210.89743583	4177.94871781	4169.10256397	4080.51282017	4182.94871781	
4208.84615378	4176.5384614	4179.99999986	4184.74358961	4208.4615384	4195.25641012	4195.76923063	4191.92307679	4195.38461525	4214.87179481	4179.99999986	4173.97435884	4079.99999966	4178.84615371	
4208.4615384	4174.2307691	4180.89743576	4187.05128192	4208.4615384	4198.97435884	4193.58974345	4187.56410243	4192.56410243	4216.79487173	4190.25641012	4172.4358973	4086.02564068	4180.38461525	
4204.48717942	4182.17948704	4178.71794858	4191.5384614	4204.61538455	4190.89743576	4188.97435884	4186.02564089	4193.58974345	4208.97435891	4185.12820499	4166.79487159	4077.56410222	4178.97435884	
4208.20512814	4185.38461525	4178.20512807	4190.51282038	4198.84615371	4191.5384614	4196.92307679	4192.17948704	4197.56410243	4209.87179481	4176.79487166	4165.38461518	4071.28205094	4176.5384614	
4211.92307686	4182.17948704	4181.28205115	4191.02564089	4201.53846147	4199.74358961	4201.79487173	4200.25641012	4201.53846147	4220.12820506	4184.99999986	4171.79487166	4083.46153812	4181.28205115	
4212.05128199	4193.20512807	4184.48717935	4194.2307691	4211.28205122	4201.41025634	4200.12820499	4199.99999986	4204.99999993	4222.30769224	4187.69230756	4180.25641012	4089.35897402	4186.92307679	
4212.82051275	4198.97435884	4183.84615371	4189.35897422	4218.58974352	4200.38461525	4197.69230756	4190.38461525	4197.4358973	4212.5641025	4175.51282038	4174.99999986	4073.33333299	4180.12820499	
4205.89743583	4182.56410243	4175.38461525	4186.79487166	4219.23076917	4200.89743576	4192.4358973	4183.84615371	4187.05128192	4204.23076917	4169.35897422	4161.53846133	4058.84615343	4167.82051262	
4204.99999993	4184.74358961	4173.58974345	4193.07692294	4213.33333327	4201.41025634	4193.97435884	4189.87179474	4194.74358961	4206.53846147	4172.56410243	4163.46153826	4065.76923036	4169.2307691	
4214.87179481	4203.33333327	4179.99999986	4191.15384602	4213.71794865	4205.12820506	4203.07692301	4201.02564096	4212.94871788	4217.82051275	4180.76923063	4177.69230756	4074.61538427	4179.99999986	
4215.7692307	4197.69230756	4187.17948704	4188.07692294	4218.84615378	4206.28205122	4203.20512814	4204.74358968	4216.28205122	4227.17948711	4188.84615371	4183.71794858	4080.38461504	4186.02564089	
