4074.61538427	4076.79487145	4074.61538427	4045.89743548	4043.97435856	4069.35897395	4064.48717907	4074.23076889	4077.94871761	4042.82051241	4075.38461504	4078.71794837	4105.89743562	4089.35897402	
4059.48717907	4058.84615343	4058.07692266	4049.6153842	4058.7179483	4056.410256	4055.5128201	4072.43589709	4075.76923043	4031.41025593	4073.07692273	4067.82051241	4086.92307658	4076.15384581	
4053.97435856	4035.64102516	4050.38461497	4043.20512779	4059.23076882	4065.38461497	4052.56410215	4051.66666625	4070.51282017	4036.15384567	4059.6153842	4063.20512779	4070.38461504	4070.12820478	
4051.410256	4046.410256	4046.79487138	4040.38461497	4061.53846113	4061.28205087	4053.46153805	4057.82051241	4069.87179453	4032.05128157	4056.79487138	4062.05128164	4071.28205094	4067.69230728	
4046.02564061	4062.69230728	4043.33333292	4040.25640984	4058.07692266	4060.89743548	4050.89743548	4058.20512779	4066.410256	4027.56410208	4061.02564061	4062.43589702	4081.53846119	4070.89743555	
4056.66666625	4059.74358933	4123.0769228	4053.20512779	4066.28205087	4072.94871761	4062.43589702	4064.6153842	4081.28205094	4037.69230728	4076.79487145	4072.43589709	4091.28205094	4078.71794837	
4070.51282017	4056.410256	4258.20512821	4063.07692266	4073.20512786	4080.25640991	4078.07692273	4078.07692273	4095.12820478	4059.74358933	4088.58974325	4082.43589709	4106.02564075	4088.46153812	
4069.99999966	4062.69230728	4326.1538463	4065.12820472	4081.15384581	4076.53846119	4073.58974325	4079.48717914	4091.92307658	4065.38461497	4082.82051248	4084.23076889	4107.05128178	4094.99999966	
4070.12820478	4061.15384574	4335.00000021	4060.76923036	4085.25640991	4072.94871761	4063.58974318	4070.6410253	4083.20512786	4057.82051241	4081.92307658	4083.58974325	4096.02564068	4091.92307658	
4074.48717914	4059.48717907	4353.71794893	4046.28205087	4075.6410253	4069.87179453	4061.79487138	4065.38461497	4076.79487145	4054.74358933	4082.56410222	4084.48717914	4100.38461504	4092.30769196	
4071.41025607	4065.76923036	4358.5897438	4039.6153842	4061.28205087	4067.56410215	4061.28205087	4068.20512779	4076.79487145	4051.28205087	4074.10256376	4083.20512786	4104.23076896	4095.76923043	
4063.84615343	4061.410256	4342.6923079	4051.28205087	4056.410256	4069.6153842	4061.53846113	4072.56410222	4081.15384581	4047.17948677	4076.28205094	4083.20512786	4104.8717946	4094.10256376	
4057.82051241	4053.97435856	4340.00000021	4062.43589702	4072.05128171	4069.10256369	4063.58974318	4071.79487145	4080.38461504	4052.05128164	4086.53846119	4081.41025607	4106.79487152	4088.97435863	
4049.74358933	4053.58974318	4330.12820527	4051.66666625	4074.99999966	4063.84615343	4061.28205087	4064.23076882	4069.10256369	4054.48717907	4077.94871761	4066.79487138	4092.30769196	4081.28205094	
4050.64102523	4054.35897395	4318.58974373	4037.17948677	4060.25640984	4065.25640984	4063.20512779	4066.15384574	4073.20512786	4048.07692266	4064.74358933	4061.410256	4077.30769196	4078.97435863	
4068.58974318	4067.82051241	4331.66666681	4046.66666625	4073.20512786	4075.89743555	4076.92307658	4086.28205094	4099.23076889	4054.99999959	4079.10256376	4081.92307658	4099.23076889	4093.8461535	
4076.41025607	4076.15384581	4339.23076944	4063.97435856	4096.92307658	4078.46153812	4079.7435894	4091.28205094	4100.89743555	4066.79487138	4096.66666632	4095.25640991	4120.25640998	4106.53846126	
4060.38461497	4053.84615343	4320.2564104	4066.02564061	4085.12820478	4068.58974318	4062.43589702	4071.66666632	4079.48717914	4060.5128201	4083.46153812	4079.87179453	4095.25640991	4091.79487145	
4054.74358933	4045.5128201	4307.82051296	4056.410256	4062.05128164	4069.23076882	4057.94871754	4064.74358933	4083.07692273	4055.38461497	4067.17948677	4066.92307651	4083.46153812	4076.79487145	
4068.58974318	4066.410256	4311.66666681	4053.7179483	4064.6153842	4079.48717914	4072.30769196	4077.05128171	4095.51282017	4063.33333292	4078.07692273	4077.69230735	4109.8717946	4087.05128171	
4067.69230728	4069.99999966	4307.17948732	4057.56410215	4079.87179453	4080.12820478	4072.69230735	4078.58974325	4086.53846119	4063.33333292	4084.99999966	4086.53846119	4111.02564075	4095.6410253	
4058.07692266	4057.56410215	4297.30769238	4068.07692266	4096.28205094	4080.76923043	4066.15384574	4072.17948684	4083.8461535	4059.10256369	4081.53846119	4083.20512786	4096.15384581	4089.99999966	
4066.92307651	4066.410256	4300.51282066	4073.8461535	4097.56410222	4088.07692273	4075.12820478	4075.51282017	4093.71794837	4073.07692273	4090.89743555	4087.69230735	4117.17948691	4091.53846119	
4075.51282017	4078.71794837	4300.89743604	4062.43589702	4082.05128171	4086.28205094	4080.76923043	4082.69230735	4095.12820478	4078.71794837	4090.12820478	4088.20512786	4123.33333306	4094.87179453	
4068.46153805	4070.38461504	4287.56410264	4060.5128201	4071.53846119	4078.07692273	4075.38461504	4090.25640991	4099.7435894	4059.74358933	4082.17948684	4080.76923043	4094.61538427	4092.43589709	
4064.87179446	4064.10256369	4276.53846161	4071.02564068	4069.99999966	4077.69230735	4076.02564068	4094.99999966	4104.10256383	4069.99999966	4089.7435894	4085.51282017	4112.30769203	4097.82051248	
4056.92307651	4054.6153842	4264.61538462	4061.15384574	4076.15384581	4080.12820478	4074.99999966	4091.92307658	4095.6410253	4091.02564068	4086.66666632	4082.43589709	4127.05128178	4096.28205094	
4042.30769189	4038.33333292	4251.53846154	4050.5128201	4077.94871761	4076.28205094	4067.82051241	4084.35897402	4089.61538427	4071.41025607	4069.7435894	4065.89743548	4077.94871761	4077.94871761	
4046.53846113	4045.64102523	4253.33333334	4047.69230728	4057.43589702	4073.46153812	4069.6153842	4078.33333299	4095.76923043	4051.410256	4069.99999966	4065.64102523	4073.20512786	4074.48717914	
4053.97435856	4058.07692266	4254.74358975	4048.46153805	4049.35897395	4076.15384581	4071.02564068	4078.8461535	4096.28205094	4053.07692266	4075.12820478	4073.71794837	4111.79487152	4087.94871761	
4046.79487138	4053.20512779	4242.05128206	4061.66666625	4072.17948684	4077.69230735	4062.94871754	4077.43589709	4081.92307658	4051.15384574	4072.30769196	4069.6153842	4103.9743587	4085.25640991	
4042.17948677	4045.89743548	4232.82051275	4066.92307651	4076.41025607	4067.82051241	4054.99999959	4065.5128201	4067.69230728	4045.38461497	4070.89743555	4065.64102523	4085.38461504	4077.05128171	
4049.10256369	4038.7179483	4234.23076923	4052.05128164	4053.7179483	4061.28205087	4056.15384574	4059.35897395	4065.76923036	4041.53846113	4068.84615343	4073.97435863	4090.76923043	4083.20512786	
4063.84615343	4047.69230728	4241.53846154	4053.46153805	4047.82051241	4076.41025607	4067.05128164	4074.23076889	4076.41025607	4049.23076882	4077.94871761	4085.89743555	4098.8461535	4095.38461504	
4078.20512786	4075.89743555	4249.87179488	4071.92307658	4060.64102523	4090.76923043	4079.61538427	4091.66666632	4094.10256376	4074.99999966	4096.66666632	4095.89743555	4117.05128178	4106.41025614	
4082.05128171	4082.30769196	4248.07692308	4073.46153812	4069.48717907	4086.28205094	4083.58974325	4095.89743555	4105.7692305	4083.97435863	4097.43589709	4096.79487145	4129.35897408	4107.69230742	
4073.46153812	4064.35897395	4232.5641025	4068.58974318	4078.8461535	4078.71794837	4078.58974325	4095.89743555	4105.89743562	4072.56410222	4088.07692273	4084.23076889	4112.17948691	4098.20512786	
4064.23076882	4054.99999959	4219.87179481	4071.02564068	4082.17948684	4081.28205094	4075.25640991	4095.25640991	4106.02564075	4076.66666632	4085.89743555	4075.89743555	4104.74358947	4091.53846119	
4065.89743548	4059.23076882	4222.5641025	4071.92307658	4063.84615343	4089.23076889	4079.87179453	4095.6410253	4109.99999973	4078.58974325	4083.58974325	4082.82051248	4111.53846126	4095.25640991	
4071.15384581	4064.6153842	4221.79487173	4074.99999966	4059.74358933	4088.97435863	4082.94871761	4096.15384581	4104.8717946	4067.05128164	4078.33333299	4087.94871761	4103.71794844	4100.12820478	
4065.38461497	4060.38461497	4212.69230763	4073.97435863	4076.92307658	4083.07692273	4076.28205094	4088.8461535	4096.15384581	4066.410256	4078.71794837	4082.82051248	4107.94871767	4096.66666632	
4064.87179446	4061.02564061	4212.05128199	4066.92307651	4073.33333299	4085.12820478	4076.15384581	4084.87179453	4098.8461535	4068.07692266	4086.15384581	4084.48717914	4128.84615357	4096.53846119	
4077.17948684	4076.79487145	4218.58974352	4061.15384574	4060.25640984	4090.51282017	4083.07692273	4091.66666632	4101.79487145	4071.53846119	4093.71794837	4093.71794837	4125.64102537	4102.82051255	
4077.43589709	4072.30769196	4214.35897429	4069.10256369	4072.43589709	4082.17948684	4079.48717914	4091.79487145	4092.82051248	4080.38461504	4095.25640991	4093.46153812	4108.0769228	4101.79487145	
4071.79487145	4060.5128201	4199.48717935	4082.94871761	4071.66666632	4077.69230735	4081.41025607	4090.12820478	4091.41025607	4081.66666632	4093.20512786	4087.69230735	4113.20512793	4099.87179453	
4074.23076889	4071.28205094	4188.97435884	4072.43589709	4048.20512779	4086.66666632	4090.38461504	4094.35897402	4099.87179453	4075.25640991	4084.87179453	4085.51282017	4124.74358947	4102.69230742	
4071.15384581	4073.8461535	4186.79487166	4059.87179446	4068.84615343	4089.87179453	4084.87179453	4091.53846119	4095.12820478	4071.28205094	4078.58974325	4081.28205094	4110.89743562	4093.8461535	
4067.94871754	4071.53846119	4190.12820499	4078.58974325	4102.43589709	4088.8461535	4081.28205094	4091.66666632	4088.8461535	4076.92307658	4086.92307658	4079.10256376	4098.71794837	4086.28205094	
4072.94871761	4074.87179453	4189.35897422	4095.38461504	4093.46153812	4096.15384581	4093.97435863	4104.48717921	4100.25640991	4087.69230735	4093.58974325	4088.33333299	4113.20512793	4100.12820478	
4077.17948684	4071.41025607	4186.79487166	4081.66666632	4081.92307658	4106.02564075	4102.94871767	4117.30769203	4115.51282024	4090.89743555	4094.99999966	4098.46153812	4128.0769228	4114.99999973	
4085.25640991	4081.79487145	4193.97435884	4078.20512786	4089.10256376	4105.7692305	4103.71794844	4118.0769228	4115.25640998	4087.30769196	4097.05128171	4102.30769196	4134.99999973	4116.15384588	
4090.89743555	4088.07692273	4192.94871781	4092.30769196	4090.38461504	4101.92307658	4105.12820485	4110.7692305	4107.17948691	4091.28205094	4093.33333299	4100.25640991	4136.28205108	4110.64102537	
4086.28205094	4068.33333292	4179.74358961	4081.79487145	4089.87179453	4104.74358947	4104.10256383	4104.8717946	4104.10256383	4094.61538427	4094.35897402	4100.6410253	4129.48717921	4109.61538434	
4088.97435863	4081.28205094	4181.02564089	4076.28205094	4097.82051248	4108.33333306	4105.64102537	4109.61538434	4109.74358947	4096.02564068	4110.89743562	4113.9743587	4133.20512793	4119.10256383	
4094.10256376	4116.28205101	4186.79487166	4096.92307658	4099.35897402	4106.79487152	4106.15384588	4112.43589716	4112.43589716	4101.41025607	4115.64102537	4112.69230742	4138.46153826	4117.30769203	
4086.28205094	4097.17948684	4169.2307691	4089.35897402	4095.38461504	4104.8717946	4102.69230742	4106.02564075	4106.79487152	4092.69230735	4091.28205094	4089.7435894	4124.74358947	4102.30769196	
4087.17948684	4077.05128171	4161.66666646	4071.02564068	4096.15384581	4112.30769203	4111.92307665	4116.66666639	4114.23076896	4091.79487145	4080.12820478	4089.87179453	4122.56410229	4108.84615357	
4100.12820478	4099.7435894	4176.15384602	4093.46153812	4106.41025614	4119.48717921	4122.05128178	4132.30769203	4124.35897408	4105.38461511	4099.10256376	4108.0769228	4143.33333313	4125.25640998	
4100.89743555	4101.66666632	4173.84615371	4115.64102537	4114.23076896	4120.51282024	4119.61538434	4131.02564075	4125.64102537	4101.66666632	4110.7692305	4108.33333306	4143.58974339	4120.51282024	
4103.58974332	4097.30769196	4168.97435884	4106.41025614	4108.71794844	4124.99999973	4123.71794844	4136.15384595	4136.92307672	4103.46153819	4108.33333306	4108.0769228	4144.35897415	4124.10256383	
4117.30769203	4123.46153819	4182.56410243	4103.9743587	4106.15384588	4125.25640998	4127.43589716	4140.51282031	4139.61538441	4126.41025614	4109.74358947	4119.10256383	4162.3076921	4137.82051262	
4111.92307665	4128.58974332	4180.76923063	4116.15384588	4111.92307665	4118.71794844	4112.43589716	4123.20512793	4119.35897408	4126.79487152	4109.23076896	4117.30769203	4149.35897415	4127.17948691	
4094.10256376	4105.38461511	4160.25641005	4115.25640998	4115.25640998	4116.28205101	4104.35897408	4112.30769203	4108.46153819	4110.25640998	4106.41025614	4110.64102537	4129.10256383	4115.25640998	
4093.33333299	4101.15384581	4154.1025639	4100.89743555	4110.7692305	4114.48717921	4107.94871767	4113.33333306	4111.15384588	4107.69230742	4109.23076896	4109.61538434	4140.12820492	4119.8717946	
4101.79487145	4113.84615357	4158.07692287	4100.6410253	4101.92307658	4111.92307665	4103.84615357	4108.20512793	4108.84615357	4104.35897408	4110.12820485	4105.25640998	4146.79487159	4117.82051255	
4104.23076896	4114.23076896	4158.58974339	4113.71794844	4102.82051255	4119.35897408	4109.99999973	4114.23076896	4112.17948691	4102.05128171	4106.15384588	4106.66666639	4141.28205108	4117.30769203	
4105.51282024	4100.89743555	4157.94871774	4114.8717946	4119.23076896	4123.9743587	4122.56410229	4127.05128178	4115.38461511	4111.41025614	4105.64102537	4111.66666639	4139.61538441	4124.35897408	
4109.61538434	4103.9743587	4154.48717928	4101.15384581	4117.56410229	4117.94871767	4122.82051255	4130.51282024	4113.58974332	4113.33333306	4103.9743587	4107.94871767	4142.69230749	4125.51282024	
4112.43589716	4125.12820485	4150.89743569	4099.10256376	4098.58974325	4119.35897408	4128.71794844	4139.9999998	4122.56410229	4111.41025614	4102.43589709	4110.89743562	4153.07692287	4127.30769203	
4109.48717921	4123.20512793	4147.05128185	4110.25640998	4107.30769203	4126.53846126	4139.74358954	4144.48717928	4126.53846126	4118.0769228	4103.9743587	4114.99999973	4156.53846133	4128.33333306	
4106.79487152	4101.79487145	4146.28205108	4111.53846126	4128.46153819	4126.28205101	4136.41025621	4135.89743569	4116.02564075	4125.25640998	4105.64102537	4109.61538434	4151.28205108	4123.20512793	
4114.99999973	4110.25640998	4153.33333313	4106.79487152	4124.61538434	4126.79487152	4133.33333306	4137.05128185	4116.66666639	4122.94871767	4113.46153819	4114.74358947	4159.23076903	4125.7692305	
4118.9743587	4132.05128178	4154.9999998	4116.02564075	4113.84615357	4131.66666639	4133.84615357	4135.51282031	4121.53846126	4119.99999973	4124.8717946	4127.05128178	4168.20512807	4131.53846126	
4114.61538434	4128.0769228	4150.51282031	4131.79487152	4119.10256383	4127.56410229	4122.82051255	4118.46153819	4112.30769203	4125.38461511	4124.99999973	4126.53846126	4156.53846133	4130.64102537	
4111.53846126	4115.51282024	4146.28205108	4129.48717921	4123.46153819	4119.61538434	4112.17948691	4108.71794844	4102.30769196	4118.84615357	4111.02564075	4118.46153819	4144.74358954	4127.56410229	
4115.38461511	4121.28205101	4145.51282031	4120.38461511	4127.94871767	4126.53846126	4117.05128178	4119.74358947	4108.0769228	4109.99999973	4107.30769203	4118.71794844	4153.97435877	4128.46153819	
4125.89743562	4136.66666646	4151.28205108	4126.79487152	4135.25640998	4139.61538441	4132.69230742	4137.3076921	4121.92307665	4128.33333306	4123.46153819	4130.12820485	4171.15384602	4137.69230749	
4127.30769203	4132.94871767	4154.74358954	4128.33333306	4133.9743587	4139.48717928	4141.79487159	4145.12820492	4128.58974332	4138.33333313	4127.05128178	4131.28205101	4173.20512807	4144.48717928	
4117.56410229	4121.02564075	4149.35897415	4118.58974332	4128.58974332	4131.79487152	4133.71794844	4136.15384595	4123.20512793	4121.53846126	4113.20512793	4118.46153819	4157.69230749	4135.76923056	
4115.7692305	4117.69230742	4143.205128	4121.66666639	4123.20512793	4122.17948691	4121.79487152	4125.12820485	4116.92307665	4116.53846126	4106.02564075	4113.20512793	4147.43589723	4123.9743587	
4123.58974332	4126.02564075	4148.58974339	4141.41025621	4123.20512793	4120.64102537	4123.0769228	4131.92307665	4120.89743562	4126.28205101	4112.30769203	4122.69230742	4154.87179467	4130.7692305	
4126.15384588	4147.17948697	4154.61538441	4152.69230749	4130.64102537	4132.94871767	4129.35897408	4135.64102544	4123.84615357	4126.53846126	4119.10256383	4128.71794844	4160.89743569	4137.94871774	
4123.0769228	4152.17948697	4147.69230749	4141.66666646	4135.76923056	4136.66666646	4126.92307665	4127.69230742	4119.61538434	4127.05128178	4115.7692305	4120.64102537	4154.87179467	4128.33333306	
4121.66666639	4136.66666646	4139.61538441	4138.46153826	4141.66666646	4124.99999973	4122.56410229	4130.89743562	4121.92307665	4124.74358947	4105.51282024	4117.56410229	4152.3076921	4124.48717921	
4122.17948691	4131.41025614	4146.41025621	4152.43589723	4152.56410236	4126.53846126	4127.30769203	4140.38461518	4130.12820485	4123.20512793	4106.28205101	4127.17948691	4165.89743569	4131.02564075	
4127.30769203	4144.74358954	4153.33333313	4151.79487159	4145.89743569	4140.38461518	4135.64102544	4139.74358954	4129.10256383	4137.17948697	4118.46153819	4128.46153819	4170.64102551	4133.46153819	
4131.79487152	4147.69230749	4146.53846133	4143.58974339	4128.9743587	4139.1025639	4136.02564082	4136.02564082	4124.48717921	4135.89743569	4115.12820485	4119.99999973	4153.07692287	4130.7692305	
4130.38461511	4136.28205108	4143.84615364	4147.17948697	4143.46153826	4131.53846126	4133.84615357	4138.71794851	4124.10256383	4118.58974332	4105.12820485	4123.58974332	4145.38461518	4133.71794844	
4130.12820485	4134.10256383	4149.61538441	4153.97435877	4154.1025639	4136.41025621	4137.69230749	4142.56410236	4123.9743587	4126.15384588	4115.51282024	4133.20512793	4154.87179467	4140.76923056	
4136.41025621	4146.41025621	4156.02564082	4164.23076903	4138.07692287	4143.58974339	4141.66666646	4147.69230749	4131.02564075	4139.35897415	4124.74358947	4135.76923056	4166.15384595	4144.23076903	
4136.66666646	4151.92307672	4151.66666646	4166.41025621	4137.69230749	4139.23076903	4138.33333313	4149.48717928	4133.84615357	4126.92307665	4117.82051255	4132.17948691	4164.61538441	4142.43589723	
4130.89743562	4142.82051262	4144.87179467	4148.58974339	4144.87179467	4134.99999973	4139.48717928	4148.71794851	4122.56410229	4125.89743562	4118.33333306	4128.58974332	4153.58974339	4142.43589723	
4135.89743569	4145.25641005	4148.33333313	4139.9999998	4140.76923056	4145.89743569	4152.69230749	4153.46153826	4126.15384588	4144.1025639	4124.74358947	4130.89743562	4161.15384595	4144.48717928	
4144.23076903	4148.205128	4148.33333313	4143.71794851	4145.64102544	4152.17948697	4160.25641005	4155.76923056	4137.17948697	4136.28205108	4112.94871767	4129.35897408	4170.12820499	4139.35897415	
4138.205128	4138.46153826	4143.84615364	4143.205128	4163.97435877	4147.56410236	4154.74358954	4152.05128185	4126.28205101	4125.25640998	4108.0769228	4126.92307665	4161.41025621	4136.15384595	
4131.15384588	4142.94871774	4147.05128185	4154.23076903	4172.82051269	4150.12820492	4151.28205108	4151.66666646	4122.05128178	4142.56410236	4131.15384588	4131.15384588	4159.87179467	4140.89743569	
4139.48717928	4150.25641005	4152.17948697	4157.05128185	4151.15384595	4154.48717928	4152.69230749	4155.51282031	4139.35897415	4157.05128185	4139.61538441	4134.35897408	4172.94871781	4145.64102544	
4150.89743569	4139.9999998	4151.28205108	4141.15384595	4130.64102537	4152.05128185	4154.61538441	4158.205128	4144.87179467	4157.69230749	4122.94871767	4135.25640998	4178.97435884	4151.15384595	
4146.15384595	4144.1025639	4150.89743569	4150.51282031	4151.28205108	4152.17948697	4154.74358954	4156.15384595	4138.205128	4159.87179467	4118.9743587	4136.28205108	4173.3333332	4154.23076903	
4134.48717921	4154.1025639	4150.25641005	4163.33333313	4171.41025628	4147.69230749	4143.33333313	4151.41025621	4136.41025621	4149.87179467	4128.71794844	4134.23076896	4166.53846133	4147.43589723	
4134.48717921	4141.66666646	4147.43589723	4144.61538441	4156.28205108	4137.43589723	4134.61538434	4147.69230749	4133.9743587	4140.76923056	4132.30769203	4131.79487152	4165.38461518	4142.56410236	
4143.205128	4138.71794851	4149.35897415	4142.69230749	4153.33333313	4144.61538441	4146.15384595	4150.89743569	4134.74358947	4151.28205108	4127.94871767	4139.35897415	4174.87179474	4151.15384595	
4147.43589723	4157.17948697	4151.02564082	4158.33333313	4155.64102544	4155.38461518	4153.07692287	4156.02564082	4141.15384595	4155.76923056	4125.51282024	4142.82051262	4174.48717935	4152.43589723	
4143.07692287	4158.97435877	4149.35897415	4152.56410236	4141.53846133	4147.17948697	4141.53846133	4154.35897415	4134.8717946	4152.3076921	4134.48717921	4136.02564082	4167.56410236	4146.02564082	
4133.9743587	4134.23076896	4147.17948697	4146.41025621	4150.25641005	4138.71794851	4135.12820485	4144.1025639	4122.17948691	4155.12820492	4142.69230749	4134.61538434	4169.99999986	4147.43589723	
4139.23076903	4131.15384588	4154.23076903	4155.64102544	4158.205128	4146.41025621	4145.64102544	4144.23076903	4127.69230742	4154.61538441	4135.25640998	4142.94871774	4174.61538448	4155.76923056	
4155.51282031	4160.89743569	4159.35897415	4158.205128	4136.66666646	4152.82051262	4155.64102544	4159.74358954	4143.07692287	4152.56410236	4132.43589716	4150.12820492	4176.5384614	4162.17948697	
4154.48717928	4177.4358973	4152.82051262	4153.07692287	4135.64102544	4152.05128185	4157.69230749	4164.9999998	4144.23076903	4151.66666646	4143.07692287	4146.79487159	4172.4358973	4156.15384595	
4140.12820492	4155.76923056	4147.82051262	4156.79487159	4160.64102544	4153.33333313	4155.25641005	4154.61538441	4132.30769203	4147.05128185	4137.56410236	4139.61538441	4169.2307691	4142.69230749	
4142.82051262	4140.51282031	4155.12820492	4156.02564082	4163.71794851	4153.71794851	4152.43589723	4149.61538441	4126.15384588	4143.97435877	4123.9743587	4135.64102544	4169.2307691	4141.53846133	
4155.64102544	4159.35897415	4162.17948697	4151.92307672	4154.87179467	4153.46153826	4159.48717928	4161.28205108	4137.05128185	4140.25641005	4126.53846126	4136.02564082	4165.64102544	4149.35897415	
4154.61538441	4165.51282031	4158.58974339	4159.87179467	4156.41025621	4156.02564082	4166.79487159	4168.3333332	4144.87179467	4140.38461518	4135.51282031	4140.76923056	4166.79487159	4148.97435877	
4154.23076903	4158.58974339	4159.9999998	4174.35897422	4150.89743569	4157.82051262	4164.1025639	4165.25641005	4143.33333313	4162.82051262	4147.43589723	4152.3076921	4174.74358961	4151.15384595	
4162.56410236	4152.3076921	4166.28205108	4161.66666646	4162.69230749	4159.48717928	4168.84615371	4173.58974345	4155.89743569	4157.43589723	4166.41025621	4161.66666646	4195.89743576	4162.43589723	
4157.94871774	4143.33333313	4161.79487159	4154.74358954	4165.38461518	4166.53846133	4167.69230749	4165.51282031	4148.07692287	4172.56410243	4162.94871774	4153.71794851	4193.3333332	4157.43589723	
4165.76923056	4168.3333332	4160.38461518	4155.25641005	4153.97435877	4169.74358961	4173.71794858	4171.28205115	4146.53846133	4176.02564089	4169.35897422	4160.12820492	4196.79487166	4164.9999998	
4162.56410236	4161.41025621	4155.89743569	4151.41025621	4149.23076903	4168.71794858	4177.17948704	4170.38461525	4149.87179467	4158.33333313	4166.92307672	4157.05128185	4182.56410243	4159.48717928	
4157.69230749	4156.66666646	4159.23076903	4151.53846133	4163.71794851	4174.35897422	4184.10256397	4176.41025628	4157.17948697	4164.48717928	4163.97435877	4157.3076921	4190.25641012	4159.74358954	
4163.84615364	4173.3333332	4167.69230749	4169.87179474	4177.69230756	4176.15384602	4188.46153833	4189.74358961	4158.205128	4176.66666653	4169.99999986	4170.12820499	4208.58974352	4173.71794858	
4168.58974345	4166.41025621	4163.97435877	4170.25641012	4173.84615371	4168.71794858	4183.84615371	4183.07692294	4152.17948697	4168.58974345	4161.66666646	4169.35897422	4202.17948711	4173.71794858	
4168.20512807	4160.64102544	4161.66666646	4144.87179467	4151.79487159	4167.17948697	4182.56410243	4173.84615371	4154.74358954	4167.17948697	4154.35897415	4161.28205108	4200.51282038	4167.69230749	
4165.64102544	4169.35897422	4164.1025639	4139.61538441	4134.35897408	4171.28205115	4183.20512807	4173.97435884	4158.07692287	4171.5384614	4164.61538441	4160.89743569	4204.74358968	4167.3076921	
4162.94871774	4166.53846133	4164.35897415	4163.33333313	4153.71794851	4171.15384602	4182.17948704	4175.76923063	4159.23076903	4171.15384602	4171.79487166	4166.53846133	4198.3333332	4171.5384614	
4171.79487166	4175.25641012	4174.74358961	4174.2307691	4181.41025628	4168.46153833	4182.82051269	4175.12820499	4165.38461518	4179.61538448	4174.99999986	4178.71794858	4212.17948711	4180.25641012	
4181.66666653	4190.64102551	4181.41025628	4170.64102551	4170.64102551	4167.82051262	4178.07692294	4174.10256397	4163.33333313	4187.94871781	4184.10256397	4180.51282038	4222.30769224	4179.48717935	
4171.79487166	4170.38461525	4165.76923056	4168.58974345	4150.38461518	4168.58974345	4172.17948704	4173.84615371	4158.33333313	4184.61538448	4177.82051269	4164.74358954	4204.74358968	4169.35897422	
4159.87179467	4155.38461518	4156.79487159	4164.23076903	4159.9999998	4173.07692294	4177.69230756	4175.12820499	4165.38461518	4182.82051269	4161.66666646	4157.17948697	4195.51282038	4167.3076921	
4162.82051262	4174.10256397	4169.61538448	4169.48717935	4177.30769217	4175.76923063	4184.99999986	4174.61538448	4169.48717935	4187.56410243	4171.5384614	4167.94871774	4201.6666666	4173.84615371	
4169.87179474	4176.15384602	4176.28205115	4173.3333332	4172.82051269	4173.46153833	4182.69230756	4173.46153833	4163.84615364	4187.69230756	4188.58974345	4179.10256397	4211.41025634	4176.5384614	
4173.46153833	4164.23076903	4166.79487159	4153.205128	4163.71794851	4176.15384602	4182.94871781	4179.74358961	4166.66666646	4186.92307679	4187.17948704	4181.66666653	4222.5641025	4181.66666653	
4169.35897422	4168.46153833	4160.38461518	4144.74358954	4166.28205108	4178.97435884	4185.76923063	4186.15384602	4172.4358973	4190.51282038	4184.87179474	4179.74358961	4222.17948711	4185.12820499	
4162.69230749	4173.84615371	4162.05128185	4160.51282031	4167.43589723	4175.25641012	4184.99999986	4184.61538448	4170.38461525	4186.41025628	4190.12820499	4177.4358973	4214.10256404	4178.20512807	
4164.48717928	4170.64102551	4161.79487159	4151.79487159	4164.61538441	4172.30769217	4184.35897422	4179.35897422	4167.69230749	4178.20512807	4187.69230756	4172.82051269	4217.05128199	4176.15384602	
4167.3076921	4168.07692287	4162.94871774	4144.1025639	4171.66666653	4171.66666653	4180.12820499	4172.30769217	4160.51282031	4179.61538448	4180.89743576	4173.07692294	4216.53846147	4178.58974345	
4170.89743576	4177.56410243	4174.61538448	4173.71794858	4172.4358973	4175.12820499	4177.94871781	4175.38461525	4161.79487159	4187.56410243	4190.12820499	4184.99999986	4214.99999993	4180.51282038	
4176.15384602	4185.89743576	4178.97435884	4185.12820499	4165.89743569	4184.35897422	4182.69230756	4184.74358961	4169.10256397	4188.97435884	4200.76923063	4188.46153833	4223.84615378	4183.20512807	
4173.58974345	4178.07692294	4168.3333332	4168.3333332	4182.94871781	4188.71794858	4185.25641012	4187.69230756	4171.5384614	4186.02564089	4202.17948711	4181.79487166	4229.74358968	4183.84615371	
4164.61538441	4175.25641012	4161.02564082	4161.53846133	4199.35897422	4183.58974345	4182.56410243	4186.92307679	4176.5384614	4188.3333332	4197.4358973	4179.99999986	4225.25641019	4182.05128192	
4162.82051262	4177.30769217	4161.28205108	4164.1025639	4181.92307679	4181.92307679	4183.71794858	4187.94871781	4178.3333332	4192.56410243	4186.66666653	4180.12820499	4217.94871788	4180.25641012	
4161.15384595	4165.89743569	4159.61538441	4164.23076903	4158.46153826	4183.84615371	4189.87179474	4190.12820499	4174.87179474	4193.3333332	4187.4358973	4173.84615371	4219.35897429	4175.51282038	
4162.56410236	4170.25641012	4158.46153826	4156.53846133	4155.12820492	4184.10256397	4199.87179474	4195.64102551	4179.87179474	4189.48717935	4197.4358973	4176.79487166	4231.15384609	4175.76923063	
4176.02564089	4191.02564089	4163.84615364	4154.35897415	4171.79487166	4189.2307691	4211.28205122	4206.02564096	4191.41025628	4194.99999986	4202.69230763	4191.15384602	4235.64102564	4187.94871781	
4174.10256397	4171.79487166	4162.94871774	4166.92307672	4186.02564089	4191.79487166	4210.25641019	4205.89743583	4190.12820499	4204.61538455	4198.84615371	4186.66666653	4226.92307686	4189.87179474	
4163.07692287	4149.74358954	4158.07692287	4169.61538448	4183.20512807	4186.66666653	4198.20512807	4193.58974345	4177.30769217	4201.28205122	4191.15384602	4179.74358961	4226.53846147	4184.2307691	
4168.97435884	4173.58974345	4164.1025639	4167.05128185	4191.02564089	4185.25641012	4189.35897422	4189.99999986	4175.38461525	4194.35897422	4189.87179474	4188.46153833	4233.20512814	4187.56410243	
4180.76923063	4188.71794858	4174.2307691	4181.28205115	4207.69230763	4191.92307679	4187.82051269	4196.28205115	4184.61538448	4195.64102551	4197.69230756	4193.46153833	4226.92307686	4192.69230756	
4187.69230756	4188.58974345	4179.87179474	4188.46153833	4194.87179474	4200.38461525	4191.28205115	4201.15384609	4191.28205115	4208.84615378	4205.7692307	4197.56410243	4228.71794865	4199.2307691	
4186.5384614	4195.64102551	4177.69230756	4183.3333332	4177.94871781	4196.66666653	4189.10256397	4198.97435884	4189.61538448	4216.41025634	4205.64102558	4199.61538448	4243.20512821	4202.5641025	
4182.05128192	4197.30769217	4174.99999986	4184.87179474	4188.20512807	4184.99999986	4186.79487166	4196.02564089	4185.76923063	4209.10256404	4207.30769224	4194.2307691	4250.0	4198.97435884	
4190.51282038	4197.30769217	4182.17948704	4179.10256397	4190.25641012	4185.51282038	4196.41025628	4199.48717935	4183.58974345	4205.25641019	4206.02564096	4197.30769217	4250.38461539	4203.58974352	
4196.5384614	4193.84615371	4179.99999986	4167.43589723	4178.20512807	4191.79487166	4207.05128199	4205.7692307	4186.28205115	4208.4615384	4198.58974345	4198.20512807	4243.71794872	4208.07692301	
4180.51282038	4174.87179474	4162.94871774	4175.38461525	4184.99999986	4190.38461525	4203.33333327	4206.28205122	4190.38461525	4204.74358968	4197.4358973	4184.74358961	4230.7692307	4197.05128192	
4171.92307679	4169.87179474	4164.48717928	4184.74358961	4201.02564096	4191.92307679	4197.94871781	4199.48717935	4184.74358961	4205.25641019	4200.38461525	4181.5384614	4231.6666666	4189.35897422	
4181.41025628	4188.84615371	4179.61538448	4182.30769217	4201.79487173	4201.02564096	4201.41025634	4198.3333332	4181.79487166	4212.17948711	4197.94871781	4190.25641012	4237.17948718	4196.92307679	
4184.2307691	4193.71794858	4175.38461525	4181.79487166	4198.20512807	4201.28205122	4203.97435891	4202.94871788	4192.82051269	4200.76923063	4191.5384614	4191.28205115	4233.07692301	4201.15384609	
4183.07692294	4184.2307691	4167.56410236	4177.05128192	4195.89743576	4197.82051269	4201.53846147	4202.43589737	4194.2307691	4195.64102551	4196.02564089	4188.97435884	4230.51282045	4197.17948704	
4187.30769217	4179.87179474	4176.79487166	4169.87179474	4190.12820499	4201.79487173	4200.89743576	4200.12820499	4186.66666653	4216.41025634	4209.23076917	4191.79487166	4234.48717949	4199.35897422	
4188.3333332	4186.28205115	4183.97435884	4180.12820499	4193.07692294	4202.69230763	4203.33333327	4202.69230763	4192.56410243	4225.51282045	4215.51282045	4197.94871781	4240.12820513	4204.48717942	
4187.82051269	4193.07692294	4178.07692294	4194.74358961	4195.12820499	4198.07692294	4203.33333327	4204.48717942	4196.79487166	4205.89743583	4210.64102558	4200.25641012	4242.43589744	4202.17948711	
4190.51282038	4193.3333332	4176.28205115	4189.61538448	4185.12820499	4196.15384602	4202.69230763	4200.64102551	4184.2307691	4190.76923063	4202.17948711	4196.15384602	4243.33333334	4197.56410243	
4192.05128192	4196.5384614	4180.76923063	4182.17948704	4190.12820499	4199.35897422	4207.43589737	4204.61538455	4189.99999986	4205.51282045	4204.61538455	4196.41025628	4244.87179488	4202.69230763	
4187.69230756	4198.3333332	4174.87179474	4184.99999986	4207.43589737	4200.76923063	4207.05128199	4210.12820506	4205.7692307	4218.20512814	4208.4615384	4196.92307679	4240.38461539	4204.10256404	
4179.87179474	4184.61538448	4165.25641005	4185.51282038	4199.99999986	4198.84615371	4198.3333332	4201.28205122	4193.20512807	4204.61538455	4201.15384609	4186.28205115	4230.7692307	4190.76923063	
4179.2307691	4178.97435884	4168.84615371	4184.74358961	4194.74358961	4200.12820499	4196.66666653	4196.02564089	4181.5384614	4194.87179474	4197.17948704	4182.82051269	4228.71794865	4188.84615371	
4186.5384614	4197.69230756	4179.61538448	4191.92307679	4214.23076917	4204.99999993	4198.71794858	4201.02564096	4190.76923063	4208.07692301	4203.84615378	4193.58974345	4237.6923077	4201.53846147	
4191.5384614	4196.92307679	4184.99999986	4203.84615378	4222.30769224	4207.94871788	4197.05128192	4203.33333327	4193.46153833	4217.43589737	4206.92307686	4197.94871781	4243.20512821	4203.33333327	
4192.30769217	4178.97435884	4181.79487166	4198.58974345	4212.82051275	4205.89743583	4197.94871781	4200.38461525	4184.10256397	4207.94871788	4198.3333332	4190.51282038	4236.02564103	4195.51282038	
4191.79487166	4193.20512807	4181.02564089	4188.3333332	4199.74358961	4203.4615384	4201.02564096	4199.87179474	4187.69230756	4200.51282038	4193.20512807	4187.94871781	4228.71794865	4196.02564089	
4195.76923063	4214.23076917	4186.41025628	4198.46153833	4192.30769217	4202.69230763	4203.97435891	4204.48717942	4199.2307691	4200.38461525	4194.61538448	4193.46153833	4232.69230763	4203.07692301	
4197.69230756	4207.17948711	4186.92307679	4203.20512814	4195.51282038	4200.89743576	4204.61538455	4202.5641025	4195.38461525	4196.92307679	4194.10256397	4193.58974345	4237.56410257	4202.17948711	
4187.69230756	4191.79487166	4176.28205115	4189.35897422	4203.71794865	4197.69230756	4199.2307691	4193.07692294	4182.17948704	4186.41025628	4187.82051269	4182.82051269	4225.38461532	4190.25641012	
4181.79487166	4188.58974345	4171.28205115	4191.41025628	4200.51282038	4195.51282038	4196.66666653	4188.97435884	4179.99999986	4181.79487166	4177.82051269	4175.76923063	4214.87179481	4181.66666653	
4194.87179474	4194.35897422	4179.99999986	4203.58974352	4197.94871781	4204.74358968	4202.43589737	4191.5384614	4188.07692294	4190.76923063	4180.25641012	4181.92307679	4220.12820506	4186.66666653	
4199.48717935	4202.05128199	4184.61538448	4202.30769224	4215.7692307	4214.10256404	4204.99999993	4191.41025628	4187.05128192	4201.41025634	4192.17948704	4189.48717935	4231.92307686	4196.92307679	
4187.05128192	4198.84615371	4185.51282038	4201.02564096	4226.28205122	4206.92307686	4196.5384614	4188.3333332	4180.51282038	4203.07692301	4192.17948704	4189.2307691	4231.02564096	4193.46153833	
4194.48717935	4201.15384609	4192.4358973	4201.15384609	4206.79487173	4202.94871788	4199.2307691	4199.2307691	4191.5384614	4199.10256397	4188.97435884	4189.2307691	4225.7692307	4190.51282038	
4212.17948711	4222.43589737	4194.61538448	4200.51282038	4192.05128192	4217.69230763	4213.20512814	4214.10256404	4206.6666666	4198.20512807	4195.64102551	4197.30769217	4236.41025641	4201.53846147	
4198.97435884	4211.92307686	4184.35897422	4208.97435891	4209.87179481	4218.84615378	4211.02564096	4205.25641019	4197.30769217	4195.12820499	4189.99999986	4195.76923063	4234.23076923	4196.66666653	
4178.71794858	4181.92307679	4176.5384614	4208.84615378	4215.89743583	4200.38461525	4196.41025628	4189.35897422	4180.38461525	4185.38461525	4178.46153833	4179.87179474	4210.25641019	4177.17948704	
4191.15384602	4190.25641012	4183.07692294	4199.99999986	4209.35897429	4200.64102551	4200.38461525	4193.20512807	4185.25641012	4183.3333332	4186.79487166	4181.15384602	4206.79487173	4178.46153833	
4201.6666666	4209.35897429	4183.84615371	4204.87179481	4211.79487173	4211.41025634	4212.17948711	4202.05128199	4193.58974345	4192.56410243	4189.61538448	4193.46153833	4231.15384609	4191.41025628	
4188.3333332	4201.6666666	4173.97435884	4202.69230763	4198.97435884	4209.35897429	4208.20512814	4198.97435884	4189.35897422	4203.07692301	4183.07692294	4189.2307691	4237.6923077	4193.3333332	
4188.58974345	4201.15384609	4179.48717935	4186.66666653	4191.66666653	4204.48717942	4201.92307686	4195.38461525	4191.28205115	4200.25641012	4198.07692294	4184.61538448	4218.07692301	4191.66666653	
4194.74358961	4206.15384609	4190.64102551	4194.74358961	4211.79487173	4203.97435891	4198.71794858	4190.76923063	4196.02564089	4190.76923063	4204.23076917	4189.10256397	4215.38461532	4190.25641012	
4189.61538448	4190.25641012	4185.12820499	4217.5641025	4215.89743583	4203.07692301	4194.87179474	4185.12820499	4188.84615371	4189.2307691	4186.5384614	4190.51282038	4232.69230763	4188.07692294	
4193.3333332	4196.02564089	4180.89743576	4217.17948711	4191.79487166	4201.41025634	4197.94871781	4194.35897422	4185.25641012	4195.51282038	4190.76923063	4191.41025628	4241.41025641	4194.2307691	
4197.69230756	4211.79487173	4184.99999986	4204.10256404	4186.92307679	4201.02564096	4200.89743576	4199.35897422	4189.61538448	4187.69230756	4204.99999993	4189.87179474	4227.5641025	4195.89743576	
4191.28205115	4199.74358961	4183.46153833	4200.76923063	4195.12820499	4200.25641012	4198.46153833	4192.17948704	4189.74358961	4169.10256397	4190.64102551	4186.92307679	4213.4615384	4187.56410243	
4192.82051269	4193.07692294	4179.87179474	4202.30769224	4188.71794858	4200.89743576	4200.89743576	4190.64102551	4187.30769217	4174.48717935	4178.46153833	4185.64102551	4212.82051275	4185.25641012	
4201.15384609	4193.58974345	4182.30769217	4198.20512807	4178.3333332	4197.17948704	4201.15384609	4191.79487166	4183.3333332	4184.61538448	4187.4358973	4186.15384602	4215.89743583	4191.5384614	
4199.48717935	4189.99999986	4182.05128192	4192.82051269	4182.30769217	4189.10256397	4190.38461525	4184.74358961	4177.30769217	4178.07692294	4188.07692294	4190.51282038	4223.97435891	4192.82051269	
4192.56410243	4202.17948711	4178.46153833	4197.69230756	4192.4358973	4186.41025628	4184.10256397	4178.71794858	4176.92307679	4173.71794858	4177.17948704	4185.76923063	4226.79487173	4184.99999986	
4188.46153833	4213.07692301	4179.2307691	4208.20512814	4189.2307691	4191.02564089	4185.89743576	4184.2307691	4183.46153833	4174.35897422	4174.2307691	4175.76923063	4211.28205122	4182.17948704	
4188.97435884	4198.07692294	4179.10256397	4209.35897429	4187.05128192	4199.35897422	4191.66666653	4193.71794858	4192.05128192	4175.64102551	4181.79487166	4179.48717935	4198.71794858	4186.41025628	
4187.82051269	4187.30769217	4172.82051269	4200.25641012	4191.02564089	4200.64102551	4192.94871781	4194.2307691	4193.84615371	4176.92307679	4182.17948704	4180.89743576	4203.4615384	4184.74358961	
4181.15384602	4197.4358973	4170.76923063	4197.30769217	4187.69230756	4197.05128192	4190.89743576	4189.48717935	4189.10256397	4172.05128192	4170.12820499	4170.76923063	4204.99999993	4180.64102551	
4184.99999986	4208.20512814	4177.17948704	4205.7692307	4184.10256397	4201.79487173	4193.3333332	4191.28205115	4186.15384602	4167.3076921	4172.05128192	4172.82051269	4197.56410243	4183.20512807	
4194.74358961	4205.64102558	4182.56410243	4211.41025634	4187.17948704	4200.64102551	4192.30769217	4193.20512807	4185.89743576	4170.51282038	4183.07692294	4184.99999986	4200.25641012	4186.79487166	
4192.05128192	4197.17948704	4178.58974345	4198.3333332	4186.28205115	4189.48717935	4184.2307691	4185.25641012	4182.69230756	4170.38461525	4175.12820499	4185.25641012	4212.5641025	4184.99999986	
4183.84615371	4195.51282038	4169.99999986	4189.2307691	4183.07692294	4191.15384602	4183.3333332	4182.69230756	4178.97435884	4175.38461525	4163.97435877	4179.48717935	4215.7692307	4186.92307679	
4186.02564089	4196.28205115	4171.5384614	4197.17948704	4185.89743576	4198.58974345	4185.25641012	4183.46153833	4177.82051269	4186.5384614	4172.17948704	4181.92307679	4203.71794865	4189.61538448	
4192.4358973	4199.87179474	4179.99999986	4202.17948711	4185.89743576	4197.56410243	4185.76923063	4187.56410243	4180.64102551	4185.51282038	4186.5384614	4186.28205115	4202.05128199	4189.10256397	
4187.4358973	4200.64102551	4172.94871781	4199.35897422	4184.2307691	4198.84615371	4193.07692294	4193.07692294	4187.30769217	4176.5384614	4183.20512807	4181.92307679	4204.61538455	4186.66666653	
4180.64102551	4190.38461525	4162.69230749	4200.89743576	4188.20512807	4204.35897429	4198.07692294	4191.02564089	4187.4358973	4169.74358961	4169.48717935	4174.10256397	4189.35897422	4178.58974345	
4183.84615371	4192.94871781	4169.87179474	4203.97435891	4190.89743576	4204.35897429	4199.10256397	4193.20512807	4187.17948704	4168.20512807	4166.41025621	4172.30769217	4185.12820499	4176.5384614	
4184.99999986	4202.43589737	4174.61538448	4203.07692301	4187.05128192	4204.74358968	4201.53846147	4195.38461525	4190.51282038	4169.10256397	4171.02564089	4175.51282038	4198.20512807	4182.05128192	
4183.20512807	4192.4358973	4170.25641012	4202.94871788	4190.89743576	4206.41025634	4199.35897422	4188.71794858	4187.4358973	4172.69230756	4174.48717935	4178.84615371	4203.20512814	4185.51282038	
4193.46153833	4196.41025628	4178.84615371	4200.25641012	4198.97435884	4204.99999993	4198.84615371	4188.3333332	4187.4358973	4184.99999986	4184.87179474	4186.66666653	4210.12820506	4192.82051269	
4203.33333327	4214.10256404	4189.74358961	4197.05128192	4201.79487173	4204.48717942	4201.28205122	4194.35897422	4194.10256397	4196.41025628	4194.10256397	4192.4358973	4220.89743583	4201.92307686	
4196.15384602	4207.69230763	4182.69230756	4204.10256404	4204.35897429	4202.43589737	4198.07692294	4191.79487166	4191.15384602	4188.07692294	4187.94871781	4186.5384614	4211.15384609	4197.30769217	
4192.30769217	4202.69230763	4177.69230756	4218.20512814	4199.99999986	4202.82051275	4194.74358961	4190.25641012	4187.30769217	4182.94871781	4184.74358961	4187.56410243	4205.38461532	4193.97435884	
4193.97435884	4203.97435891	4181.79487166	4219.74358968	4192.05128192	4204.35897429	4191.92307679	4192.05128192	4192.17948704	4190.76923063	4187.30769217	4194.74358961	4220.25641019	4199.48717935	
4190.64102551	4188.71794858	4182.94871781	4202.17948711	4194.61538448	4199.99999986	4186.15384602	4185.12820499	4191.92307679	4185.89743576	4180.51282038	4192.4358973	4214.61538455	4197.56410243	
4195.25641012	4188.71794858	4190.12820499	4201.41025634	4202.69230763	4199.61538448	4190.51282038	4185.89743576	4191.28205115	4179.35897422	4187.05128192	4197.4358973	4199.99999986	4195.12820499	
4205.7692307	4212.69230763	4202.17948711	4215.25641019	4204.87179481	4206.53846147	4200.12820499	4195.76923063	4198.07692294	4192.56410243	4211.02564096	4214.61538455	4215.25641019	4201.6666666	
4210.64102558	4224.48717942	4207.43589737	4222.94871788	4202.94871788	4208.33333327	4202.05128199	4203.33333327	4202.05128199	4198.07692294	4216.92307686	4226.6666666	4236.92307693	4212.17948711	
4215.89743583	4215.51282045	4211.79487173	4225.51282045	4198.71794858	4202.05128199	4202.17948711	4205.64102558	4202.43589737	4187.56410243	4209.87179481	4230.51282045	4236.28205129	4219.35897429	
4217.43589737	4209.48717942	4212.43589737	4221.53846147	4199.2307691	4201.02564096	4199.99999986	4199.10256397	4196.28205115	4191.28205115	4212.17948711	4229.99999993	4232.5641025	4216.28205122	
4213.71794865	4214.87179481	4209.74358968	4220.12820506	4203.97435891	4207.94871788	4197.17948704	4193.46153833	4186.92307679	4199.99999986	4216.6666666	4229.74358968	4229.23076917	4209.35897429	
4218.4615384	4232.05128199	4216.79487173	4229.74358968	4203.33333327	4213.71794865	4204.87179481	4200.12820499	4192.17948704	4199.48717935	4224.35897429	4236.15384616	4225.38461532	4212.05128199	
4222.30769224	4236.92307693	4222.30769224	4239.35897436	4202.94871788	4212.30769224	4209.48717942	4207.69230763	4204.23076917	4197.30769217	4228.07692301	4239.23076923	4236.66666667	4218.71794865	
4217.17948711	4217.5641025	4216.53846147	4235.64102564	4203.71794865	4204.74358968	4202.43589737	4201.28205122	4200.64102551	4187.69230756	4208.58974352	4230.38461532	4236.53846154	4217.82051275	
4213.33333327	4209.87179481	4209.35897429	4225.51282045	4201.6666666	4201.02564096	4199.74358961	4195.25641012	4192.17948704	4177.82051269	4191.28205115	4221.92307686	4217.17948711	4214.99999993	
4216.15384609	4223.84615378	4210.38461532	4221.53846147	4202.5641025	4208.58974352	4203.97435891	4200.12820499	4198.84615371	4191.92307679	4209.48717942	4224.87179481	4223.07692301	4213.97435891	
4220.25641019	4231.28205122	4215.25641019	4228.71794865	4201.02564096	4216.92307686	4209.87179481	4210.12820506	4210.89743583	4211.41025634	4233.71794865	4232.82051275	4248.07692308	4217.69230763	
4219.74358968	4219.61538455	4215.51282045	4231.6666666	4195.25641012	4215.7692307	4213.33333327	4212.69230763	4208.71794865	4205.38461532	4224.74358968	4232.82051275	4243.84615385	4222.5641025	
4216.41025634	4211.79487173	4207.82051275	4207.5641025	4197.69230756	4213.33333327	4211.02564096	4206.53846147	4199.99999986	4196.79487166	4203.4615384	4222.30769224	4225.38461532	4216.92307686	
4209.74358968	4215.7692307	4197.82051269	4191.79487166	4208.58974352	4213.58974352	4204.10256404	4207.43589737	4202.82051275	4204.23076917	4203.33333327	4210.7692307	4229.48717942	4209.48717942	
4203.33333327	4200.76923063	4191.41025628	4209.23076917	4218.07692301	4210.89743583	4202.05128199	4211.15384609	4201.92307686	4203.20512814	4209.23076917	4208.20512814	4232.05128199	4210.38461532	
4206.41025634	4180.76923063	4189.74358961	4221.6666666	4212.82051275	4213.97435891	4210.89743583	4214.10256404	4197.17948704	4198.46153833	4203.58974352	4214.61538455	4227.82051275	4217.94871788	
4220.51282045	4197.30769217	4196.41025628	4210.25641019	4197.94871781	4222.05128199	4221.92307686	4221.53846147	4210.7692307	4212.17948711	4211.15384609	4222.94871788	4240.12820513	4227.17948711	
4227.43589737	4228.97435891	4202.17948711	4203.58974352	4201.02564096	4220.25641019	4219.74358968	4225.25641019	4222.82051275	4220.51282045	4219.61538455	4222.43589737	4245.76923077	4227.30769224	
4218.58974352	4224.35897429	4194.99999986	4211.79487173	4214.99999993	4213.97435891	4206.6666666	4216.28205122	4211.28205122	4210.7692307	4203.58974352	4211.15384609	4235.25641026	4219.23076917	
4209.74358968	4197.4358973	4187.30769217	4215.64102558	4216.41025634	4211.02564096	4199.10256397	4203.84615378	4198.46153833	4206.41025634	4196.79487166	4206.53846147	4230.89743583	4214.99999993	
4214.99999993	4199.35897422	4192.69230756	4211.53846147	4214.23076917	4213.97435891	4204.61538455	4205.38461532	4206.41025634	4208.71794865	4208.97435891	4210.51282045	4229.99999993	4218.84615378	
4222.17948711	4216.53846147	4196.28205115	4199.87179474	4209.74358968	4219.23076917	4214.87179481	4218.33333327	4219.10256404	4211.41025634	4206.41025634	4211.28205122	4236.66666667	4226.92307686	
4216.92307686	4216.6666666	4191.02564089	4196.02564089	4203.07692301	4218.07692301	4216.6666666	4223.97435891	4217.69230763	4216.92307686	4198.46153833	4213.07692301	4249.10256411	4230.64102558	
4212.43589737	4207.94871788	4191.92307679	4213.33333327	4212.43589737	4220.51282045	4213.33333327	4215.25641019	4211.28205122	4214.35897429	4208.33333327	4214.48717942	4235.8974359	4227.94871788	
4222.94871788	4207.69230763	4199.35897422	4227.82051275	4225.64102558	4228.84615378	4218.71794865	4214.10256404	4215.12820506	4214.99999993	4219.48717942	4212.17948711	4223.20512814	4227.43589737	
4226.53846147	4211.15384609	4198.46153833	4219.35897429	4218.33333327	4223.58974352	4221.79487173	4218.4615384	4218.07692301	4221.15384609	4211.6666666	4212.5641025	4238.46153847	4227.30769224	
4216.41025634	4203.97435891	4189.99999986	4204.99999993	4212.30769224	4213.20512814	4214.23076917	4213.97435891	4206.41025634	4205.38461532	4198.20512807	4209.35897429	4237.56410257	4222.94871788	
4218.20512814	4199.74358961	4190.25641012	4203.58974352	4216.53846147	4224.74358968	4217.17948711	4215.64102558	4205.89743583	4198.20512807	4204.87179481	4207.30769224	4230.12820506	4228.71794865	
4219.74358968	4204.99999993	4189.10256397	4204.99999993	4216.92307686	4234.48717949	4225.25641019	4221.02564096	4214.74358968	4223.4615384	4222.43589737	4212.5641025	4246.02564103	4235.0	
4203.84615378	4203.97435891	4176.28205115	4200.12820499	4217.17948711	4221.41025634	4218.58974352	4214.87179481	4207.30769224	4224.35897429	4214.87179481	4208.33333327	4238.58974359	4223.71794865	
4194.61538448	4196.66666653	4174.74358961	4204.10256404	4217.17948711	4214.23076917	4212.43589737	4211.41025634	4204.74358968	4203.07692301	4200.89743576	4197.69230756	4214.87179481	4212.69230763	
4203.84615378	4198.3333332	4188.58974345	4214.23076917	4216.02564096	4220.25641019	4213.58974352	4216.6666666	4215.51282045	4211.28205122	4210.51282045	4199.74358961	4226.41025634	4217.5641025	
4208.20512814	4205.25641019	4189.48717935	4210.51282045	4220.38461532	4219.74358968	4205.7692307	4208.4615384	4208.4615384	4218.4615384	4215.38461532	4202.5641025	4231.15384609	4218.97435891	
4199.48717935	4197.05128192	4172.69230756	4201.15384609	4218.33333327	4216.28205122	4200.89743576	4198.71794858	4197.82051269	4196.28205115	4198.46153833	4191.02564089	4208.33333327	4206.53846147	
4197.05128192	4196.28205115	4164.48717928	4199.99999986	4205.25641019	4220.51282045	4212.30769224	4207.5641025	4211.79487173	4191.66666653	4193.97435884	4185.12820499	4219.35897429	4204.35897429	
4196.92307679	4205.64102558	4169.61538448	4201.79487173	4207.30769224	4221.92307686	4217.05128199	4210.64102558	4219.35897429	4211.02564096	4208.97435891	4193.3333332	4242.05128206	4215.25641019	
4191.02564089	4192.82051269	4167.17948697	4205.25641019	4219.35897429	4218.07692301	4206.92307686	4204.35897429	4208.97435891	4217.5641025	4211.92307686	4193.58974345	4224.74358968	4216.28205122	
4192.69230756	4183.3333332	4159.9999998	4198.20512807	4206.92307686	4218.4615384	4203.20512814	4212.43589737	4209.99999993	4213.71794865	4200.89743576	4191.02564089	4211.92307686	4214.35897429	
4202.5641025	4195.64102551	4166.02564082	4187.05128192	4198.97435884	4220.12820506	4209.99999993	4222.05128199	4220.38461532	4215.38461532	4201.41025634	4195.38461525	4230.64102558	4220.89743583	
4202.94871788	4186.79487166	4174.2307691	4197.05128192	4214.99999993	4217.5641025	4214.35897429	4217.30769224	4219.74358968	4217.82051275	4213.84615378	4198.46153833	4235.51282052	4225.89743583	
4205.25641019	4181.41025628	4177.05128192	4210.25641019	4220.64102558	4217.17948711	4214.61538455	4212.69230763	4212.82051275	4215.7692307	4216.53846147	4202.05128199	4227.05128199	4227.43589737	
4214.23076917	4212.17948711	4179.99999986	4213.58974352	4217.43589737	4223.58974352	4217.94871788	4217.69230763	4215.12820506	4213.97435891	4210.51282045	4203.71794865	4230.12820506	4231.15384609	
4206.41025634	4214.10256404	4174.48717935	4213.58974352	4214.99999993	4224.35897429	4219.74358968	4215.89743583	4216.41025634	4212.43589737	4210.64102558	4193.84615371	4228.71794865	4223.71794865	
4196.79487166	4187.05128192	4163.205128	4207.05128199	4205.51282045	4217.82051275	4216.02564096	4208.4615384	4211.28205122	4212.05128199	4212.05128199	4187.56410243	4234.48717949	4217.17948711	
4201.28205122	4192.4358973	4162.69230749	4199.87179474	4199.35897422	4217.05128199	4215.64102558	4211.15384609	4213.4615384	4217.43589737	4204.74358968	4191.15384602	4238.46153847	4223.97435891	
4202.17948711	4204.23076917	4166.79487159	4202.05128199	4214.10256404	4220.25641019	4213.71794865	4211.53846147	4215.12820506	4217.43589737	4195.89743576	4191.28205115	4215.38461532	4223.58974352	
4196.5384614	4197.30769217	4164.61538441	4209.10256404	4229.10256404	4219.35897429	4209.10256404	4204.10256404	4211.79487173	4214.99999993	4203.84615378	4190.38461525	4213.07692301	4216.53846147	
4197.82051269	4197.69230756	4162.82051262	4209.99999993	4214.74358968	4217.30769224	4212.5641025	4207.17948711	4213.97435891	4219.23076917	4214.61538455	4195.64102551	4232.43589737	4219.10256404	
4200.64102551	4197.4358973	4167.17948697	4208.58974352	4202.43589737	4219.10256404	4217.94871788	4218.20512814	4219.23076917	4221.02564096	4210.38461532	4195.25641012	4220.38461532	4223.33333327	
4204.35897429	4195.51282038	4173.07692294	4205.89743583	4219.87179481	4223.07692301	4217.82051275	4222.5641025	4222.17948711	4219.10256404	4205.7692307	4191.5384614	4214.99999993	4224.23076917	
4213.4615384	4202.5641025	4177.69230756	4209.87179481	4237.17948718	4228.84615378	4217.43589737	4222.82051275	4228.4615384	4217.30769224	4212.69230763	4200.89743576	4237.94871795	4230.89743583	
4211.28205122	4197.94871781	4177.94871781	4218.20512814	4218.58974352	4228.07692301	4216.15384609	4220.64102558	4229.23076917	4216.53846147	4216.53846147	4208.71794865	4238.07692308	4232.30769224	
4209.61538455	4205.12820506	4176.15384602	4207.94871788	4192.4358973	4222.69230763	4217.94871788	4218.4615384	4222.30769224	4218.84615378	4211.79487173	4205.64102558	4233.58974352	4230.7692307	
4213.71794865	4215.89743583	4172.05128192	4190.25641012	4201.6666666	4219.10256404	4217.5641025	4215.51282045	4216.02564096	4213.84615378	4203.33333327	4197.56410243	4228.97435891	4226.92307686	
4194.61538448	4181.79487166	4159.1025639	4183.84615371	4214.23076917	4211.79487173	4201.92307686	4200.51282038	4203.71794865	4194.87179474	4197.69230756	4183.84615371	4201.6666666	4206.53846147	
4184.2307691	4163.07692287	4154.87179467	4193.84615371	4205.25641019	4208.97435891	4199.99999986	4197.17948704	4198.20512807	4193.71794858	4199.35897422	4180.64102551	4203.33333327	4196.79487166	
4205.51282045	4198.71794858	4165.12820492	4201.28205122	4197.69230756	4216.28205122	4219.10256404	4212.17948711	4212.82051275	4213.20512814	4198.07692294	4186.92307679	4221.28205122	4206.92307686	
4213.33333327	4200.12820499	4161.02564082	4188.46153833	4193.07692294	4217.05128199	4217.94871788	4209.74358968	4214.23076917	4204.99999993	4190.51282038	4182.82051269	4201.6666666	4205.38461532	
4205.64102558	4169.10256397	4151.41025621	4182.82051269	4185.64102551	4211.53846147	4206.28205122	4196.5384614	4199.99999986	4180.38461525	4192.30769217	4178.84615371	4193.07692294	4196.28205115	
4213.58974352	4184.2307691	4156.66666646	4195.38461525	4193.20512807	4215.51282045	4211.6666666	4202.30769224	4206.92307686	4184.61538448	4200.25641012	4186.28205115	4218.4615384	4204.10256404	
4217.69230763	4197.17948704	4156.53846133	4187.94871781	4202.69230763	4216.53846147	4212.30769224	4204.99999993	4215.89743583	4190.38461525	4188.97435884	4182.30769217	4208.07692301	4204.23076917	
4209.48717942	4169.2307691	4148.07692287	4170.51282038	4189.2307691	4203.71794865	4196.66666653	4191.5384614	4200.89743576	4170.64102551	4167.43589723	4167.56410236	4178.46153833	4187.30769217	
4214.48717942	4163.33333313	4152.69230749	4178.07692294	4180.76923063	4199.35897422	4196.5384614	4191.79487166	4197.4358973	4171.15384602	4174.61538448	4172.69230756	4192.56410243	4194.61538448	
4227.30769224	4193.46153833	4165.64102544	4192.94871781	4187.05128192	4208.97435891	4211.6666666	4208.4615384	4218.07692301	4210.7692307	4203.4615384	4190.89743576	4222.43589737	4216.02564096	
4231.02564096	4203.58974352	4164.35897415	4198.20512807	4195.51282038	4213.4615384	4212.17948711	4210.7692307	4223.58974352	4222.17948711	4209.87179481	4190.51282038	4223.58974352	4214.10256404	
4217.05128199	4179.35897422	4149.23076903	4198.97435884	4202.69230763	4203.33333327	4198.71794858	4194.87179474	4204.48717942	4193.07692294	4186.15384602	4167.05128185	4196.5384614	4193.97435884	
4202.5641025	4171.28205115	4139.87179467	4194.48717935	4202.05128199	4197.69230756	4194.61538448	4187.69230756	4197.4358973	4184.87179474	4172.30769217	4153.33333313	4180.51282038	4183.20512807	
4209.48717942	4186.79487166	4144.1025639	4198.07692294	4202.94871788	4208.20512814	4203.4615384	4196.02564089	4205.7692307	4199.10256397	4182.30769217	4162.43589723	4192.69230756	4189.87179474	
4215.64102558	4193.97435884	4149.74358954	4209.35897429	4203.4615384	4215.51282045	4205.25641019	4201.92307686	4207.94871788	4193.84615371	4187.82051269	4171.79487166	4205.51282045	4195.64102551	
4212.17948711	4202.17948711	4147.69230749	4199.35897422	4197.56410243	4212.05128199	4201.79487173	4200.12820499	4208.07692301	4180.76923063	4180.51282038	4170.89743576	4198.20512807	4193.3333332	
4216.02564096	4213.84615378	4149.9999998	4196.92307679	4198.3333332	4210.64102558	4202.17948711	4199.2307691	4215.12820506	4189.2307691	4182.4358973	4170.25641012	4191.66666653	4194.48717935	
4225.89743583	4201.6666666	4159.35897415	4216.53846147	4201.92307686	4214.61538455	4201.6666666	4201.92307686	4219.61538455	4204.61538455	4192.17948704	4180.64102551	4210.25641019	4204.74358968	
4224.23076917	4185.76923063	4161.53846133	4210.89743583	4201.02564096	4212.43589737	4202.43589737	4203.97435891	4220.7692307	4208.07692301	4192.4358973	4186.02564089	4222.43589737	4208.4615384	
4211.28205122	4184.87179474	4151.15384595	4184.2307691	4194.48717935	4201.6666666	4197.56410243	4195.25641012	4216.02564096	4201.92307686	4184.61538448	4172.56410243	4205.89743583	4195.51282038	
4208.71794865	4184.61538448	4143.33333313	4183.20512807	4185.38461525	4201.41025634	4196.5384614	4191.5384614	4210.51282045	4202.94871788	4187.82051269	4164.9999998	4194.48717935	4187.05128192	
4220.38461532	4186.92307679	4151.66666646	4205.12820506	4187.56410243	4212.17948711	4207.5641025	4208.20512814	4219.48717942	4217.30769224	4202.30769224	4178.97435884	4207.94871788	4202.5641025	
4223.33333327	4193.20512807	4154.9999998	4203.07692301	4203.71794865	4217.30769224	4213.07692301	4214.99999993	4228.71794865	4216.41025634	4202.82051275	4185.89743576	4215.89743583	4216.79487173	
4202.5641025	4187.69230756	4141.15384595	4184.48717935	4212.69230763	4212.30769224	4204.10256404	4201.28205122	4215.25641019	4193.46153833	4184.48717935	4168.46153833	4197.05128192	4199.10256397	
4190.12820499	4172.17948704	4133.84615357	4183.97435884	4205.7692307	4206.92307686	4197.82051269	4194.87179474	4200.51282038	4176.79487166	4170.89743576	4156.79487159	4182.4358973	4177.82051269	
4204.35897429	4172.17948704	4145.12820492	4194.35897422	4198.20512807	4208.97435891	4206.6666666	4201.79487173	4207.30769224	4181.28205115	4173.46153833	4163.84615364	4182.4358973	4183.07692294	
4219.10256404	4197.30769217	4157.05128185	4197.94871781	4196.5384614	4216.41025634	4214.10256404	4204.87179481	4219.74358968	4197.94871781	4184.10256397	4172.17948704	4182.94871781	4197.82051269	
4213.84615378	4206.6666666	4154.48717928	4196.15384602	4199.35897422	4214.23076917	4202.94871788	4195.64102551	4216.02564096	4201.02564096	4187.82051269	4172.56410243	4186.15384602	4197.56410243	
4199.2307691	4184.35897422	4146.02564082	4199.99999986	4205.38461532	4201.41025634	4186.15384602	4183.07692294	4206.15384609	4185.25641012	4183.3333332	4164.23076903	4191.02564089	4185.25641012	
4201.41025634	4176.66666653	4146.41025621	4203.20512814	4206.41025634	4202.05128199	4184.35897422	4184.48717935	4208.71794865	4183.71794858	4183.07692294	4161.02564082	4181.5384614	4182.4358973	
4210.51282045	4191.28205115	4152.43589723	4198.20512807	4201.28205122	4209.23076917	4190.64102551	4191.5384614	4211.28205122	4197.17948704	4183.46153833	4169.10256397	4167.17948697	4190.25641012	
4206.92307686	4192.82051269	4151.53846133	4196.15384602	4197.4358973	4204.74358968	4188.46153833	4185.25641012	4201.6666666	4192.30769217	4181.02564089	4172.17948704	4172.82051269	4187.82051269	
4202.30769224	4183.3333332	4148.205128	4201.6666666	4203.84615378	4202.05128199	4189.2307691	4182.94871781	4199.61538448	4181.66666653	4185.76923063	4171.5384614	4185.51282038	4182.4358973	
4208.20512814	4181.92307679	4150.51282031	4193.97435884	4195.51282038	4201.79487173	4196.28205115	4197.94871781	4214.23076917	4186.79487166	4184.35897422	4173.20512807	4187.17948704	4192.69230756	
4215.12820506	4191.92307679	4152.82051262	4183.3333332	4166.92307672	4200.76923063	4201.41025634	4206.15384609	4219.99999993	4190.12820499	4175.51282038	4173.20512807	4186.28205115	4200.38461525	
4209.23076917	4196.02564089	4151.15384595	4195.89743576	4173.71794858	4207.82051275	4202.05128199	4194.99999986	4206.15384609	4184.74358961	4180.64102551	4172.82051269	4180.12820499	4191.02564089	
4200.89743576	4182.30769217	4145.38461518	4206.6666666	4209.87179481	4212.5641025	4196.79487166	4190.38461525	4202.5641025	4182.69230756	4189.74358961	4172.56410243	4173.84615371	4187.4358973	
4204.48717942	4180.89743576	4145.38461518	4201.02564096	4215.25641019	4206.15384609	4192.05128192	4199.2307691	4216.41025634	4189.99999986	4184.10256397	4173.71794858	4183.97435884	4197.4358973	
4207.69230763	4197.4358973	4152.17948697	4206.02564096	4199.48717935	4202.17948711	4187.56410243	4193.46153833	4216.92307686	4195.51282038	4183.58974345	4173.07692294	4191.92307679	4195.12820499	
4201.92307686	4192.56410243	4153.07692287	4217.30769224	4196.15384602	4201.79487173	4180.64102551	4175.76923063	4199.35897422	4182.94871781	4186.41025628	4164.87179467	4171.28205115	4182.17948704	
4203.71794865	4186.66666653	4155.51282031	4218.97435891	4190.89743576	4199.10256397	4179.99999986	4176.02564089	4195.12820499	4172.82051269	4178.58974345	4162.3076921	4167.69230749	4180.51282038	
4212.30769224	4207.17948711	4162.94871774	4208.58974352	4181.02564089	4200.12820499	4186.15384602	4189.10256397	4210.38461532	4186.02564089	4172.82051269	4171.28205115	4190.12820499	4187.17948704	
4210.89743583	4209.35897429	4158.58974339	4184.74358961	4184.74358961	4201.53846147	4188.46153833	4190.89743576	4217.69230763	4188.97435884	4173.46153833	4175.51282038	4179.48717935	4188.71794858	
4203.71794865	4189.48717935	4149.87179467	4183.3333332	4195.76923063	4200.25641012	4187.30769217	4185.76923063	4204.61538455	4173.07692294	4174.87179474	4170.12820499	4160.64102544	4186.28205115	
4201.41025634	4184.87179474	4152.56410236	4217.5641025	4202.43589737	4201.79487173	4187.69230756	4188.71794858	4197.05128192	4176.41025628	4175.38461525	4166.28205108	4177.56410243	4189.74358961	
4208.84615378	4197.56410243	4161.79487159	4228.20512814	4202.17948711	4203.07692301	4187.05128192	4199.48717935	4211.92307686	4193.84615371	4179.74358961	4171.02564089	4192.69230756	4194.2307691	
4214.87179481	4202.17948711	4161.41025621	4204.35897429	4199.74358961	4200.64102551	4187.94871781	4200.76923063	4216.92307686	4186.15384602	4184.99999986	4174.10256397	4182.69230756	4191.92307679	
4211.41025634	4195.89743576	4157.94871774	4200.12820499	4202.05128199	4200.89743576	4186.02564089	4189.87179474	4201.02564096	4171.5384614	4181.92307679	4172.4358973	4180.64102551	4188.3333332	
4211.79487173	4202.5641025	4162.82051262	4213.71794865	4200.38461525	4206.15384609	4184.48717935	4182.56410243	4195.51282038	4180.25641012	4176.15384602	4177.94871781	4188.07692294	4190.51282038	
4220.38461532	4217.82051275	4167.17948697	4209.74358968	4193.20512807	4206.15384609	4189.87179474	4184.74358961	4203.20512814	4190.51282038	4181.66666653	4183.07692294	4181.02564089	4195.51282038	
4218.33333327	4212.30769224	4162.94871774	4197.30769217	4200.38461525	4204.10256404	4192.69230756	4186.02564089	4201.6666666	4185.38461525	4187.82051269	4177.82051269	4176.28205115	4192.82051269	
4205.7692307	4197.94871781	4154.1025639	4194.74358961	4209.99999993	4208.07692301	4193.58974345	4190.25641012	4199.74358961	4180.51282038	4175.76923063	4171.41025628	4178.3333332	4188.97435884	
4201.15384609	4193.97435884	4150.76923056	4201.41025634	4202.69230763	4208.58974352	4198.71794858	4199.35897422	4203.07692301	4178.58974345	4166.15384595	4170.51282038	4173.97435884	4188.58974345	
4208.97435891	4197.17948704	4155.76923056	4207.82051275	4198.97435884	4204.61538455	4199.35897422	4199.48717935	4201.41025634	4180.12820499	4174.87179474	4172.17948704	4174.99999986	4189.2307691	
4216.92307686	4210.64102558	4162.94871774	4214.74358968	4209.87179481	4212.17948711	4200.64102551	4203.84615378	4207.17948711	4192.30769217	4186.02564089	4179.61538448	4193.97435884	4194.10256397	
4217.94871788	4217.17948711	4168.58974345	4217.94871788	4213.4615384	4221.79487173	4206.92307686	4221.15384609	4222.30769224	4202.43589737	4188.3333332	4189.99999986	4199.61538448	4204.23076917	
4212.43589737	4196.28205115	4165.25641005	4206.79487173	4199.48717935	4210.51282045	4202.82051275	4220.51282045	4225.64102558	4200.51282038	4186.41025628	4189.10256397	4181.02564089	4204.10256404	
4210.7692307	4179.10256397	4160.76923056	4200.38461525	4192.69230756	4199.99999986	4194.35897422	4203.33333327	4214.23076917	4197.82051269	4187.56410243	4185.25641012	4183.58974345	4199.10256397	
4221.41025634	4193.07692294	4168.71794858	4202.43589737	4197.30769217	4209.99999993	4198.20512807	4198.46153833	4206.79487173	4195.25641012	4188.07692294	4187.4358973	4190.76923063	4201.92307686	
4223.58974352	4210.25641019	4172.17948704	4193.3333332	4195.51282038	4216.53846147	4201.15384609	4202.94871788	4207.05128199	4189.10256397	4180.12820499	4182.56410243	4178.46153833	4200.12820499	
4207.05128199	4209.87179481	4158.97435877	4204.35897429	4199.35897422	4207.30769224	4193.3333332	4198.71794858	4206.41025634	4185.76923063	4174.99999986	4176.66666653	4182.69230756	4194.2307691	
4196.5384614	4194.74358961	4149.61538441	4227.69230763	4211.79487173	4199.74358961	4184.99999986	4191.92307679	4203.07692301	4184.61538448	4179.2307691	4174.35897422	4188.71794858	4189.61538448	
4202.17948711	4185.76923063	4150.64102544	4206.15384609	4206.6666666	4202.05128199	4185.76923063	4190.12820499	4200.64102551	4183.20512807	4177.4358973	4167.43589723	4170.89743576	4185.12820499	
4205.7692307	4191.92307679	4151.92307672	4186.79487166	4198.07692294	4203.07692301	4188.46153833	4187.82051269	4200.51282038	4183.46153833	4169.87179474	4166.02564082	4162.82051262	4183.84615371	
4204.74358968	4196.79487166	4155.76923056	4214.23076917	4207.30769224	4201.53846147	4186.66666653	4186.92307679	4198.3333332	4185.76923063	4169.74358961	4169.61538448	4168.07692287	4184.99999986	
4214.10256404	4208.97435891	4163.97435877	4229.48717942	4204.61538455	4203.71794865	4192.94871781	4195.51282038	4197.82051269	4185.64102551	4172.94871781	4173.20512807	4170.38461525	4191.02564089	
4222.05128199	4223.84615378	4167.17948697	4216.6666666	4189.10256397	4207.30769224	4201.41025634	4206.15384609	4202.05128199	4177.17948704	4171.41025628	4178.07692294	4177.69230756	4194.99999986	
4211.15384609	4209.74358968	4162.17948697	4213.4615384	4197.05128192	4201.15384609	4192.4358973	4196.41025628	4200.51282038	4168.46153833	4163.205128	4173.20512807	4176.02564089	4188.46153833	
4197.94871781	4183.20512807	4158.58974339	4216.28205122	4208.84615378	4187.05128192	4172.69230756	4174.99999986	4190.38461525	4166.15384595	4152.17948697	4165.12820492	4156.41025621	4179.99999986	
4199.48717935	4182.94871781	4158.33333313	4214.10256404	4201.15384609	4185.38461525	4166.41025621	4170.12820499	4182.82051269	4167.94871774	4157.17948697	4168.84615371	4147.56410236	4179.48717935	
4203.4615384	4200.76923063	4157.3076921	4215.51282045	4192.82051269	4195.12820499	4176.5384614	4180.25641012	4185.64102551	4170.25641012	4165.38461518	4174.48717935	4159.23076903	4179.99999986	
4206.6666666	4206.6666666	4160.89743569	4217.94871788	4194.10256397	4199.35897422	4184.99999986	4186.02564089	4191.28205115	4172.30769217	4159.9999998	4174.99999986	4171.5384614	4181.15384602	
4214.61538455	4202.43589737	4164.87179467	4211.92307686	4202.30769224	4196.92307679	4184.48717935	4187.56410243	4196.02564089	4171.02564089	4161.53846133	4174.48717935	4166.53846133	4184.48717935	
4218.4615384	4208.4615384	4164.35897415	4206.92307686	4202.69230763	4200.64102551	4185.89743576	4195.89743576	4200.64102551	4171.15384602	4170.12820499	4174.35897422	4161.41025621	4184.74358961	
4216.6666666	4213.20512814	4162.69230749	4213.20512814	4191.41025628	4207.94871788	4198.71794858	4203.58974352	4202.5641025	4181.28205115	4170.25641012	4180.25641012	4180.25641012	4186.92307679	
4217.5641025	4205.89743583	4165.51282031	4212.82051275	4200.38461525	4206.53846147	4205.38461532	4203.58974352	4203.20512814	4183.84615371	4168.3333332	4184.74358961	4190.51282038	4193.3333332	
4216.92307686	4203.33333327	4169.99999986	4206.28205122	4221.02564096	4201.41025634	4196.5384614	4198.07692294	4200.76923063	4177.05128192	4173.58974345	4178.84615371	4169.10256397	4189.61538448	
4210.7692307	4209.10256404	4168.20512807	4218.20512814	4221.53846147	4204.23076917	4194.99999986	4195.12820499	4197.30769217	4178.97435884	4176.28205115	4174.74358961	4162.05128185	4181.66666653	
4208.84615378	4209.35897429	4163.71794851	4228.33333327	4216.6666666	4208.84615378	4199.99999986	4196.15384602	4199.35897422	4185.38461525	4174.48717935	4178.84615371	4173.20512807	4185.12820499	
4210.25641019	4198.58974345	4163.33333313	4209.74358968	4213.97435891	4206.28205122	4194.87179474	4196.66666653	4203.07692301	4191.5384614	4175.51282038	4182.82051269	4172.94871781	4185.76923063	
4204.23076917	4190.51282038	4162.17948697	4198.71794858	4204.99999993	4201.28205122	4186.41025628	4193.84615371	4199.10256397	4189.10256397	4176.28205115	4177.56410243	4173.20512807	4179.61538448	
4197.56410243	4192.82051269	4157.56410236	4210.51282045	4204.61538455	4200.51282038	4185.76923063	4188.58974345	4194.87179474	4176.02564089	4169.10256397	4170.64102551	4171.41025628	4175.12820499	
4197.4358973	4195.76923063	4154.87179467	4209.35897429	4203.07692301	4198.07692294	4186.28205115	4186.79487166	4194.10256397	4173.71794858	4163.205128	4172.30769217	4158.84615364	4172.94871781	
4202.17948711	4198.07692294	4159.35897415	4192.30769217	4185.12820499	4192.30769217	4183.71794858	4186.92307679	4189.61538448	4181.79487166	4169.35897422	4179.48717935	4161.15384595	4175.51282038	
4207.05128199	4202.69230763	4165.64102544	4189.10256397	4190.25641012	4193.84615371	4185.25641012	4188.20512807	4191.92307679	4183.3333332	4177.30769217	4182.69230756	4172.69230756	4178.20512807	
4204.10256404	4195.64102551	4163.84615364	4204.48717942	4213.33333327	4195.38461525	4185.12820499	4192.05128192	4198.20512807	4179.48717935	4170.25641012	4178.97435884	4172.05128192	4177.30769217	
4198.07692294	4179.99999986	4157.69230749	4206.92307686	4200.89743576	4190.12820499	4183.58974345	4198.84615371	4202.69230763	4179.48717935	4154.35897415	4177.17948704	4175.51282038	4181.92307679	
4197.4358973	4183.46153833	4159.23076903	4192.30769217	4183.07692294	4189.2307691	4185.51282038	4199.99999986	4203.84615378	4180.64102551	4162.56410236	4175.25641012	4182.56410243	4183.97435884	
4196.28205115	4188.07692294	4160.51282031	4185.51282038	4195.12820499	4190.38461525	4181.92307679	4187.30769217	4193.07692294	4185.64102551	4178.71794858	4171.92307679	4168.84615371	4172.17948704	
4192.69230756	4184.2307691	4155.89743569	4196.79487166	4201.92307686	4183.58974345	4171.79487166	4174.10256397	4180.38461525	4183.07692294	4162.43589723	4168.46153833	4156.28205108	4166.41025621	
4187.56410243	4182.4358973	4151.53846133	4204.61538455	4185.51282038	4177.69230756	4167.82051262	4174.61538448	4178.71794858	4168.20512807	4151.79487159	4167.17948697	4161.28205108	4169.2307691	
4189.48717935	4180.38461525	4153.71794851	4191.5384614	4182.69230756	4179.87179474	4173.84615371	4180.38461525	4182.05128192	4164.9999998	4169.2307691	4170.51282038	4160.51282031	4166.28205108	
4203.84615378	4199.10256397	4163.46153826	4187.69230756	4196.5384614	4183.20512807	4183.07692294	4184.87179474	4186.92307679	4172.4358973	4176.66666653	4174.74358961	4161.92307672	4170.51282038	
4205.64102558	4218.84615378	4165.25641005	4204.61538455	4196.02564089	4187.17948704	4187.4358973	4188.84615371	4192.4358973	4174.2307691	4166.15384595	4172.05128192	4175.12820499	4176.66666653	
4184.48717935	4191.41025628	4152.05128185	4205.25641019	4185.76923063	4185.64102551	4178.20512807	4182.30769217	4187.56410243	4165.89743569	4155.76923056	4159.74358954	4167.3076921	4162.56410236	
4177.30769217	4164.35897415	4144.74358954	4187.17948704	4181.41025628	4180.89743576	4168.84615371	4175.64102551	4179.99999986	4161.53846133	4150.12820492	4157.17948697	4147.05128185	4153.33333313	
4193.07692294	4182.56410243	4156.53846133	4184.87179474	4185.64102551	4182.05128192	4177.30769217	4181.15384602	4182.30769217	4171.66666653	4162.82051262	4175.12820499	4161.28205108	4170.25641012	
4200.76923063	4201.02564096	4165.12820492	4190.76923063	4185.12820499	4186.92307679	4188.3333332	4191.28205115	4191.41025628	4177.69230756	4181.79487166	4188.97435884	4191.5384614	4181.28205115	
4192.30769217	4185.64102551	4154.74358954	4177.82051269	4189.10256397	4185.38461525	4185.38461525	4191.41025628	4193.71794858	4169.74358961	4181.28205115	4180.38461525	4188.97435884	4172.17948704	
4192.05128192	4174.99999986	4152.05128185	4173.20512807	4197.30769217	4183.97435884	4180.76923063	4184.61538448	4185.64102551	4178.07692294	4185.64102551	4181.15384602	4181.02564089	4172.17948704	
4205.51282045	4197.4358973	4166.28205108	4189.10256397	4194.2307691	4196.15384602	4186.28205115	4190.64102551	4192.30769217	4202.30769224	4197.69230756	4197.56410243	4195.38461525	4188.46153833	
4200.12820499	4199.61538448	4161.66666646	4181.41025628	4192.94871781	4199.2307691	4188.58974345	4197.05128192	4203.58974352	4197.69230756	4190.38461525	4191.41025628	4196.79487166	4186.28205115	
4181.5384614	4168.84615371	4143.33333313	4161.66666646	4196.79487166	4187.82051269	4185.64102551	4188.58974345	4193.71794858	4179.61538448	4178.97435884	4176.79487166	4182.82051269	4171.15384602	
4181.28205115	4164.23076903	4144.87179467	4168.58974345	4196.66666653	4183.07692294	4183.71794858	4181.28205115	4184.74358961	4182.4358973	4179.35897422	4176.15384602	4179.48717935	4171.5384614	
4192.17948704	4186.92307679	4158.07692287	4178.07692294	4184.99999986	4189.48717935	4186.79487166	4189.2307691	4194.35897422	4190.89743576	4186.79487166	4181.02564089	4188.3333332	4181.15384602	
4198.07692294	4191.02564089	4161.53846133	4174.87179474	4180.51282038	4196.79487166	4196.28205115	4197.05128192	4199.61538448	4193.3333332	4193.71794858	4187.56410243	4197.4358973	4184.2307691	
4204.35897429	4185.76923063	4161.79487159	4183.46153833	4192.94871781	4200.64102551	4204.61538455	4200.25641012	4201.6666666	4195.25641012	4194.61538448	4196.15384602	4189.10256397	4183.97435884	
4202.17948711	4188.46153833	4159.9999998	4186.02564089	4201.15384609	4201.15384609	4203.58974352	4205.25641019	4210.64102558	4196.66666653	4188.58974345	4192.56410243	4180.64102551	4185.64102551	
4190.38461525	4185.51282038	4154.74358954	4164.48717928	4200.51282038	4195.64102551	4197.56410243	4203.84615378	4211.79487173	4200.12820499	4183.58974345	4184.35897422	4194.99999986	4183.58974345	
4192.82051269	4183.84615371	4156.02564082	4162.82051262	4192.69230756	4192.4358973	4198.07692294	4202.5641025	4205.7692307	4203.84615378	4185.64102551	4188.71794858	4201.15384609	4184.74358961	
4196.28205115	4181.28205115	4156.28205108	4176.41025628	4185.89743576	4193.46153833	4200.25641012	4201.92307686	4200.64102551	4199.87179474	4188.71794858	4186.66666653	4183.20512807	4184.48717935	
4192.69230756	4181.92307679	4152.94871774	4177.17948704	4187.82051269	4197.69230756	4200.25641012	4203.07692301	4202.94871788	4199.2307691	4190.38461525	4183.97435884	4185.12820499	4182.30769217	
4193.84615371	4194.48717935	4155.38461518	4178.84615371	4195.76923063	4200.76923063	4204.61538455	4205.38461532	4210.38461532	4204.61538455	4187.82051269	4191.41025628	4208.84615378	4188.84615371	
4190.76923063	4186.5384614	4152.94871774	4173.20512807	4202.5641025	4199.87179474	4203.58974352	4199.48717935	4206.6666666	4195.12820499	4181.02564089	4184.99999986	4203.20512814	4187.05128192	
4187.82051269	4169.2307691	4152.43589723	4169.99999986	4199.87179474	4200.76923063	4196.41025628	4194.2307691	4196.66666653	4185.38461525	4183.3333332	4177.82051269	4179.61538448	4175.89743576	
4197.94871781	4185.64102551	4167.82051262	4189.74358961	4195.12820499	4201.92307686	4198.46153833	4198.97435884	4204.10256404	4199.99999986	4198.84615371	4195.89743576	4192.56410243	4181.66666653	
4207.5641025	4208.84615378	4175.76923063	4196.92307679	4202.5641025	4202.94871788	4202.30769224	4205.25641019	4216.15384609	4207.82051275	4202.5641025	4210.12820506	4219.10256404	4201.53846147	
4202.94871788	4189.35897422	4165.38461518	4170.76923063	4204.61538455	4201.02564096	4191.02564089	4201.15384609	4210.51282045	4190.51282038	4189.10256397	4198.84615371	4204.87179481	4195.76923063	
4190.64102551	4164.1025639	4155.51282031	4159.61538441	4190.25641012	4194.61538448	4182.4358973	4191.41025628	4198.3333332	4187.30769217	4187.82051269	4186.79487166	4184.10256397	4174.74358961	
4189.48717935	4181.02564089	4158.07692287	4178.3333332	4189.48717935	4193.97435884	4193.20512807	4194.99999986	4201.41025634	4205.38461532	4206.6666666	4194.87179474	4206.6666666	4184.35897422	
4206.6666666	4206.6666666	4169.99999986	4194.74358961	4205.89743583	4201.53846147	4204.99999993	4213.33333327	4217.05128199	4216.41025634	4219.23076917	4207.94871788	4224.48717942	4204.48717942	
4209.35897429	4192.05128192	4169.35897422	4190.38461525	4207.94871788	4204.74358968	4205.51282045	4212.17948711	4218.20512814	4210.25641019	4207.69230763	4201.92307686	4208.4615384	4194.74358961	
4192.94871781	4170.25641012	4158.97435877	4170.64102551	4203.58974352	4196.79487166	4198.20512807	4190.25641012	4200.51282038	4193.46153833	4187.82051269	4187.30769217	4197.94871781	4178.58974345	
4194.35897422	4180.38461525	4163.46153826	4166.79487159	4197.30769217	4194.87179474	4194.99999986	4189.10256397	4194.87179474	4182.94871781	4188.46153833	4187.17948704	4191.15384602	4183.71794858	
4203.4615384	4191.5384614	4169.2307691	4183.46153833	4191.41025628	4201.92307686	4201.02564096	4202.43589737	4203.71794865	4191.02564089	4205.12820506	4194.61538448	4185.64102551	4190.38461525	
4199.35897422	4186.79487166	4165.12820492	4182.4358973	4203.20512814	4199.74358961	4200.51282038	4201.28205122	4201.15384609	4190.64102551	4199.48717935	4191.15384602	4191.15384602	4185.51282038	
4201.53846147	4200.12820499	4168.46153833	4171.41025628	4200.12820499	4196.66666653	4201.41025634	4203.71794865	4200.25641012	4180.25641012	4182.30769217	4184.2307691	4195.76923063	4183.46153833	
4203.07692301	4207.17948711	4170.51282038	4175.76923063	4187.82051269	4201.6666666	4211.28205122	4210.51282045	4206.15384609	4182.82051269	4186.02564089	4184.48717935	4194.2307691	4184.35897422	
4192.69230756	4185.25641012	4162.3076921	4183.84615371	4203.20512814	4204.99999993	4216.02564096	4207.94871788	4205.38461532	4186.02564089	4196.5384614	4188.97435884	4199.61538448	4184.10256397	
4196.66666653	4181.66666653	4167.43589723	4185.51282038	4210.25641019	4206.28205122	4214.48717942	4211.79487173	4209.74358968	4190.25641012	4201.41025634	4193.20512807	4204.48717942	4188.97435884	
4207.5641025	4203.07692301	4180.25641012	4188.84615371	4200.89743576	4211.15384609	4214.61538455	4218.4615384	4218.58974352	4204.48717942	4202.05128199	4193.71794858	4200.25641012	4189.74358961	
4203.33333327	4204.23076917	4176.79487166	4190.38461525	4205.51282045	4211.41025634	4211.41025634	4217.17948711	4220.51282045	4213.71794865	4200.38461525	4193.20512807	4208.07692301	4190.51282038	
4203.71794865	4188.20512807	4174.48717935	4184.99999986	4208.97435891	4204.61538455	4204.35897429	4213.71794865	4219.48717942	4207.43589737	4207.17948711	4198.46153833	4222.05128199	4197.82051269	
4213.4615384	4188.07692294	4181.15384602	4181.5384614	4204.74358968	4200.38461525	4199.99999986	4206.02564096	4214.74358968	4201.79487173	4215.51282045	4202.69230763	4220.25641019	4195.25641012	
4204.99999993	4192.05128192	4175.89743576	4178.3333332	4197.56410243	4199.48717935	4192.82051269	4195.89743576	4205.38461532	4203.97435891	4206.02564096	4195.51282038	4204.35897429	4184.48717935	
4193.97435884	4194.10256397	4169.48717935	4178.07692294	4184.61538448	4199.2307691	4192.82051269	4197.56410243	4203.58974352	4202.30769224	4198.3333332	4194.87179474	4197.17948704	4187.05128192	
4200.89743576	4195.76923063	4174.99999986	4186.02564089	4196.15384602	4199.48717935	4199.48717935	4200.38461525	4204.48717942	4197.82051269	4208.71794865	4200.51282038	4206.79487173	4191.41025628	
4204.23076917	4193.20512807	4179.35897422	4187.69230756	4225.25641019	4199.2307691	4195.12820499	4196.66666653	4199.48717935	4190.89743576	4207.43589737	4195.12820499	4202.94871788	4184.2307691	
4201.28205122	4198.20512807	4178.58974345	4184.99999986	4214.99999993	4201.41025634	4193.71794858	4198.71794858	4198.97435884	4182.05128192	4198.3333332	4194.61538448	4190.76923063	4185.89743576	
4202.30769224	4197.4358973	4178.20512807	4185.76923063	4194.99999986	4198.46153833	4196.28205115	4200.64102551	4202.17948711	4184.48717935	4206.92307686	4198.3333332	4197.4358973	4190.25641012	
4197.30769217	4186.02564089	4171.5384614	4184.87179474	4203.20512814	4190.51282038	4191.66666653	4197.56410243	4200.64102551	4201.15384609	4215.12820506	4193.07692294	4210.64102558	4183.3333332	
4196.41025628	4184.74358961	4169.74358961	4182.30769217	4200.12820499	4193.84615371	4192.17948704	4197.69230756	4198.3333332	4207.94871788	4214.74358968	4191.5384614	4206.92307686	4184.35897422	
4210.51282045	4199.10256397	4181.28205115	4183.20512807	4190.12820499	4203.71794865	4203.33333327	4202.30769224	4202.05128199	4196.02564089	4212.43589737	4198.3333332	4202.43589737	4194.99999986	
4207.05128199	4198.20512807	4179.99999986	4182.17948704	4205.51282045	4200.76923063	4203.20512814	4201.92307686	4201.53846147	4186.79487166	4203.84615378	4194.10256397	4209.23076917	4191.66666653	
4186.92307679	4188.97435884	4167.69230749	4181.79487166	4215.64102558	4194.2307691	4193.46153833	4195.76923063	4193.46153833	4187.05128192	4198.58974345	4183.97435884	4200.89743576	4181.5384614	
4191.66666653	4191.15384602	4171.41025628	4186.02564089	4191.79487166	4197.4358973	4195.12820499	4196.02564089	4192.4358973	4185.12820499	4201.28205122	4189.2307691	4188.71794858	4181.92307679	
4205.12820506	4187.69230756	4178.84615371	4182.69230756	4184.35897422	4200.12820499	4200.25641012	4201.41025634	4199.99999986	4189.48717935	4204.35897429	4197.4358973	4202.69230763	4188.46153833	
4202.17948711	4184.87179474	4174.99999986	4179.48717935	4207.94871788	4197.4358973	4193.97435884	4196.79487166	4203.71794865	4200.76923063	4209.74358968	4198.58974345	4214.48717942	4193.97435884	
4203.84615378	4193.71794858	4183.3333332	4194.10256397	4207.94871788	4198.3333332	4188.07692294	4193.71794858	4205.12820506	4196.5384614	4219.10256404	4203.97435891	4204.74358968	4195.89743576	
4211.15384609	4201.53846147	4194.48717935	4203.07692301	4197.17948704	4200.89743576	4192.30769217	4197.82051269	4202.43589737	4181.79487166	4220.38461532	4204.74358968	4199.48717935	4191.79487166	
4208.58974352	4205.64102558	4188.3333332	4193.20512807	4211.02564096	4201.79487173	4199.61538448	4194.61538448	4195.89743576	4189.48717935	4214.10256404	4197.4358973	4207.43589737	4187.30769217	
4205.25641019	4199.48717935	4183.58974345	4195.12820499	4218.71794865	4202.05128199	4201.02564096	4193.58974345	4199.10256397	4200.38461525	4206.6666666	4195.64102551	4203.33333327	4187.94871781	
4207.94871788	4191.66666653	4185.12820499	4206.92307686	4209.35897429	4202.94871788	4197.17948704	4197.94871781	4202.17948711	4184.99999986	4201.53846147	4199.48717935	4205.89743583	4189.87179474	
4196.92307679	4186.5384614	4172.17948704	4194.10256397	4204.10256404	4196.41025628	4189.10256397	4190.38461525	4190.51282038	4170.38461525	4199.2307691	4189.87179474	4207.94871788	4182.94871781	
4175.25641012	4174.48717935	4152.3076921	4169.74358961	4188.97435884	4186.15384602	4180.38461525	4179.48717935	4179.87179474	4171.15384602	4193.97435884	4172.69230756	4177.30769217	4167.56410236	
4174.2307691	4163.07692287	4152.56410236	4165.51282031	4174.74358961	4183.97435884	4173.71794858	4180.89743576	4184.74358961	4171.02564089	4187.30769217	4172.17948704	4168.20512807	4165.89743569	
4180.89743576	4161.79487159	4160.89743569	4171.92307679	4183.71794858	4183.20512807	4168.07692287	4180.25641012	4189.10256397	4172.4358973	4184.87179474	4178.97435884	4192.4358973	4173.58974345	
4177.4358973	4173.71794858	4159.35897415	4175.51282038	4187.56410243	4182.05128192	4176.02564089	4179.61538448	4187.4358973	4180.38461525	4193.3333332	4178.58974345	4193.58974345	4169.48717935	
4179.74358961	4181.79487166	4158.71794851	4174.87179474	4183.07692294	4186.28205115	4186.28205115	4189.61538448	4191.28205115	4179.99999986	4204.23076917	4182.17948704	4179.74358961	4167.94871774	
4182.69230756	4172.94871781	4162.3076921	4171.15384602	4189.61538448	4183.46153833	4177.05128192	4187.30769217	4188.71794858	4164.23076903	4193.07692294	4188.07692294	4191.66666653	4173.3333332	
4173.3333332	4152.43589723	4157.56410236	4172.69230756	4185.12820499	4171.41025628	4165.25641005	4171.28205115	4174.35897422	4156.53846133	4177.17948704	4183.84615371	4196.66666653	4170.89743576	
4169.99999986	4148.205128	4149.61538441	4168.07692287	4166.66666646	4169.87179474	4167.69230749	4165.76923056	4171.02564089	4166.79487159	4189.87179474	4177.4358973	4175.64102551	4164.74358954	
4176.15384602	4167.82051262	4151.79487159	4155.76923056	4162.05128185	4173.97435884	4171.5384614	4173.07692294	4179.10256397	4169.87179474	4202.17948711	4178.46153833	4171.28205115	4168.71794858	
4177.69230756	4172.82051269	4156.79487159	4161.41025621	4172.05128192	4172.82051269	4164.87179467	4175.38461525	4177.56410243	4159.61538441	4190.38461525	4182.82051269	4186.5384614	4175.12820499	
4173.97435884	4164.48717928	4153.71794851	4172.69230756	4184.74358961	4170.89743576	4155.89743569	4172.17948704	4171.66666653	4156.28205108	4182.82051269	4181.28205115	4187.17948704	4173.3333332	
4163.205128	4155.38461518	4144.1025639	4161.41025621	4173.46153833	4162.94871774	4151.92307672	4165.12820492	4171.5384614	4157.3076921	4176.92307679	4172.94871781	4165.51282031	4166.41025621	
4161.28205108	4153.71794851	4144.1025639	4148.97435877	4153.33333313	4160.12820492	4151.15384595	4156.92307672	4170.51282038	4153.84615364	4171.79487166	4172.30769217	4164.1025639	4160.12820492	
4167.43589723	4154.74358954	4146.66666646	4155.76923056	4167.17948697	4165.12820492	4150.51282031	4155.89743569	4165.64102544	4152.17948697	4180.38461525	4174.61538448	4182.82051269	4159.61538441	
4169.35897422	4153.71794851	4145.76923056	4159.74358954	4174.10256397	4163.07692287	4151.28205108	4158.71794851	4159.23076903	4155.51282031	4183.58974345	4172.56410243	4181.92307679	4165.64102544	
4174.10256397	4161.66666646	4150.76923056	4151.53846133	4144.87179467	4160.64102544	4156.02564082	4162.94871774	4158.97435877	4154.48717928	4173.71794858	4172.30769217	4165.12820492	4170.38461525	
4174.35897422	4159.87179467	4150.64102544	4153.205128	4140.89743569	4161.02564082	4153.97435877	4163.97435877	4161.41025621	4146.41025621	4171.79487166	4169.87179474	4158.71794851	4166.28205108	
4163.84615364	4153.33333313	4145.12820492	4165.76923056	4170.64102551	4154.35897415	4145.25641005	4157.3076921	4154.87179467	4136.28205108	4171.15384602	4168.07692287	4153.205128	4159.1025639	
4158.71794851	4148.205128	4139.87179467	4161.66666646	4163.71794851	4147.56410236	4140.38461518	4151.02564082	4147.05128185	4129.74358947	4165.64102544	4167.69230749	4148.71794851	4154.35897415	
4162.69230749	4137.56410236	4137.56410236	4145.38461518	4132.43589716	4150.89743569	4139.9999998	4149.87179467	4147.69230749	4124.8717946	4165.64102544	4163.97435877	4161.92307672	4153.46153826	
4166.02564082	4142.3076921	4142.43589723	4143.33333313	4134.10256383	4153.97435877	4139.35897415	4144.35897415	4148.84615364	4121.92307665	4167.56410236	4161.66666646	4160.25641005	4154.87179467	
4160.12820492	4154.1025639	4141.41025621	4146.53846133	4143.97435877	4150.76923056	4137.05128185	4137.82051262	4147.94871774	4120.89743562	4165.12820492	4158.46153826	4138.205128	4151.28205108	
4150.12820492	4141.79487159	4128.9743587	4145.89743569	4130.7692305	4147.69230749	4137.69230749	4142.94871774	4149.87179467	4119.61538434	4159.61538441	4153.97435877	4134.99999973	4147.3076921	
4152.69230749	4130.51282024	4131.66666639	4150.25641005	4127.43589716	4150.51282031	4146.02564082	4153.97435877	4154.48717928	4122.17948691	4160.25641005	4157.82051262	4154.9999998	4152.94871774	
4159.87179467	4146.41025621	4144.61538441	4148.97435877	4146.28205108	4157.56410236	4146.79487159	4157.56410236	4156.41025621	4127.30769203	4165.38461518	4163.84615364	4161.92307672	4156.92307672	
4151.53846133	4143.84615364	4134.74358947	4137.17948697	4142.94871774	4152.17948697	4136.41025621	4151.79487159	4151.66666646	4127.05128178	4162.94871774	4159.74358954	4146.41025621	4151.41025621	
4153.71794851	4127.30769203	4124.74358947	4132.82051255	4129.99999973	4142.56410236	4140.25641005	4154.9999998	4152.82051262	4124.10256383	4163.07692287	4158.71794851	4149.35897415	4157.56410236	
4169.74358961	4141.79487159	4136.02564082	4143.46153826	4136.92307672	4146.02564082	4149.74358954	4161.41025621	4157.56410236	4126.28205101	4172.17948704	4166.79487159	4166.92307672	4166.79487159	
4167.69230749	4161.15384595	4141.92307672	4152.69230749	4128.9743587	4152.43589723	4143.58974339	4155.89743569	4153.58974339	4135.38461518	4172.56410243	4168.84615371	4167.56410236	4162.82051262	
4155.12820492	4150.12820492	4135.64102544	4146.15384595	4119.74358947	4149.23076903	4134.61538434	4149.23076903	4152.05128185	4136.28205108	4167.43589723	4161.92307672	4156.66666646	4157.69230749	
4152.82051262	4136.15384595	4131.66666639	4141.92307672	4138.84615364	4145.51282031	4136.92307672	4149.35897415	4156.02564082	4126.66666639	4169.10256397	4157.17948697	4153.97435877	4156.66666646	
4151.66666646	4149.23076903	4130.38461511	4153.97435877	4147.94871774	4151.92307672	4145.76923056	4151.79487159	4157.05128185	4125.64102537	4164.87179467	4156.66666646	4155.89743569	4158.205128	
4148.205128	4159.1025639	4127.94871767	4157.43589723	4134.35897408	4155.64102544	4151.28205108	4153.84615364	4156.02564082	4126.41025614	4155.64102544	4151.66666646	4151.92307672	4154.23076903	
4151.41025621	4150.12820492	4128.58974332	4149.35897415	4138.205128	4153.58974339	4149.48717928	4153.84615364	4159.1025639	4117.17948691	4153.07692287	4145.12820492	4152.69230749	4145.51282031	
4153.46153826	4147.69230749	4132.17948691	4152.43589723	4156.02564082	4157.82051262	4148.205128	4150.76923056	4155.76923056	4117.43589716	4153.58974339	4147.56410236	4152.69230749	4146.15384595	
4158.205128	4154.1025639	4136.15384595	4163.33333313	4157.69230749	4165.38461518	4154.23076903	4151.53846133	4151.53846133	4133.0769228	4159.1025639	4157.17948697	4151.02564082	4156.02564082	
4170.38461525	4163.205128	4144.23076903	4164.1025639	4150.38461518	4169.35897422	4158.33333313	4158.205128	4164.9999998	4137.69230749	4169.87179474	4159.74358954	4155.64102544	4159.61538441	
4171.41025628	4167.94871774	4147.82051262	4164.35897415	4149.61538441	4167.69230749	4154.48717928	4158.58974339	4170.64102551	4129.74358947	4169.35897422	4158.07692287	4153.84615364	4155.12820492	
4165.64102544	4166.28205108	4145.12820492	4173.46153833	4159.48717928	4166.15384595	4152.82051262	4153.07692287	4156.15384595	4131.92307665	4164.9999998	4163.58974339	4154.35897415	4155.89743569	
4172.56410243	4176.92307679	4149.48717928	4178.07692294	4162.17948697	4169.87179474	4160.12820492	4157.69230749	4155.12820492	4144.9999998	4174.61538448	4169.74358961	4171.66666653	4166.92307672	
4173.97435884	4175.76923063	4152.69230749	4169.48717935	4151.02564082	4170.76923063	4163.07692287	4163.58974339	4169.2307691	4144.9999998	4171.92307679	4165.89743569	4177.4358973	4170.64102551	
4158.97435877	4150.51282031	4143.33333313	4162.17948697	4149.48717928	4167.82051262	4160.25641005	4163.46153826	4170.51282038	4130.89743562	4154.9999998	4157.3076921	4155.25641005	4158.46153826	
4157.3076921	4156.02564082	4140.25641005	4161.41025621	4164.1025639	4169.48717935	4166.28205108	4163.205128	4163.84615364	4132.43589716	4162.69230749	4160.64102544	4151.28205108	4155.51282031	
4162.69230749	4175.25641012	4145.76923056	4166.53846133	4173.71794858	4172.94871781	4169.2307691	4160.89743569	4167.05128185	4144.1025639	4179.48717935	4165.25641005	4170.38461525	4161.28205108	
4157.56410236	4160.64102544	4142.43589723	4179.10256397	4164.1025639	4171.41025628	4160.38461518	4161.28205108	4170.51282038	4146.02564082	4174.99999986	4160.89743569	4171.92307679	4159.35897415	
4160.12820492	4152.69230749	4142.17948697	4173.58974345	4155.76923056	4169.61538448	4155.12820492	4166.79487159	4169.48717935	4146.15384595	4170.12820499	4165.51282031	4165.38461518	4161.66666646	
4169.10256397	4173.46153833	4150.64102544	4159.9999998	4161.92307672	4170.64102551	4157.56410236	4170.25641012	4173.84615371	4152.43589723	4172.82051269	4175.12820499	4171.66666653	4170.89743576	
4167.94871774	4175.38461525	4149.61538441	4174.48717935	4172.82051269	4171.28205115	4159.35897415	4168.07692287	4179.10256397	4157.56410236	4170.89743576	4170.64102551	4175.64102551	4172.30769217	
4159.9999998	4155.64102544	4145.12820492	4188.46153833	4167.69230749	4169.2307691	4157.3076921	4163.84615364	4176.41025628	4151.66666646	4169.61538448	4160.51282031	4166.53846133	4164.9999998	
4159.23076903	4150.64102544	4145.76923056	4168.20512807	4152.94871774	4166.28205108	4149.74358954	4156.92307672	4163.205128	4143.33333313	4171.5384614	4163.07692287	4162.69230749	4162.82051262	
4166.41025621	4163.205128	4146.28205108	4154.1025639	4160.89743569	4165.76923056	4148.84615364	4154.9999998	4160.12820492	4140.51282031	4174.87179474	4175.12820499	4163.07692287	4165.89743569	
4175.64102551	4176.5384614	4155.51282031	4177.82051269	4168.97435884	4169.74358961	4159.23076903	4165.12820492	4174.99999986	4150.38461518	4183.07692294	4184.10256397	4175.89743576	4174.10256397	
4173.84615371	4167.56410236	4161.15384595	4190.25641012	4153.58974339	4172.30769217	4160.89743569	4172.05128192	4181.28205115	4162.43589723	4187.56410243	4184.48717935	4191.66666653	4180.76923063	
4165.38461518	4150.64102544	4152.56410236	4173.3333332	4153.46153826	4169.61538448	4154.23076903	4166.41025621	4171.41025628	4161.41025621	4186.92307679	4178.71794858	4180.38461525	4174.99999986	
4168.71794858	4162.05128185	4151.28205108	4166.02564082	4168.97435884	4166.79487159	4152.43589723	4163.33333313	4168.07692287	4156.15384595	4187.4358973	4174.48717935	4171.28205115	4172.30769217	
4172.30769217	4173.71794858	4154.87179467	4170.51282038	4158.84615364	4165.38461518	4154.9999998	4165.12820492	4168.20512807	4149.1025639	4180.89743576	4174.10256397	4183.07692294	4178.46153833	
4158.33333313	4150.25641005	4141.41025621	4161.02564082	4150.89743569	4159.48717928	4153.205128	4159.74358954	4159.9999998	4137.17948697	4166.92307672	4166.92307672	4172.94871781	4169.61538448	
4143.71794851	4133.84615357	4125.64102537	4149.35897415	4153.58974339	4152.05128185	4148.58974339	4149.9999998	4160.76923056	4128.58974332	4161.02564082	4154.1025639	4140.89743569	4153.07692287	
4157.05128185	4157.94871774	4136.92307672	4159.23076903	4144.74358954	4159.9999998	4152.82051262	4156.53846133	4171.92307679	4142.82051262	4167.94871774	4158.205128	4146.79487159	4161.15384595	
4171.28205115	4169.87179474	4150.89743569	4171.41025628	4156.53846133	4172.30769217	4158.84615364	4169.87179474	4172.4358973	4158.58974339	4171.79487166	4170.51282038	4180.12820499	4174.99999986	
4163.58974339	4151.02564082	4147.43589723	4174.99999986	4174.2307691	4165.25641005	4153.97435877	4164.1025639	4166.79487159	4147.43589723	4165.25641005	4171.41025628	4182.82051269	4169.48717935	
4163.46153826	4148.33333313	4151.79487159	4177.94871781	4157.43589723	4161.02564082	4150.25641005	4155.51282031	4166.92307672	4146.53846133	4175.25641012	4174.10256397	4168.84615371	4166.15384595	
4174.35897422	4166.02564082	4163.33333313	4180.76923063	4143.84615364	4169.74358961	4156.66666646	4164.23076903	4173.07692294	4164.87179467	4198.20512807	4185.12820499	4172.69230756	4175.64102551	
4172.94871781	4170.64102551	4158.58974339	4177.69230756	4157.43589723	4166.66666646	4154.1025639	4163.07692287	4168.07692287	4161.41025621	4196.66666653	4187.30769217	4184.87179474	4179.2307691	
4162.3076921	4156.79487159	4145.25641005	4172.94871781	4171.15384602	4153.46153826	4140.38461518	4143.71794851	4152.56410236	4145.38461518	4181.28205115	4174.2307691	4181.15384602	4169.2307691	
4162.56410236	4150.51282031	4145.25641005	4171.41025628	4168.97435884	4154.9999998	4138.71794851	4144.1025639	4153.97435877	4153.205128	4184.99999986	4167.69230749	4171.66666653	4164.9999998	
4169.61538448	4161.28205108	4152.3076921	4168.3333332	4158.58974339	4166.28205108	4149.74358954	4161.02564082	4170.89743576	4154.1025639	4186.28205115	4174.10256397	4169.74358961	4171.92307679	
4171.02564089	4169.35897422	4152.56410236	4169.10256397	4155.38461518	4169.87179474	4153.97435877	4160.76923056	4170.25641012	4141.15384595	4173.46153833	4174.61538448	4168.71794858	4170.89743576	
4166.79487159	4168.46153833	4149.87179467	4173.20512807	4161.41025621	4163.205128	4144.61538441	4153.46153826	4158.71794851	4143.84615364	4164.87179467	4167.69230749	4168.84615371	4166.28205108	
4164.9999998	4165.12820492	4150.12820492	4172.4358973	4159.61538441	4160.38461518	4139.61538441	4152.56410236	4159.23076903	4145.51282031	4169.2307691	4169.2307691	4169.87179474	4168.97435884	
4169.35897422	4157.17948697	4150.12820492	4169.2307691	4155.38461518	4163.205128	4148.46153826	4154.61538441	4161.41025621	4135.25640998	4178.84615371	4177.69230756	4169.99999986	4171.02564089	
4168.3333332	4151.79487159	4147.56410236	4170.89743576	4156.02564082	4159.48717928	4155.12820492	4156.02564082	4155.51282031	4139.35897415	4184.10256397	4179.61538448	4174.2307691	4171.15384602	
4160.12820492	4152.56410236	4143.58974339	4173.71794858	4154.1025639	4158.84615364	4152.82051262	4155.51282031	4152.43589723	4154.1025639	4176.92307679	4168.97435884	4172.94871781	4170.89743576	
4158.33333313	4149.1025639	4141.92307672	4169.35897422	4155.12820492	4167.17948697	4152.17948697	4155.76923056	4157.94871774	4154.74358954	4167.17948697	4156.02564082	4164.87179467	4167.05128185	
4168.71794858	4153.46153826	4149.61538441	4167.56410236	4155.64102544	4168.71794858	4153.07692287	4156.53846133	4162.43589723	4146.66666646	4174.10256397	4163.07692287	4166.79487159	4167.3076921	
4176.66666653	4166.28205108	4158.33333313	4170.12820499	4151.79487159	4166.28205108	4151.02564082	4155.25641005	4156.92307672	4139.9999998	4183.3333332	4174.35897422	4173.58974345	4171.5384614	
4166.92307672	4162.17948697	4152.43589723	4173.3333332	4162.69230749	4171.66666653	4151.28205108	4153.205128	4152.05128185	4137.56410236	4174.87179474	4166.02564082	4163.07692287	4166.02564082	
4151.79487159	4146.41025621	4138.205128	4167.3076921	4173.07692294	4171.41025628	4150.51282031	4153.33333313	4155.25641005	4137.56410236	4163.97435877	4154.9999998	4151.41025621	4158.46153826	
4163.71794851	4157.56410236	4144.23076903	4153.205128	4156.28205108	4169.48717935	4153.71794851	4162.82051262	4166.66666646	4141.92307672	4169.61538448	4166.53846133	4167.82051262	4168.84615371	
4192.4358973	4183.46153833	4166.28205108	4155.51282031	4143.33333313	4176.92307679	4167.05128185	4181.92307679	4183.07692294	4157.94871774	4185.64102551	4187.82051269	4192.17948704	4189.10256397	
4189.48717935	4172.94871781	4167.56410236	4172.94871781	4159.87179467	4177.4358973	4169.48717935	4186.79487166	4188.46153833	4174.2307691	4186.28205115	4184.74358961	4187.05128192	4189.87179474	
4165.12820492	4145.25641005	4151.92307672	4177.82051269	4175.89743576	4168.71794858	4154.23076903	4168.07692287	4175.89743576	4171.28205115	4173.3333332	4166.28205108	4168.20512807	4171.02564089	
4164.48717928	4154.1025639	4149.87179467	4170.89743576	4170.64102551	4166.92307672	4147.69230749	4155.89743569	4163.97435877	4156.79487159	4171.41025628	4161.53846133	4151.41025621	4163.71794851	
4181.28205115	4180.12820499	4163.58974339	4172.56410243	4161.28205108	4173.46153833	4155.76923056	4164.23076903	4165.38461518	4150.25641005	4183.20512807	4173.71794858	4148.33333313	4173.20512807	
4186.92307679	4176.92307679	4169.35897422	4174.99999986	4158.46153826	4174.10256397	4157.82051262	4171.15384602	4171.92307679	4154.74358954	4186.15384602	4185.25641012	4175.25641012	4178.58974345	
4175.51282038	4155.51282031	4155.64102544	4166.53846133	4155.51282031	4168.20512807	4154.1025639	4167.43589723	4171.15384602	4157.05128185	4181.79487166	4178.84615371	4188.3333332	4172.17948704	
4167.94871774	4155.51282031	4148.84615364	4161.79487159	4151.92307672	4167.82051262	4159.1025639	4166.15384595	4166.28205108	4149.74358954	4181.66666653	4169.87179474	4166.53846133	4166.53846133	
4175.51282038	4172.94871781	4163.46153826	4167.17948697	4164.48717928	4173.97435884	4168.84615371	4176.66666653	4174.10256397	4156.92307672	4184.35897422	4177.17948704	4168.07692287	4173.3333332	
