4146.28205108	4164.87179467	4133.0769228	4122.30769203	4182.56410243	4196.5384614	4186.5384614	4197.05128192	4183.20512807	4208.4615384	4191.79487166	4133.71794844	4197.69230756	4173.20512807	
4152.69230749	4154.35897415	4132.56410229	4120.38461511	4187.17948704	4196.79487166	4188.84615371	4194.87179474	4183.20512807	4211.15384609	4189.2307691	4137.3076921	4202.69230763	4178.97435884	
4151.53846133	4171.41025628	4131.02564075	4102.05128171	4185.89743576	4198.20512807	4193.97435884	4200.64102551	4186.15384602	4215.64102558	4194.48717935	4127.17948691	4200.38461525	4173.07692294	
4153.46153826	4167.17948697	4131.79487152	4096.92307658	4173.07692294	4199.87179474	4202.17948711	4210.64102558	4185.51282038	4214.23076917	4197.4358973	4121.53846126	4197.82051269	4167.82051262	
4164.74358954	4144.1025639	4140.12820492	4098.33333299	4174.74358961	4204.10256404	4209.61538455	4215.7692307	4182.94871781	4214.10256404	4193.46153833	4134.74358947	4204.35897429	4177.05128192	
4156.66666646	4158.58974339	4141.41025621	4097.17948684	4187.69230756	4209.61538455	4209.87179481	4211.41025634	4182.4358973	4210.7692307	4187.82051269	4137.56410236	4198.46153833	4179.74358961	
4144.9999998	4178.46153833	4139.1025639	4097.82051248	4186.28205115	4211.53846147	4209.87179481	4208.20512814	4183.46153833	4202.5641025	4183.3333332	4131.66666639	4183.71794858	4179.87179474	
4152.56410236	4159.23076903	4137.17948697	4098.8461535	4181.41025628	4210.64102558	4213.84615378	4212.17948711	4184.35897422	4203.20512814	4178.58974345	4132.30769203	4192.4358973	4187.30769217	
4156.92307672	4153.58974339	4136.79487159	4103.46153819	4182.05128192	4205.89743583	4211.6666666	4208.97435891	4181.79487166	4206.02564096	4181.02564089	4130.38461511	4203.33333327	4187.17948704	
4155.89743569	4179.87179474	4145.64102544	4106.53846126	4181.5384614	4198.58974345	4202.17948711	4200.38461525	4179.48717935	4204.48717942	4190.38461525	4128.84615357	4194.2307691	4183.3333332	
4163.71794851	4172.30769217	4156.66666646	4102.69230742	4185.38461525	4199.87179474	4200.25641012	4205.38461532	4183.71794858	4208.71794865	4196.41025628	4134.23076896	4196.66666653	4184.99999986	
4168.3333332	4151.02564082	4160.38461518	4102.17948684	4194.2307691	4205.64102558	4204.74358968	4216.6666666	4189.87179474	4211.41025634	4191.02564089	4141.53846133	4208.33333327	4187.82051269	
4163.97435877	4171.28205115	4156.53846133	4108.46153819	4196.92307679	4201.28205122	4200.64102551	4211.6666666	4191.28205115	4207.05128199	4186.5384614	4139.61538441	4205.38461532	4185.76923063	
4161.41025621	4182.69230756	4150.12820492	4105.12820485	4190.12820499	4193.58974345	4197.4358973	4199.35897422	4187.69230756	4206.02564096	4187.56410243	4134.99999973	4194.2307691	4188.58974345	
4158.33333313	4159.74358954	4145.76923056	4088.97435863	4179.35897422	4193.58974345	4200.12820499	4197.05128192	4182.05128192	4197.69230756	4175.76923063	4131.79487152	4180.51282038	4195.89743576	
4157.94871774	4158.97435877	4149.61538441	4087.17948684	4181.79487166	4197.05128192	4201.53846147	4203.07692301	4183.71794858	4189.2307691	4169.87179474	4133.20512793	4179.2307691	4195.64102551	
4166.79487159	4175.25641012	4157.56410236	4103.84615357	4199.35897422	4204.10256404	4203.84615378	4212.69230763	4191.79487166	4205.7692307	4191.41025628	4142.17948697	4202.69230763	4190.89743576	
4170.25641012	4173.07692294	4157.43589723	4117.43589716	4203.07692301	4210.89743583	4203.07692301	4218.4615384	4194.35897422	4217.30769224	4202.94871788	4142.56410236	4212.94871788	4187.69230756	
4162.56410236	4164.9999998	4146.53846133	4117.05128178	4192.05128192	4210.7692307	4200.25641012	4216.02564096	4198.3333332	4209.23076917	4188.71794858	4133.9743587	4199.87179474	4189.61538448	
4162.3076921	4167.69230749	4139.61538441	4110.64102537	4193.20512807	4212.43589737	4204.23076917	4214.61538455	4206.92307686	4211.41025634	4182.94871781	4139.74358954	4197.56410243	4200.25641012	
4167.43589723	4166.15384595	4144.9999998	4106.28205101	4196.79487166	4214.23076917	4205.51282045	4212.30769224	4201.15384609	4215.12820506	4193.71794858	4146.15384595	4202.43589737	4197.94871781	
4162.56410236	4161.28205108	4148.71794851	4111.28205101	4192.05128192	4210.64102558	4196.5384614	4204.10256404	4189.35897422	4199.87179474	4194.10256397	4137.05128185	4197.69230756	4183.97435884	
4165.64102544	4173.58974345	4150.12820492	4116.02564075	4199.74358961	4210.64102558	4197.56410243	4205.64102558	4194.87179474	4196.92307679	4190.12820499	4141.41025621	4199.48717935	4194.61538448	
4181.92307679	4178.97435884	4154.87179467	4102.43589709	4205.64102558	4210.7692307	4204.87179481	4208.4615384	4197.82051269	4199.2307691	4190.12820499	4154.23076903	4202.94871788	4207.69230763	
4176.02564089	4167.43589723	4153.71794851	4098.33333299	4196.5384614	4202.82051275	4198.71794858	4193.58974345	4184.48717935	4173.3333332	4175.38461525	4141.28205108	4188.07692294	4188.07692294	
4153.97435877	4165.76923056	4141.28205108	4113.71794844	4198.3333332	4202.94871788	4189.10256397	4180.89743576	4177.30769217	4154.9999998	4154.48717928	4122.69230742	4175.51282038	4169.99999986	
4144.61538441	4170.25641012	4123.9743587	4114.99999973	4206.53846147	4214.35897429	4191.79487166	4184.99999986	4179.10256397	4162.05128185	4147.69230749	4117.05128178	4163.33333313	4173.07692294	
4151.92307672	4151.28205108	4118.46153819	4096.92307658	4199.99999986	4221.28205122	4199.2307691	4192.94871781	4184.87179474	4171.79487166	4155.64102544	4120.51282024	4157.05128185	4178.97435884	
4167.3076921	4138.46153826	4134.48717921	4090.38461504	4187.56410243	4217.05128199	4197.4358973	4201.53846147	4197.56410243	4182.4358973	4171.66666653	4134.35897408	4181.79487166	4186.28205115	
4172.94871781	4166.28205108	4148.71794851	4108.71794844	4191.41025628	4205.25641019	4193.3333332	4212.82051275	4205.25641019	4191.92307679	4185.89743576	4143.58974339	4203.4615384	4195.76923063	
4170.12820499	4181.02564089	4147.56410236	4120.51282024	4205.25641019	4201.28205122	4200.76923063	4218.07692301	4208.07692301	4197.17948704	4193.71794858	4143.46153826	4200.51282038	4200.76923063	
4168.71794858	4168.97435884	4146.79487159	4114.8717946	4210.51282045	4207.43589737	4206.92307686	4218.20512814	4213.71794865	4202.17948711	4195.64102551	4150.89743569	4203.58974352	4202.30769224	
4176.41025628	4165.38461518	4158.07692287	4113.33333306	4203.71794865	4209.48717942	4203.84615378	4221.53846147	4212.94871788	4209.61538455	4200.89743576	4162.43589723	4216.92307686	4200.12820499	
4183.07692294	4170.89743576	4165.89743569	4119.10256383	4194.99999986	4204.74358968	4201.79487173	4220.7692307	4204.87179481	4209.61538455	4202.17948711	4160.25641005	4212.69230763	4196.5384614	
4176.5384614	4172.30769217	4156.28205108	4113.58974332	4194.2307691	4200.12820499	4199.99999986	4214.61538455	4200.89743576	4200.25641012	4191.15384602	4151.53846133	4199.87179474	4197.94871781	
4160.64102544	4169.2307691	4141.28205108	4108.9743587	4193.07692294	4198.07692294	4195.64102551	4208.20512814	4198.84615371	4182.94871781	4180.12820499	4145.64102544	4192.94871781	4193.20512807	
4151.66666646	4152.43589723	4134.48717921	4108.0769228	4187.17948704	4198.3333332	4192.56410243	4197.82051269	4193.07692294	4174.87179474	4176.79487166	4134.61538434	4183.46153833	4179.10256397	
4156.41025621	4142.17948697	4137.94871774	4094.87179453	4187.82051269	4201.53846147	4190.89743576	4191.41025628	4190.12820499	4181.5384614	4177.69230756	4130.25640998	4181.02564089	4175.12820499	
4158.07692287	4153.71794851	4141.15384595	4099.7435894	4195.38461525	4203.97435891	4191.02564089	4194.74358961	4189.87179474	4176.15384602	4170.25641012	4142.05128185	4181.92307679	4182.4358973	
4159.35897415	4148.58974339	4138.58974339	4124.74358947	4194.61538448	4206.92307686	4194.61538448	4199.35897422	4191.15384602	4166.41025621	4165.89743569	4151.02564082	4181.15384602	4187.4358973	
4164.74358954	4147.56410236	4135.25640998	4124.48717921	4190.76923063	4206.02564096	4196.15384602	4201.41025634	4195.76923063	4173.58974345	4175.51282038	4145.38461518	4184.48717935	4189.35897422	
4159.48717928	4172.82051269	4136.79487159	4114.8717946	4193.20512807	4201.79487173	4192.94871781	4201.28205122	4196.15384602	4182.05128192	4184.35897422	4141.15384595	4188.58974345	4184.61538448	
4159.48717928	4158.205128	4143.97435877	4125.25640998	4192.94871781	4200.89743576	4192.4358973	4202.82051275	4199.35897422	4186.41025628	4187.94871781	4149.1025639	4195.51282038	4181.92307679	
4171.79487166	4124.8717946	4146.92307672	4132.30769203	4189.10256397	4202.5641025	4188.46153833	4205.7692307	4207.94871788	4195.64102551	4192.56410243	4156.92307672	4202.69230763	4190.51282038	
4174.35897422	4155.12820492	4153.71794851	4130.7692305	4191.15384602	4201.28205122	4178.07692294	4202.94871788	4208.4615384	4197.69230756	4194.10256397	4161.02564082	4202.69230763	4196.15384602	
4167.69230749	4194.74358961	4161.41025621	4138.84615364	4197.69230756	4197.94871781	4172.82051269	4195.12820499	4199.87179474	4187.17948704	4190.25641012	4166.41025621	4202.69230763	4194.74358961	
4172.56410243	4163.58974339	4154.1025639	4141.15384595	4192.82051269	4193.07692294	4173.07692294	4191.02564089	4193.3333332	4182.30769217	4187.4358973	4161.41025621	4200.25641012	4197.94871781	
4172.82051269	4133.0769228	4142.82051262	4134.35897408	4183.97435884	4188.97435884	4176.28205115	4189.35897422	4192.30769217	4180.76923063	4183.46153833	4145.25641005	4188.07692294	4195.12820499	
4154.74358954	4149.9999998	4141.41025621	4129.8717946	4183.58974345	4190.76923063	4181.5384614	4188.20512807	4190.76923063	4180.25641012	4182.94871781	4137.82051262	4186.15384602	4178.3333332	
4145.25641005	4164.87179467	4139.74358954	4126.92307665	4183.46153833	4194.35897422	4186.28205115	4192.56410243	4191.66666653	4186.15384602	4187.69230756	4144.74358954	4196.28205115	4173.46153833	
4156.28205108	4146.92307672	4136.15384595	4127.30769203	4181.79487166	4195.25641012	4191.41025628	4199.10256397	4195.25641012	4191.15384602	4186.28205115	4150.76923056	4196.79487166	4184.48717935	
4166.02564082	4130.51282024	4141.92307672	4134.23076896	4184.35897422	4195.64102551	4195.12820499	4198.20512807	4193.71794858	4190.25641012	4186.02564089	4147.82051262	4194.48717935	4185.12820499	
4170.64102551	4151.28205108	4151.53846133	4140.12820492	4188.3333332	4199.74358961	4195.64102551	4196.66666653	4194.10256397	4190.12820499	4192.56410243	4147.05128185	4197.82051269	4183.97435884	
4172.94871781	4172.56410243	4153.84615364	4139.35897415	4190.25641012	4204.35897429	4197.30769217	4201.15384609	4198.3333332	4188.46153833	4190.89743576	4156.02564082	4198.46153833	4195.25641012	
4170.38461525	4164.1025639	4153.07692287	4143.58974339	4193.97435884	4202.30769224	4201.6666666	4199.35897422	4197.56410243	4184.87179474	4180.76923063	4161.66666646	4192.94871781	4201.02564096	
4168.97435884	4152.82051262	4153.84615364	4146.28205108	4191.28205115	4198.07692294	4200.89743576	4193.46153833	4192.69230756	4183.84615371	4176.28205115	4153.58974339	4180.38461525	4192.30769217	
4167.94871774	4152.3076921	4151.15384595	4139.48717928	4183.71794858	4194.87179474	4198.71794858	4193.71794858	4191.92307679	4186.79487166	4176.28205115	4140.89743569	4177.05128192	4180.25641012	
4165.38461518	4157.69230749	4147.69230749	4148.84615364	4183.84615371	4195.38461525	4201.15384609	4196.66666653	4195.12820499	4193.20512807	4183.3333332	4145.38461518	4196.92307679	4181.28205115	
4173.97435884	4167.17948697	4157.43589723	4165.64102544	4190.12820499	4198.97435884	4205.51282045	4201.53846147	4201.15384609	4204.87179481	4199.2307691	4168.20512807	4213.33333327	4201.6666666	
4183.46153833	4163.46153826	4167.3076921	4151.53846133	4193.3333332	4193.97435884	4204.35897429	4199.35897422	4196.66666653	4204.99999993	4197.82051269	4169.35897422	4200.76923063	4205.7692307	
4178.58974345	4149.48717928	4161.66666646	4137.05128185	4194.48717935	4188.71794858	4198.58974345	4189.10256397	4185.12820499	4192.69230756	4182.69230756	4152.17948697	4188.71794858	4184.87179474	
4176.15384602	4160.51282031	4155.38461518	4157.94871774	4201.15384609	4197.56410243	4201.02564096	4194.35897422	4192.56410243	4198.46153833	4192.69230756	4156.92307672	4204.48717942	4188.20512807	
4168.97435884	4163.33333313	4147.56410236	4162.69230749	4197.17948704	4197.4358973	4202.05128199	4198.97435884	4198.20512807	4201.92307686	4200.25641012	4159.23076903	4215.89743583	4196.5384614	
4162.05128185	4145.12820492	4144.9999998	4150.25641005	4188.46153833	4189.48717935	4200.51282038	4190.12820499	4190.38461525	4195.64102551	4192.69230756	4149.48717928	4212.5641025	4190.25641012	
4177.4358973	4145.89743569	4160.76923056	4156.41025621	4192.82051269	4198.97435884	4207.69230763	4196.15384602	4201.02564096	4210.12820506	4204.87179481	4159.35897415	4218.71794865	4201.15384609	
4179.99999986	4161.41025621	4166.79487159	4159.87179467	4196.28205115	4204.48717942	4208.97435891	4204.74358968	4213.84615378	4228.07692301	4220.25641019	4166.66666646	4228.20512814	4202.5641025	
4159.87179467	4165.64102544	4153.46153826	4159.35897415	4198.58974345	4198.3333332	4202.69230763	4197.94871781	4205.38461532	4223.71794865	4214.74358968	4157.69230749	4230.12820506	4185.89743576	
4158.07692287	4159.1025639	4148.71794851	4164.9999998	4206.6666666	4200.51282038	4203.58974352	4199.10256397	4199.35897422	4208.33333327	4203.97435891	4156.79487159	4224.35897429	4187.94871781	
4169.48717935	4160.25641005	4156.92307672	4162.56410236	4202.17948711	4198.07692294	4203.58974352	4204.48717942	4201.6666666	4199.87179474	4197.94871781	4154.9999998	4212.5641025	4190.76923063	
4166.92307672	4158.71794851	4159.9999998	4156.15384595	4186.41025628	4188.07692294	4197.4358973	4196.79487166	4198.97435884	4200.89743576	4195.64102551	4148.07692287	4206.92307686	4179.99999986	
4163.205128	4145.89743569	4157.17948697	4156.15384595	4184.99999986	4190.12820499	4195.64102551	4192.30769217	4200.38461525	4213.20512814	4203.4615384	4154.61538441	4212.17948711	4186.41025628	
4164.48717928	4143.71794851	4155.89743569	4156.79487159	4190.25641012	4197.30769217	4194.35897422	4196.41025628	4203.20512814	4219.23076917	4207.17948711	4162.17948697	4215.89743583	4196.5384614	
4163.33333313	4159.87179467	4159.1025639	4163.46153826	4191.5384614	4197.82051269	4193.71794858	4196.66666653	4197.17948704	4212.5641025	4201.53846147	4161.02564082	4220.7692307	4191.79487166	
4161.41025621	4168.07692287	4159.74358954	4167.05128185	4193.71794858	4193.71794858	4198.58974345	4191.28205115	4192.17948704	4204.87179481	4200.51282038	4153.71794851	4219.74358968	4183.46153833	
4165.25641005	4138.84615364	4154.1025639	4149.87179467	4190.51282038	4189.48717935	4198.58974345	4184.74358961	4193.84615371	4197.17948704	4195.38461525	4143.71794851	4201.79487173	4174.74358961	
4165.25641005	4126.66666639	4151.15384595	4145.12820492	4184.10256397	4192.56410243	4193.20512807	4183.46153833	4193.97435884	4192.17948704	4186.66666653	4143.58974339	4194.48717935	4174.74358961	
4154.23076903	4166.41025621	4151.92307672	4164.87179467	4190.64102551	4197.4358973	4192.56410243	4184.87179474	4193.84615371	4197.30769217	4192.05128192	4152.82051262	4208.4615384	4181.02564089	
4151.41025621	4186.15384602	4154.23076903	4170.64102551	4202.94871788	4197.17948704	4194.10256397	4186.5384614	4198.71794858	4213.84615378	4207.05128199	4158.84615364	4217.69230763	4180.89743576	
4162.69230749	4152.56410236	4155.25641005	4165.64102544	4193.3333332	4194.99999986	4190.25641012	4188.97435884	4199.99999986	4211.92307686	4202.43589737	4158.71794851	4212.94871788	4179.61538448	
4167.94871774	4138.84615364	4154.35897415	4170.51282038	4175.51282038	4188.71794858	4185.76923063	4186.41025628	4194.99999986	4192.05128192	4187.69230756	4157.43589723	4205.51282045	4181.79487166	
4170.38461525	4157.05128185	4164.74358954	4165.89743569	4179.99999986	4181.66666653	4184.2307691	4180.64102551	4192.82051269	4191.02564089	4190.12820499	4160.25641005	4205.51282045	4180.12820499	
4180.25641012	4162.05128185	4175.38461525	4153.84615364	4192.30769217	4184.74358961	4186.15384602	4182.4358973	4197.4358973	4201.53846147	4198.58974345	4166.28205108	4208.84615378	4182.30769217	
4171.15384602	4163.84615364	4168.97435884	4168.07692287	4188.58974345	4188.07692294	4184.35897422	4184.48717935	4196.79487166	4198.71794858	4195.64102551	4163.84615364	4201.79487173	4187.82051269	
4161.79487159	4157.94871774	4182.56410243	4180.89743576	4186.92307679	4185.51282038	4182.56410243	4183.20512807	4192.05128192	4202.69230763	4193.3333332	4160.12820492	4205.12820506	4182.69230756	
4179.61538448	4159.9999998	4222.30769224	4160.38461518	4192.56410243	4188.97435884	4191.79487166	4188.58974345	4197.30769217	4211.6666666	4199.2307691	4166.79487159	4219.87179481	4178.97435884	
4182.05128192	4184.99999986	4232.05128199	4141.79487159	4183.71794858	4191.15384602	4197.82051269	4190.76923063	4199.61538448	4193.58974345	4194.87179474	4164.35897415	4206.92307686	4181.15384602	
4158.205128	4180.12820499	4211.6666666	4153.33333313	4177.82051269	4186.66666653	4189.61538448	4181.28205115	4193.20512807	4178.71794858	4182.82051269	4148.07692287	4187.82051269	4174.99999986	
4143.58974339	4152.69230749	4200.12820499	4164.1025639	4187.82051269	4186.92307679	4182.05128192	4172.82051269	4191.02564089	4183.84615371	4172.94871781	4139.9999998	4189.99999986	4161.79487159	
4152.05128185	4147.17948697	4206.28205122	4154.48717928	4191.41025628	4193.84615371	4186.15384602	4174.74358961	4191.5384614	4181.66666653	4171.28205115	4149.74358954	4192.05128192	4164.1025639	
4165.64102544	4158.07692287	4217.82051275	4140.89743569	4187.94871781	4195.89743576	4187.69230756	4178.07692294	4187.17948704	4183.07692294	4181.28205115	4159.61538441	4193.20512807	4176.66666653	
4170.25641012	4179.61538448	4223.84615378	4141.79487159	4189.87179474	4189.35897422	4182.4358973	4179.2307691	4187.30769217	4197.69230756	4192.30769217	4157.82051262	4203.07692301	4181.92307679	
4164.61538441	4197.4358973	4218.97435891	4147.69230749	4183.07692294	4183.58974345	4182.17948704	4181.79487166	4191.02564089	4194.2307691	4189.2307691	4154.23076903	4199.2307691	4182.56410243	
4163.205128	4179.2307691	4216.28205122	4144.48717928	4173.84615371	4183.84615371	4182.94871781	4181.79487166	4190.38461525	4179.99999986	4178.97435884	4160.76923056	4194.61538448	4184.61538448	
4180.89743576	4149.9999998	4229.35897429	4134.10256383	4179.61538448	4190.89743576	4185.12820499	4186.66666653	4199.10256397	4195.12820499	4189.61538448	4175.25641012	4209.35897429	4193.71794858	
4190.64102551	4165.38461518	4241.02564103	4122.94871767	4183.58974345	4193.3333332	4186.02564089	4196.02564089	4206.41025634	4213.71794865	4205.25641019	4177.30769217	4215.25641019	4198.46153833	
4176.79487166	4206.02564096	4236.53846154	4121.66666639	4183.3333332	4190.51282038	4181.92307679	4196.15384602	4196.79487166	4201.92307686	4197.05128192	4164.48717928	4207.94871788	4188.58974345	
4167.82051262	4202.30769224	4227.30769224	4142.43589723	4183.46153833	4188.71794858	4180.12820499	4188.46153833	4191.28205115	4179.48717935	4178.46153833	4159.35897415	4194.99999986	4183.71794858	
4174.2307691	4154.74358954	4224.10256404	4163.97435877	4177.69230756	4187.05128192	4184.61538448	4186.5384614	4197.56410243	4177.30769217	4174.61538448	4169.61538448	4190.38461525	4195.38461525	
4171.15384602	4144.61538441	4221.02564096	4146.92307672	4171.02564089	4185.64102551	4184.35897422	4187.82051269	4198.71794858	4194.87179474	4188.46153833	4174.2307691	4205.51282045	4196.28205115	
4160.64102544	4194.2307691	4222.94871788	4118.71794844	4171.41025628	4181.5384614	4173.46153833	4178.58974345	4190.51282038	4196.15384602	4190.12820499	4162.94871774	4204.61538455	4179.35897422	
4164.48717928	4210.25641019	4232.30769224	4135.25640998	4172.69230756	4176.79487166	4168.3333332	4175.12820499	4186.28205115	4182.56410243	4183.20512807	4159.61538441	4189.48717935	4179.87179474	
4178.58974345	4185.38461525	4234.48717949	4149.74358954	4171.28205115	4178.20512807	4175.89743576	4185.89743576	4191.66666653	4190.25641012	4192.56410243	4169.74358961	4202.30769224	4189.99999986	
4186.5384614	4181.5384614	4233.97435898	4134.74358947	4172.4358973	4183.07692294	4182.82051269	4190.76923063	4201.92307686	4199.61538448	4197.69230756	4179.10256397	4216.79487173	4190.89743576	
4180.38461525	4193.84615371	4231.6666666	4132.56410229	4177.30769217	4182.4358973	4180.89743576	4185.89743576	4206.53846147	4188.84615371	4183.07692294	4183.71794858	4201.02564096	4198.46153833	
4167.3076921	4192.94871781	4223.07692301	4141.28205108	4183.3333332	4182.82051269	4175.89743576	4183.46153833	4203.58974352	4194.99999986	4188.07692294	4184.48717935	4196.41025628	4204.48717942	
4168.58974345	4181.5384614	4219.74358968	4137.05128185	4175.51282038	4184.74358961	4176.92307679	4184.48717935	4202.30769224	4209.74358968	4207.30769224	4173.84615371	4209.10256404	4186.28205115	
4176.15384602	4185.64102551	4222.82051275	4136.15384595	4168.07692287	4181.79487166	4181.02564089	4184.48717935	4202.43589737	4199.61538448	4197.05128192	4160.76923056	4206.15384609	4171.02564089	
4171.79487166	4199.74358961	4226.28205122	4146.15384595	4180.25641012	4182.69230756	4182.94871781	4185.64102551	4199.99999986	4192.4358973	4186.02564089	4167.17948697	4201.92307686	4185.12820499	
4165.25641005	4198.71794858	4225.64102558	4147.69230749	4186.15384602	4185.51282038	4181.66666653	4184.35897422	4197.05128192	4199.99999986	4196.5384614	4173.84615371	4202.94871788	4190.12820499	
4174.48717935	4181.79487166	4226.92307686	4137.69230749	4179.74358961	4187.17948704	4186.5384614	4186.79487166	4199.99999986	4201.02564096	4195.51282038	4168.46153833	4200.76923063	4181.28205115	
4189.99999986	4183.07692294	4233.97435898	4123.58974332	4183.84615371	4192.05128192	4194.35897422	4191.02564089	4201.15384609	4195.51282038	4178.84615371	4175.89743576	4195.51282038	4189.48717935	
4186.28205115	4212.17948711	4231.28205122	4129.61538434	4194.74358961	4196.79487166	4193.71794858	4188.84615371	4195.76923063	4178.71794858	4162.3076921	4183.20512807	4185.12820499	4195.38461525	
4175.38461525	4218.4615384	4222.69230763	4155.38461518	4191.5384614	4195.25641012	4193.07692294	4193.84615371	4199.87179474	4171.28205115	4166.28205108	4173.3333332	4186.41025628	4186.41025628	
4186.15384602	4192.4358973	4227.82051275	4152.69230749	4181.28205115	4190.25641012	4196.28205115	4203.71794865	4210.38461532	4196.41025628	4194.99999986	4172.17948704	4202.82051275	4187.94871781	
4194.87179474	4184.87179474	4232.43589737	4142.43589723	4180.89743576	4188.84615371	4193.58974345	4198.58974345	4211.79487173	4216.15384609	4210.89743583	4181.79487166	4212.05128199	4197.94871781	
4182.56410243	4207.30769224	4224.61538455	4152.43589723	4188.46153833	4188.46153833	4185.76923063	4185.89743576	4205.12820506	4208.20512814	4202.05128199	4182.30769217	4212.5641025	4194.99999986	
4172.17948704	4214.87179481	4222.94871788	4160.25641005	4188.71794858	4185.64102551	4182.69230756	4181.79487166	4198.46153833	4196.92307679	4197.4358973	4181.41025628	4209.99999993	4185.89743576	
4184.35897422	4200.76923063	4233.4615384	4146.92307672	4181.15384602	4183.58974345	4185.38461525	4186.66666653	4199.48717935	4194.35897422	4200.51282038	4180.89743576	4203.4615384	4187.17948704	
4191.5384614	4196.41025628	4233.97435898	4128.58974332	4180.89743576	4184.99999986	4186.66666653	4192.05128192	4204.35897429	4192.30769217	4192.30769217	4169.2307691	4197.82051269	4185.51282038	
4175.51282038	4191.15384602	4217.17948711	4127.82051255	4183.3333332	4183.58974345	4189.2307691	4193.3333332	4204.61538455	4187.05128192	4181.28205115	4159.48717928	4191.92307679	4174.48717935	
4166.15384595	4173.58974345	4204.35897429	4134.74358947	4181.28205115	4183.58974345	4198.20512807	4195.89743576	4206.15384609	4188.3333332	4182.4358973	4163.07692287	4184.61538448	4174.35897422	
4174.74358961	4177.94871781	4208.33333327	4138.71794851	4183.20512807	4191.79487166	4205.89743583	4202.17948711	4215.12820506	4199.87179474	4192.4358973	4169.10256397	4194.61538448	4183.58974345	
4175.64102551	4197.56410243	4208.07692301	4142.94871774	4187.05128192	4195.89743576	4200.89743576	4200.89743576	4212.30769224	4201.53846147	4197.69230756	4165.38461518	4206.02564096	4177.69230756	
4165.25641005	4194.99999986	4199.2307691	4144.35897415	4185.12820499	4191.02564089	4190.38461525	4187.82051269	4197.69230756	4186.15384602	4189.87179474	4155.76923056	4195.76923063	4166.41025621	
4168.84615371	4189.48717935	4206.79487173	4138.58974339	4183.97435884	4188.71794858	4191.15384602	4182.4358973	4196.5384614	4187.4358973	4186.5384614	4165.12820492	4191.79487166	4174.99999986	
4174.2307691	4198.58974345	4213.71794865	4139.9999998	4185.12820499	4190.38461525	4195.64102551	4188.71794858	4203.33333327	4197.69230756	4191.79487166	4176.15384602	4198.71794858	4182.56410243	
4162.94871774	4192.56410243	4201.41025634	4148.71794851	4184.61538448	4187.69230756	4191.66666653	4187.69230756	4202.94871788	4193.07692294	4193.3333332	4165.51282031	4196.15384602	4175.64102551	
4167.3076921	4170.64102551	4203.71794865	4148.71794851	4186.5384614	4185.38461525	4186.15384602	4182.69230756	4200.25641012	4187.4358973	4192.82051269	4164.74358954	4193.07692294	4179.74358961	
4182.30769217	4165.89743569	4211.53846147	4140.38461518	4182.69230756	4180.51282038	4183.71794858	4179.10256397	4196.15384602	4185.12820499	4188.97435884	4174.48717935	4193.07692294	4187.17948704	
4180.25641012	4182.82051269	4205.64102558	4138.46153826	4177.82051269	4177.69230756	4183.71794858	4177.94871781	4193.20512807	4180.51282038	4184.48717935	4170.12820499	4191.79487166	4186.02564089	
4169.87179474	4196.41025628	4205.51282045	4150.64102544	4181.66666653	4184.74358961	4187.56410243	4181.15384602	4197.82051269	4178.97435884	4187.17948704	4164.48717928	4192.17948704	4185.64102551	
4173.07692294	4183.20512807	4214.10256404	4161.15384595	4181.15384602	4190.64102551	4191.66666653	4184.61538448	4203.20512814	4182.56410243	4193.46153833	4171.15384602	4193.07692294	4185.25641012	
4179.10256397	4178.58974345	4213.84615378	4163.84615364	4176.28205115	4194.2307691	4191.02564089	4186.15384602	4203.33333327	4191.41025628	4199.87179474	4176.28205115	4195.64102551	4181.79487166	
4170.89743576	4195.12820499	4206.53846147	4163.58974339	4176.15384602	4194.99999986	4187.94871781	4185.51282038	4200.64102551	4195.89743576	4200.64102551	4176.15384602	4198.84615371	4179.74358961	
4169.48717935	4185.89743576	4210.64102558	4166.41025621	4173.07692294	4189.48717935	4189.35897422	4185.38461525	4197.94871781	4189.35897422	4194.74358961	4180.25641012	4199.10256397	4183.84615371	
4181.28205115	4172.69230756	4218.97435891	4175.25641012	4170.38461525	4187.94871781	4191.79487166	4185.12820499	4200.64102551	4185.38461525	4197.56410243	4187.05128192	4202.05128199	4191.92307679	
4187.69230756	4193.20512807	4225.12820506	4184.10256397	4176.79487166	4193.07692294	4190.38461525	4185.89743576	4205.38461532	4194.10256397	4209.23076917	4194.87179474	4205.51282045	4201.15384609	
4197.69230756	4200.12820499	4241.28205129	4195.76923063	4174.87179474	4191.79487166	4191.28205115	4188.20512807	4201.28205122	4199.74358961	4213.97435891	4209.61538455	4206.15384609	4209.74358968	
4216.6666666	4192.17948704	4266.923077	4220.7692307	4166.02564082	4186.15384602	4192.30769217	4188.84615371	4194.2307691	4192.69230756	4212.94871788	4231.92307686	4208.97435891	4214.61538455	
4226.15384609	4217.17948711	4288.07692315	4252.30769231	4171.02564089	4186.41025628	4189.61538448	4189.74358961	4195.38461525	4188.84615371	4214.74358968	4250.64102564	4215.51282045	4220.64102558	
4221.79487173	4237.56410257	4291.66666674	4267.17948725	4176.5384614	4187.82051269	4191.02564089	4192.30769217	4199.99999986	4197.4358973	4219.23076917	4260.38461539	4222.5641025	4229.99999993	
4226.15384609	4213.33333327	4290.38461546	4266.66666674	4170.25641012	4189.99999986	4198.07692294	4192.94871781	4201.6666666	4198.97435884	4224.10256404	4266.79487187	4224.74358968	4235.25641026	
4236.15384616	4199.99999986	4291.66666674	4270.51282059	4170.38461525	4189.48717935	4197.69230756	4190.76923063	4200.64102551	4194.74358961	4226.02564096	4268.58974366	4220.51282045	4231.92307686	
4236.41025641	4213.97435891	4290.00000007	4266.53846154	4173.84615371	4184.87179474	4192.82051269	4192.82051269	4200.38461525	4204.99999993	4226.41025634	4262.82051282	4221.02564096	4226.53846147	
4229.23076917	4221.28205122	4280.64102571	4255.25641026	4167.17948697	4187.4358973	4195.51282038	4200.38461525	4205.38461532	4213.33333327	4226.53846147	4258.46153847	4227.43589737	4226.28205122	
4221.41025634	4213.07692301	4270.00000007	4254.61538462	4168.58974345	4191.66666653	4198.07692294	4202.5641025	4208.97435891	4202.94871788	4222.82051275	4253.58974359	4224.99999993	4224.35897429	
4217.30769224	4200.89743576	4266.923077	4260.38461539	4181.66666653	4188.46153833	4198.46153833	4195.76923063	4196.92307679	4195.25641012	4215.64102558	4244.48717949	4214.35897429	4219.48717942	
4213.20512814	4203.97435891	4260.12820513	4261.15384616	4179.10256397	4185.89743576	4201.6666666	4189.87179474	4182.94871781	4202.05128199	4211.6666666	4240.64102564	4212.5641025	4215.38461532	
4204.35897429	4218.84615378	4250.51282052	4256.66666667	4163.46153826	4188.71794858	4201.15384609	4191.15384602	4189.61538448	4203.58974352	4206.41025634	4234.61538462	4213.4615384	4209.61538455	
4206.79487173	4215.12820506	4250.12820513	4251.15384616	4166.79487159	4190.89743576	4198.3333332	4194.99999986	4200.25641012	4196.15384602	4201.15384609	4226.79487173	4210.25641019	4208.97435891	
4221.79487173	4194.74358961	4250.38461539	4242.17948718	4187.17948704	4187.30769217	4195.89743576	4193.3333332	4196.5384614	4198.20512807	4204.23076917	4224.74358968	4211.28205122	4213.20512814	
4229.74358968	4195.12820499	4248.46153847	4244.10256411	4194.35897422	4183.58974345	4193.20512807	4190.76923063	4195.64102551	4207.17948711	4210.25641019	4225.51282045	4216.15384609	4215.89743583	
4209.61538455	4192.17948704	4224.23076917	4217.94871788	4189.48717935	4208.07692301	4216.15384609	4213.20512814	4221.79487173	4228.71794865	4211.41025634	4208.97435891	4217.94871788	4220.89743583	
4225.51282045	4195.12820499	4228.07692301	4183.3333332	4178.3333332	4202.17948711	4209.87179481	4209.74358968	4221.41025634	4221.41025634	4205.25641019	4221.02564096	4224.61538455	4228.58974352	
4226.6666666	4194.61538448	4223.33333327	4205.89743583	4179.87179474	4198.71794858	4208.58974352	4216.53846147	4224.35897429	4225.51282045	4215.25641019	4217.5641025	4235.8974359	4225.12820506	
4218.07692301	4191.66666653	4222.05128199	4222.69230763	4187.94871781	4201.02564096	4212.69230763	4227.69230763	4232.17948711	4238.07692308	4226.02564096	4217.69230763	4229.61538455	4228.84615378	
4205.38461532	4192.17948704	4217.94871788	4192.05128192	4188.84615371	4209.99999993	4219.35897429	4229.99999993	4238.84615385	4237.6923077	4215.25641019	4215.51282045	4220.64102558	4233.07692301	
4202.69230763	4189.99999986	4212.82051275	4173.84615371	4181.92307679	4216.53846147	4225.89743583	4226.28205122	4238.07692308	4233.33333327	4206.6666666	4205.64102558	4226.79487173	4222.05128199	
4212.5641025	4194.35897422	4217.82051275	4174.2307691	4178.46153833	4211.53846147	4226.02564096	4225.89743583	4232.43589737	4225.12820506	4207.82051275	4210.38461532	4221.6666666	4216.15384609	
4217.43589737	4187.4358973	4212.05128199	4169.2307691	4187.05128192	4209.87179481	4226.02564096	4228.20512814	4231.15384609	4224.23076917	4210.25641019	4212.05128199	4212.30769224	4216.79487173	
4206.15384609	4181.28205115	4196.15384602	4182.17948704	4186.28205115	4214.10256404	4226.28205122	4223.97435891	4231.53846147	4231.53846147	4206.79487173	4192.30769217	4215.25641019	4204.99999993	
4194.87179474	4205.12820506	4199.35897422	4196.15384602	4173.46153833	4207.82051275	4222.5641025	4217.5641025	4227.94871788	4219.48717942	4191.41025628	4187.30769217	4207.05128199	4202.43589737	
4201.41025634	4208.71794865	4207.69230763	4176.15384602	4177.30769217	4200.64102551	4218.97435891	4218.33333327	4226.6666666	4207.05128199	4184.61538448	4201.02564096	4190.25641012	4216.02564096	
4197.82051269	4200.64102551	4198.07692294	4177.17948704	4192.69230756	4202.82051275	4213.07692301	4220.51282045	4228.84615378	4223.07692301	4201.53846147	4196.41025628	4193.97435884	4212.17948711	
4194.10256397	4214.35897429	4201.28205122	4189.74358961	4189.10256397	4202.05128199	4206.79487173	4220.51282045	4233.33333327	4239.87179488	4214.23076917	4187.69230756	4215.51282045	4200.89743576	
4200.12820499	4220.38461532	4209.87179481	4181.79487166	4177.30769217	4199.48717935	4208.71794865	4220.38461532	4236.53846154	4233.33333327	4201.28205122	4198.97435884	4224.10256404	4211.6666666	
4193.97435884	4213.4615384	4196.92307679	4173.97435884	4181.41025628	4204.35897429	4211.41025634	4217.17948711	4232.05128199	4227.69230763	4197.05128192	4201.6666666	4216.6666666	4218.33333327	
4191.15384602	4201.15384609	4192.4358973	4170.38461525	4188.3333332	4210.38461532	4209.99999993	4210.64102558	4226.79487173	4228.58974352	4206.15384609	4193.20512807	4208.71794865	4206.6666666	
4195.64102551	4196.5384614	4196.15384602	4174.74358961	4187.56410243	4214.35897429	4213.71794865	4211.28205122	4231.41025634	4228.84615378	4207.5641025	4191.66666653	4208.20512814	4196.92307679	
4192.30769217	4225.38461532	4194.48717935	4176.02564089	4190.76923063	4216.41025634	4216.02564096	4214.99999993	4236.41025641	4227.30769224	4201.92307686	4189.2307691	4208.07692301	4194.48717935	
4189.99999986	4245.64102564	4196.66666653	4169.35897422	4195.12820499	4213.20512814	4210.38461532	4208.07692301	4229.35897429	4215.12820506	4188.3333332	4186.15384602	4197.69230756	4194.35897422	
4191.79487166	4209.35897429	4190.51282038	4169.10256397	4192.17948704	4205.7692307	4206.92307686	4201.15384609	4222.30769224	4204.61538455	4175.76923063	4188.58974345	4186.41025628	4194.87179474	
4187.94871781	4200.12820499	4182.82051269	4179.35897422	4188.3333332	4202.30769224	4209.87179481	4208.84615378	4232.17948711	4214.99999993	4186.41025628	4194.48717935	4193.46153833	4200.38461525	
4191.5384614	4229.61538455	4193.46153833	4174.2307691	4184.99999986	4203.07692301	4210.38461532	4219.23076917	4240.12820513	4230.89743583	4203.33333327	4198.46153833	4209.61538455	4204.87179481	
4201.41025634	4206.15384609	4198.3333332	4158.46153826	4174.87179474	4201.53846147	4203.20512814	4214.99999993	4228.07692301	4224.87179481	4195.76923063	4197.05128192	4208.07692301	4199.99999986	
4197.94871781	4189.2307691	4191.02564089	4166.66666646	4179.61538448	4202.82051275	4202.17948711	4210.12820506	4223.4615384	4215.25641019	4192.4358973	4194.2307691	4199.48717935	4198.07692294	
4194.35897422	4225.38461532	4192.69230756	4184.99999986	4197.82051269	4206.15384609	4206.53846147	4213.20512814	4233.4615384	4219.10256404	4198.20512807	4197.94871781	4200.51282038	4210.25641019	
4189.48717935	4231.79487173	4187.4358973	4186.79487166	4193.07692294	4202.43589737	4203.97435891	4207.5641025	4227.05128199	4213.84615378	4182.56410243	4197.69230756	4196.5384614	4212.43589737	
4180.76923063	4205.7692307	4176.15384602	4165.64102544	4181.41025628	4196.66666653	4199.61538448	4197.56410243	4216.92307686	4202.5641025	4178.84615371	4189.2307691	4188.20512807	4196.5384614	
4178.3333332	4201.02564096	4177.17948704	4157.69230749	4189.10256397	4198.3333332	4202.05128199	4196.15384602	4220.89743583	4206.02564096	4205.25641019	4184.48717935	4187.82051269	4188.71794858	
4180.89743576	4207.5641025	4182.4358973	4178.58974345	4194.87179474	4200.51282038	4204.61538455	4201.92307686	4223.33333327	4214.99999993	4221.28205122	4186.15384602	4195.25641012	4191.92307679	
4189.35897422	4212.5641025	4188.97435884	4172.30769217	4190.76923063	4200.12820499	4204.87179481	4204.99999993	4221.79487173	4214.87179481	4219.87179481	4190.64102551	4201.79487173	4191.79487166	
4192.82051269	4224.61538455	4190.38461525	4159.9999998	4195.38461525	4203.97435891	4207.17948711	4205.25641019	4226.41025634	4213.84615378	4219.10256404	4195.51282038	4198.3333332	4194.74358961	
4187.56410243	4208.97435891	4183.71794858	4172.17948704	4201.15384609	4207.05128199	4210.25641019	4208.33333327	4233.20512814	4210.89743583	4215.51282045	4194.99999986	4187.30769217	4204.48717942	
4182.05128192	4189.2307691	4177.82051269	4181.15384602	4201.6666666	4209.10256404	4213.20512814	4211.53846147	4236.92307693	4216.02564096	4220.12820506	4193.20512807	4194.74358961	4205.51282045	
4174.99999986	4207.30769224	4172.56410243	4175.64102551	4203.07692301	4212.05128199	4209.87179481	4205.89743583	4232.05128199	4219.99999993	4221.53846147	4190.76923063	4202.30769224	4195.12820499	
4174.87179474	4216.92307686	4173.3333332	4176.79487166	4206.41025634	4214.99999993	4205.12820506	4195.64102551	4221.41025634	4198.3333332	4202.69230763	4184.74358961	4183.97435884	4187.56410243	
4185.12820499	4208.07692301	4179.61538448	4183.71794858	4215.25641019	4218.71794865	4209.61538455	4197.05128192	4217.30769224	4182.05128192	4194.74358961	4183.3333332	4172.82051269	4191.66666653	
4191.41025628	4206.41025634	4179.35897422	4173.58974345	4212.30769224	4213.4615384	4207.43589737	4199.10256397	4214.61538455	4190.64102551	4205.12820506	4184.99999986	4184.35897422	4199.87179474	
4193.58974345	4209.87179481	4178.97435884	4172.30769217	4199.48717935	4202.05128199	4197.82051269	4193.84615371	4213.71794865	4202.69230763	4213.07692301	4194.35897422	4197.05128192	4209.61538455	
4197.4358973	4209.10256404	4185.38461525	4185.64102551	4199.2307691	4195.64102551	4197.4358973	4191.79487166	4218.07692301	4209.99999993	4224.35897429	4207.94871788	4201.02564096	4218.07692301	
4194.2307691	4207.82051275	4188.07692294	4191.79487166	4205.38461532	4192.56410243	4197.4358973	4190.76923063	4213.07692301	4209.74358968	4228.4615384	4207.05128199	4197.94871781	4216.6666666	
4201.02564096	4200.76923063	4190.89743576	4182.56410243	4204.23076917	4192.4358973	4194.2307691	4190.76923063	4208.4615384	4199.99999986	4215.38461532	4203.07692301	4194.61538448	4213.20512814	
4214.35897429	4200.51282038	4193.71794858	4175.76923063	4203.07692301	4199.61538448	4199.87179474	4198.71794858	4219.48717942	4199.10256397	4216.79487173	4204.87179481	4199.74358961	4210.25641019	
4200.38461525	4207.94871788	4182.56410243	4188.84615371	4205.25641019	4203.07692301	4202.30769224	4203.97435891	4227.05128199	4203.71794865	4222.82051275	4197.94871781	4198.97435884	4205.51282045	
4179.35897422	4202.05128199	4171.79487166	4193.20512807	4203.71794865	4199.61538448	4197.82051269	4199.10256397	4221.6666666	4190.12820499	4205.12820506	4191.15384602	4185.38461525	4202.43589737	
4189.99999986	4195.89743576	4178.71794858	4180.76923063	4200.89743576	4206.15384609	4202.69230763	4199.10256397	4222.82051275	4184.2307691	4195.76923063	4197.69230756	4183.71794858	4205.12820506	
4197.05128192	4195.89743576	4181.15384602	4175.38461525	4200.25641012	4210.89743583	4205.38461532	4196.92307679	4224.74358968	4195.38461525	4204.23076917	4195.25641012	4187.4358973	4206.6666666	
4180.12820499	4189.2307691	4169.99999986	4184.99999986	4206.6666666	4201.6666666	4195.89743576	4184.10256397	4216.79487173	4196.66666653	4204.10256404	4185.51282038	4184.48717935	4203.33333327	
4178.97435884	4185.64102551	4168.3333332	4189.48717935	4206.28205122	4192.17948704	4191.28205115	4177.56410243	4209.48717942	4183.20512807	4195.89743576	4189.87179474	4178.97435884	4201.41025634	
4186.41025628	4187.4358973	4171.41025628	4182.30769217	4189.61538448	4186.92307679	4191.5384614	4174.74358961	4203.84615378	4171.02564089	4192.69230756	4191.28205115	4171.92307679	4197.05128192	
4180.89743576	4186.5384614	4168.71794858	4181.02564089	4187.69230756	4186.15384602	4191.15384602	4173.20512807	4205.7692307	4178.20512807	4197.94871781	4188.3333332	4177.69230756	4198.3333332	
4187.69230756	4186.02564089	4175.89743576	4188.97435884	4202.43589737	4192.94871781	4199.35897422	4189.10256397	4220.25641019	4189.99999986	4207.69230763	4197.30769217	4192.82051269	4208.71794865	
4196.5384614	4189.74358961	4181.28205115	4195.12820499	4202.17948711	4194.2307691	4202.17948711	4199.74358961	4221.6666666	4177.30769217	4199.61538448	4195.51282038	4184.2307691	4202.30769224	
4192.17948704	4186.79487166	4175.51282038	4191.02564089	4200.12820499	4192.56410243	4196.66666653	4192.69230756	4213.4615384	4168.3333332	4186.79487166	4187.17948704	4174.10256397	4192.56410243	
4195.89743576	4179.87179474	4174.35897422	4180.76923063	4210.38461532	4199.61538448	4202.82051275	4195.89743576	4221.79487173	4189.48717935	4195.76923063	4196.92307679	4189.10256397	4209.23076917	
4195.12820499	4182.94871781	4173.46153833	4177.69230756	4206.41025634	4204.99999993	4207.30769224	4201.53846147	4227.5641025	4195.38461525	4201.28205122	4196.41025628	4191.66666653	4212.43589737	
4182.94871781	4198.58974345	4171.28205115	4194.48717935	4201.53846147	4209.10256404	4206.92307686	4202.30769224	4224.74358968	4186.28205115	4201.79487173	4183.97435884	4182.82051269	4193.58974345	
4187.4358973	4202.94871788	4179.2307691	4204.10256404	4209.87179481	4213.4615384	4212.30769224	4206.15384609	4228.71794865	4194.99999986	4209.74358968	4190.51282038	4187.94871781	4199.61538448	
4200.51282038	4192.69230756	4186.66666653	4194.74358961	4205.64102558	4207.05128199	4212.5641025	4206.02564096	4228.4615384	4197.17948704	4211.92307686	4203.58974352	4196.15384602	4217.69230763	
4196.5384614	4188.97435884	4180.89743576	4194.10256397	4194.35897422	4197.4358973	4203.71794865	4199.87179474	4220.89743583	4188.46153833	4206.15384609	4200.38461525	4191.41025628	4219.35897429	
4189.35897422	4183.46153833	4175.51282038	4203.4615384	4195.51282038	4196.15384602	4199.2307691	4198.97435884	4220.12820506	4187.56410243	4201.53846147	4193.46153833	4185.89743576	4218.33333327	
4202.69230763	4174.2307691	4184.2307691	4207.05128199	4197.69230756	4196.02564089	4201.53846147	4200.51282038	4223.33333327	4193.07692294	4207.5641025	4198.46153833	4194.35897422	4220.38461532	
4218.58974352	4181.5384614	4197.69230756	4206.79487173	4195.89743576	4195.12820499	4202.94871788	4197.82051269	4220.89743583	4196.15384602	4213.97435891	4208.84615378	4202.69230763	4221.02564096	
4211.15384609	4190.89743576	4194.61538448	4205.7692307	4198.97435884	4197.82051269	4203.4615384	4197.56410243	4217.5641025	4192.4358973	4208.33333327	4209.74358968	4197.05128192	4219.10256404	
4193.20512807	4185.89743576	4177.82051269	4208.58974352	4197.69230756	4199.99999986	4198.07692294	4195.89743576	4216.79487173	4189.10256397	4204.61538455	4195.76923063	4190.64102551	4204.74358968	
4191.28205115	4190.64102551	4175.89743576	4212.94871788	4196.28205115	4199.48717935	4190.64102551	4193.3333332	4217.82051275	4191.92307679	4209.10256404	4188.71794858	4196.41025628	4196.79487166	
4196.92307679	4203.71794865	4186.02564089	4212.30769224	4205.12820506	4198.46153833	4191.92307679	4194.10256397	4218.20512814	4192.17948704	4207.17948711	4192.82051269	4196.79487166	4206.92307686	
4192.82051269	4200.76923063	4187.82051269	4218.58974352	4211.28205122	4200.25641012	4193.58974345	4195.89743576	4215.7692307	4194.48717935	4207.5641025	4193.20512807	4192.82051269	4208.20512814	
4189.61538448	4193.84615371	4181.5384614	4226.28205122	4209.87179481	4202.69230763	4191.5384614	4198.58974345	4216.92307686	4202.94871788	4214.87179481	4192.56410243	4195.38461525	4199.99999986	
4193.07692294	4190.51282038	4174.61538448	4219.87179481	4210.25641019	4200.38461525	4191.02564089	4200.64102551	4218.33333327	4190.38461525	4201.41025634	4190.38461525	4187.4358973	4201.02564096	
4198.20512807	4186.5384614	4175.51282038	4223.97435891	4210.12820506	4199.48717935	4195.38461525	4201.02564096	4217.43589737	4182.82051269	4194.87179474	4195.25641012	4187.56410243	4211.41025634	
4204.61538455	4188.71794858	4185.76923063	4232.05128199	4205.7692307	4201.53846147	4199.10256397	4199.61538448	4220.25641019	4203.4615384	4219.74358968	4203.97435891	4205.89743583	4219.10256404	
4208.97435891	4191.15384602	4192.17948704	4218.71794865	4207.17948711	4200.51282038	4198.58974345	4198.58974345	4226.53846147	4209.48717942	4228.58974352	4202.17948711	4209.99999993	4216.53846147	
4207.05128199	4186.28205115	4188.20512807	4213.33333327	4207.94871788	4198.20512807	4196.28205115	4197.17948704	4227.69230763	4202.17948711	4213.33333327	4197.69230756	4203.58974352	4209.87179481	
4202.5641025	4190.89743576	4183.84615371	4233.4615384	4203.07692301	4198.84615371	4195.25641012	4197.30769217	4226.41025634	4206.92307686	4211.53846147	4201.53846147	4206.41025634	4209.48717942	
4208.20512814	4194.10256397	4187.17948704	4243.33333334	4208.58974352	4202.30769224	4200.51282038	4202.05128199	4229.74358968	4210.64102558	4222.30769224	4206.28205122	4204.87179481	4216.53846147	
4219.23076917	4179.99999986	4194.61538448	4237.94871795	4216.92307686	4202.69230763	4205.7692307	4205.89743583	4230.89743583	4206.6666666	4219.10256404	4206.92307686	4198.3333332	4223.84615378	
4213.4615384	4182.4358973	4192.94871781	4242.30769231	4213.07692301	4199.74358961	4204.23076917	4202.30769224	4223.84615378	4198.71794858	4207.5641025	4204.61538455	4199.87179474	4222.69230763	
4197.94871781	4202.43589737	4184.10256397	4243.97435898	4209.74358968	4203.20512814	4203.33333327	4195.64102551	4216.02564096	4189.87179474	4206.02564096	4194.2307691	4194.61538448	4210.25641019	
4200.76923063	4191.28205115	4187.56410243	4237.6923077	4212.05128199	4209.23076917	4203.58974352	4194.87179474	4217.94871788	4192.17948704	4208.33333327	4191.28205115	4187.05128192	4201.92307686	
4207.17948711	4168.20512807	4189.2307691	4239.48717949	4203.07692301	4201.28205122	4197.56410243	4194.2307691	4219.35897429	4195.89743576	4198.97435884	4198.20512807	4191.66666653	4206.02564096	
4194.2307691	4175.12820499	4178.07692294	4232.5641025	4197.56410243	4190.25641012	4192.30769217	4186.66666653	4213.07692301	4185.38461525	4192.05128192	4193.3333332	4192.82051269	4203.33333327	
4188.07692294	4177.69230756	4174.99999986	4223.71794865	4208.97435891	4196.66666653	4201.15384609	4185.38461525	4216.53846147	4190.51282038	4208.84615378	4187.05128192	4194.2307691	4199.48717935	
4198.58974345	4169.35897422	4183.97435884	4238.33333334	4218.84615378	4204.87179481	4210.64102558	4196.92307679	4227.94871788	4208.84615378	4225.64102558	4191.66666653	4204.74358968	4202.30769224	
4199.61538448	4188.07692294	4189.48717935	4254.87179488	4219.87179481	4202.69230763	4210.89743583	4206.92307686	4229.23076917	4205.38461532	4216.6666666	4198.97435884	4205.51282045	4204.99999993	
4201.41025634	4201.92307686	4193.97435884	4251.92307693	4222.5641025	4203.20512814	4213.71794865	4212.69230763	4227.82051275	4197.56410243	4207.5641025	4204.23076917	4198.46153833	4214.48717942	
4211.28205122	4184.48717935	4197.17948704	4249.10256411	4226.6666666	4208.58974352	4219.74358968	4216.41025634	4232.94871788	4208.20512814	4218.33333327	4208.84615378	4203.07692301	4225.51282045	
4208.33333327	4183.07692294	4191.41025628	4245.76923077	4227.69230763	4209.87179481	4221.6666666	4212.17948711	4233.97435898	4219.87179481	4231.41025634	4206.02564096	4213.58974352	4219.61538455	
4202.05128199	4205.64102558	4193.58974345	4242.56410257	4226.92307686	4208.4615384	4219.35897429	4203.84615378	4228.4615384	4214.10256404	4225.25641019	4199.61538448	4212.43589737	4208.71794865	
4209.48717942	4201.02564096	4201.41025634	4253.71794872	4226.41025634	4211.53846147	4215.51282045	4198.97435884	4223.71794865	4200.64102551	4206.02564096	4201.6666666	4201.28205122	4212.5641025	
4215.12820506	4184.74358961	4197.82051269	4257.17948718	4226.15384609	4209.48717942	4210.7692307	4197.56410243	4220.51282045	4196.92307679	4199.48717935	4203.4615384	4197.4358973	4214.87179481	
4210.51282045	4193.46153833	4192.82051269	4247.94871795	4226.41025634	4202.82051275	4211.79487173	4200.38461525	4221.41025634	4202.69230763	4212.05128199	4196.79487166	4205.12820506	4211.28205122	
4212.17948711	4206.79487173	4194.99999986	4248.33333334	4229.99999993	4206.02564096	4220.12820506	4205.51282045	4225.25641019	4209.48717942	4223.58974352	4192.69230756	4206.92307686	4218.07692301	
4220.25641019	4203.4615384	4202.82051275	4249.74358975	4232.30769224	4212.17948711	4224.99999993	4204.10256404	4223.58974352	4212.5641025	4223.84615378	4202.17948711	4205.25641019	4225.25641019	
4216.79487173	4190.64102551	4202.69230763	4247.6923077	4227.69230763	4210.51282045	4223.97435891	4200.51282038	4217.82051275	4209.35897429	4213.71794865	4210.7692307	4202.43589737	4221.02564096	
4213.97435891	4186.92307679	4197.94871781	4255.51282052	4225.89743583	4210.12820506	4227.5641025	4212.43589737	4220.51282045	4201.28205122	4203.84615378	4209.74358968	4195.89743576	4221.92307686	
4222.17948711	4193.84615371	4202.30769224	4263.46153847	4233.58974352	4214.35897429	4233.20512814	4223.84615378	4228.84615378	4202.5641025	4206.53846147	4210.25641019	4201.92307686	4230.7692307	
4222.82051275	4205.51282045	4206.92307686	4259.87179488	4237.43589744	4213.4615384	4232.30769224	4214.87179481	4227.17948711	4212.5641025	4216.02564096	4213.97435891	4213.97435891	4229.99999993	
4216.28205122	4213.07692301	4203.4615384	4255.25641026	4233.33333327	4213.4615384	4232.5641025	4209.35897429	4224.10256404	4217.17948711	4220.25641019	4215.51282045	4212.69230763	4226.28205122	
4217.17948711	4208.33333327	4201.6666666	4253.71794872	4232.94871788	4216.53846147	4233.84615385	4216.02564096	4228.71794865	4216.28205122	4219.99999993	4208.97435891	4207.05128199	4224.35897429	
4216.53846147	4207.30769224	4203.20512814	4257.56410257	4237.6923077	4214.61538455	4227.43589737	4217.5641025	4230.25641019	4217.05128199	4220.7692307	4204.48717942	4208.71794865	4219.10256404	
4218.71794865	4203.07692301	4200.12820499	4255.38461539	4236.92307693	4211.02564096	4223.71794865	4215.51282045	4226.28205122	4219.35897429	4220.51282045	4210.25641019	4211.6666666	4221.53846147	
4227.69230763	4192.56410243	4195.89743576	4239.61538462	4230.51282045	4209.23076917	4226.28205122	4214.61538455	4219.87179481	4210.25641019	4210.25641019	4206.41025634	4206.53846147	4225.64102558	
4219.48717942	4200.25641012	4193.07692294	4243.33333334	4235.76923077	4210.89743583	4222.5641025	4211.6666666	4215.38461532	4195.25641012	4196.02564089	4195.89743576	4198.46153833	4219.10256404	
4209.74358968	4214.74358968	4194.2307691	4250.51282052	4238.20512821	4211.53846147	4214.35897429	4208.20512814	4213.4615384	4197.94871781	4198.46153833	4202.30769224	4196.02564089	4216.02564096	
4213.33333327	4214.99999993	4196.02564089	4238.33333334	4229.87179481	4208.33333327	4208.97435891	4204.99999993	4211.92307686	4206.92307686	4212.05128199	4209.99999993	4198.46153833	4219.23076917	
4210.12820506	4203.4615384	4189.48717935	4239.87179488	4233.4615384	4207.43589737	4207.17948711	4203.07692301	4214.61538455	4205.25641019	4213.07692301	4202.43589737	4200.76923063	4216.79487173	
4206.79487173	4184.35897422	4186.28205115	4247.94871795	4238.71794872	4209.35897429	4207.30769224	4204.99999993	4220.25641019	4209.99999993	4213.07692301	4203.84615378	4209.61538455	4217.69230763	
4212.5641025	4178.71794858	4189.61538448	4237.43589744	4228.84615378	4205.64102558	4206.6666666	4204.48717942	4221.15384609	4216.15384609	4220.12820506	4216.41025634	4212.5641025	4224.74358968	
4206.41025634	4206.28205122	4185.38461525	4238.58974359	4220.25641019	4200.38461525	4204.10256404	4200.38461525	4218.33333327	4206.15384609	4215.38461532	4208.71794865	4199.74358961	4216.79487173	
4199.35897422	4213.84615378	4182.17948704	4251.53846154	4227.69230763	4203.20512814	4203.4615384	4201.6666666	4220.25641019	4199.10256397	4205.38461532	4196.79487166	4198.46153833	4205.25641019	
4215.51282045	4188.3333332	4189.87179474	4239.87179488	4238.71794872	4209.35897429	4205.12820506	4206.15384609	4221.53846147	4200.51282038	4204.74358968	4205.7692307	4204.87179481	4213.4615384	
4217.69230763	4196.28205115	4189.10256397	4235.8974359	4238.20512821	4209.48717942	4203.71794865	4206.15384609	4215.89743583	4202.30769224	4209.10256404	4212.43589737	4199.10256397	4220.12820506	
4204.61538455	4222.94871788	4185.89743576	4243.71794872	4229.35897429	4206.28205122	4201.53846147	4202.69230763	4214.87179481	4212.43589737	4214.61538455	4202.05128199	4199.10256397	4210.25641019	
4216.28205122	4205.51282045	4197.69230756	4230.25641019	4225.51282045	4208.84615378	4203.97435891	4201.41025634	4219.35897429	4217.94871788	4214.99999993	4200.25641012	4205.51282045	4210.64102558	
4222.69230763	4182.94871781	4195.38461525	4226.41025634	4227.82051275	4209.99999993	4205.7692307	4199.2307691	4216.92307686	4205.89743583	4207.43589737	4205.89743583	4199.61538448	4218.20512814	
4201.02564096	4201.79487173	4177.30769217	4241.28205129	4225.25641019	4204.23076917	4201.6666666	4194.48717935	4207.17948711	4192.69230756	4203.84615378	4198.84615371	4190.76923063	4209.61538455	
4198.84615371	4212.69230763	4180.12820499	4237.6923077	4224.35897429	4202.69230763	4199.48717935	4197.56410243	4206.79487173	4191.92307679	4202.30769224	4192.82051269	4190.76923063	4203.84615378	
4214.87179481	4187.56410243	4187.17948704	4220.25641019	4224.48717942	4204.74358968	4201.28205122	4201.28205122	4211.53846147	4191.5384614	4188.58974345	4193.07692294	4186.79487166	4208.33333327	
4200.25641012	4182.82051269	4170.38461525	4216.6666666	4221.28205122	4203.97435891	4197.30769217	4189.35897422	4202.17948711	4173.58974345	4172.30769217	4181.79487166	4171.41025628	4198.71794858	
4185.64102551	4193.84615371	4162.94871774	4219.87179481	4221.92307686	4208.97435891	4199.35897422	4183.84615371	4198.84615371	4167.94871774	4181.02564089	4182.05128192	4169.99999986	4196.28205115	
4205.64102558	4186.28205115	4183.71794858	4214.61538455	4220.25641019	4212.17948711	4208.58974352	4197.82051269	4212.82051275	4197.82051269	4213.07692301	4203.71794865	4199.10256397	4212.94871788	
4223.20512814	4196.41025628	4201.15384609	4210.89743583	4217.82051275	4201.92307686	4203.4615384	4206.79487173	4215.64102558	4216.6666666	4230.12820506	4220.51282045	4218.33333327	4223.4615384	
4224.10256404	4203.97435891	4201.6666666	4219.74358968	4221.28205122	4196.15384602	4195.51282038	4205.12820506	4208.71794865	4208.71794865	4225.7692307	4231.28205122	4212.94871788	4232.43589737	
4219.23076917	4186.5384614	4192.56410243	4228.71794865	4216.02564096	4196.92307679	4200.51282038	4204.61538455	4211.41025634	4206.6666666	4221.92307686	4234.74358975	4209.48717942	4241.41025641	
4211.02564096	4198.07692294	4185.12820499	4227.30769224	4209.74358968	4195.89743576	4204.99999993	4203.84615378	4214.74358968	4208.84615378	4219.61538455	4222.5641025	4208.33333327	4233.4615384	
4210.38461532	4222.82051275	4188.97435884	4217.5641025	4217.5641025	4201.53846147	4204.23076917	4206.41025634	4213.20512814	4198.3333332	4212.43589737	4213.58974352	4202.82051275	4222.43589737	
4221.02564096	4201.02564096	4197.17948704	4206.02564096	4222.17948711	4207.05128199	4205.89743583	4212.30769224	4213.84615378	4196.28205115	4211.6666666	4219.99999993	4203.71794865	4227.94871788	
4221.6666666	4183.71794858	4197.82051269	4202.43589737	4214.87179481	4200.12820499	4202.30769224	4208.58974352	4211.92307686	4207.43589737	4216.15384609	4224.99999993	4209.61538455	4233.20512814	
4210.12820506	4208.58974352	4191.41025628	4216.53846147	4211.02564096	4193.71794858	4196.92307679	4203.4615384	4207.94871788	4202.43589737	4210.7692307	4217.05128199	4204.99999993	4226.41025634	
4209.61538455	4218.4615384	4190.25641012	4226.92307686	4212.94871788	4197.17948704	4202.30769224	4207.94871788	4211.6666666	4192.4358973	4210.51282045	4209.99999993	4201.41025634	4224.99999993	
4216.15384609	4207.30769224	4195.51282038	4208.58974352	4216.53846147	4200.25641012	4207.94871788	4210.89743583	4215.51282045	4198.46153833	4218.71794865	4212.30769224	4207.30769224	4228.20512814	
4216.6666666	4193.97435884	4198.46153833	4195.64102551	4222.30769224	4201.41025634	4208.20512814	4211.6666666	4217.05128199	4208.58974352	4218.71794865	4218.58974352	4210.51282045	4227.94871788	
4214.35897429	4190.12820499	4198.71794858	4207.69230763	4221.6666666	4203.84615378	4208.33333327	4220.38461532	4221.28205122	4208.33333327	4215.89743583	4214.61538455	4204.35897429	4225.12820506	
4209.10256404	4202.69230763	4191.5384614	4212.69230763	4216.15384609	4204.23076917	4204.99999993	4225.51282045	4224.10256404	4200.12820499	4213.58974352	4207.17948711	4195.38461525	4222.17948711	
4205.7692307	4210.64102558	4186.02564089	4201.53846147	4213.33333327	4202.43589737	4199.99999986	4217.69230763	4225.64102558	4198.71794858	4211.15384609	4209.10256404	4202.17948711	4219.61538455	
4205.51282045	4202.94871788	4190.25641012	4201.6666666	4211.28205122	4202.5641025	4199.87179474	4209.48717942	4224.48717942	4202.05128199	4212.94871788	4212.30769224	4204.10256404	4221.15384609	
4203.84615378	4195.25641012	4194.10256397	4201.92307686	4209.61538455	4204.48717942	4199.35897422	4205.64102558	4217.30769224	4199.99999986	4210.89743583	4212.05128199	4188.84615371	4223.84615378	
4205.12820506	4194.87179474	4193.58974345	4186.15384602	4211.41025634	4204.87179481	4194.35897422	4201.41025634	4209.87179481	4194.2307691	4197.69230756	4213.97435891	4189.10256397	4221.92307686	
4204.74358968	4192.94871781	4188.58974345	4187.82051269	4212.5641025	4203.07692301	4194.61538448	4195.25641012	4205.89743583	4185.64102551	4189.10256397	4205.64102558	4197.4358973	4210.25641019	
4198.84615371	4197.30769217	4183.71794858	4203.58974352	4209.10256404	4200.64102551	4199.99999986	4190.12820499	4202.30769224	4179.2307691	4195.76923063	4194.35897422	4188.58974345	4199.10256397	
4206.53846147	4189.87179474	4190.89743576	4200.25641012	4204.61538455	4200.25641012	4202.69230763	4190.38461525	4205.51282045	4188.71794858	4202.5641025	4208.84615378	4186.28205115	4214.74358968	
4213.71794865	4174.74358961	4195.89743576	4190.51282038	4199.2307691	4197.4358973	4196.15384602	4188.3333332	4207.82051275	4195.38461525	4196.92307679	4219.87179481	4188.3333332	4229.61538455	
4197.17948704	4193.46153833	4182.56410243	4197.94871781	4197.94871781	4193.58974345	4186.02564089	4183.3333332	4198.46153833	4182.05128192	4189.74358961	4200.89743576	4169.99999986	4211.53846147	
4192.4358973	4218.71794865	4179.2307691	4204.74358968	4203.20512814	4198.58974345	4189.74358961	4188.07692294	4198.71794858	4184.35897422	4195.12820499	4196.28205115	4175.12820499	4202.43589737	
4207.5641025	4205.7692307	4191.92307679	4202.69230763	4202.69230763	4204.87179481	4200.76923063	4197.56410243	4212.5641025	4205.64102558	4204.10256404	4211.15384609	4207.82051275	4216.79487173	
4204.74358968	4192.94871781	4189.99999986	4203.4615384	4198.3333332	4203.4615384	4201.53846147	4197.82051269	4216.41025634	4207.43589737	4204.74358968	4204.35897429	4206.41025634	4212.5641025	
4198.84615371	4198.07692294	4180.76923063	4195.64102551	4194.74358961	4201.02564096	4197.94871781	4196.28205115	4211.15384609	4199.74358961	4203.33333327	4196.15384602	4186.79487166	4203.07692301	
4210.25641019	4190.89743576	4185.12820499	4187.69230756	4192.82051269	4202.17948711	4197.69230756	4197.82051269	4211.15384609	4199.35897422	4199.48717935	4210.12820506	4188.97435884	4216.41025634	
4211.79487173	4187.69230756	4190.38461525	4195.51282038	4201.53846147	4204.23076917	4197.17948704	4196.02564089	4211.15384609	4197.05128192	4193.97435884	4215.89743583	4190.89743576	4221.28205122	
4201.41025634	4198.46153833	4184.2307691	4206.41025634	4214.10256404	4204.99999993	4198.3333332	4198.3333332	4207.30769224	4193.97435884	4196.15384602	4209.99999993	4182.82051269	4215.38461532	
4204.23076917	4191.92307679	4179.35897422	4202.5641025	4205.89743583	4201.79487173	4198.84615371	4200.25641012	4206.6666666	4189.99999986	4194.87179474	4211.15384609	4183.97435884	4222.94871788	
4216.15384609	4179.99999986	4188.84615371	4187.4358973	4193.3333332	4199.35897422	4193.20512807	4194.35897422	4208.33333327	4195.38461525	4194.61538448	4212.05128199	4194.74358961	4229.23076917	
4216.79487173	4197.4358973	4197.17948704	4190.51282038	4200.89743576	4203.33333327	4193.58974345	4193.84615371	4210.89743583	4215.38461532	4212.30769224	4209.48717942	4205.64102558	4220.89743583	
4213.84615378	4220.7692307	4197.82051269	4208.07692301	4204.35897429	4208.4615384	4202.82051275	4202.82051275	4212.05128199	4221.41025634	4219.99999993	4218.58974352	4202.94871788	4224.10256404	
4220.89743583	4214.10256404	4199.61538448	4212.69230763	4201.02564096	4208.33333327	4204.61538455	4207.94871788	4210.89743583	4203.71794865	4198.71794858	4229.23076917	4190.38461525	4237.94871795	
4225.25641019	4202.05128199	4197.30769217	4206.02564096	4210.7692307	4203.71794865	4198.07692294	4205.25641019	4208.58974352	4197.56410243	4193.20512807	4221.02564096	4190.89743576	4229.74358968	
4217.69230763	4212.30769224	4190.51282038	4214.35897429	4217.5641025	4199.74358961	4196.79487166	4204.10256404	4209.87179481	4204.74358968	4207.5641025	4209.35897429	4197.4358973	4215.25641019	
4215.12820506	4215.12820506	4195.76923063	4223.07692301	4211.15384609	4202.82051275	4200.51282038	4206.41025634	4212.94871788	4201.02564096	4199.35897422	4210.12820506	4194.2307691	4220.25641019	
4227.69230763	4191.41025628	4207.30769224	4196.92307679	4207.05128199	4205.25641019	4201.41025634	4206.41025634	4213.07692301	4200.89743576	4192.82051269	4217.5641025	4193.58974345	4227.43589737	
4230.51282045	4187.05128192	4203.97435891	4180.12820499	4210.12820506	4204.23076917	4200.38461525	4202.82051275	4215.7692307	4206.41025634	4207.82051275	4224.23076917	4199.35897422	4229.48717942	
4215.12820506	4217.43589737	4196.02564089	4206.92307686	4214.87179481	4207.30769224	4201.6666666	4202.94871788	4224.48717942	4208.4615384	4217.30769224	4225.7692307	4207.82051275	4232.69230763	
4212.30769224	4228.20512814	4198.58974345	4220.25641019	4215.89743583	4209.48717942	4204.61538455	4210.7692307	4236.02564103	4217.5641025	4218.84615378	4221.79487173	4214.48717942	4233.4615384	
4224.74358968	4206.53846147	4202.69230763	4202.17948711	4205.7692307	4204.99999993	4205.38461532	4218.33333327	4246.15384616	4226.53846147	4224.99999993	4218.20512814	4211.92307686	4231.41025634	
4222.82051275	4207.94871788	4201.28205122	4203.84615378	4202.5641025	4204.48717942	4203.4615384	4221.53846147	4252.30769231	4222.17948711	4224.61538455	4220.64102558	4206.6666666	4235.38461539	
4213.33333327	4221.41025634	4199.10256397	4211.02564096	4213.4615384	4211.02564096	4201.53846147	4221.28205122	4248.58974359	4216.15384609	4214.87179481	4223.58974352	4207.5641025	4236.92307693	
4219.61538455	4202.69230763	4197.17948704	4196.02564089	4214.61538455	4213.97435891	4201.6666666	4215.89743583	4240.51282052	4215.51282045	4211.92307686	4218.58974352	4208.20512814	4230.25641019	
4226.79487173	4182.82051269	4195.64102551	4184.87179474	4206.02564096	4209.35897429	4201.92307686	4208.84615378	4240.76923077	4216.6666666	4217.5641025	4210.51282045	4208.4615384	4223.4615384	
4215.7692307	4198.07692294	4192.82051269	4183.3333332	4205.51282045	4204.48717942	4197.30769217	4201.15384609	4237.82051282	4211.53846147	4213.33333327	4203.58974352	4203.71794865	4216.6666666	
4197.17948704	4212.17948711	4180.89743576	4190.51282038	4209.48717942	4200.89743576	4189.2307691	4191.79487166	4224.74358968	4187.4358973	4190.38461525	4191.15384602	4179.87179474	4208.97435891	
4194.48717935	4198.58974345	4173.58974345	4202.05128199	4205.64102558	4199.10256397	4187.4358973	4191.15384602	4218.4615384	4176.28205115	4179.48717935	4187.56410243	4164.61538441	4208.58974352	
4203.33333327	4195.89743576	4181.92307679	4195.25641012	4197.82051269	4199.99999986	4189.61538448	4200.76923063	4223.20512814	4193.07692294	4192.30769217	4198.46153833	4178.71794858	4211.53846147	
4199.61538448	4210.38461532	4186.92307679	4183.46153833	4198.46153833	4201.79487173	4188.71794858	4204.99999993	4224.61538455	4201.02564096	4201.53846147	4196.02564089	4193.07692294	4204.74358968	
4200.89743576	4200.76923063	4184.99999986	4191.79487166	4204.23076917	4203.71794865	4194.35897422	4206.53846147	4225.51282045	4201.79487173	4203.33333327	4194.61538448	4193.58974345	4211.28205122	
4210.25641019	4174.74358961	4184.74358961	4186.5384614	4198.71794858	4197.17948704	4195.51282038	4207.05128199	4224.10256404	4208.97435891	4204.10256404	4206.92307686	4191.79487166	4224.10256404	
4202.94871788	4186.02564089	4185.51282038	4166.28205108	4190.89743576	4188.58974345	4182.69230756	4196.66666653	4217.05128199	4202.05128199	4200.89743576	4203.20512814	4188.3333332	4210.12820506	
4194.74358961	4206.15384609	4185.12820499	4174.74358961	4194.74358961	4192.56410243	4179.48717935	4191.5384614	4216.15384609	4193.3333332	4198.3333332	4195.64102551	4185.38461525	4201.02564096	
4198.07692294	4183.84615371	4176.92307679	4194.2307691	4191.5384614	4195.51282038	4184.99999986	4196.92307679	4214.99999993	4198.84615371	4196.5384614	4196.5384614	4182.94871781	4209.35897429	
4197.69230756	4172.69230756	4169.74358961	4188.20512807	4184.61538448	4190.25641012	4180.51282038	4195.25641012	4208.58974352	4195.89743576	4191.79487166	4191.15384602	4180.25641012	4204.48717942	
4194.87179474	4208.20512814	4178.46153833	4175.51282038	4192.82051269	4192.56410243	4176.5384614	4188.20512807	4209.74358968	4188.07692294	4193.46153833	4187.82051269	4183.20512807	4197.94871781	
4188.84615371	4219.48717942	4181.66666653	4183.84615371	4197.82051269	4193.3333332	4177.17948704	4181.15384602	4207.82051275	4189.35897422	4193.46153833	4189.99999986	4180.64102551	4204.10256404	
4191.28205115	4177.4358973	4178.07692294	4175.51282038	4193.84615371	4188.46153833	4174.2307691	4179.99999986	4201.15384609	4196.02564089	4189.2307691	4193.58974345	4176.66666653	4206.41025634	
4203.84615378	4166.53846133	4183.46153833	4154.23076903	4199.10256397	4193.3333332	4174.10256397	4188.58974345	4204.23076917	4191.41025628	4187.69230756	4197.94871781	4176.28205115	4206.28205122	
4193.71794858	4201.53846147	4179.2307691	4167.3076921	4199.10256397	4195.12820499	4173.46153833	4187.94871781	4202.69230763	4177.05128192	4185.51282038	4192.30769217	4168.84615371	4206.02564096	
4182.30769217	4195.12820499	4171.41025628	4188.07692294	4187.17948704	4188.71794858	4171.79487166	4181.5384614	4197.17948704	4182.82051269	4187.56410243	4186.41025628	4168.20512807	4200.64102551	
4192.82051269	4159.48717928	4175.64102551	4178.97435884	4182.17948704	4191.15384602	4175.89743576	4183.84615371	4199.10256397	4189.99999986	4185.89743576	4188.20512807	4174.87179474	4195.51282038	
4188.97435884	4179.74358961	4173.58974345	4167.3076921	4189.35897422	4194.99999986	4173.46153833	4184.99999986	4201.15384609	4173.46153833	4174.48717935	4182.30769217	4168.58974345	4190.38461525	
4176.28205115	4214.87179481	4163.205128	4173.46153833	4197.82051269	4193.3333332	4168.46153833	4186.15384602	4200.25641012	4167.05128185	4170.89743576	4175.76923063	4160.12820492	4191.15384602	
4183.07692294	4193.97435884	4161.92307672	4172.30769217	4194.48717935	4191.15384602	4170.25641012	4188.07692294	4197.94871781	4181.5384614	4178.07692294	4181.02564089	4168.3333332	4195.25641012	
4189.74358961	4169.10256397	4165.51282031	4167.56410236	4187.56410243	4187.94871781	4171.28205115	4180.38461525	4194.61538448	4179.99999986	4179.74358961	4176.15384602	4171.02564089	4187.30769217	
4186.02564089	4176.41025628	4166.02564082	4160.51282031	4188.71794858	4186.28205115	4170.76923063	4173.71794858	4189.35897422	4165.89743569	4167.56410236	4163.84615364	4151.28205108	4183.97435884	
4184.74358961	4191.5384614	4168.3333332	4153.97435877	4189.48717935	4186.92307679	4172.30769217	4175.12820499	4183.58974345	4168.71794858	4162.82051262	4171.5384614	4142.94871774	4197.17948704	
4178.46153833	4197.69230756	4168.58974345	4171.02564089	4186.41025628	4184.61538448	4168.46153833	4175.38461525	4183.58974345	4179.74358961	4181.41025628	4187.4358973	4167.56410236	4201.02564096	
4184.87179474	4180.25641012	4171.41025628	4170.64102551	4189.35897422	4184.99999986	4167.69230749	4183.97435884	4196.79487166	4189.74358961	4206.92307686	4194.10256397	4196.79487166	4200.12820499	
4204.99999993	4163.205128	4178.97435884	4143.97435877	4193.20512807	4190.64102551	4178.58974345	4199.99999986	4209.23076917	4202.69230763	4215.64102558	4202.43589737	4199.35897422	4217.94871788	
4203.97435891	4181.5384614	4182.17948704	4149.74358954	4189.61538448	4194.10256397	4182.30769217	4202.94871788	4209.35897429	4202.43589737	4206.6666666	4212.43589737	4187.94871781	4230.25641019	
4194.61538448	4197.69230756	4181.92307679	4173.07692294	4185.89743576	4194.61538448	4177.94871781	4195.12820499	4203.33333327	4190.25641012	4198.3333332	4206.92307686	4187.17948704	4217.94871788	
4200.38461525	4183.07692294	4182.56410243	4164.87179467	4184.10256397	4192.17948704	4175.12820499	4190.76923063	4196.28205115	4189.10256397	4199.10256397	4199.35897422	4186.41025628	4210.51282045	
4205.25641019	4181.66666653	4182.4358973	4162.82051262	4185.51282038	4188.3333332	4174.87179474	4194.2307691	4198.71794858	4197.30769217	4203.97435891	4206.79487173	4182.94871781	4219.35897429	
4197.4358973	4200.12820499	4178.46153833	4177.05128192	4192.94871781	4187.56410243	4177.05128192	4200.38461525	4207.82051275	4196.92307679	4205.64102558	4206.53846147	4189.74358961	4219.99999993	
4193.84615371	4192.82051269	4176.92307679	4161.15384595	4196.5384614	4187.82051269	4177.94871781	4199.10256397	4211.15384609	4197.17948704	4205.38461532	4194.48717935	4197.30769217	4210.25641019	
4191.28205115	4171.41025628	4174.48717935	4146.53846133	4192.05128192	4186.41025628	4174.99999986	4194.87179474	4206.6666666	4200.89743576	4205.7692307	4189.35897422	4190.76923063	4204.74358968	
4186.28205115	4173.97435884	4170.12820499	4159.23076903	4188.3333332	4187.94871781	4174.2307691	4196.66666653	4198.58974345	4191.15384602	4194.99999986	4190.76923063	4176.79487166	4207.5641025	
4188.84615371	4183.07692294	4168.46153833	4161.79487159	4186.79487166	4191.5384614	4179.61538448	4193.46153833	4187.05128192	4174.10256397	4179.61538448	4182.82051269	4167.82051262	4202.05128199	
4188.97435884	4170.38461525	4162.56410236	4144.87179467	4184.2307691	4194.2307691	4185.12820499	4188.58974345	4179.87179474	4155.38461518	4164.9999998	4170.76923063	4154.23076903	4192.4358973	
4182.05128192	4160.12820492	4157.05128185	4136.02564082	4181.28205115	4192.17948704	4185.64102551	4193.20512807	4187.94871781	4153.84615364	4164.48717928	4168.71794858	4151.66666646	4193.58974345	
4176.02564089	4172.17948704	4160.12820492	4149.23076903	4176.5384614	4182.56410243	4180.89743576	4192.17948704	4194.87179474	4176.28205115	4185.64102551	4175.76923063	4171.02564089	4201.6666666	
4184.61538448	4182.17948704	4171.41025628	4167.43589723	4172.82051269	4175.51282038	4174.2307691	4184.74358961	4193.07692294	4188.84615371	4196.15384602	4193.71794858	4177.56410243	4216.6666666	
4199.61538448	4178.46153833	4181.02564089	4170.51282038	4178.46153833	4176.79487166	4171.5384614	4186.02564089	4194.74358961	4185.25641012	4191.66666653	4204.87179481	4178.46153833	4221.6666666	
4195.76923063	4178.20512807	4177.82051269	4163.84615364	4189.48717935	4180.64102551	4170.76923063	4191.5384614	4199.2307691	4189.10256397	4198.71794858	4191.5384614	4192.05128192	4206.92307686	
4185.89743576	4181.92307679	4171.66666653	4155.89743569	4192.17948704	4182.69230756	4170.76923063	4191.92307679	4199.99999986	4194.61538448	4207.43589737	4179.87179474	4196.28205115	4199.2307691	
4184.61538448	4177.56410243	4170.51282038	4145.38461518	4186.92307679	4181.41025628	4172.69230756	4189.2307691	4197.30769217	4184.74358961	4194.61538448	4187.4358973	4176.28205115	4204.74358968	
4182.94871781	4171.92307679	4169.2307691	4144.87179467	4187.05128192	4181.5384614	4174.87179474	4188.3333332	4194.99999986	4178.20512807	4181.41025628	4191.66666653	4163.33333313	4203.33333327	
4180.38461525	4173.46153833	4168.84615371	4151.79487159	4187.94871781	4181.02564089	4170.51282038	4189.48717935	4185.51282038	4178.46153833	4179.74358961	4186.41025628	4167.69230749	4198.3333332	
4184.48717935	4167.94871774	4172.05128192	4150.64102544	4180.25641012	4178.46153833	4163.97435877	4188.71794858	4174.2307691	4167.43589723	4175.38461525	4183.20512807	4162.3076921	4199.87179474	
4188.46153833	4168.71794858	4173.71794858	4152.82051262	4178.46153833	4178.46153833	4168.84615371	4185.76923063	4174.87179474	4160.76923056	4174.74358961	4182.82051269	4162.82051262	4201.28205122	
4192.4358973	4180.25641012	4174.35897422	4163.07692287	4185.89743576	4181.5384614	4178.20512807	4187.05128192	4184.2307691	4174.35897422	4183.84615371	4186.15384602	4174.87179474	4206.15384609	
4189.87179474	4180.51282038	4172.05128192	4156.66666646	4181.28205115	4179.48717935	4174.61538448	4187.30769217	4187.82051269	4185.89743576	4190.51282038	4186.02564089	4170.51282038	4208.07692301	
4181.79487166	4165.25641005	4169.87179474	4142.43589723	4173.07692294	4179.10256397	4166.92307672	4183.3333332	4184.35897422	4175.51282038	4185.25641012	4183.71794858	4163.205128	4198.97435884	
4187.30769217	4160.76923056	4175.51282038	4152.69230749	4182.4358973	4187.69230756	4169.99999986	4184.74358961	4185.25641012	4172.69230756	4184.87179474	4184.2307691	4173.58974345	4193.20512807	
4188.3333332	4166.79487159	4171.28205115	4164.61538441	4190.38461525	4188.97435884	4169.99999986	4184.48717935	4184.35897422	4174.61538448	4183.84615371	4176.92307679	4169.10256397	4192.94871781	
4179.35897422	4161.28205108	4160.38461518	4159.48717928	4187.17948704	4180.64102551	4162.69230749	4180.76923063	4184.2307691	4157.05128185	4168.58974345	4170.76923063	4149.87179467	4191.66666653	
4188.84615371	4168.84615371	4169.10256397	4162.94871774	4187.56410243	4178.97435884	4164.9999998	4186.5384614	4192.69230756	4157.17948697	4168.84615371	4180.64102551	4160.64102544	4195.76923063	
4199.61538448	4182.82051269	4179.99999986	4172.69230756	4187.56410243	4182.82051269	4171.28205115	4191.5384614	4196.02564089	4186.28205115	4191.41025628	4186.92307679	4177.30769217	4201.41025634	
4186.5384614	4171.28205115	4171.66666653	4166.02564082	4179.48717935	4181.02564089	4168.97435884	4184.35897422	4186.5384614	4192.56410243	4196.5384614	4174.48717935	4168.71794858	4191.66666653	
4177.56410243	4163.97435877	4165.64102544	4152.3076921	4176.28205115	4181.02564089	4167.43589723	4178.71794858	4178.3333332	4174.99999986	4178.97435884	4171.02564089	4161.28205108	4185.89743576	
4184.74358961	4177.69230756	4173.71794858	4151.92307672	4178.58974345	4188.84615371	4172.17948704	4183.3333332	4182.17948704	4174.74358961	4176.28205115	4182.4358973	4165.51282031	4200.38461525	
4184.35897422	4179.87179474	4176.02564089	4160.51282031	4172.30769217	4188.71794858	4173.71794858	4185.89743576	4189.35897422	4185.89743576	4189.74358961	4181.5384614	4172.69230756	4201.79487173	
4175.51282038	4164.74358954	4165.51282031	4169.10256397	4165.12820492	4182.05128192	4173.07692294	4182.4358973	4188.46153833	4183.97435884	4190.51282038	4167.3076921	4174.35897422	4184.35897422	
4167.05128185	4159.1025639	4153.71794851	4163.205128	4165.89743569	4179.87179474	4168.84615371	4178.84615371	4180.25641012	4172.30769217	4174.48717935	4159.87179467	4162.05128185	4175.89743576	
4169.48717935	4160.12820492	4156.41025621	4158.33333313	4172.05128192	4180.89743576	4164.87179467	4180.76923063	4178.46153833	4164.9999998	4167.82051262	4166.15384595	4157.3076921	4181.92307679	
4179.87179474	4166.53846133	4168.20512807	4170.51282038	4176.5384614	4179.99999986	4169.99999986	4187.94871781	4182.69230756	4173.97435884	4175.25641012	4174.2307691	4169.35897422	4187.69230756	
4179.87179474	4170.64102551	4172.30769217	4172.56410243	4173.71794858	4176.02564089	4173.3333332	4186.79487166	4181.28205115	4184.61538448	4175.76923063	4176.02564089	4168.58974345	4192.05128192	
4182.94871781	4161.15384595	4176.41025628	4169.2307691	4171.79487166	4173.71794858	4171.66666653	4184.35897422	4183.84615371	4185.89743576	4177.30769217	4180.64102551	4162.05128185	4201.02564096	
4196.41025628	4159.48717928	4182.30769217	4179.10256397	4177.82051269	4177.56410243	4173.58974345	4191.41025628	4190.76923063	4192.69230756	4191.5384614	4190.38461525	4174.61538448	4205.7692307	
4195.38461525	4177.4358973	4180.38461525	4185.89743576	4182.56410243	4183.07692294	4178.20512807	4193.3333332	4187.4358973	4192.56410243	4191.92307679	4188.84615371	4176.92307679	4200.51282038	
4183.58974345	4179.61538448	4173.97435884	4178.46153833	4176.5384614	4182.82051269	4176.5384614	4185.12820499	4182.82051269	4177.94871781	4174.35897422	4174.87179474	4158.84615364	4193.84615371	
4178.71794858	4161.02564082	4167.17948697	4174.61538448	4172.4358973	4180.76923063	4174.2307691	4182.4358973	4185.38461525	4179.74358961	4175.76923063	4171.15384602	4163.07692287	4191.66666653	
4171.28205115	4152.94871774	4158.71794851	4172.94871781	4171.41025628	4180.12820499	4178.84615371	4182.82051269	4186.15384602	4193.3333332	4193.71794858	4173.84615371	4178.07692294	4187.30769217	
4166.79487159	4158.84615364	4161.41025621	4160.25641005	4167.94871774	4178.97435884	4180.89743576	4175.12820499	4179.48717935	4181.92307679	4186.15384602	4174.61538448	4166.92307672	4185.25641012	
4173.84615371	4167.94871774	4174.2307691	4168.84615371	4171.28205115	4174.35897422	4175.38461525	4169.10256397	4174.35897422	4163.71794851	4161.15384595	4179.2307691	4151.92307672	4191.41025628	
4175.25641012	4172.4358973	4174.35897422	4193.58974345	4178.46153833	4172.17948704	4172.56410243	4174.2307691	4174.87179474	4173.07692294	4162.82051262	4178.58974345	4154.35897415	4192.4358973	
4172.4358973	4173.20512807	4169.61538448	4190.51282038	4179.48717935	4178.58974345	4176.66666653	4179.2307691	4179.48717935	4185.64102551	4176.28205115	4172.82051269	4161.53846133	4188.58974345	
4178.07692294	4174.61538448	4177.82051269	4176.28205115	4178.84615371	4182.4358973	4177.17948704	4177.82051269	4185.51282038	4181.92307679	4169.99999986	4178.97435884	4159.74358954	4193.20512807	
4183.97435884	4171.28205115	4187.4358973	4182.94871781	4181.92307679	4177.69230756	4174.35897422	4178.58974345	4187.82051269	4183.58974345	4172.69230756	4187.69230756	4152.43589723	4202.05128199	
4181.66666653	4165.76923056	4181.66666653	4188.20512807	4181.92307679	4175.89743576	4171.92307679	4176.41025628	4185.12820499	4190.89743576	4185.38461525	4182.69230756	4152.43589723	4197.4358973	
4177.05128192	4167.94871774	4174.35897422	4177.4358973	4178.84615371	4175.64102551	4167.05128185	4168.58974345	4179.48717935	4184.2307691	4174.99999986	4174.48717935	4155.64102544	4188.07692294	
4178.3333332	4168.97435884	4179.35897422	4174.99999986	4178.84615371	4174.61538448	4169.87179474	4171.28205115	4180.51282038	4178.58974345	4162.82051262	4176.66666653	4156.15384595	4194.35897422	
4175.12820499	4159.48717928	4176.92307679	4178.71794858	4175.64102551	4176.5384614	4179.87179474	4176.41025628	4183.71794858	4183.58974345	4169.99999986	4174.10256397	4154.1025639	4193.07692294	
4162.17948697	4154.23076903	4163.46153826	4166.28205108	4167.82051262	4175.38461525	4177.4358973	4164.35897415	4175.76923063	4171.02564089	4161.15384595	4159.23076903	4141.79487159	4176.15384602	
4159.1025639	4157.82051262	4164.87179467	4154.48717928	4169.10256397	4173.84615371	4170.76923063	4158.46153826	4170.25641012	4158.46153826	4145.76923056	4161.92307672	4136.15384595	4178.71794858	
4168.20512807	4164.9999998	4179.10256397	4173.71794858	4180.51282038	4178.58974345	4180.25641012	4178.58974345	4183.46153833	4182.05128192	4166.15384595	4181.79487166	4156.79487159	4194.99999986	
4168.20512807	4165.25641005	4179.2307691	4193.84615371	4181.15384602	4176.15384602	4185.64102551	4188.58974345	4192.69230756	4196.15384602	4180.64102551	4179.10256397	4162.3076921	4190.76923063	
4165.76923056	4155.76923056	4174.74358961	4183.3333332	4176.5384614	4168.58974345	4177.94871781	4176.02564089	4182.17948704	4176.5384614	4164.23076903	4163.58974339	4144.23076903	4181.02564089	
4170.76923063	4159.35897415	4177.69230756	4178.84615371	4181.5384614	4172.82051269	4176.41025628	4170.51282038	4179.10256397	4175.89743576	4168.3333332	4168.46153833	4152.94871774	4186.02564089	
4169.61538448	4172.17948704	4176.79487166	4194.2307691	4187.82051269	4176.66666653	4181.02564089	4175.89743576	4187.82051269	4192.82051269	4187.05128192	4179.2307691	4170.89743576	4192.82051269	
4168.20512807	4164.48717928	4177.05128192	4191.66666653	4188.46153833	4171.28205115	4181.02564089	4176.02564089	4183.97435884	4187.05128192	4179.74358961	4174.74358961	4157.94871774	4192.05128192	
4173.07692294	4158.97435877	4182.17948704	4181.41025628	4184.99999986	4171.41025628	4180.64102551	4172.30769217	4174.2307691	4174.48717935	4166.79487159	4170.76923063	4140.76923056	4185.76923063	
4176.5384614	4172.17948704	4182.94871781	4191.79487166	4185.51282038	4176.5384614	4185.51282038	4178.58974345	4180.76923063	4176.41025628	4171.79487166	4177.69230756	4152.56410236	4184.48717935	
4173.58974345	4174.35897422	4175.89743576	4202.94871788	4190.12820499	4177.4358973	4187.82051269	4185.89743576	4189.2307691	4177.56410243	4174.87179474	4176.41025628	4167.17948697	4188.20512807	
4167.82051262	4159.87179467	4171.79487166	4195.25641012	4185.89743576	4175.12820499	4186.28205115	4182.69230756	4185.51282038	4179.2307691	4173.97435884	4161.15384595	4156.28205108	4184.74358961	
4168.3333332	4156.92307672	4177.17948704	4187.05128192	4176.15384602	4174.10256397	4187.17948704	4182.30769217	4185.25641012	4183.97435884	4170.76923063	4162.43589723	4143.58974339	4187.05128192	
4173.3333332	4166.28205108	4181.79487166	4192.4358973	4179.48717935	4172.4358973	4188.58974345	4187.56410243	4187.82051269	4184.35897422	4165.64102544	4179.99999986	4156.41025621	4199.35897422	
4181.41025628	4163.46153826	4183.46153833	4193.46153833	4185.76923063	4168.20512807	4185.64102551	4189.35897422	4187.82051269	4187.94871781	4174.74358961	4181.02564089	4176.92307679	4200.51282038	
4189.87179474	4151.53846133	4187.05128192	4189.2307691	4179.2307691	4168.3333332	4184.87179474	4192.82051269	4193.3333332	4189.10256397	4185.12820499	4171.41025628	4175.89743576	4195.51282038	
4189.35897422	4155.38461518	4188.07692294	4196.15384602	4178.3333332	4171.41025628	4186.66666653	4197.82051269	4198.58974345	4184.87179474	4178.58974345	4170.38461525	4168.71794858	4196.41025628	
4181.92307679	4169.74358961	4186.02564089	4199.99999986	4185.89743576	4172.30769217	4183.71794858	4192.94871781	4193.07692294	4185.89743576	4175.51282038	4172.94871781	4168.20512807	4197.94871781	
4179.61538448	4166.79487159	4186.5384614	4191.66666653	4186.28205115	4173.58974345	4183.71794858	4185.76923063	4186.28205115	4190.89743576	4186.92307679	4177.30769217	4166.15384595	4202.05128199	
4184.87179474	4149.23076903	4186.28205115	4188.84615371	4185.76923063	4178.46153833	4186.5384614	4186.28205115	4187.05128192	4184.87179474	4185.89743576	4181.92307679	4164.48717928	4207.5641025	
4191.92307679	4155.38461518	4187.56410243	4190.76923063	4189.10256397	4180.64102551	4184.48717935	4185.12820499	4184.99999986	4174.2307691	4171.02564089	4182.82051269	4166.53846133	4206.79487173	
4193.20512807	4176.66666653	4188.3333332	4192.30769217	4188.84615371	4178.71794858	4185.76923063	4181.66666653	4179.87179474	4175.12820499	4167.94871774	4181.92307679	4168.97435884	4207.30769224	
4184.61538448	4174.2307691	4181.15384602	4198.07692294	4185.25641012	4178.07692294	4189.87179474	4181.66666653	4179.74358961	4180.76923063	4171.79487166	4180.89743576	4166.28205108	4209.35897429	
4175.51282038	4160.64102544	4174.48717935	4197.4358973	4182.94871781	4177.05128192	4187.4358973	4183.20512807	4182.82051269	4179.99999986	4172.69230756	4174.61538448	4163.33333313	4196.79487166	
4176.5384614	4161.15384595	4175.89743576	4189.2307691	4186.02564089	4173.58974345	4184.99999986	4181.15384602	4184.35897422	4178.58974345	4177.69230756	4169.10256397	4164.48717928	4181.66666653	
4179.99999986	4168.3333332	4176.92307679	4191.41025628	4196.41025628	4173.07692294	4188.46153833	4181.41025628	4184.74358961	4186.79487166	4182.4358973	4172.69230756	4166.79487159	4186.15384602	
4182.17948704	4169.48717935	4177.56410243	4198.46153833	4200.12820499	4179.99999986	4194.61538448	4188.3333332	4187.05128192	4188.84615371	4174.87179474	4177.94871781	4163.205128	4198.20512807	
4187.4358973	4166.15384595	4181.66666653	4194.35897422	4185.64102551	4184.10256397	4198.84615371	4190.89743576	4188.58974345	4176.92307679	4172.56410243	4177.30769217	4155.38461518	4199.10256397	
4193.20512807	4158.71794851	4184.74358961	4182.82051269	4176.66666653	4179.99999986	4197.56410243	4185.25641012	4189.10256397	4176.66666653	4183.07692294	4178.97435884	4163.205128	4200.25641012	
4193.58974345	4156.15384595	4184.48717935	4184.87179474	4184.48717935	4179.61538448	4194.2307691	4182.4358973	4188.71794858	4188.58974345	4182.69230756	4185.51282038	4180.51282038	4205.25641019	
4183.84615371	4171.5384614	4176.66666653	4200.64102551	4194.2307691	4185.64102551	4192.82051269	4181.15384602	4183.58974345	4194.35897422	4181.15384602	4182.94871781	4183.84615371	4195.51282038	
4177.4358973	4184.74358961	4172.69230756	4203.84615378	4195.25641012	4186.15384602	4189.48717935	4176.79487166	4178.20512807	4189.74358961	4188.3333332	4176.28205115	4176.5384614	4184.99999986	
4187.4358973	4179.35897422	4181.79487166	4196.79487166	4191.02564089	4181.02564089	4187.05128192	4174.10256397	4175.76923063	4179.10256397	4179.87179474	4182.17948704	4164.48717928	4196.41025628	
4194.35897422	4170.89743576	4186.41025628	4199.10256397	4192.05128192	4180.38461525	4187.69230756	4172.56410243	4176.92307679	4175.64102551	4169.61538448	4185.25641012	4158.58974339	4203.84615378	
4189.48717935	4183.3333332	4188.3333332	4201.02564096	4195.51282038	4187.05128192	4189.48717935	4177.4358973	4183.20512807	4180.12820499	4179.99999986	4178.71794858	4164.35897415	4193.07692294	
4194.61538448	4182.82051269	4201.15384609	4196.66666653	4197.82051269	4193.07692294	4193.46153833	4187.94871781	4188.97435884	4181.79487166	4184.99999986	4181.15384602	4170.76923063	4192.05128192	
4211.15384609	4157.43589723	4207.5641025	4196.02564089	4199.99999986	4189.99999986	4196.66666653	4191.5384614	4192.30769217	4188.20512807	4183.07692294	4195.51282038	4178.84615371	4205.89743583	
4203.71794865	4168.71794858	4197.82051269	4201.41025634	4195.25641012	4183.97435884	4193.46153833	4191.66666653	4194.99999986	4198.07692294	4190.76923063	4196.28205115	4183.71794858	4209.35897429	
4174.35897422	4195.89743576	4187.94871781	4203.4615384	4180.38461525	4181.66666653	4187.69230756	4186.79487166	4190.25641012	4187.4358973	4182.30769217	4175.89743576	4167.43589723	4194.10256397	
4160.38461518	4185.38461525	4182.05128192	4187.82051269	4177.05128192	4186.41025628	4188.58974345	4176.41025628	4179.2307691	4163.46153826	4159.74358954	4156.41025621	4150.12820492	4173.84615371	
4175.76923063	4164.35897415	4190.64102551	4169.35897422	4189.2307691	4195.38461525	4196.15384602	4177.69230756	4178.84615371	4154.9999998	4153.07692287	4161.53846133	4151.53846133	4175.64102551	
4199.61538448	4161.15384595	4210.25641019	4171.28205115	4190.12820499	4194.74358961	4197.69230756	4188.3333332	4185.64102551	4167.17948697	4160.38461518	4186.02564089	4157.82051262	4202.17948711	
4197.17948704	4167.3076921	4205.64102558	4183.84615371	4184.87179474	4183.84615371	4188.20512807	4183.97435884	4183.07692294	4177.17948704	4172.69230756	4190.76923063	4165.38461518	4209.99999993	
4175.64102551	4186.41025628	4189.61538448	4195.64102551	4186.92307679	4177.94871781	4179.61538448	4170.51282038	4174.87179474	4166.28205108	4178.58974345	4173.07692294	4166.15384595	4189.87179474	
4175.12820499	4204.35897429	4195.89743576	4205.25641019	4188.97435884	4181.41025628	4182.30769217	4168.71794858	4174.48717935	4162.05128185	4174.87179474	4170.25641012	4158.33333313	4186.92307679	
4193.97435884	4196.79487166	4209.74358968	4189.10256397	4190.38461525	4187.4358973	4189.2307691	4180.51282038	4186.66666653	4188.71794858	4184.10256397	4188.3333332	4172.30769217	4202.94871788	
4197.69230756	4191.15384602	4210.51282045	4168.71794858	4193.84615371	4192.94871781	4192.56410243	4193.84615371	4198.46153833	4202.30769224	4196.15384602	4197.56410243	4191.79487166	4206.79487173	
4187.17948704	4190.89743576	4202.05128199	4177.05128192	4191.41025628	4191.15384602	4192.56410243	4195.25641012	4196.15384602	4187.56410243	4186.02564089	4188.71794858	4180.38461525	4199.99999986	
4191.92307679	4183.20512807	4199.2307691	4180.38461525	4188.58974345	4188.84615371	4196.41025628	4193.3333332	4196.92307679	4185.76923063	4180.64102551	4179.61538448	4164.87179467	4196.92307679	
4199.74358961	4175.51282038	4203.97435891	4171.02564089	4189.10256397	4193.07692294	4201.53846147	4197.17948704	4204.48717942	4187.17948704	4184.74358961	4179.87179474	4166.92307672	4195.64102551	
4189.2307691	4188.58974345	4205.89743583	4177.69230756	4187.17948704	4193.3333332	4197.82051269	4196.66666653	4201.02564096	4176.5384614	4180.64102551	4188.58974345	4173.58974345	4199.10256397	
4181.41025628	4208.4615384	4204.61538455	4184.74358961	4186.92307679	4191.41025628	4191.41025628	4191.02564089	4196.79487166	4182.82051269	4186.66666653	4194.74358961	4184.35897422	4198.07692294	
4190.76923063	4202.17948711	4204.48717942	4176.66666653	4193.46153833	4194.61538448	4194.61538448	4194.61538448	4204.35897429	4200.25641012	4198.97435884	4198.07692294	4191.66666653	4195.38461525	
4199.10256397	4200.51282038	4205.12820506	4165.12820492	4198.07692294	4198.97435884	4201.02564096	4201.6666666	4205.89743583	4200.25641012	4196.15384602	4192.17948704	4182.69230756	4199.48717935	
4195.38461525	4206.02564096	4203.71794865	4162.69230749	4192.30769217	4196.41025628	4198.71794858	4194.10256397	4193.84615371	4182.56410243	4182.17948704	4179.48717935	4167.82051262	4198.3333332	
4187.56410243	4185.38461525	4196.92307679	4170.38461525	4187.30769217	4190.51282038	4192.4358973	4181.28205115	4188.71794858	4169.99999986	4172.17948704	4182.30769217	4164.48717928	4194.74358961	
4181.02564089	4173.58974345	4188.46153833	4172.94871781	4186.79487166	4187.17948704	4187.4358973	4182.4358973	4193.07692294	4177.05128192	4173.84615371	4193.07692294	4175.38461525	4196.15384602	
4183.07692294	4201.53846147	4192.05128192	4167.69230749	4184.99999986	4190.12820499	4185.51282038	4191.28205115	4193.46153833	4184.48717935	4180.89743576	4190.76923063	4181.28205115	4196.28205115	
4196.5384614	4210.7692307	4201.6666666	4176.79487166	4186.66666653	4196.28205115	4192.69230756	4196.5384614	4192.4358973	4183.46153833	4184.10256397	4187.4358973	4178.71794858	4198.07692294	
4209.87179481	4190.64102551	4208.33333327	4183.3333332	4192.69230756	4197.56410243	4202.69230763	4200.76923063	4200.64102551	4189.61538448	4190.64102551	4196.15384602	4182.82051269	4206.15384609	
4210.89743583	4198.20512807	4213.20512814	4165.25641005	4189.48717935	4195.64102551	4203.71794865	4200.51282038	4206.6666666	4193.71794858	4193.84615371	4202.30769224	4183.97435884	4209.10256404	
4198.71794858	4216.02564096	4208.58974352	4167.05128185	4179.2307691	4193.84615371	4200.38461525	4196.79487166	4202.5641025	4183.07692294	4185.76923063	4200.64102551	4179.87179474	4205.12820506	
4196.02564089	4198.07692294	4201.6666666	4183.71794858	4180.64102551	4194.48717935	4202.43589737	4200.25641012	4202.05128199	4183.97435884	4184.61538448	4196.5384614	4181.79487166	4205.51282045	
4207.5641025	4184.2307691	4204.74358968	4182.94871781	4188.84615371	4199.61538448	4204.87179481	4209.48717942	4212.17948711	4205.12820506	4196.5384614	4195.51282038	4193.20512807	4206.6666666	
4206.41025634	4202.5641025	4206.92307686	4178.07692294	4188.97435884	4204.48717942	4203.97435891	4210.38461532	4217.05128199	4209.87179481	4199.87179474	4197.94871781	4197.82051269	4206.53846147	
4196.28205115	4202.69230763	4202.5641025	4166.53846133	4181.5384614	4203.4615384	4201.15384609	4196.28205115	4209.10256404	4192.94871781	4190.76923063	4191.5384614	4183.58974345	4202.5641025	
4195.64102551	4188.97435884	4198.97435884	4159.9999998	4181.79487166	4200.25641012	4197.94871781	4185.12820499	4203.07692301	4189.99999986	4182.56410243	4186.66666653	4174.10256397	4198.3333332	
4193.20512807	4206.6666666	4198.84615371	4170.89743576	4185.76923063	4196.5384614	4193.58974345	4181.92307679	4195.51282038	4194.35897422	4178.58974345	4185.89743576	4175.38461525	4193.71794858	
4192.94871781	4213.58974352	4205.12820506	4182.94871781	4185.89743576	4194.99999986	4192.69230756	4180.38461525	4185.12820499	4182.56410243	4179.2307691	4187.17948704	4178.3333332	4191.15384602	
4211.79487173	4190.76923063	4216.41025634	4189.35897422	4190.12820499	4197.94871781	4203.20512814	4188.46153833	4190.89743576	4182.30769217	4183.58974345	4200.25641012	4185.76923063	4206.02564096	
4225.12820506	4202.43589737	4223.20512814	4201.53846147	4193.20512807	4199.61538448	4212.5641025	4206.6666666	4209.99999993	4209.23076917	4194.99999986	4211.6666666	4196.92307679	4223.71794865	
4214.87179481	4225.38461532	4219.61538455	4198.58974345	4185.38461525	4195.89743576	4207.30769224	4213.20512814	4216.41025634	4224.61538455	4211.41025634	4207.17948711	4198.3333332	4219.99999993	
4205.25641019	4212.69230763	4212.94871788	4174.74358961	4177.4358973	4193.07692294	4201.02564096	4204.99999993	4208.97435891	4217.69230763	4212.30769224	4199.74358961	4195.89743576	4206.41025634	
4202.94871788	4198.97435884	4208.58974352	4170.89743576	4183.20512807	4196.79487166	4204.48717942	4203.58974352	4209.61538455	4207.82051275	4193.46153833	4201.28205122	4198.46153833	4204.10256404	
4194.35897422	4205.7692307	4201.6666666	4184.35897422	4189.99999986	4199.74358961	4203.58974352	4203.07692301	4209.61538455	4196.5384614	4182.05128192	4198.97435884	4192.69230756	4202.94871788	
4195.25641012	4203.97435891	4203.58974352	4184.35897422	4184.87179474	4198.07692294	4196.28205115	4195.89743576	4204.74358968	4195.64102551	4194.61538448	4194.48717935	4192.05128192	4198.07692294	
4207.5641025	4188.3333332	4209.74358968	4177.05128192	4177.82051269	4196.41025628	4194.74358961	4189.74358961	4202.69230763	4205.89743583	4200.25641012	4198.71794858	4195.12820499	4203.71794865	
4202.69230763	4194.48717935	4205.12820506	4181.79487166	4181.5384614	4197.69230756	4196.02564089	4185.38461525	4200.38461525	4199.99999986	4187.17948704	4199.87179474	4187.05128192	4203.20512814	
4193.97435884	4213.84615378	4202.5641025	4189.35897422	4187.69230756	4197.17948704	4193.97435884	4184.35897422	4194.10256397	4187.56410243	4181.02564089	4192.17948704	4177.94871781	4192.69230756	
4201.15384609	4212.5641025	4206.6666666	4185.38461525	4185.64102551	4192.05128192	4195.25641012	4191.66666653	4192.56410243	4191.5384614	4184.10256397	4189.48717935	4176.66666653	4197.4358973	
4200.76923063	4193.84615371	4200.76923063	4179.2307691	4182.69230756	4187.56410243	4197.69230756	4199.35897422	4201.53846147	4201.79487173	4188.46153833	4188.71794858	4184.74358961	4199.2307691	
4192.94871781	4202.94871788	4196.92307679	4187.69230756	4181.5384614	4186.92307679	4198.07692294	4198.97435884	4210.12820506	4207.43589737	4197.69230756	4187.30769217	4197.56410243	4190.51282038	
4201.28205122	4223.58974352	4210.7692307	4200.89743576	4181.79487166	4192.17948704	4201.41025634	4198.58974345	4213.84615378	4208.33333327	4203.4615384	4198.71794858	4202.94871788	4202.30769224	
4216.28205122	4209.48717942	4222.05128199	4193.84615371	4187.69230756	4196.5384614	4208.4615384	4202.69230763	4212.43589737	4202.5641025	4197.56410243	4214.10256404	4196.02564089	4219.61538455	
4217.17948711	4203.33333327	4220.38461532	4189.35897422	4195.12820499	4198.58974345	4212.43589737	4207.69230763	4211.53846147	4200.25641012	4193.3333332	4216.79487173	4190.76923063	4217.30769224	
4203.71794865	4217.94871788	4212.17948711	4199.87179474	4190.38461525	4201.6666666	4208.58974352	4204.23076917	4212.69230763	4207.43589737	4197.56410243	4208.4615384	4195.89743576	4206.15384609	
4194.74358961	4214.48717942	4207.69230763	4196.66666653	4186.28205115	4204.61538455	4205.12820506	4197.30769217	4214.61538455	4217.05128199	4208.71794865	4202.5641025	4199.87179474	4201.41025634	
4197.56410243	4194.2307691	4209.87179481	4181.28205115	4188.84615371	4201.6666666	4203.84615378	4193.58974345	4213.33333327	4212.43589737	4205.12820506	4201.02564096	4185.64102551	4202.69230763	
4196.02564089	4193.71794858	4208.07692301	4180.76923063	4187.4358973	4196.41025628	4198.46153833	4188.20512807	4203.84615378	4199.99999986	4187.69230756	4199.2307691	4177.4358973	4199.99999986	
4186.79487166	4212.82051275	4201.41025634	4189.35897422	4194.2307691	4199.48717935	4195.51282038	4186.66666653	4201.79487173	4202.30769224	4192.69230756	4201.41025634	4195.25641012	4194.35897422	
4184.87179474	4212.69230763	4200.76923063	4197.82051269	4203.33333327	4202.17948711	4201.41025634	4188.58974345	4203.33333327	4198.46153833	4198.46153833	4201.41025634	4193.71794858	4194.10256397	
4189.99999986	4198.46153833	4208.58974352	4200.51282038	4196.15384602	4198.20512807	4209.10256404	4187.17948704	4201.02564096	4181.79487166	4181.5384614	4195.89743576	4175.76923063	4197.17948704	
4193.84615371	4203.84615378	4218.71794865	4191.92307679	4188.84615371	4196.5384614	4208.07692301	4189.87179474	4205.7692307	4188.84615371	4182.17948704	4192.56410243	4183.58974345	4195.64102551	
4196.15384602	4219.61538455	4222.69230763	4193.3333332	4192.4358973	4199.35897422	4205.51282045	4201.15384609	4219.10256404	4211.02564096	4200.89743576	4199.99999986	4197.30769217	4201.41025634	
4196.92307679	4211.92307686	4216.6666666	4202.94871788	4192.82051269	4201.41025634	4208.4615384	4212.69230763	4229.48717942	4214.99999993	4206.41025634	4206.41025634	4199.35897422	4208.20512814	
4199.61538448	4210.38461532	4215.64102558	4207.82051275	4193.84615371	4204.23076917	4213.84615378	4219.61538455	4231.41025634	4214.35897429	4209.87179481	4208.97435891	4202.94871788	4209.48717942	
4203.4615384	4217.94871788	4220.25641019	4206.41025634	4202.69230763	4206.41025634	4216.41025634	4217.82051275	4227.30769224	4217.30769224	4210.64102558	4212.94871788	4202.05128199	4217.05128199	
4204.23076917	4190.12820499	4214.35897429	4194.74358961	4202.82051275	4204.99999993	4214.10256404	4206.15384609	4220.64102558	4208.97435891	4196.79487166	4206.79487173	4197.69230756	4213.97435891	
4201.28205122	4186.28205115	4209.48717942	4188.97435884	4197.56410243	4202.94871788	4210.51282045	4200.64102551	4221.92307686	4207.05128199	4200.51282038	4199.61538448	4205.51282045	4204.48717942	
4196.15384602	4227.82051275	4215.64102558	4205.89743583	4203.07692301	4203.33333327	4209.48717942	4205.7692307	4224.74358968	4217.30769224	4213.58974352	4207.69230763	4209.99999993	4213.97435891	
4196.02564089	4235.8974359	4219.10256404	4219.74358968	4206.79487173	4204.23076917	4208.97435891	4208.97435891	4220.89743583	4221.28205122	4207.30769224	4219.35897429	4208.33333327	4225.64102558	
4200.51282038	4211.15384609	4214.99999993	4202.82051275	4196.79487166	4199.2307691	4203.20512814	4205.25641019	4222.30769224	4213.71794865	4200.38461525	4208.4615384	4205.89743583	4211.79487173	
4198.71794858	4200.76923063	4211.53846147	4186.15384602	4191.92307679	4191.92307679	4196.41025628	4199.48717935	4230.7692307	4199.74358961	4199.10256397	4193.3333332	4196.79487166	4198.20512807	
4195.25641012	4200.76923063	4211.02564096	4197.4358973	4199.10256397	4192.56410243	4198.20512807	4199.74358961	4240.0	4200.51282038	4198.46153833	4205.25641019	4195.51282038	4213.84615378	
4203.4615384	4207.94871788	4214.87179481	4210.38461532	4203.20512814	4197.4358973	4205.51282045	4208.58974352	4245.76923077	4215.64102558	4206.15384609	4217.69230763	4203.97435891	4227.30769224	
4211.15384609	4218.07692301	4217.30769224	4200.12820499	4204.23076917	4199.48717935	4209.23076917	4217.82051275	4248.07692308	4216.41025634	4210.51282045	4210.38461532	4204.61538455	4219.48717942	
4204.87179481	4216.53846147	4210.51282045	4196.5384614	4208.58974352	4201.02564096	4209.99999993	4219.87179481	4248.71794872	4205.64102558	4203.33333327	4203.71794865	4201.28205122	4211.92307686	
4196.02564089	4219.61538455	4206.02564096	4209.48717942	4206.41025634	4203.71794865	4210.12820506	4215.89743583	4247.43589744	4207.17948711	4200.76923063	4205.64102558	4206.92307686	4210.38461532	
4194.35897422	4221.02564096	4209.99999993	4207.05128199	4199.48717935	4202.82051275	4207.17948711	4209.48717942	4242.6923077	4211.6666666	4204.61538455	4205.12820506	4209.48717942	4208.20512814	
4198.07692294	4209.61538455	4214.74358968	4200.76923063	4200.25641012	4203.07692301	4205.7692307	4208.71794865	4238.07692308	4210.38461532	4206.6666666	4205.38461532	4206.6666666	4209.35897429	
