4219.74358968	4237.30769231	4202.17948711	4216.79487173	4188.84615371	4202.43589737	4173.46153833	4206.53846147	4190.12820499	4223.97435891	4202.43589737	4207.05128199	4198.58974345	4223.71794865	
4216.79487173	4227.94871788	4195.12820499	4206.02564096	4176.79487166	4193.71794858	4165.64102544	4205.51282045	4186.28205115	4218.20512814	4189.2307691	4207.43589737	4193.97435884	4218.97435891	
4194.87179474	4213.71794865	4159.87179467	4183.46153833	4155.76923056	4160.12820492	4130.7692305	4183.71794858	4163.97435877	4197.4358973	4175.12820499	4184.35897422	4181.66666653	4196.79487166	
4203.4615384	4220.38461532	4178.07692294	4197.30769217	4168.3333332	4178.07692294	4145.51282031	4194.61538448	4181.15384602	4212.05128199	4194.99999986	4195.64102551	4201.53846147	4211.15384609	
4206.53846147	4223.84615378	4180.25641012	4201.53846147	4172.30769217	4178.46153833	4150.76923056	4202.30769224	4191.02564089	4221.41025634	4195.64102551	4203.84615378	4195.89743576	4221.41025634	
4205.7692307	4218.4615384	4171.41025628	4192.94871781	4163.58974339	4170.38461525	4142.05128185	4201.02564096	4186.28205115	4217.30769224	4185.89743576	4201.6666666	4183.46153833	4217.30769224	
4200.51282038	4212.5641025	4166.28205108	4188.20512807	4158.07692287	4165.12820492	4134.10256383	4194.99999986	4174.35897422	4206.28205122	4184.2307691	4195.64102551	4190.38461525	4205.25641019	
4189.61538448	4211.6666666	4159.1025639	4186.5384614	4155.51282031	4157.05128185	4127.82051255	4186.41025628	4167.43589723	4198.97435884	4184.35897422	4187.82051269	4193.58974345	4198.20512807	
4182.56410243	4212.94871788	4153.205128	4184.10256397	4154.1025639	4152.05128185	4122.43589716	4182.17948704	4167.69230749	4197.94871781	4181.15384602	4181.5384614	4183.20512807	4198.46153833	
4187.4358973	4214.61538455	4155.25641005	4184.74358961	4155.38461518	4155.38461518	4126.28205101	4187.4358973	4169.48717935	4200.89743576	4182.4358973	4185.25641012	4181.5384614	4200.12820499	
4194.35897422	4214.23076917	4159.61538441	4186.41025628	4155.89743569	4161.41025621	4134.23076896	4189.74358961	4170.25641012	4202.82051275	4183.97435884	4189.35897422	4186.5384614	4200.89743576	
4197.4358973	4214.87179481	4167.82051262	4192.17948704	4162.69230749	4167.43589723	4138.84615364	4188.3333332	4172.05128192	4202.5641025	4183.71794858	4189.2307691	4186.79487166	4201.53846147	
4199.2307691	4218.4615384	4171.15384602	4201.02564096	4172.56410243	4169.61538448	4139.48717928	4187.17948704	4173.97435884	4203.07692301	4185.25641012	4188.07692294	4186.66666653	4201.79487173	
4202.30769224	4219.23076917	4168.58974345	4202.05128199	4173.46153833	4169.48717935	4139.87179467	4184.61538448	4172.94871781	4203.71794865	4185.12820499	4186.92307679	4186.28205115	4203.07692301	
4202.69230763	4217.17948711	4169.99999986	4200.64102551	4169.99999986	4169.74358961	4140.64102544	4186.28205115	4172.05128192	4203.71794865	4185.89743576	4189.2307691	4185.38461525	4204.87179481	
4194.61538448	4214.23076917	4164.23076903	4201.79487173	4170.12820499	4162.69230749	4135.76923056	4187.05128192	4169.61538448	4200.76923063	4187.17948704	4187.17948704	4186.5384614	4200.76923063	
4189.87179474	4214.99999993	4160.38461518	4201.15384609	4171.41025628	4159.23076903	4134.23076896	4180.25641012	4164.9999998	4197.69230756	4183.58974345	4178.71794858	4186.41025628	4195.12820499	
4196.02564089	4216.53846147	4168.07692287	4200.38461525	4170.12820499	4168.46153833	4138.33333313	4175.38461525	4164.87179467	4197.82051269	4181.41025628	4178.58974345	4182.94871781	4196.5384614	
4200.89743576	4216.28205122	4167.05128185	4203.4615384	4170.89743576	4168.84615371	4137.05128185	4182.17948704	4169.87179474	4200.76923063	4186.02564089	4187.05128192	4187.4358973	4201.6666666	
4198.07692294	4216.53846147	4159.87179467	4202.82051275	4174.74358961	4159.35897415	4131.02564075	4188.71794858	4171.5384614	4201.28205122	4188.3333332	4189.87179474	4194.10256397	4203.33333327	
4197.30769217	4216.6666666	4163.07692287	4203.84615378	4176.66666653	4159.61538441	4129.99999973	4186.5384614	4169.99999986	4200.25641012	4186.66666653	4187.17948704	4189.61538448	4204.35897429	
4199.74358961	4217.5641025	4170.76923063	4207.82051275	4172.82051269	4169.10256397	4137.69230749	4183.71794858	4169.48717935	4201.15384609	4186.41025628	4185.25641012	4185.38461525	4203.33333327	
4199.35897422	4219.61538455	4173.97435884	4205.7692307	4169.99999986	4176.5384614	4145.38461518	4184.99999986	4170.12820499	4203.20512814	4185.25641012	4185.76923063	4191.41025628	4201.53846147	
4206.41025634	4220.64102558	4182.17948704	4206.15384609	4176.28205115	4182.69230756	4152.82051262	4193.3333332	4175.89743576	4208.07692301	4187.4358973	4193.97435884	4197.69230756	4207.43589737	
4216.15384609	4223.4615384	4192.30769217	4214.87179481	4184.35897422	4189.10256397	4162.17948697	4201.28205122	4185.25641012	4216.15384609	4193.97435884	4203.58974352	4199.2307691	4217.94871788	
4216.53846147	4228.97435891	4197.30769217	4218.84615378	4185.12820499	4196.02564089	4167.94871774	4203.58974352	4189.61538448	4220.89743583	4201.02564096	4205.25641019	4203.33333327	4220.7692307	
4211.6666666	4224.74358968	4202.17948711	4213.58974352	4183.58974345	4202.82051275	4173.20512807	4204.48717942	4189.10256397	4219.87179481	4202.94871788	4204.99999993	4205.64102558	4217.30769224	
4210.64102558	4217.5641025	4208.58974352	4211.53846147	4181.41025628	4205.64102558	4180.89743576	4205.64102558	4187.82051269	4218.33333327	4199.87179474	4206.79487173	4202.5641025	4216.92307686	
4212.5641025	4222.5641025	4213.07692301	4212.05128199	4175.51282038	4207.69230763	4183.07692294	4202.82051275	4187.82051269	4218.20512814	4197.17948704	4203.20512814	4200.76923063	4218.4615384	
4214.99999993	4226.79487173	4215.38461532	4209.48717942	4174.87179474	4214.61538455	4184.2307691	4196.28205115	4187.30769217	4217.43589737	4198.46153833	4198.20512807	4206.41025634	4216.53846147	
4216.92307686	4224.74358968	4218.97435891	4211.53846147	4183.3333332	4219.23076917	4191.66666653	4196.41025628	4189.61538448	4218.97435891	4201.02564096	4200.38461525	4208.58974352	4219.10256404	
4216.02564096	4226.6666666	4218.84615378	4216.02564096	4186.5384614	4217.43589737	4194.87179474	4199.35897422	4189.74358961	4220.12820506	4201.02564096	4201.92307686	4199.35897422	4226.02564096	
4215.25641019	4231.92307686	4217.43589737	4215.89743583	4184.2307691	4217.30769224	4191.92307679	4199.74358961	4186.28205115	4218.58974352	4198.97435884	4198.97435884	4201.92307686	4225.25641019	
4220.64102558	4233.07692301	4224.35897429	4215.89743583	4185.51282038	4224.23076917	4196.79487166	4207.30769224	4192.05128192	4222.69230763	4201.28205122	4206.41025634	4218.84615378	4224.23076917	
4229.61538455	4232.94871788	4231.53846147	4222.5641025	4187.69230756	4231.02564096	4203.33333327	4212.30769224	4202.30769224	4233.84615385	4209.87179481	4213.4615384	4221.79487173	4233.07692301	
4233.07692301	4239.10256411	4230.7692307	4228.20512814	4190.64102551	4231.41025634	4201.79487173	4205.12820506	4202.43589737	4235.38461539	4217.17948711	4207.05128199	4215.12820506	4238.58974359	
4233.97435898	4245.25641026	4233.07692301	4228.58974352	4196.79487166	4233.4615384	4203.71794865	4206.28205122	4206.15384609	4234.61538462	4219.23076917	4208.33333327	4225.64102558	4241.15384616	
4234.74358975	4242.05128206	4237.94871795	4229.48717942	4199.87179474	4236.7948718	4210.12820506	4217.69230763	4213.20512814	4242.30769231	4220.12820506	4219.10256404	4235.12820513	4244.10256411	
4231.41025634	4238.58974359	4233.20512814	4230.7692307	4198.46153833	4233.20512814	4206.02564096	4217.30769224	4206.79487173	4242.6923077	4219.99999993	4218.71794865	4226.53846147	4238.58974359	
4230.38461532	4242.6923077	4228.33333327	4230.89743583	4198.84615371	4229.23076917	4198.3333332	4211.92307686	4202.30769224	4235.76923077	4217.5641025	4212.94871788	4220.7692307	4234.10256411	
4230.38461532	4240.12820513	4230.51282045	4229.48717942	4199.2307691	4227.69230763	4200.12820499	4208.20512814	4207.30769224	4233.58974352	4215.25641019	4208.84615378	4222.82051275	4236.92307693	
4222.05128199	4231.41025634	4226.02564096	4223.4615384	4193.84615371	4221.92307686	4199.10256397	4199.35897422	4199.99999986	4231.6666666	4212.17948711	4201.28205122	4216.92307686	4230.7692307	
4215.51282045	4230.51282045	4216.53846147	4218.07692301	4186.28205115	4216.02564096	4188.58974345	4197.56410243	4188.71794858	4228.07692301	4207.30769224	4200.25641012	4213.20512814	4221.79487173	
4218.33333327	4231.6666666	4214.35897429	4218.33333327	4185.25641012	4214.10256404	4182.69230756	4201.15384609	4187.05128192	4224.23076917	4205.12820506	4201.53846147	4214.61538455	4219.74358968	
4219.23076917	4232.82051275	4212.69230763	4220.12820506	4192.56410243	4213.07692301	4184.99999986	4199.74358961	4185.89743576	4218.07692301	4201.41025634	4197.82051269	4205.51282045	4217.30769224	
4218.4615384	4236.02564103	4211.79487173	4220.89743583	4194.2307691	4214.10256404	4186.79487166	4198.84615371	4186.66666653	4218.58974352	4198.3333332	4199.2307691	4201.15384609	4219.99999993	
4221.02564096	4235.0	4214.74358968	4219.99999993	4187.4358973	4216.53846147	4183.58974345	4200.38461525	4191.66666653	4224.87179481	4206.02564096	4201.6666666	4207.43589737	4226.02564096	
4218.20512814	4232.17948711	4206.28205122	4217.69230763	4185.64102551	4205.64102558	4174.99999986	4201.92307686	4189.87179474	4222.17948711	4217.05128199	4200.76923063	4209.61538455	4222.05128199	
4208.84615378	4231.02564096	4190.51282038	4212.05128199	4184.87179474	4189.48717935	4163.84615364	4200.38461525	4183.3333332	4214.87179481	4212.30769224	4199.48717935	4207.69230763	4214.87179481	
4206.15384609	4229.99999993	4190.64102551	4213.58974352	4182.30769217	4192.05128192	4161.02564082	4197.94871781	4183.20512807	4213.4615384	4207.05128199	4199.74358961	4211.41025634	4214.87179481	
4214.35897429	4234.10256411	4203.33333327	4223.71794865	4189.10256397	4204.35897429	4173.84615371	4200.12820499	4186.5384614	4216.79487173	4212.30769224	4203.4615384	4213.84615378	4218.07692301	
4220.38461532	4238.84615385	4208.07692301	4226.15384609	4193.97435884	4205.7692307	4183.20512807	4203.4615384	4186.02564089	4217.94871788	4208.84615378	4205.25641019	4206.92307686	4217.43589737	
4213.58974352	4234.48717949	4199.61538448	4217.30769224	4185.51282038	4199.61538448	4172.30769217	4194.74358961	4181.02564089	4214.48717942	4197.94871781	4194.48717935	4199.35897422	4214.87179481	
4207.30769224	4229.35897429	4188.84615371	4212.82051275	4181.79487166	4191.79487166	4156.41025621	4187.4358973	4176.02564089	4208.20512814	4196.02564089	4186.02564089	4196.79487166	4210.7692307	
4207.17948711	4232.43589737	4186.79487166	4215.38461532	4185.51282038	4185.38461525	4155.64102544	4190.12820499	4171.28205115	4202.69230763	4199.10256397	4189.99999986	4199.99999986	4204.61538455	
4206.28205122	4233.07692301	4192.4358973	4213.71794865	4182.4358973	4189.87179474	4162.94871774	4189.35897422	4168.71794858	4203.84615378	4198.97435884	4189.35897422	4201.15384609	4201.6666666	
4209.35897429	4229.35897429	4198.07692294	4212.94871788	4180.64102551	4199.61538448	4167.94871774	4192.82051269	4176.28205115	4211.92307686	4201.02564096	4194.10256397	4201.6666666	4209.74358968	
4216.15384609	4232.82051275	4202.30769224	4216.28205122	4185.51282038	4201.53846147	4171.15384602	4202.5641025	4187.69230756	4220.12820506	4210.38461532	4206.02564096	4210.12820506	4220.12820506	
4217.17948711	4238.33333334	4204.61538455	4216.92307686	4187.4358973	4201.15384609	4173.3333332	4205.7692307	4191.41025628	4221.6666666	4219.10256404	4210.12820506	4218.58974352	4220.64102558	
4215.12820506	4236.28205129	4204.48717942	4217.17948711	4187.4358973	4203.33333327	4173.07692294	4206.79487173	4189.10256397	4219.10256404	4219.87179481	4209.74358968	4218.97435891	4219.61538455	
4215.89743583	4231.6666666	4202.82051275	4219.61538455	4188.71794858	4203.33333327	4172.56410243	4208.20512814	4188.20512807	4218.4615384	4216.53846147	4207.5641025	4214.35897429	4221.28205122	
4214.23076917	4235.12820513	4202.17948711	4219.35897429	4187.17948704	4200.64102551	4172.30769217	4204.23076917	4186.15384602	4219.23076917	4218.33333327	4203.58974352	4215.51282045	4219.48717942	
4213.07692301	4240.51282052	4201.53846147	4217.30769224	4186.79487166	4199.87179474	4171.79487166	4200.64102551	4183.84615371	4217.05128199	4218.97435891	4203.07692301	4218.97435891	4215.89743583	
4216.53846147	4240.51282052	4202.05128199	4222.30769224	4192.17948704	4205.12820506	4175.64102551	4203.71794865	4187.82051269	4215.64102558	4215.64102558	4205.12820506	4215.64102558	4217.5641025	
4218.4615384	4241.41025641	4209.61538455	4230.12820506	4198.58974345	4213.07692301	4183.20512807	4208.71794865	4196.92307679	4223.84615378	4220.64102558	4207.43589737	4216.41025634	4225.89743583	
4219.35897429	4240.25641026	4220.12820506	4228.71794865	4198.97435884	4219.10256404	4187.30769217	4217.30769224	4204.48717942	4234.23076923	4229.10256404	4216.79487173	4225.89743583	4233.4615384	
4219.23076917	4235.0	4216.6666666	4217.82051275	4188.58974345	4214.74358968	4186.15384602	4218.58974352	4202.17948711	4233.84615385	4223.84615378	4220.51282045	4227.43589737	4231.53846147	
4214.23076917	4230.64102558	4204.99999993	4212.94871788	4181.79487166	4205.89743583	4181.02564089	4210.51282045	4195.12820499	4229.10256404	4213.33333327	4210.64102558	4214.74358968	4226.79487173	
4213.4615384	4235.8974359	4208.33333327	4223.4615384	4193.07692294	4207.30769224	4179.61538448	4211.53846147	4197.4358973	4230.89743583	4218.97435891	4212.05128199	4212.94871788	4229.87179481	
4225.25641019	4243.33333334	4221.53846147	4233.71794865	4204.35897429	4219.23076917	4192.05128192	4224.99999993	4207.82051275	4236.53846154	4232.94871788	4229.61538455	4228.33333327	4236.66666667	
4231.92307686	4239.48717949	4223.4615384	4231.53846147	4200.64102551	4226.92307686	4201.6666666	4230.38461532	4209.10256404	4237.43589744	4231.02564096	4233.33333327	4228.84615378	4237.43589744	
4228.33333327	4237.43589744	4217.17948711	4228.33333327	4196.66666653	4222.30769224	4192.69230756	4222.05128199	4200.89743576	4232.94871788	4218.58974352	4221.41025634	4214.10256404	4232.17948711	
4228.84615378	4241.28205129	4211.53846147	4228.58974352	4198.46153833	4209.48717942	4182.05128192	4217.69230763	4202.43589737	4231.15384609	4215.51282045	4219.48717942	4214.74358968	4232.69230763	
4231.02564096	4242.56410257	4208.71794865	4226.41025634	4198.71794858	4206.02564096	4181.79487166	4219.61538455	4209.74358968	4235.64102564	4222.82051275	4223.4615384	4229.10256404	4238.20512821	
4227.69230763	4240.8974359	4209.61538455	4226.28205122	4200.38461525	4213.97435891	4185.64102551	4216.92307686	4206.02564096	4236.28205129	4227.82051275	4217.82051275	4233.71794865	4238.33333334	
4227.05128199	4237.94871795	4207.17948711	4227.94871788	4200.12820499	4210.89743583	4181.66666653	4216.53846147	4201.15384609	4233.07692301	4230.51282045	4216.92307686	4231.6666666	4233.20512814	
4229.35897429	4234.10256411	4200.12820499	4227.05128199	4196.41025628	4198.46153833	4172.82051269	4219.74358968	4207.69230763	4237.56410257	4228.58974352	4221.02564096	4232.82051275	4233.84615385	
4229.99999993	4239.23076923	4204.23076917	4227.69230763	4197.05128192	4201.28205122	4174.48717935	4217.43589737	4214.74358968	4246.41025641	4221.53846147	4217.5641025	4230.38461532	4243.20512821	
4233.4615384	4247.94871795	4213.33333327	4230.64102558	4200.51282038	4213.20512814	4184.48717935	4214.99999993	4217.43589737	4249.23076923	4226.15384609	4216.28205122	4230.25641019	4250.38461539	
4235.51282052	4247.6923077	4215.25641019	4234.61538462	4203.4615384	4216.6666666	4188.46153833	4218.20512814	4219.61538455	4248.33333334	4236.53846154	4220.51282045	4235.25641026	4249.35897436	
4235.25641026	4247.6923077	4214.87179481	4232.94871788	4203.20512814	4213.71794865	4184.2307691	4217.17948711	4214.61538455	4244.87179488	4227.05128199	4218.20512814	4232.05128199	4244.23076923	
4230.38461532	4243.58974359	4204.23076917	4222.05128199	4194.61538448	4201.53846147	4174.99999986	4206.15384609	4196.66666653	4229.23076917	4203.71794865	4206.41025634	4212.5641025	4231.41025634	
4216.92307686	4229.87179481	4186.28205115	4210.89743583	4181.5384614	4186.79487166	4163.205128	4193.3333332	4180.38461525	4212.17948711	4193.3333332	4193.58974345	4199.48717935	4214.10256404	
4212.30769224	4227.30769224	4186.66666653	4212.69230763	4180.51282038	4188.84615371	4162.05128185	4195.64102551	4184.87179474	4215.89743583	4199.61538448	4195.89743576	4206.79487173	4214.10256404	
4227.43589737	4239.35897436	4202.05128199	4224.87179481	4193.46153833	4202.30769224	4175.12820499	4209.23076917	4201.41025634	4233.07692301	4211.53846147	4208.20512814	4217.94871788	4232.69230763	
4236.53846154	4246.15384616	4211.41025634	4232.05128199	4203.84615378	4211.02564096	4184.48717935	4216.53846147	4210.89743583	4243.46153847	4223.4615384	4217.17948711	4224.87179481	4243.33333334	
4233.4615384	4248.07692308	4215.64102558	4233.58974352	4206.02564096	4214.99999993	4186.02564089	4221.79487173	4211.02564096	4243.07692308	4231.92307686	4225.25641019	4230.89743583	4241.92307693	
4237.56410257	4256.66666667	4219.48717942	4239.48717949	4209.74358968	4219.99999993	4190.89743576	4231.6666666	4211.6666666	4243.07692308	4232.05128199	4234.10256411	4235.12820513	4242.82051282	
4245.8974359	4259.23076923	4220.64102558	4246.66666667	4216.28205122	4220.12820506	4198.3333332	4235.64102564	4215.25641019	4245.64102564	4231.02564096	4236.15384616	4233.07692301	4245.51282052	
4246.02564103	4250.8974359	4220.7692307	4248.33333334	4220.64102558	4217.94871788	4196.41025628	4234.10256411	4218.84615378	4247.43589744	4240.0	4233.97435898	4234.87179488	4247.05128206	
4238.97435898	4248.33333334	4219.35897429	4248.71794872	4220.38461532	4219.99999993	4187.82051269	4232.69230763	4220.7692307	4249.35897436	4244.74358975	4233.84615385	4241.53846154	4250.0	
4232.5641025	4249.74358975	4212.30769224	4243.46153847	4212.5641025	4214.61538455	4183.97435884	4226.79487173	4217.43589737	4247.43589744	4235.25641026	4229.74358968	4238.58974359	4249.10256411	
4230.64102558	4245.38461539	4207.30769224	4234.35897436	4206.92307686	4204.74358968	4182.4358973	4223.84615378	4214.48717942	4242.82051282	4227.17948711	4226.28205122	4230.25641019	4243.46153847	
4232.17948711	4246.15384616	4209.87179481	4237.30769231	4213.58974352	4207.17948711	4182.69230756	4227.82051275	4215.38461532	4244.48717949	4231.41025634	4228.20512814	4232.43589737	4243.97435898	
4232.69230763	4249.61538462	4213.84615378	4244.61538462	4217.5641025	4216.28205122	4184.87179474	4227.69230763	4210.7692307	4245.38461539	4240.51282052	4228.84615378	4237.43589744	4246.53846154	
4232.5641025	4246.66666667	4213.33333327	4244.23076923	4214.23076917	4215.12820506	4185.12820499	4226.6666666	4205.51282045	4238.33333334	4244.74358975	4228.33333327	4234.61538462	4238.20512821	
4233.33333327	4248.20512821	4213.4615384	4245.51282052	4216.15384609	4212.05128199	4185.12820499	4229.23076917	4207.43589737	4236.92307693	4243.33333334	4229.10256404	4238.20512821	4234.10256411	
4232.17948711	4252.43589744	4213.71794865	4249.61538462	4221.02564096	4212.43589737	4184.35897422	4232.05128199	4210.38461532	4244.23076923	4242.94871795	4231.41025634	4243.58974359	4241.7948718	
4231.92307686	4250.64102564	4213.33333327	4248.84615385	4219.87179481	4213.4615384	4185.12820499	4229.87179481	4209.99999993	4243.58974359	4242.82051282	4231.92307686	4236.53846154	4243.97435898	
4233.20512814	4246.41025641	4215.64102558	4246.41025641	4216.6666666	4216.28205122	4186.79487166	4226.6666666	4210.38461532	4240.76923077	4236.53846154	4230.51282045	4230.7692307	4240.8974359	
4232.30769224	4246.28205129	4213.4615384	4243.84615385	4214.61538455	4214.10256404	4183.20512807	4228.4615384	4211.79487173	4244.10256411	4232.05128199	4229.99999993	4232.05128199	4243.33333334	
4233.97435898	4248.84615385	4212.05128199	4243.07692308	4215.25641019	4212.94871788	4183.71794858	4234.87179488	4213.84615378	4245.51282052	4235.12820513	4233.07692301	4236.66666667	4245.8974359	
4241.92307693	4250.12820513	4223.07692301	4247.94871795	4217.94871788	4222.5641025	4193.84615371	4236.41025641	4215.51282045	4244.87179488	4236.28205129	4237.05128206	4242.56410257	4245.25641026	
4245.12820513	4250.0	4232.5641025	4249.74358975	4219.23076917	4230.89743583	4202.5641025	4232.5641025	4215.64102558	4246.53846154	4235.51282052	4237.05128206	4246.41025641	4246.41025641	
4239.74358975	4247.6923077	4230.51282045	4245.25641026	4217.30769224	4230.38461532	4204.35897429	4233.71794865	4220.12820506	4248.84615385	4234.61538462	4237.82051282	4244.61538462	4247.94871795	
4238.71794872	4245.76923077	4234.10256411	4243.07692308	4213.84615378	4234.48717949	4212.43589737	4241.53846154	4228.07692301	4253.33333334	4236.53846154	4242.43589744	4243.84615385	4252.82051282	
4244.61538462	4248.97435898	4250.25641026	4247.56410257	4219.23076917	4249.74358975	4225.7692307	4246.92307693	4231.41025634	4260.64102564	4244.35897436	4247.17948718	4248.07692308	4260.0	
4247.17948718	4251.02564103	4262.05128206	4250.76923077	4227.94871788	4263.20512821	4235.64102564	4247.6923077	4233.07692301	4264.48717949	4249.23076923	4248.46153847	4252.94871795	4262.6923077	
4247.43589744	4250.64102564	4265.76923077	4250.12820513	4228.84615378	4265.25641026	4244.10256411	4251.28205129	4234.23076923	4262.05128206	4246.15384616	4249.74358975	4252.30769231	4260.76923077	
4250.51282052	4252.94871795	4268.46153853	4251.53846154	4227.69230763	4265.8974359	4246.92307693	4254.74358975	4234.35897436	4264.48717949	4245.64102564	4253.46153847	4252.30769231	4264.61538462	
4249.87179488	4250.76923077	4266.79487187	4251.41025641	4224.35897429	4268.07692315	4242.43589744	4251.28205129	4231.53846147	4263.71794872	4247.43589744	4253.07692308	4250.38461539	4262.6923077	
4243.97435898	4247.05128206	4263.33333334	4246.02564103	4217.69230763	4264.74358975	4242.56410257	4244.87179488	4226.02564096	4251.28205129	4243.97435898	4245.76923077	4239.48717949	4250.12820513	
4245.12820513	4254.23076923	4270.38461546	4250.76923077	4222.05128199	4268.97435905	4249.87179488	4247.94871795	4227.30769224	4249.61538462	4241.7948718	4247.6923077	4237.94871795	4251.92307693	
4252.56410257	4257.30769231	4278.20512828	4259.48717949	4230.7692307	4278.84615392	4251.28205129	4253.46153847	4233.71794865	4262.43589744	4245.0	4254.61538462	4247.43589744	4264.61538462	
4251.15384616	4249.10256411	4273.07692315	4255.12820513	4229.35897429	4273.58974366	4246.66666667	4251.92307693	4233.58974352	4266.79487187	4248.97435898	4253.33333334	4249.61538462	4264.74358975	
4246.02564103	4247.56410257	4265.8974359	4247.30769231	4226.15384609	4263.46153847	4246.41025641	4254.23076923	4233.20512814	4263.97435898	4251.02564103	4254.48717949	4249.61538462	4261.7948718	
4245.8974359	4250.51282052	4264.48717949	4246.7948718	4219.99999993	4263.58974359	4242.82051282	4256.02564103	4234.74358975	4264.35897436	4248.58974359	4255.76923077	4252.56410257	4265.76923077	
4245.64102564	4248.07692308	4262.56410257	4247.43589744	4215.38461532	4264.48717949	4234.61538462	4250.0	4232.94871788	4263.84615385	4246.53846154	4250.64102564	4248.33333334	4264.61538462	
4245.0	4247.43589744	4261.02564103	4247.30769231	4222.94871788	4261.41025641	4232.05128199	4246.92307693	4232.17948711	4263.20512821	4249.35897436	4250.12820513	4247.82051282	4261.92307693	
4245.64102564	4248.71794872	4261.02564103	4248.97435898	4224.61538455	4259.74358975	4234.23076923	4252.56410257	4233.33333327	4265.76923077	4251.28205129	4254.10256411	4261.02564103	4266.28205129	
4245.64102564	4248.58974359	4260.64102564	4248.97435898	4217.69230763	4260.12820513	4232.43589737	4251.15384616	4232.5641025	4264.10256411	4250.0	4249.74358975	4263.20512821	4265.0	
4243.84615385	4249.61538462	4260.51282052	4250.0	4220.89743583	4257.94871795	4230.12820506	4244.35897436	4228.97435891	4256.41025641	4249.35897436	4245.0	4251.28205129	4256.41025641	
4239.87179488	4248.71794872	4256.28205129	4253.84615385	4226.02564096	4250.76923077	4230.25641019	4244.23076923	4220.12820506	4248.84615385	4247.6923077	4246.28205129	4242.94871795	4247.82051282	
4239.48717949	4247.94871795	4253.46153847	4257.43589744	4227.43589737	4250.51282052	4229.87179481	4245.38461539	4213.71794865	4245.25641026	4245.64102564	4246.02564103	4243.46153847	4245.64102564	
4245.76923077	4252.05128206	4260.12820513	4262.43589744	4233.20512814	4261.53846154	4233.58974352	4247.56410257	4221.6666666	4248.97435898	4243.97435898	4250.0	4245.12820513	4251.41025641	
4250.25641026	4253.58974359	4264.35897436	4262.56410257	4233.07692301	4265.8974359	4235.76923077	4252.6923077	4230.89743583	4255.8974359	4245.12820513	4255.8974359	4244.61538462	4257.05128206	
4254.35897436	4249.35897436	4261.28205129	4258.84615385	4228.20512814	4261.02564103	4234.87179488	4260.64102564	4230.64102558	4261.28205129	4256.92307693	4261.02564103	4245.0	4259.74358975	
4262.56410257	4251.15384616	4264.23076923	4261.02564103	4232.94871788	4262.56410257	4239.23076923	4270.38461546	4232.82051275	4263.97435898	4267.82051289	4270.76923084	4249.23076923	4263.71794872	
4261.41025641	4255.51282052	4266.923077	4264.61538462	4235.38461539	4265.8974359	4241.7948718	4274.87179495	4236.53846154	4265.25641026	4265.0	4276.41025648	4255.25641026	4266.28205129	
4250.12820513	4250.51282052	4255.0	4256.15384616	4224.61538455	4256.41025641	4228.4615384	4269.35897443	4233.84615385	4264.10256411	4256.66666667	4270.76923084	4254.23076923	4262.56410257	
4245.51282052	4245.8974359	4243.71794872	4244.74358975	4214.48717942	4244.10256411	4216.28205122	4260.76923077	4231.15384609	4261.7948718	4253.71794872	4262.43589744	4249.87179488	4259.61538462	
4246.92307693	4243.46153847	4244.10256411	4243.71794872	4214.99999993	4244.35897436	4216.6666666	4255.25641026	4230.89743583	4261.02564103	4250.38461539	4254.23076923	4250.38461539	4261.41025641	
4245.38461539	4236.92307693	4244.48717949	4244.23076923	4216.02564096	4247.56410257	4215.64102558	4251.28205129	4229.87179481	4260.64102564	4244.35897436	4249.48717949	4248.33333334	4261.53846154	
4243.71794872	4236.7948718	4245.12820513	4244.74358975	4215.12820506	4246.41025641	4218.4615384	4258.07692308	4236.15384616	4265.8974359	4251.28205129	4261.66666667	4247.43589744	4264.48717949	
4249.87179488	4245.64102564	4254.74358975	4248.07692308	4221.28205122	4251.7948718	4229.99999993	4273.84615392	4248.84615385	4278.33333341	4266.79487187	4278.07692315	4259.61538462	4274.87179495	
4262.43589744	4248.33333334	4264.23076923	4250.64102564	4227.17948711	4262.6923077	4235.8974359	4281.79487187	4255.12820513	4284.61538469	4271.53846161	4280.38461546	4269.48717956	4283.07692315	
4264.74358975	4240.25641026	4262.6923077	4249.87179488	4221.6666666	4263.46153847	4234.61538462	4275.00000007	4249.48717949	4278.07692315	4261.41025641	4273.71794879	4258.97435898	4277.17948725	
4252.94871795	4233.71794865	4253.58974359	4242.56410257	4211.6666666	4252.94871795	4230.12820506	4266.41025641	4237.43589744	4266.41025641	4249.61538462	4267.43589751	4245.38461539	4264.61538462	
4244.10256411	4232.30769224	4247.05128206	4236.28205129	4211.02564096	4245.76923077	4224.87179481	4266.15384616	4228.97435891	4260.8974359	4245.64102564	4267.05128212	4244.87179488	4259.87179488	
4246.41025641	4231.53846147	4252.82051282	4240.76923077	4214.87179481	4251.7948718	4225.89743583	4268.58974366	4230.7692307	4263.58974359	4247.56410257	4271.53846161	4245.8974359	4261.15384616	
4250.76923077	4232.69230763	4263.33333334	4248.20512821	4217.05128199	4262.05128206	4233.97435898	4270.00000007	4236.15384616	4266.79487187	4248.84615385	4272.43589751	4243.07692308	4263.46153847	
4250.51282052	4239.35897436	4264.48717949	4249.10256411	4221.28205122	4264.35897436	4235.8974359	4269.10256418	4234.23076923	4265.64102564	4248.46153847	4268.20512828	4245.25641026	4264.87179488	
4249.87179488	4245.8974359	4261.02564103	4249.10256411	4222.82051275	4258.46153847	4234.23076923	4265.0	4232.82051275	4265.0	4253.07692308	4266.66666674	4250.8974359	4265.51282052	
4251.41025641	4241.92307693	4258.46153847	4249.48717949	4217.82051275	4251.66666667	4230.51282045	4264.10256411	4238.20512821	4266.41025641	4254.87179488	4265.76923077	4252.05128206	4266.15384616	
4249.87179488	4235.12820513	4251.28205129	4247.30769231	4216.02564096	4247.43589744	4221.02564096	4261.66666667	4238.58974359	4266.79487187	4248.20512821	4260.64102564	4249.23076923	4266.02564103	
4245.38461539	4235.0	4242.30769231	4243.33333334	4216.92307686	4242.56410257	4212.69230763	4254.61538462	4231.6666666	4263.58974359	4245.12820513	4256.7948718	4248.58974359	4263.07692308	
4244.48717949	4234.74358975	4240.25641026	4234.35897436	4210.25641019	4238.97435898	4211.6666666	4252.82051282	4229.35897429	4260.64102564	4247.56410257	4255.76923077	4249.23076923	4260.12820513	
4247.30769231	4231.02564096	4244.87179488	4231.6666666	4206.28205122	4242.94871795	4215.89743583	4255.51282052	4233.33333327	4263.84615385	4248.97435898	4253.97435898	4249.10256411	4263.33333334	
4251.15384616	4235.51282052	4246.02564103	4240.0	4212.82051275	4246.66666667	4219.35897429	4255.76923077	4233.58974352	4265.25641026	4246.15384616	4253.58974359	4247.17948718	4265.38461539	
4257.82051282	4241.66666667	4244.23076923	4246.92307693	4217.94871788	4245.25641026	4217.17948711	4258.58974359	4234.23076923	4263.07692308	4243.20512821	4258.46153847	4246.92307693	4264.74358975	
4262.30769231	4235.25641026	4245.8974359	4245.64102564	4214.99999993	4246.7948718	4217.5641025	4264.10256411	4243.97435898	4270.51282059	4245.38461539	4265.0	4252.82051282	4272.05128212	
4262.17948718	4231.53846147	4249.10256411	4242.6923077	4212.69230763	4250.64102564	4224.48717942	4273.71794879	4257.82051282	4286.15384623	4255.76923077	4274.48717956	4262.17948718	4285.89743597	
4260.25641026	4238.46153847	4249.23076923	4247.82051282	4218.58974352	4250.12820513	4226.53846147	4286.53846161	4265.38461539	4292.56410264	4267.82051289	4284.35897443	4268.20512828	4292.56410264	
4253.20512821	4238.58974359	4242.94871795	4248.84615385	4218.71794865	4243.71794872	4216.6666666	4279.2307693	4255.8974359	4282.43589751	4266.41025641	4278.20512828	4264.61538462	4283.58974366	
4239.23076923	4227.30769224	4226.92307686	4235.0	4205.25641019	4225.89743583	4199.35897422	4250.8974359	4229.99999993	4262.17948718	4249.10256411	4255.8974359	4249.61538462	4261.53846154	
4229.87179481	4219.74358968	4210.89743583	4224.10256404	4196.15384602	4210.51282045	4184.10256397	4233.84615385	4211.15384609	4245.0	4236.53846154	4237.56410257	4236.28205129	4243.20512821	
4228.58974352	4222.43589737	4211.28205122	4227.5641025	4198.46153833	4213.97435891	4182.17948704	4232.69230763	4208.58974352	4238.71794872	4236.53846154	4230.64102558	4237.94871795	4239.35897436	
4228.07692301	4223.58974352	4211.6666666	4227.5641025	4197.56410243	4213.33333327	4183.07692294	4231.53846147	4204.61538455	4235.25641026	4233.33333327	4229.87179481	4243.71794872	4235.51282052	
4225.89743583	4217.82051275	4201.53846147	4222.94871788	4196.02564089	4200.51282038	4173.20512807	4230.38461532	4202.17948711	4232.17948711	4231.28205122	4230.38461532	4240.51282052	4230.25641019	
4223.84615378	4215.38461532	4197.4358973	4224.35897429	4196.79487166	4196.79487166	4166.15384595	4233.33333327	4210.25641019	4236.66666667	4239.61538462	4232.30769224	4238.84615385	4238.33333334	
4221.15384609	4216.53846147	4196.5384614	4222.82051275	4192.30769217	4199.48717935	4166.66666646	4228.20512814	4211.15384609	4239.74358975	4234.87179488	4228.07692301	4238.46153847	4242.94871795	
4213.58974352	4211.15384609	4189.87179474	4214.35897429	4184.35897422	4192.82051269	4163.07692287	4218.20512814	4200.12820499	4231.02564096	4216.02564096	4219.99999993	4224.35897429	4230.7692307	
4215.64102558	4208.07692301	4194.61538448	4211.92307686	4182.94871781	4194.35897422	4167.3076921	4231.28205122	4204.61538455	4232.43589737	4218.97435891	4230.64102558	4219.61538455	4231.41025634	
4241.02564103	4219.87179481	4220.7692307	4226.15384609	4197.4358973	4218.97435891	4193.46153833	4259.48717949	4230.7692307	4258.84615385	4243.46153847	4259.23076923	4241.7948718	4257.56410257	
4265.64102564	4234.87179488	4242.17948718	4248.33333334	4219.74358968	4240.25641026	4217.05128199	4270.76923084	4250.25641026	4280.25641033	4253.84615385	4275.38461546	4254.87179488	4276.28205136	
4262.94871795	4234.10256411	4240.0	4252.17948718	4222.17948711	4237.05128206	4214.23076917	4265.12820513	4245.64102564	4271.923077	4250.76923077	4268.20512828	4247.30769231	4270.1282052	
4246.28205129	4221.79487173	4224.61538455	4233.07692301	4203.4615384	4222.69230763	4197.30769217	4254.87179488	4227.69230763	4254.10256411	4247.56410257	4251.7948718	4243.33333334	4256.41025641	
4230.51282045	4211.53846147	4205.51282045	4216.92307686	4188.20512807	4205.7692307	4177.17948704	4236.66666667	4209.61538455	4240.64102564	4232.94871788	4233.71794865	4236.28205129	4241.53846154	
4214.61538455	4207.17948711	4187.17948704	4213.58974352	4183.84615371	4185.25641012	4156.41025621	4217.69230763	4189.99999986	4223.07692301	4213.58974352	4218.33333327	4217.43589737	4221.28205122	
4210.12820506	4205.64102558	4179.48717935	4212.30769224	4182.30769217	4176.92307679	4146.41025621	4210.38461532	4177.94871781	4210.38461532	4208.71794865	4211.6666666	4209.23076917	4209.87179481	
4214.35897429	4204.99999993	4181.41025628	4211.79487173	4182.82051269	4182.05128192	4151.15384595	4210.7692307	4180.25641012	4211.6666666	4212.82051275	4210.12820506	4215.51282045	4211.41025634	
4216.41025634	4206.79487173	4184.10256397	4218.33333327	4189.99999986	4185.76923063	4157.05128185	4211.92307686	4184.74358961	4216.15384609	4212.5641025	4212.30769224	4217.5641025	4216.02564096	
4222.94871788	4214.48717942	4191.02564089	4227.69230763	4199.2307691	4192.05128192	4163.205128	4216.79487173	4190.76923063	4221.15384609	4214.35897429	4219.35897429	4217.05128199	4222.05128199	
4232.94871788	4226.15384609	4202.30769224	4232.17948711	4202.94871788	4202.30769224	4176.15384602	4229.61538455	4206.28205122	4234.74358975	4225.7692307	4230.89743583	4225.51282045	4233.97435898	
4236.15384616	4230.51282045	4209.74358968	4234.23076923	4205.25641019	4210.7692307	4186.66666653	4245.0	4217.17948711	4246.7948718	4235.0	4243.46153847	4236.02564103	4244.23076923	
4235.12820513	4222.82051275	4213.58974352	4234.74358975	4206.79487173	4211.6666666	4186.5384614	4245.38461539	4211.6666666	4242.30769231	4230.64102558	4245.25641026	4230.7692307	4242.17948718	
4235.0	4216.28205122	4212.05128199	4233.58974352	4204.87179481	4208.97435891	4182.30769217	4235.38461539	4201.79487173	4231.92307686	4217.69230763	4237.56410257	4215.64102558	4233.07692301	
4234.61538462	4221.15384609	4207.17948711	4233.58974352	4204.10256404	4209.10256404	4184.61538448	4235.64102564	4198.84615371	4230.51282045	4213.97435891	4234.74358975	4211.6666666	4229.35897429	
4233.84615385	4226.79487173	4205.12820506	4232.94871788	4203.71794865	4207.82051275	4183.46153833	4238.97435898	4197.4358973	4230.64102558	4217.69230763	4237.94871795	4213.4615384	4227.94871788	
4234.10256411	4219.87179481	4204.87179481	4230.89743583	4201.28205122	4202.69230763	4173.3333332	4228.33333327	4189.10256397	4221.28205122	4212.69230763	4231.28205122	4204.23076917	4219.23076917	
4229.35897429	4213.07692301	4199.48717935	4229.87179481	4198.07692294	4196.02564089	4166.53846133	4217.30769224	4181.15384602	4212.94871788	4202.94871788	4220.51282045	4196.79487166	4212.94871788	
4220.38461532	4213.33333327	4191.5384614	4224.87179481	4193.46153833	4189.35897422	4164.9999998	4217.94871788	4181.5384614	4213.58974352	4201.79487173	4216.92307686	4205.12820506	4215.12820506	
4214.61538455	4213.07692301	4190.76923063	4221.79487173	4194.74358961	4188.58974345	4163.58974339	4216.28205122	4184.35897422	4214.87179481	4209.99999993	4215.51282045	4215.51282045	4215.25641019	
4215.12820506	4211.28205122	4197.56410243	4229.74358968	4202.69230763	4198.3333332	4167.56410236	4213.07692301	4184.10256397	4215.25641019	4213.4615384	4214.74358968	4215.38461532	4214.10256404	
4217.43589737	4213.58974352	4206.92307686	4233.58974352	4204.10256404	4207.17948711	4178.71794858	4214.87179481	4184.87179474	4216.28205122	4207.94871788	4214.61538455	4214.10256404	4215.7692307	
4218.84615378	4215.64102558	4215.12820506	4230.25641019	4199.87179474	4213.33333327	4187.94871781	4215.64102558	4186.66666653	4217.17948711	4202.17948711	4215.25641019	4217.30769224	4218.20512814	
4217.94871788	4214.48717942	4218.20512814	4231.79487173	4202.43589737	4219.61538455	4189.10256397	4215.64102558	4187.94871781	4218.20512814	4202.82051275	4216.79487173	4216.53846147	4218.97435891	
4211.92307686	4208.84615378	4214.48717942	4225.64102558	4199.2307691	4215.12820506	4185.25641012	4215.38461532	4185.12820499	4216.79487173	4202.69230763	4216.02564096	4210.51282045	4215.64102558	
4210.25641019	4204.10256404	4214.35897429	4214.99999993	4188.58974345	4212.94871788	4188.97435884	4213.97435891	4180.89743576	4214.74358968	4199.74358961	4213.58974352	4209.99999993	4212.43589737	
4216.41025634	4207.82051275	4223.4615384	4223.4615384	4191.02564089	4224.87179481	4200.64102551	4220.64102558	4190.51282038	4220.7692307	4204.35897429	4220.7692307	4215.12820506	4219.61538455	
4219.48717942	4210.89743583	4230.38461532	4230.25641019	4200.38461525	4232.05128199	4207.17948711	4230.12820506	4199.48717935	4229.23076917	4212.82051275	4230.64102558	4215.7692307	4228.84615378	
4219.35897429	4211.41025634	4232.5641025	4222.94871788	4199.48717935	4231.02564096	4206.41025634	4227.05128199	4193.07692294	4228.84615378	4214.87179481	4226.28205122	4213.84615378	4228.20512814	
4221.15384609	4213.84615378	4230.51282045	4224.87179481	4195.38461525	4231.02564096	4205.38461532	4224.74358968	4191.92307679	4228.4615384	4212.30769224	4221.79487173	4214.23076917	4227.69230763	
4221.6666666	4212.82051275	4230.7692307	4232.17948711	4200.12820499	4234.61538462	4208.4615384	4229.23076917	4200.12820499	4232.30769224	4216.02564096	4228.4615384	4217.94871788	4231.41025634	
4219.23076917	4211.15384609	4238.46153847	4231.28205122	4204.23076917	4240.25641026	4213.71794865	4232.69230763	4202.43589737	4234.10256411	4225.25641019	4238.20512821	4226.92307686	4233.71794865	
4221.79487173	4215.12820506	4245.8974359	4232.43589737	4204.48717942	4246.53846154	4217.17948711	4234.74358975	4205.89743583	4237.82051282	4229.35897429	4238.84615385	4233.58974352	4238.33333334	
4230.12820506	4221.41025634	4246.7948718	4237.6923077	4208.84615378	4248.46153847	4217.82051275	4236.53846154	4214.99999993	4244.35897436	4225.51282045	4236.53846154	4234.48717949	4245.25641026	
4234.74358975	4224.23076917	4248.58974359	4236.7948718	4209.99999993	4248.07692308	4218.97435891	4237.6923077	4214.35897429	4243.84615385	4220.7692307	4239.87179488	4229.23076917	4243.97435898	
4230.38461532	4220.7692307	4246.02564103	4232.30769224	4203.71794865	4243.58974359	4215.7692307	4236.53846154	4205.51282045	4236.28205129	4219.23076917	4239.48717949	4220.7692307	4235.0	
4226.28205122	4214.87179481	4236.53846154	4229.35897429	4198.46153833	4235.12820513	4211.15384609	4235.0	4201.02564096	4231.79487173	4218.4615384	4235.38461539	4220.51282045	4231.28205122	
4230.38461532	4218.4615384	4237.17948718	4229.10256404	4200.12820499	4236.53846154	4214.61538455	4237.30769231	4202.43589737	4232.69230763	4222.43589737	4237.82051282	4229.48717942	4233.58974352	
4231.79487173	4225.25641019	4245.76923077	4233.58974352	4206.6666666	4245.8974359	4216.92307686	4240.8974359	4203.4615384	4234.61538462	4228.4615384	4242.30769231	4233.33333327	4232.94871788	
4229.23076917	4224.10256404	4246.7948718	4239.74358975	4213.97435891	4247.6923077	4215.7692307	4241.02564103	4204.87179481	4238.20512821	4233.58974352	4243.07692308	4232.30769224	4235.12820513	
4237.43589744	4229.35897429	4248.07692308	4246.7948718	4217.05128199	4248.33333334	4225.7692307	4247.43589744	4216.28205122	4247.6923077	4241.41025641	4250.0	4237.56410257	4247.56410257	
4243.58974359	4235.25641026	4253.58974359	4247.43589744	4216.79487173	4253.46153847	4233.97435898	4252.30769231	4222.43589737	4250.0	4241.92307693	4253.71794872	4236.7948718	4251.53846154	
4235.51282052	4225.38461532	4247.17948718	4238.20512821	4213.71794865	4249.10256411	4218.33333327	4242.6923077	4210.64102558	4237.94871795	4229.35897429	4244.48717949	4228.07692301	4238.84615385	
4226.92307686	4217.30769224	4231.02564096	4233.07692301	4206.53846147	4232.94871788	4202.30769224	4231.53846147	4195.64102551	4226.79487173	4219.23076917	4232.43589737	4223.20512814	4226.92307686	
4221.92307686	4219.35897429	4220.25641019	4234.74358975	4202.05128199	4219.35897429	4199.48717935	4220.64102558	4188.97435884	4221.79487173	4216.02564096	4222.17948711	4214.74358968	4220.25641019	
4217.43589737	4218.07692301	4217.43589737	4231.79487173	4201.79487173	4216.02564096	4191.92307679	4212.69230763	4185.38461525	4215.89743583	4211.02564096	4215.89743583	4206.02564096	4214.87179481	
4220.51282045	4217.30769224	4217.17948711	4227.94871788	4198.71794858	4218.97435891	4184.74358961	4215.51282045	4183.46153833	4214.61538455	4208.71794865	4216.92307686	4210.12820506	4215.12820506	
4229.10256404	4222.05128199	4217.82051275	4229.99999993	4197.94871781	4219.35897429	4191.41025628	4218.84615378	4190.38461525	4223.07692301	4213.20512814	4220.51282045	4217.69230763	4222.5641025	
4231.6666666	4221.53846147	4221.92307686	4229.48717942	4199.2307691	4217.17948711	4197.82051269	4217.82051275	4199.48717935	4230.89743583	4215.89743583	4220.7692307	4217.82051275	4228.97435891	
4233.4615384	4221.79487173	4227.05128199	4228.4615384	4199.74358961	4220.89743583	4197.82051269	4222.05128199	4200.76923063	4232.43589737	4216.53846147	4222.94871788	4222.05128199	4231.28205122	
4236.92307693	4229.74358968	4231.53846147	4235.38461539	4209.61538455	4229.87179481	4201.41025634	4232.17948711	4205.38461532	4238.20512821	4224.23076917	4231.28205122	4232.69230763	4237.6923077	
4236.41025641	4228.33333327	4228.84615378	4238.84615385	4214.74358968	4230.38461532	4203.20512814	4235.12820513	4215.89743583	4248.46153847	4234.10256411	4235.64102564	4238.07692308	4246.7948718	
4232.5641025	4221.79487173	4225.7692307	4233.20512814	4204.48717942	4227.30769224	4198.97435884	4234.87179488	4218.07692301	4250.25641026	4232.05128199	4235.64102564	4236.02564103	4248.58974359	
4232.05128199	4226.02564096	4230.7692307	4234.10256411	4205.25641019	4230.89743583	4202.17948711	4236.7948718	4215.51282045	4247.17948718	4227.05128199	4238.97435898	4232.94871788	4246.66666667	
4238.07692308	4231.28205122	4235.12820513	4240.51282052	4216.79487173	4235.12820513	4210.12820506	4237.94871795	4216.92307686	4247.17948718	4229.35897429	4240.12820513	4231.6666666	4246.53846154	
4239.48717949	4228.97435891	4233.71794865	4237.82051282	4213.33333327	4233.58974352	4208.07692301	4234.10256411	4209.99999993	4241.66666667	4226.15384609	4235.12820513	4226.53846147	4240.0	
4233.07692301	4227.30769224	4229.74358968	4232.05128199	4200.64102551	4228.07692301	4199.2307691	4226.53846147	4199.99999986	4232.17948711	4215.25641019	4228.33333327	4218.71794865	4229.61538455	
4230.25641019	4226.28205122	4221.53846147	4229.48717942	4198.07692294	4219.10256404	4192.82051269	4217.82051275	4195.64102551	4228.33333327	4210.89743583	4218.20512814	4214.74358968	4226.6666666	
4229.74358968	4224.87179481	4214.74358968	4228.84615378	4200.51282038	4213.07692301	4190.76923063	4213.71794865	4194.48717935	4226.28205122	4214.61538455	4215.12820506	4218.4615384	4226.53846147	
4228.84615378	4224.61538455	4220.89743583	4229.23076917	4199.2307691	4220.38461532	4194.10256397	4223.84615378	4201.28205122	4228.71794865	4222.17948711	4226.28205122	4227.82051275	4230.38461532	
4236.41025641	4225.89743583	4229.48717942	4230.12820506	4198.71794858	4231.02564096	4200.76923063	4237.05128206	4212.82051275	4241.28205129	4231.53846147	4238.20512821	4239.87179488	4242.05128206	
4246.15384616	4230.7692307	4232.30769224	4233.58974352	4206.41025634	4234.48717949	4206.53846147	4240.25641026	4221.79487173	4250.76923077	4235.64102564	4242.43589744	4247.17948718	4250.25641026	
4246.53846154	4234.61538462	4232.5641025	4235.76923077	4212.17948711	4232.43589737	4208.07692301	4240.38461539	4228.71794865	4254.48717949	4234.61538462	4242.05128206	4246.28205129	4252.30769231	
4244.87179488	4233.33333327	4233.71794865	4235.38461539	4208.07692301	4232.94871788	4209.23076917	4242.17948718	4232.05128199	4259.35897436	4240.25641026	4241.66666667	4246.41025641	4257.6923077	
4250.51282052	4232.17948711	4243.33333334	4239.61538462	4210.7692307	4243.07692308	4218.07692301	4252.17948718	4234.10256411	4264.23076923	4253.84615385	4251.7948718	4252.94871795	4266.15384616	
4259.35897436	4240.0	4258.33333334	4254.23076923	4225.64102558	4258.20512821	4231.02564096	4272.30769238	4245.38461539	4273.07692315	4265.12820513	4271.923077	4264.61538462	4273.84615392	
4263.97435898	4248.07692308	4266.53846154	4264.87179488	4235.25641026	4265.38461539	4236.15384616	4280.76923084	4250.8974359	4279.10256418	4269.48717956	4279.35897443	4268.46153853	4278.07692315	
4261.66666667	4247.30769231	4264.61538462	4262.17948718	4232.82051275	4260.76923077	4236.66666667	4268.71794879	4238.97435898	4270.00000007	4264.87179488	4271.0256411	4258.84615385	4270.64102571	
4253.84615385	4241.53846154	4257.94871795	4252.43589744	4223.33333327	4255.64102564	4231.79487173	4257.43589744	4225.89743583	4253.20512821	4253.20512821	4260.25641026	4245.8974359	4253.07692308	
4247.82051282	4240.76923077	4244.87179488	4246.41025641	4217.05128199	4246.28205129	4218.71794865	4252.05128206	4218.4615384	4245.12820513	4246.15384616	4252.05128206	4240.0	4243.46153847	
4244.10256411	4243.97435898	4233.4615384	4247.94871795	4218.20512814	4233.07692301	4210.64102558	4247.17948718	4213.71794865	4244.48717949	4246.92307693	4245.76923077	4243.84615385	4245.8974359	
4238.33333334	4239.87179488	4233.07692301	4245.0	4217.69230763	4229.99999993	4210.12820506	4243.84615385	4215.12820506	4246.28205129	4244.87179488	4241.15384616	4246.41025641	4248.33333334	
4232.82051275	4231.79487173	4234.10256411	4239.10256411	4215.12820506	4232.94871788	4204.99999993	4237.56410257	4218.97435891	4249.10256411	4241.02564103	4239.48717949	4243.58974359	4247.05128206	
4236.53846154	4232.82051275	4227.43589737	4242.05128206	4214.99999993	4229.23076917	4197.69230756	4237.17948718	4222.43589737	4252.56410257	4247.30769231	4242.17948718	4250.64102564	4250.64102564	
4249.10256411	4243.84615385	4230.51282045	4248.58974359	4217.30769224	4231.28205122	4206.02564096	4251.92307693	4237.6923077	4266.66666674	4259.87179488	4253.33333334	4265.0	4266.41025641	
4254.74358975	4248.58974359	4247.6923077	4250.0	4219.74358968	4246.02564103	4221.15384609	4265.25641026	4253.07692308	4279.48717956	4266.41025641	4265.12820513	4270.00000007	4278.46153853	
4248.84615385	4239.74358975	4248.46153847	4248.46153847	4220.25641019	4247.82051282	4220.51282045	4260.76923077	4245.38461539	4273.20512828	4261.28205129	4262.30769231	4262.6923077	4273.97435905	
4246.28205129	4233.84615385	4236.02564103	4244.87179488	4215.51282045	4236.66666667	4210.89743583	4254.74358975	4232.94871788	4263.20512821	4249.61538462	4255.12820513	4251.02564103	4262.94871795	
4246.41025641	4230.64102558	4232.30769224	4236.41025641	4207.05128199	4232.43589737	4206.15384609	4256.28205129	4228.84615378	4258.33333334	4238.84615385	4254.87179488	4239.23076923	4253.97435898	
4236.41025641	4221.28205122	4228.07692301	4228.4615384	4196.28205115	4229.61538455	4202.17948711	4249.23076923	4217.94871788	4248.33333334	4227.94871788	4250.64102564	4227.43589737	4246.15384616	
4229.23076917	4221.92307686	4223.58974352	4226.41025634	4194.48717935	4225.7692307	4197.94871781	4242.6923077	4208.33333327	4240.64102564	4228.4615384	4244.35897436	4225.12820506	4243.46153847	
4240.12820513	4238.46153847	4229.35897429	4232.05128199	4207.69230763	4228.84615378	4200.12820499	4249.10256411	4219.10256404	4247.05128206	4241.02564103	4247.82051282	4237.6923077	4246.28205129	
4251.66666667	4247.56410257	4234.48717949	4243.07692308	4217.5641025	4232.5641025	4205.25641019	4253.58974359	4231.15384609	4255.64102564	4248.07692308	4252.94871795	4249.87179488	4251.28205129	
4251.41025641	4247.17948718	4232.5641025	4247.82051282	4217.30769224	4232.94871788	4208.4615384	4251.15384616	4229.74358968	4258.20512821	4248.84615385	4253.46153847	4251.02564103	4258.33333334	
4250.0	4246.92307693	4233.20512814	4239.74358975	4211.53846147	4233.33333327	4206.53846147	4252.30769231	4230.12820506	4260.25641026	4248.46153847	4251.92307693	4250.76923077	4262.17948718	
4248.84615385	4243.20512821	4230.51282045	4232.5641025	4205.25641019	4228.97435891	4201.79487173	4250.0	4231.6666666	4259.74358975	4242.56410257	4246.92307693	4249.23076923	4258.84615385	
4247.43589744	4242.17948718	4225.64102558	4237.43589744	4207.30769224	4224.99999993	4198.71794858	4244.23076923	4230.38461532	4261.02564103	4239.61538462	4246.92307693	4247.43589744	4260.12820513	
4250.8974359	4248.71794872	4229.35897429	4247.94871795	4218.4615384	4231.15384609	4201.79487173	4249.61538462	4235.8974359	4264.74358975	4246.53846154	4252.6923077	4256.15384616	4265.38461539	
4253.07692308	4250.12820513	4238.33333334	4249.48717949	4223.20512814	4238.46153847	4211.53846147	4255.8974359	4242.82051282	4267.17948725	4252.6923077	4251.92307693	4264.23076923	4268.20512828	
4248.84615385	4241.41025641	4233.33333327	4237.05128206	4212.69230763	4232.05128199	4208.20512814	4248.46153847	4240.8974359	4266.41025641	4247.94871795	4246.92307693	4256.15384616	4265.51282052	
4245.51282052	4236.41025641	4217.94871788	4230.89743583	4208.4615384	4219.74358968	4193.3333332	4240.25641026	4230.38461532	4257.6923077	4236.7948718	4244.61538462	4242.17948718	4255.76923077	
4245.64102564	4241.92307693	4217.17948711	4243.07692308	4217.30769224	4217.30769224	4192.82051269	4241.02564103	4218.71794865	4246.41025641	4228.20512814	4243.33333334	4232.30769224	4245.51282052	
4241.41025641	4248.84615385	4223.97435891	4253.20512821	4223.71794865	4220.38461532	4198.58974345	4240.8974359	4213.58974352	4245.38461539	4229.48717942	4239.48717949	4230.38461532	4244.61538462	
4235.38461539	4247.56410257	4218.71794865	4248.33333334	4219.10256404	4217.94871788	4190.89743576	4233.20512814	4214.61538455	4244.35897436	4230.89743583	4233.97435898	4234.10256411	4246.15384616	
4231.53846147	4240.8974359	4212.5641025	4241.53846154	4214.35897429	4212.69230763	4183.97435884	4228.07692301	4211.79487173	4235.0	4226.6666666	4230.64102558	4232.17948711	4237.82051282	
4231.28205122	4241.15384616	4214.87179481	4242.05128206	4215.64102558	4211.41025634	4183.71794858	4231.28205122	4207.82051275	4235.25641026	4228.07692301	4232.30769224	4233.07692301	4232.5641025	
4237.05128206	4245.38461539	4213.4615384	4244.48717949	4216.15384609	4211.15384609	4182.4358973	4236.15384616	4211.28205122	4243.84615385	4234.48717949	4236.53846154	4241.41025641	4239.23076923	
4243.97435898	4243.33333334	4213.33333327	4245.76923077	4216.15384609	4214.74358968	4188.46153833	4236.41025641	4214.10256404	4245.0	4231.15384609	4237.43589744	4240.76923077	4245.8974359	
4244.23076923	4243.46153847	4224.10256404	4246.15384616	4216.6666666	4224.10256404	4198.97435884	4232.17948711	4214.48717942	4241.92307693	4221.02564096	4234.35897436	4232.94871788	4244.48717949	
4243.07692308	4247.6923077	4232.30769224	4245.25641026	4217.82051275	4229.61538455	4202.5641025	4232.30769224	4216.53846147	4243.71794872	4218.71794865	4232.69230763	4232.94871788	4243.20512821	
4244.48717949	4240.64102564	4229.48717942	4237.6923077	4215.12820506	4229.10256404	4200.89743576	4233.58974352	4215.51282045	4245.12820513	4219.87179481	4232.05128199	4234.35897436	4243.84615385	
4242.43589744	4233.71794865	4227.69230763	4233.07692301	4210.64102558	4229.74358968	4201.15384609	4228.33333327	4212.17948711	4242.05128206	4216.6666666	4228.58974352	4229.87179481	4241.41025641	
4242.05128206	4243.33333334	4232.43589737	4241.02564103	4214.61538455	4232.17948711	4206.79487173	4227.43589737	4213.71794865	4241.66666667	4216.6666666	4229.61538455	4231.15384609	4243.33333334	
4243.20512821	4249.23076923	4234.10256411	4241.92307693	4214.48717942	4232.82051275	4212.30769224	4231.53846147	4212.43589737	4240.76923077	4214.74358968	4232.94871788	4229.61538455	4243.71794872	
4238.71794872	4242.30769231	4237.17948718	4231.6666666	4204.35897429	4239.10256411	4214.87179481	4229.61538455	4204.10256404	4235.38461539	4206.02564096	4229.10256404	4218.58974352	4236.53846154	
4232.82051275	4242.6923077	4246.15384616	4229.35897429	4199.2307691	4246.41025641	4216.15384609	4222.82051275	4200.12820499	4229.61538455	4202.30769224	4222.82051275	4214.10256404	4229.74358968	
4230.12820506	4246.28205129	4243.97435898	4231.41025634	4201.28205122	4242.30769231	4214.48717942	4217.82051275	4196.15384602	4228.71794865	4203.97435891	4217.17948711	4216.6666666	4226.15384609	
4227.82051275	4236.41025641	4235.0	4227.94871788	4200.12820499	4237.94871795	4212.43589737	4212.69230763	4189.99999986	4226.92307686	4203.33333327	4212.82051275	4214.99999993	4224.35897429	
4227.82051275	4229.35897429	4240.38461539	4226.79487173	4198.3333332	4243.20512821	4215.64102558	4214.61538455	4193.71794858	4226.41025634	4208.20512814	4217.17948711	4213.84615378	4226.92307686	
4227.43589737	4234.87179488	4249.23076923	4230.51282045	4201.15384609	4247.30769231	4219.87179481	4223.20512814	4203.97435891	4232.5641025	4217.82051275	4224.35897429	4222.17948711	4232.05128199	
4219.61538455	4236.53846154	4244.74358975	4230.7692307	4201.53846147	4243.84615385	4216.41025634	4222.05128199	4203.07692301	4234.23076923	4216.02564096	4223.4615384	4228.07692301	4231.41025634	
4217.82051275	4236.28205129	4241.28205129	4230.25641019	4200.89743576	4241.66666667	4215.51282045	4221.02564096	4199.2307691	4232.05128199	4215.38461532	4224.87179481	4229.23076917	4230.7692307	
4228.20512814	4241.92307693	4248.20512821	4232.30769224	4202.5641025	4247.43589744	4222.82051275	4231.79487173	4205.25641019	4233.84615385	4224.48717942	4234.35897436	4232.43589737	4234.74358975	
4232.17948711	4240.51282052	4251.41025641	4233.20512814	4203.20512814	4250.25641026	4224.61538455	4234.61538462	4206.6666666	4235.12820513	4225.7692307	4234.48717949	4232.05128199	4235.38461539	
4227.17948711	4234.23076923	4246.53846154	4231.92307686	4201.15384609	4244.87179488	4216.79487173	4227.17948711	4200.89743576	4232.30769224	4216.6666666	4229.10256404	4227.94871788	4231.79487173	
4227.94871788	4241.15384616	4245.51282052	4233.58974352	4202.82051275	4243.33333334	4216.28205122	4227.43589737	4200.64102551	4231.15384609	4214.61538455	4229.35897429	4227.69230763	4231.79487173	
4231.79487173	4246.66666667	4248.33333334	4236.02564103	4205.89743583	4247.56410257	4224.48717942	4231.6666666	4204.99999993	4234.10256411	4222.82051275	4230.7692307	4231.28205122	4235.0	
4230.89743583	4240.25641026	4247.94871795	4233.20512814	4203.4615384	4249.10256411	4223.84615378	4231.28205122	4206.02564096	4234.87179488	4228.33333327	4232.82051275	4231.6666666	4234.61538462	
4231.41025634	4239.10256411	4246.41025641	4232.30769224	4205.12820506	4247.56410257	4218.84615378	4232.94871788	4203.58974352	4232.94871788	4226.53846147	4235.38461539	4231.28205122	4233.07692301	
4229.61538455	4240.8974359	4244.74358975	4235.0	4208.4615384	4242.82051282	4218.84615378	4230.25641019	4202.94871788	4232.30769224	4223.07692301	4229.87179481	4230.12820506	4233.71794865	
4222.69230763	4236.41025641	4236.15384616	4232.94871788	4203.58974352	4234.23076923	4212.5641025	4221.28205122	4202.05128199	4231.6666666	4219.87179481	4221.02564096	4225.25641019	4231.02564096	
4221.41025634	4232.82051275	4230.12820506	4230.51282045	4200.38461525	4231.6666666	4204.74358968	4221.92307686	4200.51282038	4233.07692301	4218.84615378	4223.71794865	4225.7692307	4230.51282045	
4224.87179481	4234.87179488	4234.10256411	4231.6666666	4202.94871788	4235.0	4205.38461532	4225.89743583	4198.46153833	4232.94871788	4218.84615378	4227.82051275	4232.82051275	4230.7692307	
4220.7692307	4234.23076923	4230.38461532	4230.7692307	4201.92307686	4227.43589737	4202.69230763	4220.7692307	4193.3333332	4225.12820506	4220.51282045	4222.05128199	4228.97435891	4223.97435891	
4213.71794865	4231.02564096	4217.05128199	4227.94871788	4197.4358973	4215.51282045	4189.87179474	4212.5641025	4188.71794858	4216.79487173	4218.97435891	4214.61538455	4217.30769224	4216.6666666	
4210.38461532	4231.28205122	4211.79487173	4225.64102558	4196.15384602	4213.33333327	4183.3333332	4206.15384609	4181.02564089	4211.53846147	4213.33333327	4208.58974352	4213.84615378	4211.79487173	
4209.48717942	4230.51282045	4215.7692307	4225.12820506	4197.17948704	4215.89743583	4186.5384614	4206.79487173	4174.2307691	4208.84615378	4211.6666666	4208.4615384	4216.15384609	4209.74358968	
4213.33333327	4230.64102558	4218.07692301	4229.74358968	4201.28205122	4216.53846147	4190.12820499	4212.05128199	4178.58974345	4212.82051275	4218.20512814	4211.92307686	4217.94871788	4213.71794865	
4217.43589737	4232.43589737	4216.53846147	4227.82051275	4198.84615371	4217.5641025	4189.61538448	4211.02564096	4184.10256397	4217.30769224	4218.4615384	4211.15384609	4216.02564096	4213.97435891	
4212.30769224	4225.38461532	4212.30769224	4218.33333327	4188.71794858	4213.33333327	4184.87179474	4205.64102558	4175.89743576	4208.58974352	4205.51282045	4206.02564096	4205.64102558	4203.84615378	
4206.41025634	4217.43589737	4210.7692307	4217.30769224	4185.38461525	4207.82051275	4182.05128192	4207.43589737	4168.84615371	4199.48717935	4198.07692294	4206.02564096	4196.28205115	4201.02564096	
4207.5641025	4224.61538455	4213.97435891	4220.12820506	4188.71794858	4212.30769224	4185.12820499	4207.17948711	4172.69230756	4203.33333327	4201.02564096	4207.5641025	4198.3333332	4206.28205122	
4205.64102558	4227.5641025	4210.89743583	4216.15384609	4187.17948704	4213.71794865	4184.87179474	4199.35897422	4171.28205115	4202.94871788	4202.30769224	4202.17948711	4201.02564096	4201.79487173	
4201.53846147	4220.7692307	4209.23076917	4214.10256404	4184.87179474	4209.23076917	4182.17948704	4200.25641012	4170.51282038	4202.17948711	4203.71794865	4202.5641025	4201.53846147	4200.12820499	
4203.58974352	4223.07692301	4216.53846147	4216.6666666	4186.79487166	4211.92307686	4183.97435884	4209.87179481	4175.51282038	4206.6666666	4205.12820506	4209.10256404	4204.87179481	4206.6666666	
4205.25641019	4223.71794865	4214.48717942	4215.89743583	4185.76923063	4212.94871788	4184.99999986	4211.02564096	4173.46153833	4206.28205122	4202.05128199	4209.99999993	4204.61538455	4207.30769224	
4202.5641025	4214.99999993	4208.71794865	4212.5641025	4182.82051269	4209.99999993	4184.61538448	4204.48717942	4171.15384602	4203.4615384	4201.02564096	4203.4615384	4203.20512814	4203.97435891	
4202.30769224	4213.71794865	4211.53846147	4207.17948711	4179.35897422	4210.12820506	4182.56410243	4201.6666666	4174.35897422	4205.64102558	4203.33333327	4200.76923063	4203.4615384	4204.35897429	
4203.33333327	4218.20512814	4207.82051275	4202.94871788	4174.87179474	4206.02564096	4176.02564089	4199.61538448	4172.30769217	4204.10256404	4198.3333332	4202.17948711	4198.07692294	4203.07692301	
4200.12820499	4216.53846147	4198.20512807	4204.99999993	4174.35897422	4198.3333332	4170.76923063	4195.38461525	4167.56410236	4200.38461525	4193.84615371	4199.2307691	4195.25641012	4201.28205122	
4197.05128192	4215.7692307	4195.89743576	4205.25641019	4173.71794858	4196.41025628	4168.71794858	4198.71794858	4167.56410236	4200.12820499	4197.17948704	4199.48717935	4200.25641012	4199.2307691	
4197.4358973	4216.28205122	4188.46153833	4200.64102551	4169.61538448	4188.84615371	4157.56410236	4202.30769224	4170.12820499	4199.61538448	4198.58974345	4201.02564096	4201.02564096	4201.15384609	
4199.35897422	4217.30769224	4185.25641012	4200.76923063	4170.89743576	4184.48717935	4152.94871774	4199.99999986	4174.2307691	4206.92307686	4198.71794858	4199.48717935	4197.56410243	4209.48717942	
4199.61538448	4217.82051275	4198.46153833	4203.07692301	4173.07692294	4196.79487166	4169.2307691	4200.12820499	4175.51282038	4212.69230763	4198.3333332	4200.89743576	4198.71794858	4209.35897429	
4196.28205115	4214.10256404	4172.30769217	4196.79487166	4167.3076921	4172.69230756	4144.23076903	4196.02564089	4167.94871774	4201.6666666	4189.10256397	4197.94871781	4196.5384614	4198.58974345	
4195.51282038	4204.99999993	4177.17948704	4189.74358961	4162.94871774	4177.30769217	4147.17948697	4193.46153833	4168.46153833	4198.3333332	4186.66666653	4196.02564089	4192.94871781	4200.51282038	
4207.43589737	4188.46153833	4354.87179508	4196.41025628	4170.25641012	4353.20512842	4332.05128219	4209.87179481	4185.64102551	4215.64102558	4205.51282045	4212.17948711	4205.89743583	4218.07692301	
4225.51282045	4177.05128192	4573.33333403	4210.38461532	4181.79487166	4573.71794942	4565.76923147	4230.25641019	4203.58974352	4234.35897436	4222.30769224	4233.07692301	4226.79487173	4234.61538462	
4234.10256411	4180.64102551	4642.17948802	4215.64102558	4186.66666653	4644.10256494	4640.38461622	4235.38461539	4212.82051275	4242.05128206	4226.92307686	4235.64102564	4236.92307693	4242.82051282	
4233.20512814	4186.5384614	4641.02564186	4215.64102558	4187.30769217	4640.00000084	4635.51282135	4235.64102564	4213.58974352	4240.76923077	4232.43589737	4235.0	4230.64102558	4240.38461539	
4233.07692301	4185.76923063	4672.56410347	4218.97435891	4188.97435884	4671.28205219	4667.17948809	4232.30769224	4205.7692307	4233.58974352	4230.38461532	4235.51282052	4218.97435891	4232.5641025	
4234.61538462	4186.02564089	4685.38461629	4216.92307686	4188.3333332	4686.7948727	4683.97435988	4224.35897429	4199.61538448	4231.6666666	4219.74358968	4227.30769224	4217.5641025	4231.92307686	
4232.94871788	4187.94871781	4673.71794963	4209.35897429	4182.4358973	4675.51282142	4674.61538552	4223.84615378	4201.79487173	4233.71794865	4215.7692307	4222.5641025	4220.89743583	4233.33333327	
4229.35897429	4185.38461525	4678.20512911	4208.4615384	4180.38461525	4677.82051373	4677.43589834	4222.30769224	4201.53846147	4231.15384609	4215.12820506	4220.12820506	4217.43589737	4230.7692307	
4233.71794865	4190.12820499	4686.7948727	4213.71794865	4185.38461525	4685.76923168	4683.46153937	4220.12820506	4200.12820499	4231.28205122	4214.61538455	4218.84615378	4215.64102558	4232.17948711	
4241.66666667	4199.10256397	4692.6923086	4213.58974352	4182.94871781	4694.48718046	4691.15384706	4227.05128199	4204.48717942	4235.25641026	4216.53846147	4228.33333327	4221.53846147	4236.66666667	
4231.92307686	4189.35897422	4684.48718039	4200.64102551	4170.51282038	4687.30769321	4683.71794963	4219.61538455	4197.94871781	4228.07692301	4207.43589737	4222.5641025	4213.84615378	4227.43589737	
4212.30769224	4170.51282038	4669.87179578	4189.10256397	4161.41025621	4670.51282142	4666.7948727	4200.51282038	4179.10256397	4210.64102558	4189.10256397	4199.2307691	4195.25641012	4210.25641019	
4215.12820506	4171.92307679	4674.87179578	4193.3333332	4166.53846133	4674.87179578	4673.07692398	4204.23076917	4178.97435884	4212.43589737	4194.48717935	4201.53846147	4202.30769224	4212.05128199	
4232.30769224	4185.51282038	4691.7948727	4202.5641025	4173.3333332	4692.82051373	4690.8974368	4226.53846147	4203.33333327	4236.66666667	4220.89743583	4230.12820506	4226.41025634	4232.94871788	
4237.05128206	4190.64102551	4698.58974457	4209.10256404	4173.84615371	4698.58974457	4696.28205226	4240.38461539	4219.99999993	4250.76923077	4235.25641026	4246.15384616	4237.17948718	4248.46153847	
4234.87179488	4189.61538448	4693.20512911	4212.43589737	4179.35897422	4692.6923086	4692.6923086	4242.17948718	4220.12820506	4249.35897436	4237.30769231	4242.94871795	4239.35897436	4251.7948718	
4232.05128199	4186.92307679	4687.6923086	4207.5641025	4183.07692294	4688.97435988	4688.84615475	4235.64102564	4216.15384609	4246.28205129	4240.25641026	4235.51282052	4240.25641026	4245.76923077	
4224.48717942	4185.38461525	4686.41025732	4199.87179474	4174.99999986	4684.61538552	4681.15384706	4231.53846147	4210.64102558	4241.66666667	4242.43589744	4233.33333327	4235.8974359	4237.43589744	
4217.94871788	4185.76923063	4680.76923168	4200.51282038	4166.66666646	4676.02564193	4672.05128296	4229.23076917	4204.48717942	4235.8974359	4238.71794872	4229.23076917	4233.97435898	4235.38461539	
4215.89743583	4183.84615371	4667.05128296	4201.92307686	4168.97435884	4666.66666757	4664.35897527	4220.51282045	4197.30769217	4228.07692301	4231.15384609	4218.33333327	4230.12820506	4230.51282045	
4213.84615378	4182.56410243	4656.53846238	4194.2307691	4167.56410236	4656.79487263	4653.84615468	4212.69230763	4189.61538448	4219.23076917	4225.64102558	4211.02564096	4218.20512814	4219.99999993	
4210.89743583	4184.99999986	4654.61538545	4187.30769217	4157.56410236	4649.74359058	4647.17948802	4211.79487173	4185.51282038	4216.02564096	4225.38461532	4212.94871788	4213.97435891	4216.02564096	
4212.43589737	4184.2307691	4654.87179571	4189.10256397	4156.02564082	4647.82051366	4647.05128289	4213.33333327	4184.61538448	4215.64102558	4229.87179481	4215.12820506	4216.79487173	4217.43589737	
4214.87179481	4183.71794858	4653.71794956	4196.02564089	4164.74358954	4649.87179571	4649.61538545	4214.23076917	4186.79487166	4216.41025634	4228.84615378	4214.61538455	4216.41025634	4217.43589737	
4217.82051275	4190.25641012	4655.12820597	4200.25641012	4171.41025628	4654.87179571	4650.89743674	4220.89743583	4194.99999986	4225.12820506	4231.6666666	4219.99999993	4224.35897429	4224.23076917	
4225.12820506	4197.56410243	4658.4615393	4202.69230763	4172.94871781	4658.20512904	4651.79487263	4227.69230763	4202.30769224	4231.79487173	4241.28205129	4227.5641025	4236.66666667	4233.33333327	
4225.7692307	4195.12820499	4653.07692391	4205.12820506	4174.2307691	4653.07692391	4650.89743674	4225.64102558	4203.4615384	4233.71794865	4242.43589744	4225.7692307	4236.92307693	4235.8974359	
4214.99999993	4187.05128192	4638.71794956	4198.84615371	4170.38461525	4640.12820597	4636.6666675	4217.05128199	4202.5641025	4234.74358975	4232.30769224	4217.30769224	4231.6666666	4231.53846147	
4214.99999993	4187.05128192	4638.71794956	4198.84615371	4170.38461525	4640.12820597	4636.6666675	4217.05128199	4202.5641025	4234.74358975	4232.30769224	4217.30769224	4231.6666666	4231.53846147	
4207.17948711	4182.56410243	4628.58974443	4188.58974345	4160.38461518	4629.10256494	4618.3333341	4211.79487173	4197.4358973	4228.07692301	4228.33333327	4215.7692307	4233.07692301	4224.23076917	
4205.89743583	4182.69230756	4623.20512897	4185.12820499	4156.66666646	4623.07692385	4615.51282128	4212.5641025	4189.61538448	4218.20512814	4231.02564096	4217.82051275	4227.94871788	4219.99999993	
4201.41025634	4183.07692294	4616.15384692	4186.66666653	4157.43589723	4617.17948795	4616.28205205	4209.35897429	4184.74358961	4216.02564096	4225.7692307	4211.28205122	4217.5641025	4217.69230763	
4198.58974345	4183.46153833	4613.84615461	4186.28205115	4154.87179467	4613.97435974	4608.46153923	4202.17948711	4182.82051269	4215.51282045	4217.5641025	4201.53846147	4214.23076917	4214.48717942	
4201.15384609	4184.35897422	4615.25641102	4183.46153833	4152.17948697	4614.48718026	4607.30769308	4198.58974345	4178.07692294	4209.61538455	4211.79487173	4199.2307691	4210.12820506	4211.79487173	
4202.82051275	4184.35897422	4615.76923154	4183.46153833	4152.56410236	4616.28205205	4615.00000077	4199.99999986	4171.79487166	4204.48717942	4205.89743583	4201.79487173	4202.05128199	4207.94871788	
4204.10256404	4183.97435884	4620.89743667	4185.89743576	4154.61538441	4621.15384692	4616.92307769	4199.74358961	4174.48717935	4204.48717942	4205.38461532	4200.64102551	4202.17948711	4202.94871788	
4203.07692301	4185.38461525	4625.25641102	4189.10256397	4155.89743569	4626.02564179	4617.94871872	4197.05128192	4180.64102551	4209.23076917	4207.94871788	4199.2307691	4205.25641019	4205.7692307	
4202.17948711	4186.28205115	4626.92307769	4191.5384614	4157.56410236	4627.30769308	4623.20512897	4201.28205122	4178.97435884	4212.5641025	4207.43589737	4202.69230763	4203.07692301	4212.94871788	
4203.58974352	4185.64102551	4630.51282135	4192.94871781	4161.41025621	4629.74359058	4627.30769308	4205.7692307	4176.79487166	4213.07692301	4208.58974352	4203.58974352	4206.28205122	4213.33333327	
4208.71794865	4187.82051269	4635.00000084	4196.79487166	4168.20512807	4635.00000084	4631.41025725	4206.92307686	4182.56410243	4213.58974352	4216.28205122	4204.35897429	4214.10256404	4211.53846147	
4216.6666666	4192.94871781	4639.48718032	4201.79487173	4172.05128192	4639.87179571	4634.3589752	4210.51282045	4188.3333332	4216.28205122	4220.89743583	4211.02564096	4218.97435891	4217.05128199	
4221.92307686	4199.10256397	4642.82051366	4203.84615378	4170.51282038	4643.97435981	4637.05128289	4217.30769224	4190.89743576	4223.33333327	4220.12820506	4218.58974352	4219.87179481	4225.51282045	
4221.53846147	4202.5641025	4639.61538545	4201.41025634	4170.25641012	4643.07692391	4635.64102648	4217.30769224	4193.07692294	4225.7692307	4220.7692307	4218.07692301	4221.15384609	4223.71794865	
4218.07692301	4199.99999986	4629.3589752	4198.20512807	4171.79487166	4632.5641034	4625.00000077	4210.12820506	4189.48717935	4218.84615378	4213.84615378	4210.38461532	4217.5641025	4215.89743583	
4217.5641025	4200.51282038	4621.15384692	4200.76923063	4171.41025628	4620.89743667	4616.15384692	4204.74358968	4180.89743576	4213.71794865	4202.05128199	4202.82051275	4203.71794865	4212.30769224	
4219.74358968	4207.69230763	4619.10256487	4205.38461532	4172.82051269	4618.46153923	4613.58974436	4201.79487173	4176.15384602	4212.5641025	4206.41025634	4201.15384609	4197.82051269	4214.99999993	
4218.4615384	4207.5641025	4614.74359051	4203.4615384	4174.48717935	4615.51282128	4608.97435974	4198.58974345	4176.92307679	4208.33333327	4211.6666666	4200.64102551	4202.43589737	4214.10256404	
4215.38461532	4202.5641025	4607.56410333	4201.53846147	4173.58974345	4606.92307769	4598.84615461	4198.71794858	4174.74358961	4203.07692301	4204.10256404	4199.61538448	4202.30769224	4204.87179481	
4214.10256404	4203.33333327	4601.79487256	4203.20512814	4171.92307679	4600.51282128	4592.82051352	4202.94871788	4169.74358961	4201.92307686	4208.33333327	4205.38461532	4202.5641025	4199.61538448	
4208.58974352	4202.17948711	4591.92307762	4199.61538448	4169.35897422	4591.28205198	4582.94871865	4204.87179481	4172.82051269	4205.25641019	4226.02564096	4209.35897429	4211.41025634	4204.99999993	
4202.5641025	4198.3333332	4582.05128275	4194.74358961	4166.28205108	4581.02564172	4570.64102634	4205.89743583	4180.76923063	4212.82051275	4232.5641025	4208.07692301	4216.79487173	4213.71794865	
4208.84615378	4201.41025634	4580.64102634	4199.99999986	4168.58974345	4579.23076993	4568.84615454	4213.33333327	4185.76923063	4218.07692301	4231.92307686	4213.20512814	4219.10256404	4217.43589737	
4217.69230763	4202.82051275	4577.43589813	4204.10256404	4171.66666653	4575.8974366	4571.02564172	4214.74358968	4188.71794858	4220.12820506	4234.48717949	4217.43589737	4222.05128199	4218.84615378	
4218.84615378	4199.61538448	4570.12820583	4196.28205115	4167.43589723	4568.97435967	4567.17948788	4208.4615384	4191.28205115	4223.07692301	4232.94871788	4212.82051275	4220.51282045	4223.58974352	
4215.7692307	4198.20512807	4569.23076993	4192.05128192	4164.61538441	4568.97435967	4557.30769294	4210.7692307	4194.74358961	4224.99999993	4229.99999993	4211.6666666	4221.53846147	4229.61538455	
4217.69230763	4202.69230763	4569.48718019	4200.12820499	4169.10256397	4570.0000007	4554.23076986	4217.94871788	4199.10256397	4228.71794865	4231.53846147	4219.10256404	4224.74358968	4231.28205122	
4223.4615384	4210.38461532	4563.84615454	4205.25641019	4172.69230756	4565.0000007	4556.53846217	4217.30769224	4199.99999986	4232.05128199	4231.41025634	4220.25641019	4221.02564096	4228.07692301	
4223.20512814	4210.89743583	4558.9743596	4201.53846147	4172.4358973	4560.00000063	4551.92307755	4213.20512814	4196.02564089	4225.89743583	4228.20512814	4213.97435891	4215.51282045	4225.89743583	
4217.94871788	4204.61538455	4550.89743653	4198.71794858	4170.51282038	4549.8717955	4538.58974422	4213.97435891	4191.5384614	4219.87179481	4226.15384609	4213.07692301	4215.64102558	4223.33333327	
4215.7692307	4199.48717935	4539.23076986	4200.64102551	4169.61538448	4537.69230832	4526.41025697	4213.4615384	4186.79487166	4219.23076917	4225.64102558	4212.5641025	4217.5641025	4218.84615378	
4215.7692307	4201.41025634	4533.9743596	4201.28205122	4168.84615371	4535.64102627	4522.82051338	4208.33333327	4183.84615371	4215.38461532	4221.15384609	4207.17948711	4216.28205122	4215.12820506	
4215.64102558	4208.71794865	4533.20512883	4200.51282038	4171.28205115	4533.9743596	4520.6410262	4207.30769224	4182.56410243	4213.20512814	4216.6666666	4207.30769224	4213.71794865	4213.58974352	
4217.05128199	4210.64102558	4528.84615441	4205.89743583	4178.3333332	4528.33333389	4520.00000056	4212.5641025	4182.94871781	4217.17948711	4222.43589737	4211.92307686	4216.53846147	4214.10256404	
4217.69230763	4208.33333327	4524.48718005	4215.38461532	4184.35897422	4526.41025697	4520.38461594	4212.69230763	4189.61538448	4220.25641019	4231.53846147	4212.5641025	4220.89743583	4217.05128199	
4221.15384609	4212.05128199	4526.41025697	4217.43589737	4186.28205115	4526.66666723	4517.435898	4212.05128199	4197.69230756	4223.58974352	4233.4615384	4214.10256404	4219.99999993	4224.61538455	
4230.7692307	4217.94871788	4525.51282107	4215.64102558	4186.5384614	4523.20512876	4516.5384621	4220.12820506	4199.87179474	4230.25641019	4228.71794865	4219.10256404	4221.28205122	4230.7692307	
4233.58974352	4215.64102558	4521.5384621	4218.4615384	4186.28205115	4521.79487235	4515.51282107	4221.6666666	4197.05128192	4232.5641025	4230.89743583	4219.23076917	4228.58974352	4229.48717942	
4228.33333327	4215.51282045	4521.5384621	4222.5641025	4191.79487166	4521.79487235	4508.58974415	4216.02564096	4191.41025628	4226.15384609	4239.10256411	4217.5641025	4232.43589737	4223.71794865	
4224.61538455	4219.35897429	4518.84615441	4219.48717942	4194.35897422	4512.94871851	4502.30769287	4215.12820506	4187.82051269	4218.33333327	4237.05128206	4215.7692307	4228.33333327	4219.99999993	
4228.20512814	4215.89743583	4512.94871851	4214.10256404	4187.4358973	4506.02564159	4503.20512876	4214.87179481	4190.64102551	4220.89743583	4229.10256404	4211.79487173	4226.41025634	4223.4615384	
4230.38461532	4214.35897429	4513.84615441	4220.7692307	4189.2307691	4513.46153902	4502.435898	4216.28205122	4197.4358973	4229.10256404	4234.10256411	4216.02564096	4228.58974352	4228.33333327	
4233.33333327	4222.82051275	4525.12820569	4233.07692301	4202.82051275	4527.30769287	4509.7435903	4228.58974352	4204.61538455	4233.07692301	4251.02564103	4231.6666666	4232.82051275	4233.58974352	
4241.41025641	4229.87179481	4538.07692371	4234.23076923	4206.02564096	4537.82051345	4530.38461601	4250.76923077	4213.20512814	4239.61538462	4264.87179488	4252.56410257	4242.05128206	4241.66666667	
4248.71794872	4229.74358968	4550.00000063	4235.25641026	4208.07692301	4550.64102627	4545.51282114	4270.76923084	4222.05128199	4250.25641026	4276.923077	4271.53846161	4247.94871795	4252.05128206	
4255.64102564	4232.43589737	4563.58974429	4252.6923077	4226.02564096	4564.74359044	4552.05128268	4282.82051289	4229.23076917	4255.12820513	4288.97435905	4285.64102571	4251.28205129	4257.56410257	
4263.58974359	4236.53846154	4572.17948788	4264.23076923	4237.56410257	4568.84615454	4558.58974422	4291.923077	4232.69230763	4260.76923077	4298.20512828	4295.64102571	4257.30769231	4260.64102564	
4263.20512821	4233.58974352	4566.15384685	4256.53846154	4229.23076917	4563.46153916	4557.94871858	4298.46153853	4232.43589737	4265.64102564	4298.20512828	4299.2307693	4257.17948718	4262.17948718	
4253.58974359	4228.71794865	4548.20512883	4246.28205129	4219.99999993	4549.61538524	4541.6666673	4290.64102571	4229.10256404	4258.58974359	4287.69230777	4289.61538469	4250.51282052	4257.05128206	
4243.84615385	4222.82051275	4527.69230825	4239.87179488	4211.6666666	4527.82051338	4515.51282107	4272.69230777	4221.92307686	4248.33333334	4277.17948725	4272.82051289	4245.0	4249.35897436	
4241.66666667	4215.51282045	4510.76923133	4231.28205122	4202.69230763	4509.23076979	4496.28205177	4260.64102564	4213.84615378	4245.51282052	4266.28205129	4261.66666667	4237.05128206	4244.48717949	
4243.46153847	4215.25641019	4499.7435903	4221.15384609	4195.89743576	4499.87179543	4487.94871844	4254.10256411	4212.94871788	4245.38461539	4253.07692308	4254.35897436	4229.23076917	4244.61538462	
4241.02564103	4219.61538455	4492.56410305	4217.5641025	4190.25641012	4492.05128254	4481.15384664	4249.48717949	4216.41025634	4245.12820513	4245.64102564	4248.97435898	4230.7692307	4246.02564103	
4233.84615385	4219.99999993	4485.25641075	4217.94871788	4186.15384602	4484.48717998	4470.89743639	4244.61538462	4214.74358968	4242.17948718	4245.64102564	4245.8974359	4232.94871788	4242.05128206	
4232.43589737	4215.64102558	4473.97435946	4214.61538455	4185.12820499	4475.512821	4460.25641068	4238.71794872	4207.43589737	4236.15384616	4245.76923077	4240.12820513	4230.7692307	4234.48717949	
4234.10256411	4212.17948711	4463.33333375	4212.94871788	4186.28205115	4464.10256459	4451.15384657	4239.87179488	4202.94871788	4233.71794865	4245.0	4239.10256411	4230.38461532	4231.79487173	
4233.58974352	4214.23076917	4460.00000042	4217.05128199	4187.94871781	4459.74359016	4446.41025683	4243.07692308	4203.97435891	4235.8974359	4247.05128206	4243.46153847	4230.51282045	4235.76923077	
4235.0	4218.20512814	4462.43589786	4219.35897429	4188.84615371	4462.1794876	4445.51282093	4242.30769231	4206.41025634	4236.7948718	4244.87179488	4241.66666667	4232.17948711	4237.82051282	
4235.25641026	4213.97435891	4460.12820555	4217.5641025	4190.12820499	4460.76923119	4444.74359016	4240.51282052	4204.99999993	4235.38461539	4237.56410257	4236.41025641	4231.92307686	4235.38461539	
4233.33333327	4209.35897429	4452.1794876	4218.97435891	4193.3333332	4453.84615427	4441.92307734	4236.7948718	4201.28205122	4233.07692301	4238.07692308	4236.41025641	4231.41025634	4233.4615384	
4233.07692301	4214.74358968	4447.05128247	4220.7692307	4192.82051269	4448.33333375	4434.61538504	4232.17948711	4200.12820499	4231.02564096	4243.71794872	4236.15384616	4232.17948711	4231.53846147	
4230.12820506	4216.41025634	4442.1794876	4219.74358968	4188.71794858	4441.15384657	4423.33333368	4229.61538455	4197.17948704	4226.79487173	4240.38461539	4230.7692307	4225.51282045	4226.02564096	
4224.10256404	4209.10256404	4428.97435933	4214.35897429	4185.25641012	4426.02564138	4410.89743625	4223.97435891	4187.05128192	4218.71794865	4228.97435891	4223.07692301	4214.10256404	4217.5641025	
4213.07692301	4200.12820499	4406.53846189	4200.51282038	4171.79487166	4405.76923112	4391.02564131	4208.97435891	4174.35897422	4207.43589737	4214.99999993	4208.20512814	4206.53846147	4206.28205122	
4197.94871781	4186.79487166	4388.84615413	4183.97435884	4152.17948697	4389.35897464	4370.12820541	4193.71794858	4165.38461518	4197.56410243	4198.58974345	4193.58974345	4198.07692294	4195.76923063	
4195.89743576	4181.66666653	4383.46153874	4181.41025628	4149.61538441	4381.41025669	4362.43589765	4191.02564089	4167.3076921	4198.84615371	4196.15384602	4192.4358973	4195.64102551	4197.4358973	
4207.05128199	4194.2307691	4385.76923105	4190.76923063	4160.76923056	4383.58974387	4366.53846182	4198.46153833	4176.66666653	4207.5641025	4208.71794865	4198.46153833	4207.05128199	4207.69230763	
4214.61538455	4204.10256404	4393.07692336	4201.6666666	4172.05128192	4392.69230797	4373.58974387	4206.92307686	4185.12820499	4215.25641019	4219.61538455	4205.7692307	4219.48717942	4215.89743583	
4219.48717942	4204.35897429	4397.17948746	4209.48717942	4180.51282038	4396.02564131	4375.89743618	4214.99999993	4192.05128192	4222.30769224	4225.38461532	4214.10256404	4222.43589737	4222.43589737	
4217.43589737	4203.20512814	4386.41025669	4206.53846147	4177.94871781	4385.64102592	4366.28205156	4214.48717942	4193.58974345	4223.07692301	4225.12820506	4213.84615378	4220.7692307	4223.84615378	
4203.71794865	4198.07692294	4370.76923105	4194.48717935	4163.46153826	4370.64102592	4351.92307714	4203.33333327	4186.15384602	4215.89743583	4216.92307686	4203.84615378	4216.15384609	4216.41025634	
4203.4615384	4195.51282038	4373.33333362	4195.25641012	4161.53846133	4371.41025669	4353.5897438	4201.79487173	4184.10256397	4215.64102558	4212.69230763	4203.33333327	4211.53846147	4215.25641019	
4218.84615378	4201.92307686	4383.97435926	4207.5641025	4174.87179474	4381.79487208	4362.43589765	4213.71794865	4191.02564089	4222.82051275	4223.84615378	4214.35897429	4215.12820506	4222.30769224	
4216.15384609	4204.35897429	4374.35897464	4208.4615384	4181.15384602	4372.69230797	4354.23076944	4217.05128199	4189.61538448	4219.10256404	4237.17948718	4217.94871788	4226.02564096	4220.12820506	
4196.41025628	4197.94871781	4349.61538483	4201.92307686	4175.64102551	4350.89743611	4331.66666681	4204.99999993	4176.66666653	4207.17948711	4231.15384609	4206.79487173	4222.94871788	4207.05128199	
4188.84615371	4194.87179474	4335.64102585	4203.07692301	4172.4358973	4336.79487201	4314.3589745	4188.84615371	4164.35897415	4197.56410243	4212.17948711	4189.99999986	4205.12820506	4195.76923063	
4189.61538448	4197.56410243	4334.23076944	4203.84615378	4171.66666653	4330.12820527	4308.4615386	4179.2307691	4156.79487159	4189.48717935	4202.5641025	4180.12820499	4197.94871781	4191.15384602	
4186.41025628	4198.97435884	4329.10256425	4199.61538448	4169.2307691	4325.76923091	4308.71794886	4178.58974345	4154.35897415	4186.92307679	4200.38461525	4177.82051269	4203.07692301	4191.28205115	
4189.99999986	4197.05128192	4324.3589745	4197.82051269	4168.97435884	4326.66666681	4309.61538476	4180.38461525	4159.48717928	4194.74358961	4199.35897422	4181.02564089	4199.35897422	4193.07692294	
4200.51282038	4197.30769217	4326.41025655	4201.28205122	4171.5384614	4328.20512835	4308.4615386	4185.51282038	4168.97435884	4203.07692301	4209.35897429	4189.74358961	4199.87179474	4199.2307691	
4204.10256404	4200.12820499	4327.30769245	4201.6666666	4172.30769217	4326.28205142	4306.53846168	4193.58974345	4172.17948704	4202.94871788	4211.41025634	4194.61538448	4210.51282045	4205.7692307	
4204.99999993	4200.64102551	4329.61538476	4203.07692301	4175.25641012	4327.82051296	4308.97435912	4197.30769217	4173.20512807	4206.02564096	4201.6666666	4195.25641012	4211.92307686	4208.33333327	
4214.10256404	4205.25641019	4336.92307714	4209.74358968	4183.3333332	4333.33333355	4312.69230784	4196.5384614	4183.07692294	4216.28205122	4205.38461532	4197.17948704	4212.05128199	4213.71794865	
4218.84615378	4210.89743583	4333.71794893	4210.89743583	4183.58974345	4332.05128219	4310.51282066	4194.74358961	4189.61538448	4219.35897429	4211.41025634	4196.28205115	4217.05128199	4218.84615378	
4211.28205122	4206.53846147	4323.33333348	4204.74358968	4174.74358961	4325.89743604	4306.53846168	4193.20512807	4183.58974345	4214.48717942	4201.15384609	4193.84615371	4214.48717942	4215.38461532	
4205.7692307	4200.51282038	4325.2564104	4203.84615378	4176.28205115	4327.43589758	4308.84615399	4195.25641012	4182.30769217	4214.35897429	4200.51282038	4198.46153833	4210.25641019	4213.58974352	
4204.23076917	4201.92307686	4333.5897438	4207.69230763	4180.51282038	4335.3846156	4312.43589758	4199.61538448	4186.5384614	4216.79487173	4211.28205122	4200.89743576	4216.02564096	4215.7692307	
4202.5641025	4203.71794865	4336.66666688	4204.61538455	4174.48717935	4338.5897438	4311.41025655	4195.76923063	4179.99999986	4210.89743583	4204.99999993	4192.56410243	4213.07692301	4208.33333327	
4201.41025634	4205.7692307	4338.5897438	4202.5641025	4173.07692294	4339.61538483	4314.23076937	4187.4358973	4169.10256397	4201.53846147	4195.12820499	4187.69230756	4203.20512814	4199.10256397	
4203.97435891	4207.82051275	4341.28205149	4206.6666666	4180.89743576	4340.25641047	4321.28205142	4187.69230756	4169.48717935	4198.97435884	4198.58974345	4190.51282038	4204.99999993	4202.17948711	
4204.23076917	4207.82051275	4341.79487201	4208.07692301	4182.30769217	4339.4871797	4319.3589745	4191.02564089	4172.4358973	4201.92307686	4201.6666666	4191.15384602	4204.99999993	4204.48717942	
4200.76923063	4210.51282045	4339.74358996	4209.48717942	4180.51282038	4338.84615406	4316.02564117	4188.3333332	4171.02564089	4205.38461532	4201.79487173	4187.56410243	4203.84615378	4202.05128199	
4204.48717942	4211.28205122	4339.4871797	4212.43589737	4182.94871781	4340.76923098	4322.05128219	4186.66666653	4176.41025628	4210.38461532	4201.41025634	4187.30769217	4211.53846147	4207.5641025	
4212.82051275	4209.61538455	4344.61538483	4214.99999993	4185.25641012	4347.82051303	4328.58974373	4190.38461525	4183.97435884	4214.74358968	4198.84615371	4191.15384602	4216.53846147	4215.38461532	
4216.79487173	4213.4615384	4350.51282073	4216.15384609	4185.64102551	4352.17948739	4327.17948732	4198.20512807	4185.64102551	4217.69230763	4206.02564096	4198.97435884	4216.41025634	4217.69230763	
4220.38461532	4219.99999993	4351.92307714	4217.69230763	4188.97435884	4351.53846175	4328.97435912	4205.12820506	4192.69230756	4222.43589737	4217.94871788	4205.38461532	4221.53846147	4221.41025634	
4226.79487173	4222.94871788	4354.23076944	4223.07692301	4196.02564089	4354.4871797	4334.74358996	4203.07692301	4198.20512807	4222.43589737	4212.94871788	4202.94871788	4221.6666666	4222.82051275	
4231.02564096	4224.61538455	4356.15384637	4228.4615384	4201.02564096	4355.51282073	4334.87179508	4197.30769217	4190.89743576	4219.23076917	4201.02564096	4199.48717935	4215.7692307	4219.48717942	
4230.64102558	4227.69230763	4350.25641047	4232.17948711	4203.07692301	4348.46153867	4328.97435912	4198.97435884	4184.74358961	4217.17948711	4202.17948711	4202.94871788	4218.07692301	4217.43589737	
4225.64102558	4227.05128199	4340.12820534	4230.64102558	4200.76923063	4340.00000021	4317.56410271	4198.20512807	4182.69230756	4209.23076917	4201.15384609	4200.51282038	4213.4615384	4212.30769224	
4214.99999993	4221.15384609	4327.82051296	4222.5641025	4191.5384614	4328.4615386	4302.17948732	4185.12820499	4173.07692294	4200.38461525	4187.82051269	4186.15384602	4200.12820499	4203.07692301	
4208.07692301	4213.4615384	4314.23076937	4214.61538455	4182.30769217	4313.84615399	4291.923077	4174.99999986	4160.12820492	4195.12820499	4180.38461525	4176.28205115	4196.28205115	4193.84615371	
4206.6666666	4214.23076917	4309.3589745	4213.4615384	4184.35897422	4307.56410271	4291.28205136	4176.02564089	4155.38461518	4190.12820499	4184.2307691	4176.5384614	4198.3333332	4188.07692294	
4207.82051275	4217.69230763	4312.17948732	4218.71794865	4193.3333332	4310.2564104	4292.43589751	4179.10256397	4159.35897415	4190.76923063	4192.05128192	4177.4358973	4198.84615371	4191.15384602	
4208.07692301	4216.53846147	4311.53846168	4223.97435891	4196.79487166	4313.07692322	4291.53846161	4179.87179474	4166.79487159	4198.58974345	4194.74358961	4179.10256397	4205.51282045	4198.97435884	
4210.89743583	4222.82051275	4311.92307707	4230.64102558	4200.64102551	4315.64102578	4292.43589751	4183.97435884	4173.97435884	4204.99999993	4198.07692294	4186.02564089	4215.89743583	4204.99999993	
4221.92307686	4232.05128199	4321.66666681	4239.61538462	4211.41025634	4321.28205142	4297.94871802	4192.05128192	4183.46153833	4213.71794865	4209.74358968	4193.84615371	4222.05128199	4212.5641025	
4232.17948711	4234.87179488	4325.89743604	4245.0	4217.69230763	4324.74358989	4302.05128219	4198.97435884	4189.48717935	4222.5641025	4217.30769224	4199.87179474	4225.89743583	4219.61538455	
4232.82051275	4233.71794865	4322.82051296	4245.64102564	4216.02564096	4323.58974373	4299.74358989	4201.6666666	4188.3333332	4221.28205122	4214.74358968	4202.43589737	4224.35897429	4217.94871788	
4231.53846147	4233.20512814	4324.3589745	4240.76923077	4214.35897429	4323.20512835	4296.66666674	4202.94871788	4193.84615371	4223.20512814	4213.4615384	4204.10256404	4219.87179481	4223.20512814	
4233.20512814	4231.92307686	4321.41025655	4236.66666667	4214.48717942	4320.64102578	4296.41025648	4207.05128199	4199.48717935	4229.35897429	4217.5641025	4207.43589737	4220.38461532	4233.07692301	
4232.69230763	4229.10256404	4312.17948732	4241.53846154	4214.74358968	4312.82051296	4294.10256418	4206.02564096	4194.35897422	4224.10256404	4218.33333327	4205.64102558	4222.43589737	4228.4615384	
4231.15384609	4230.7692307	4307.94871809	4243.07692308	4214.35897429	4306.66666681	4286.0256411	4200.38461525	4188.07692294	4217.30769224	4213.20512814	4200.38461525	4219.61538455	4218.97435891	
4232.94871788	4231.28205122	4308.4615386	4236.02564103	4211.79487173	4308.07692322	4279.48717956	4200.38461525	4189.48717935	4219.48717942	4207.17948711	4199.48717935	4216.92307686	4219.10256404	
4233.33333327	4228.07692301	4304.87179501	4235.0	4211.41025634	4306.28205142	4280.38461546	4202.05128199	4192.05128192	4220.12820506	4203.58974352	4201.28205122	4217.82051275	4221.02564096	
4231.6666666	4227.82051275	4296.923077	4239.10256411	4210.25641019	4297.94871802	4276.41025648	4195.64102551	4187.30769217	4217.17948711	4203.58974352	4196.92307679	4215.64102558	4217.30769224	
4230.64102558	4230.51282045	4292.05128212	4232.5641025	4203.07692301	4291.923077	4265.76923077	4191.41025628	4184.35897422	4217.17948711	4201.28205122	4192.30769217	4213.20512814	4217.82051275	
4229.99999993	4227.30769224	4292.17948725	4229.35897429	4204.23076917	4290.51282059	4265.8974359	4196.28205115	4187.05128192	4216.28205122	4199.87179474	4196.15384602	4215.38461532	4219.61538455	
4229.87179481	4228.07692301	4294.74358982	4241.15384616	4214.87179481	4292.69230777	4277.30769238	4199.35897422	4188.97435884	4219.23076917	4207.43589737	4199.87179474	4218.84615378	4219.87179481	
4235.51282052	4238.07692308	4298.20512828	4250.25641026	4221.6666666	4299.61538476	4281.53846161	4202.94871788	4193.58974345	4228.84615378	4217.05128199	4203.4615384	4222.69230763	4225.64102558	
4244.35897436	4239.87179488	4302.82051296	4250.8974359	4227.30769224	4305.00000014	4279.61538469	4209.87179481	4202.69230763	4233.07692301	4219.23076917	4212.17948711	4227.43589737	4232.94871788	
4245.51282052	4237.30769231	4307.17948732	4249.87179488	4230.38461532	4304.74358989	4280.89743597	4214.35897429	4204.61538455	4231.53846147	4218.07692301	4216.41025634	4232.05128199	4234.35897436	
4246.53846154	4239.87179488	4311.53846168	4248.71794872	4224.87179481	4309.10256425	4287.43589751	4214.74358968	4204.61538455	4235.8974359	4221.53846147	4213.97435891	4232.05128199	4235.38461539	
4248.97435898	4237.17948718	4308.71794886	4249.35897436	4219.10256404	4308.84615399	4285.76923084	4213.71794865	4204.74358968	4236.15384616	4222.05128199	4214.23076917	4224.48717942	4234.61538462	
4240.12820513	4230.51282045	4294.87179495	4247.6923077	4218.33333327	4292.82051289	4269.74358982	4210.12820506	4191.79487166	4222.82051275	4213.20512814	4210.7692307	4215.38461532	4223.84615378	
4229.35897429	4231.28205122	4289.74358982	4245.0	4217.94871788	4287.30769238	4258.58974359	4205.7692307	4180.76923063	4213.97435891	4209.23076917	4203.4615384	4214.99999993	4214.10256404	
4230.12820506	4235.12820513	4292.94871802	4245.76923077	4217.5641025	4292.30769238	4264.10256411	4204.23076917	4184.87179474	4216.6666666	4213.33333327	4203.20512814	4218.58974352	4215.51282045	
4233.07692301	4236.7948718	4286.0256411	4248.20512821	4217.17948711	4284.10256418	4265.8974359	4202.69230763	4189.10256397	4220.38461532	4217.43589737	4203.4615384	4218.07692301	4219.23076917	
4229.23076917	4236.15384616	4277.69230777	4247.43589744	4215.7692307	4275.51282059	4255.12820513	4197.56410243	4186.02564089	4219.35897429	4210.25641019	4197.56410243	4215.38461532	4218.20512814	
4226.6666666	4230.89743583	4274.35897443	4240.12820513	4212.82051275	4274.48717956	4247.56410257	4192.82051269	4181.02564089	4213.97435891	4200.64102551	4194.48717935	4213.4615384	4213.97435891	
4230.25641019	4227.69230763	4270.25641033	4231.92307686	4208.20512814	4268.97435905	4245.0	4194.61538448	4181.5384614	4213.97435891	4203.84615378	4197.4358973	4215.89743583	4215.51282045	
4230.25641019	4231.15384609	4272.05128212	4237.94871795	4211.92307686	4269.10256418	4245.64102564	4200.12820499	4190.25641012	4222.69230763	4211.79487173	4202.17948711	4219.99999993	4222.30769224	
4230.7692307	4238.71794872	4278.97435905	4255.25641026	4225.25641019	4277.69230777	4252.94871795	4206.28205122	4200.25641012	4231.92307686	4212.43589737	4208.84615378	4223.71794865	4229.87179481	
4242.43589744	4245.25641026	4284.10256418	4264.23076923	4234.48717949	4284.48717956	4263.46153847	4218.71794865	4209.87179481	4241.15384616	4215.7692307	4220.12820506	4232.43589737	4240.12820513	
4252.6923077	4247.6923077	4288.97435905	4264.61538462	4235.38461539	4289.35897443	4266.79487187	4230.64102558	4216.92307686	4249.48717949	4227.82051275	4231.15384609	4237.6923077	4248.46153847	
4250.12820513	4248.20512821	4295.1282052	4265.38461539	4236.02564103	4294.48717956	4265.38461539	4231.92307686	4215.89743583	4247.05128206	4232.5641025	4232.17948711	4232.5641025	4244.61538462	
4249.48717949	4248.20512821	4294.48717956	4264.61538462	4236.41025641	4292.94871802	4268.58974366	4224.48717942	4211.53846147	4239.48717949	4224.35897429	4224.23076917	4228.84615378	4236.41025641	
4253.58974359	4247.17948718	4287.30769238	4262.82051282	4235.12820513	4286.53846161	4264.48717949	4218.84615378	4208.4615384	4236.66666667	4221.15384609	4218.4615384	4232.30769224	4235.38461539	
4248.71794872	4246.66666667	4275.76923084	4262.17948718	4234.10256411	4276.15384623	4252.6923077	4218.71794865	4202.17948711	4232.82051275	4225.25641019	4218.97435891	4232.17948711	4234.23076923	
4243.20512821	4245.12820513	4264.48717949	4256.53846154	4230.38461532	4264.48717949	4241.53846154	4216.15384609	4196.5384614	4229.10256404	4223.4615384	4218.58974352	4225.64102558	4230.7692307	
4245.12820513	4244.23076923	4263.71794872	4254.10256411	4228.97435891	4262.6923077	4237.82051282	4213.20512814	4199.99999986	4230.64102558	4217.43589737	4216.41025634	4224.23076917	4231.15384609	
4242.17948718	4248.07692308	4262.05128206	4255.64102564	4229.99999993	4260.0	4233.84615385	4214.48717942	4203.4615384	4230.38461532	4218.07692301	4211.41025634	4229.74358968	4231.79487173	
4233.33333327	4246.41025641	4248.07692308	4253.07692308	4225.12820506	4247.94871795	4220.64102558	4217.5641025	4203.20512814	4231.53846147	4220.89743583	4210.38461532	4229.87179481	4233.58974352	
4229.99999993	4237.94871795	4238.33333334	4243.84615385	4213.97435891	4239.35897436	4213.20512814	4211.6666666	4200.76923063	4233.20512814	4216.02564096	4211.79487173	4222.5641025	4231.6666666	
4227.05128199	4228.71794865	4239.48717949	4233.97435898	4204.48717942	4238.71794872	4212.5641025	4195.25641012	4191.79487166	4223.07692301	4199.35897422	4198.97435884	4211.92307686	4220.12820506	
4217.43589737	4220.12820506	4231.92307686	4227.69230763	4198.07692294	4232.30769224	4203.71794865	4186.41025628	4179.74358961	4209.35897429	4186.92307679	4186.28205115	4204.10256404	4208.84615378	
4216.15384609	4219.23076917	4221.53846147	4224.87179481	4193.58974345	4222.43589737	4194.2307691	4195.89743576	4181.5384614	4216.02564096	4196.15384602	4197.17948704	4211.92307686	4215.64102558	
4231.15384609	4232.94871788	4237.56410257	4234.48717949	4206.02564096	4234.87179488	4209.23076917	4214.99999993	4205.38461532	4238.58974359	4221.41025634	4217.94871788	4235.64102564	4237.05128206	
4247.56410257	4245.38461539	4259.48717949	4253.33333334	4227.94871788	4257.94871795	4234.10256411	4223.58974352	4227.05128199	4255.51282052	4239.35897436	4223.33333327	4251.7948718	4253.71794872	
4251.7948718	4243.71794872	4257.94871795	4259.35897436	4230.25641019	4261.15384616	4233.97435898	4222.82051275	4223.58974352	4253.84615385	4242.43589744	4223.33333327	4251.7948718	4253.46153847	
4244.35897436	4239.48717949	4245.38461539	4249.74358975	4218.58974352	4247.05128206	4220.89743583	4224.23076917	4209.10256404	4240.38461539	4233.97435898	4226.41025634	4243.97435898	4241.66666667	
4234.87179488	4237.05128206	4236.28205129	4243.84615385	4215.25641019	4235.8974359	4211.92307686	4219.35897429	4198.71794858	4228.58974352	4222.43589737	4219.48717942	4234.10256411	4228.33333327	
4230.89743583	4233.4615384	4232.17948711	4244.61538462	4218.07692301	4232.69230763	4206.92307686	4212.43589737	4193.97435884	4226.02564096	4216.79487173	4212.5641025	4230.64102558	4221.79487173	
4231.28205122	4234.23076923	4233.33333327	4244.10256411	4215.7692307	4232.94871788	4203.97435891	4209.87179481	4196.5384614	4228.71794865	4217.05128199	4212.5641025	4232.05128199	4226.79487173	
4233.33333327	4238.33333334	4230.7692307	4245.51282052	4214.61538455	4232.82051275	4202.94871788	4207.94871788	4205.25641019	4233.07692301	4219.61538455	4211.41025634	4233.33333327	4235.64102564	
4231.6666666	4236.92307693	4222.17948711	4242.30769231	4212.5641025	4223.4615384	4196.02564089	4210.64102558	4206.28205122	4234.23076923	4219.48717942	4212.5641025	4235.12820513	4235.0	
4220.51282045	4230.7692307	4213.71794865	4233.4615384	4205.64102558	4210.25641019	4184.35897422	4212.69230763	4193.3333332	4224.48717942	4211.92307686	4213.20512814	4226.92307686	4222.30769224	
4214.10256404	4229.87179481	4205.25641019	4228.20512814	4198.58974345	4202.69230763	4177.30769217	4199.35897422	4183.20512807	4214.61538455	4204.10256404	4200.76923063	4213.20512814	4214.23076917	
4221.92307686	4230.25641019	4203.4615384	4227.69230763	4196.92307679	4202.82051275	4175.12820499	4197.05128192	4190.51282038	4222.30769224	4209.99999993	4200.89743576	4219.99999993	4223.71794865	
4231.28205122	4229.48717942	4212.5641025	4230.7692307	4203.33333327	4209.74358968	4180.89743576	4212.82051275	4201.15384609	4233.84615385	4226.41025634	4216.6666666	4235.38461539	4233.07692301	
4230.51282045	4228.4615384	4219.61538455	4233.33333327	4203.4615384	4217.94871788	4191.92307679	4213.71794865	4201.15384609	4233.33333327	4235.51282052	4216.02564096	4234.74358975	4232.82051275	
4230.38461532	4230.12820506	4227.94871788	4233.58974352	4200.89743576	4228.58974352	4200.51282038	4225.64102558	4207.5641025	4238.33333334	4244.35897436	4226.28205122	4236.53846154	4239.87179488	
4237.17948718	4234.61538462	4235.25641026	4234.74358975	4207.17948711	4234.23076923	4206.53846147	4258.33333334	4219.74358968	4249.35897436	4253.46153847	4257.30769231	4245.8974359	4249.48717949	
4234.23076923	4228.97435891	4224.48717942	4234.48717949	4207.82051275	4224.74358968	4199.48717935	4253.20512821	4212.17948711	4238.46153847	4244.35897436	4252.82051282	4238.46153847	4239.87179488	
4219.87179481	4220.51282045	4213.4615384	4228.97435891	4198.84615371	4216.15384609	4188.20512807	4226.41025634	4192.17948704	4218.97435891	4229.35897429	4224.87179481	4225.38461532	4221.53846147	
4216.15384609	4221.92307686	4218.97435891	4227.5641025	4197.17948704	4218.20512814	4190.76923063	4224.48717942	4187.4358973	4219.87179481	4230.12820506	4222.94871788	4228.20512814	4219.35897429	
4219.61538455	4223.07692301	4217.82051275	4230.89743583	4201.15384609	4217.94871788	4196.28205115	4223.84615378	4196.28205115	4229.48717942	4231.28205122	4224.61538455	4231.15384609	4228.20512814	
4218.71794865	4223.07692301	4215.64102558	4227.17948711	4198.3333332	4220.7692307	4194.74358961	4218.58974352	4200.89743576	4232.5641025	4226.92307686	4219.87179481	4228.4615384	4232.17948711	
4222.94871788	4228.58974352	4226.28205122	4219.74358968	4196.15384602	4229.87179481	4198.3333332	4228.84615378	4201.92307686	4232.17948711	4229.99999993	4229.10256404	4228.97435891	4231.15384609	
4229.74358968	4226.41025634	4235.25641026	4221.6666666	4198.71794858	4234.35897436	4209.35897429	4233.71794865	4207.94871788	4233.07692301	4232.82051275	4232.30769224	4231.53846147	4234.35897436	
4231.41025634	4225.64102558	4240.64102564	4230.89743583	4200.25641012	4241.15384616	4216.28205122	4230.64102558	4215.25641019	4241.02564103	4231.28205122	4230.51282045	4234.48717949	4244.87179488	
4231.41025634	4231.53846147	4245.12820513	4230.7692307	4201.53846147	4244.61538462	4218.4615384	4236.7948718	4215.12820506	4246.53846154	4232.17948711	4238.33333334	4235.25641026	4245.12820513	
4226.79487173	4224.87179481	4241.92307693	4219.35897429	4196.92307679	4236.28205129	4213.84615378	4236.53846154	4209.23076917	4238.33333334	4229.10256404	4237.6923077	4231.79487173	4234.23076923	
4221.79487173	4219.10256404	4242.6923077	4217.43589737	4193.07692294	4236.92307693	4213.84615378	4228.71794865	4204.99999993	4232.82051275	4226.53846147	4230.38461532	4228.4615384	4236.15384616	
