4192.4358973	4179.99999986	4177.82051269	4181.92307679	4156.41025621	4176.79487166	4153.205128	4121.53846126	4154.48717928	4187.56410243	4154.35897415	4118.84615357	4181.41025628	4202.5641025	
4193.84615371	4185.76923063	4189.10256397	4186.28205115	4160.25641005	4188.58974345	4159.9999998	4126.92307665	4160.25641005	4196.02564089	4163.205128	4124.74358947	4188.84615371	4205.25641019	
4202.30769224	4191.28205115	4192.17948704	4194.99999986	4169.35897422	4196.28205115	4166.66666646	4126.02564075	4161.41025621	4194.99999986	4164.61538441	4123.46153819	4193.97435884	4207.17948711	
4204.10256404	4195.12820499	4194.87179474	4194.74358961	4168.71794858	4197.69230756	4170.89743576	4128.71794844	4171.28205115	4203.71794865	4172.30769217	4129.10256383	4201.41025634	4215.38461532	
4203.4615384	4199.61538448	4201.53846147	4196.02564089	4168.3333332	4198.46153833	4174.61538448	4137.94871774	4179.35897422	4211.15384609	4176.41025628	4135.89743569	4210.38461532	4222.17948711	
4203.84615378	4193.71794858	4199.74358961	4194.61538448	4167.82051262	4198.46153833	4171.15384602	4131.41025614	4176.41025628	4207.82051275	4170.25641012	4127.94871767	4208.58974352	4218.4615384	
4206.41025634	4188.20512807	4195.51282038	4191.28205115	4163.46153826	4196.66666653	4168.71794858	4122.17948691	4173.58974345	4204.10256404	4166.15384595	4120.38461511	4202.05128199	4214.99999993	
4207.05128199	4188.07692294	4192.69230756	4186.79487166	4160.12820492	4191.15384602	4167.05128185	4124.74358947	4170.25641012	4204.23076917	4160.89743569	4121.41025614	4196.5384614	4214.74358968	
4201.15384609	4188.3333332	4191.15384602	4187.82051269	4161.66666646	4191.02564089	4164.87179467	4126.02564075	4170.76923063	4206.6666666	4159.9999998	4122.56410229	4199.2307691	4218.07692301	
4197.30769217	4185.89743576	4191.66666653	4192.17948704	4161.92307672	4192.82051269	4164.61538441	4123.0769228	4176.66666653	4208.58974352	4168.58974345	4121.92307665	4208.20512814	4218.58974352	
4200.64102551	4184.87179474	4196.02564089	4191.5384614	4158.71794851	4191.41025628	4168.07692287	4123.46153819	4171.92307679	4205.38461532	4170.64102551	4121.79487152	4207.5641025	4212.43589737	
4201.15384609	4191.5384614	4200.38461525	4191.79487166	4161.66666646	4198.97435884	4172.82051269	4122.82051255	4164.9999998	4203.07692301	4167.56410236	4121.41025614	4202.05128199	4210.64102558	
4199.35897422	4198.20512807	4202.82051275	4197.4358973	4169.61538448	4207.82051275	4176.41025628	4118.58974332	4169.61538448	4202.94871788	4168.3333332	4118.20512793	4200.25641012	4214.48717942	
4200.51282038	4196.41025628	4204.23076917	4196.41025628	4166.66666646	4202.43589737	4178.84615371	4117.05128178	4169.2307691	4199.87179474	4165.64102544	4113.33333306	4194.87179474	4211.53846147	
4203.97435891	4196.92307679	4202.82051275	4191.79487166	4165.25641005	4199.74358961	4179.99999986	4115.89743562	4163.33333313	4200.89743576	4158.07692287	4112.43589716	4191.41025628	4206.6666666	
4207.30769224	4200.12820499	4203.97435891	4194.87179474	4172.94871781	4209.23076917	4180.76923063	4116.53846126	4168.58974345	4205.51282045	4158.58974339	4118.84615357	4194.48717935	4211.6666666	
4203.71794865	4197.94871781	4208.71794865	4196.66666653	4171.5384614	4210.38461532	4180.25641012	4118.58974332	4170.64102551	4201.79487173	4162.17948697	4121.41025614	4196.02564089	4213.4615384	
4199.35897422	4192.17948704	4206.28205122	4193.3333332	4164.1025639	4203.20512814	4178.46153833	4116.66666639	4163.71794851	4197.30769217	4159.9999998	4114.61538434	4193.58974345	4208.97435891	
4203.4615384	4191.79487166	4199.2307691	4193.20512807	4164.74358954	4202.43589737	4177.05128192	4117.17948691	4164.87179467	4200.64102551	4161.02564082	4112.30769203	4193.07692294	4210.7692307	
4206.15384609	4193.20512807	4202.17948711	4194.87179474	4168.58974345	4207.82051275	4179.99999986	4122.05128178	4174.10256397	4206.15384609	4169.48717935	4119.99999973	4199.74358961	4217.69230763	
4203.07692301	4191.5384614	4210.51282045	4194.48717935	4167.43589723	4211.02564096	4184.2307691	4125.89743562	4181.5384614	4211.28205122	4176.28205115	4126.79487152	4212.69230763	4225.25641019	
4202.43589737	4192.30769217	4212.43589737	4195.25641012	4168.58974345	4211.53846147	4186.41025628	4129.48717921	4183.3333332	4215.38461532	4179.87179474	4129.48717921	4218.07692301	4228.33333327	
4202.94871788	4195.25641012	4211.79487173	4195.25641012	4169.10256397	4211.79487173	4187.05128192	4131.41025614	4180.64102551	4212.17948711	4183.71794858	4130.51282024	4213.20512814	4225.51282045	
4202.69230763	4197.69230756	4207.5641025	4190.25641012	4163.97435877	4207.30769224	4181.92307679	4129.10256383	4177.17948704	4208.4615384	4182.30769217	4127.82051255	4212.5641025	4221.15384609	
4203.97435891	4198.97435884	4204.48717942	4192.94871781	4167.56410236	4204.48717942	4179.99999986	4132.17948691	4180.76923063	4213.97435891	4182.05128192	4126.92307665	4217.69230763	4223.97435891	
4206.28205122	4200.76923063	4208.4615384	4204.99999993	4176.92307679	4209.23076917	4184.48717935	4139.74358954	4186.92307679	4220.12820506	4187.17948704	4136.15384595	4217.43589737	4229.35897429	
4204.87179481	4198.46153833	4204.99999993	4203.97435891	4173.84615371	4206.15384609	4180.89743576	4138.84615364	4181.02564089	4212.94871788	4184.99999986	4140.64102544	4208.4615384	4225.38461532	
4200.38461525	4194.2307691	4194.10256397	4196.15384602	4166.66666646	4193.97435884	4170.25641012	4141.28205108	4172.4358973	4205.12820506	4177.69230756	4139.1025639	4202.94871788	4219.35897429	
4202.94871788	4196.5384614	4196.79487166	4201.53846147	4172.4358973	4195.51282038	4170.25641012	4154.48717928	4179.99999986	4214.48717942	4181.15384602	4147.94871774	4213.20512814	4224.48717942	
4208.84615378	4200.38461525	4204.74358968	4208.20512814	4177.94871781	4204.87179481	4177.94871781	4164.1025639	4191.02564089	4224.35897429	4188.07692294	4161.28205108	4221.79487173	4234.35897436	
4207.69230763	4202.5641025	4201.02564096	4204.23076917	4175.76923063	4201.28205122	4173.58974345	4164.9999998	4191.02564089	4223.33333327	4188.71794858	4165.38461518	4219.61538455	4238.46153847	
4205.51282045	4201.15384609	4196.15384602	4201.79487173	4179.48717935	4195.25641012	4166.02564082	4171.15384602	4197.4358973	4229.48717942	4193.97435884	4170.51282038	4223.71794865	4241.15384616	
4208.07692301	4201.41025634	4197.17948704	4206.79487173	4180.38461525	4196.5384614	4171.15384602	4179.10256397	4208.58974352	4239.48717949	4198.46153833	4177.94871781	4231.28205122	4244.61538462	
4207.94871788	4202.17948711	4196.92307679	4205.12820506	4173.58974345	4196.41025628	4173.84615371	4178.71794858	4204.61538455	4234.48717949	4195.51282038	4177.94871781	4227.82051275	4245.12820513	
4205.64102558	4199.48717935	4196.79487166	4198.71794858	4172.56410243	4194.35897422	4166.02564082	4178.07692294	4195.64102551	4228.58974352	4194.48717935	4174.87179474	4225.64102558	4243.71794872	
4203.07692301	4193.58974345	4193.84615371	4195.76923063	4170.25641012	4193.58974345	4163.07692287	4178.97435884	4195.25641012	4228.84615378	4192.4358973	4174.35897422	4223.58974352	4239.74358975	
4202.69230763	4189.48717935	4193.20512807	4198.71794858	4165.76923056	4194.87179474	4170.25641012	4182.4358973	4195.64102551	4228.58974352	4188.97435884	4177.69230756	4216.28205122	4236.92307693	
4208.4615384	4195.12820499	4202.69230763	4203.20512814	4172.69230756	4201.15384609	4176.79487166	4188.58974345	4196.15384602	4229.87179481	4191.41025628	4184.87179474	4216.92307686	4238.46153847	
4210.7692307	4202.05128199	4210.51282045	4205.12820506	4180.38461525	4207.69230763	4180.12820499	4192.4358973	4196.02564089	4228.58974352	4191.28205115	4188.97435884	4221.92307686	4239.35897436	
4207.94871788	4199.10256397	4210.38461532	4207.30769224	4178.46153833	4209.35897429	4182.56410243	4193.58974345	4193.3333332	4224.35897429	4191.66666653	4192.4358973	4222.94871788	4237.6923077	
4207.5641025	4197.82051269	4210.51282045	4208.07692301	4178.3333332	4209.74358968	4187.17948704	4200.51282038	4197.17948704	4228.97435891	4201.02564096	4199.10256397	4223.84615378	4241.7948718	
4210.12820506	4202.05128199	4214.10256404	4205.38461532	4181.92307679	4213.71794865	4190.12820499	4208.84615378	4205.7692307	4238.20512821	4202.82051275	4204.48717942	4225.38461532	4247.17948718	
4209.10256404	4199.99999986	4216.28205122	4204.10256404	4179.2307691	4217.5641025	4189.48717935	4212.94871788	4202.82051275	4235.76923077	4198.46153833	4208.84615378	4224.87179481	4244.10256411	
4206.79487173	4198.07692294	4214.10256404	4205.89743583	4176.79487166	4216.53846147	4188.3333332	4218.84615378	4198.58974345	4232.82051275	4203.4615384	4216.28205122	4226.53846147	4241.53846154	
4208.33333327	4200.76923063	4211.02564096	4204.74358968	4178.97435884	4211.15384609	4182.94871781	4217.05128199	4203.33333327	4234.48717949	4205.12820506	4216.6666666	4227.30769224	4242.56410257	
4209.35897429	4196.79487166	4211.02564096	4201.6666666	4177.17948704	4207.94871788	4180.64102551	4212.82051275	4201.6666666	4230.51282045	4196.02564089	4215.12820506	4221.6666666	4240.76923077	
4208.58974352	4192.17948704	4213.84615378	4204.74358968	4175.38461525	4214.61538455	4188.46153833	4217.43589737	4194.10256397	4227.30769224	4196.41025628	4217.5641025	4218.58974352	4238.33333334	
4207.17948711	4196.5384614	4216.6666666	4205.89743583	4179.99999986	4221.02564096	4192.69230756	4219.48717942	4195.25641012	4229.74358968	4198.84615371	4216.53846147	4218.07692301	4239.48717949	
4209.23076917	4203.58974352	4219.48717942	4205.25641019	4183.46153833	4218.84615378	4189.99999986	4216.02564096	4199.74358961	4231.28205122	4192.4358973	4214.61538455	4217.05128199	4239.74358975	
4210.64102558	4204.10256404	4220.64102558	4210.51282045	4183.84615371	4218.4615384	4192.82051269	4221.15384609	4201.28205122	4231.02564096	4195.64102551	4220.64102558	4218.07692301	4240.25641026	
4209.48717942	4200.76923063	4227.82051275	4212.82051275	4187.69230756	4229.87179481	4204.35897429	4236.66666667	4205.89743583	4237.17948718	4208.33333327	4233.97435898	4227.5641025	4247.30769231	
4212.5641025	4200.51282038	4246.66666667	4210.7692307	4190.51282038	4247.30769231	4220.38461532	4249.23076923	4213.07692301	4244.48717949	4214.23076917	4248.07692308	4238.71794872	4256.66666667	
4214.48717942	4203.07692301	4266.15384616	4212.5641025	4187.4358973	4263.58974359	4241.7948718	4259.23076923	4211.79487173	4242.6923077	4207.94871788	4258.33333334	4234.74358975	4256.41025641	
4211.41025634	4198.97435884	4279.35897443	4210.25641019	4182.17948704	4278.97435905	4260.38461539	4273.46153853	4207.5641025	4238.71794872	4200.89743576	4271.79487187	4220.89743583	4248.84615385	
4209.23076917	4193.20512807	4297.43589751	4202.5641025	4173.84615371	4297.43589751	4277.82051289	4297.56410264	4215.38461532	4245.8974359	4203.97435891	4296.923077	4222.69230763	4254.87179488	
4213.97435891	4197.69230756	4321.02564117	4202.69230763	4175.51282038	4323.07692322	4301.41025655	4323.07692322	4227.5641025	4257.6923077	4215.38461532	4321.1538463	4237.94871795	4268.71794879	
4219.74358968	4205.12820506	4338.33333355	4209.74358968	4189.87179474	4341.66666688	4321.66666681	4331.41025655	4230.25641019	4263.71794872	4219.23076917	4328.33333348	4245.76923077	4273.46153853	
4218.58974352	4205.12820506	4344.4871797	4212.43589737	4191.02564089	4341.79487201	4325.38461553	4329.87179501	4229.99999993	4262.6923077	4215.12820506	4328.84615399	4246.41025641	4273.33333341	
4216.28205122	4202.94871788	4340.51282073	4208.07692301	4179.87179474	4335.76923098	4316.02564117	4327.43589758	4229.48717942	4257.56410257	4215.7692307	4326.92307707	4243.46153847	4269.48717956	
4216.92307686	4202.94871788	4333.33333355	4205.38461532	4179.87179474	4333.07692329	4310.12820527	4321.02564117	4226.28205122	4256.15384616	4218.07692301	4319.10256425	4242.17948718	4266.15384616	
4218.84615378	4202.30769224	4325.51282066	4211.02564096	4184.74358961	4324.74358989	4307.30769245	4312.17948732	4223.07692301	4256.7948718	4213.20512814	4310.64102578	4240.8974359	4263.97435898	
4214.61538455	4201.15384609	4310.38461553	4211.41025634	4180.38461525	4308.4615386	4290.1282052	4298.97435905	4211.28205122	4244.48717949	4195.76923063	4297.30769238	4224.87179481	4252.82051282	
4208.07692301	4199.61538448	4291.79487187	4199.2307691	4172.30769217	4293.58974366	4265.8974359	4280.76923084	4196.5384614	4229.87179481	4178.07692294	4279.2307693	4203.84615378	4237.6923077	
4208.58974352	4196.28205115	4281.923077	4194.2307691	4169.74358961	4282.94871802	4257.6923077	4274.87179495	4199.10256397	4232.5641025	4179.61538448	4275.25641033	4203.58974352	4241.02564103	
4210.7692307	4192.69230756	4274.10256418	4201.41025634	4172.4358973	4273.33333341	4254.87179488	4280.38461546	4211.6666666	4241.53846154	4195.38461525	4279.87179495	4219.35897429	4252.05128206	
4209.99999993	4193.71794858	4263.07692308	4203.97435891	4175.51282038	4264.87179488	4241.02564103	4279.61538469	4213.97435891	4244.10256411	4204.48717942	4277.56410264	4230.89743583	4251.7948718	
4213.07692301	4200.89743576	4261.28205129	4203.07692301	4177.82051269	4262.05128206	4234.35897436	4278.20512828	4215.38461532	4249.10256411	4206.41025634	4277.05128212	4239.35897436	4257.94871795	
4218.07692301	4204.87179481	4261.53846154	4208.33333327	4179.99999986	4260.64102564	4239.61538462	4282.94871802	4224.48717942	4255.76923077	4212.5641025	4282.69230777	4245.64102564	4267.30769238	
4216.53846147	4201.15384609	4256.02564103	4212.43589737	4181.41025628	4257.05128206	4234.87179488	4278.97435905	4223.20512814	4252.17948718	4212.69230763	4279.61538469	4240.51282052	4262.30769231	
4214.99999993	4200.51282038	4252.05128206	4210.25641019	4183.97435884	4253.07692308	4224.61538455	4270.64102571	4212.17948711	4244.10256411	4205.51282045	4269.2307693	4231.92307686	4252.94871795	
4216.02564096	4206.28205122	4249.35897436	4209.10256404	4186.02564089	4245.8974359	4221.92307686	4267.17948725	4209.61538455	4241.02564103	4204.87179481	4263.84615385	4232.5641025	4250.76923077	
4211.79487173	4204.48717942	4238.07692308	4209.35897429	4183.58974345	4235.76923077	4215.64102558	4264.74358975	4208.4615384	4237.17948718	4208.4615384	4262.05128206	4235.12820513	4248.58974359	
4207.43589737	4201.15384609	4226.53846147	4206.02564096	4180.12820499	4227.69230763	4204.10256404	4264.10256411	4200.76923063	4231.6666666	4204.35897429	4260.8974359	4227.30769224	4240.76923077	
4208.71794865	4204.61538455	4231.41025634	4206.6666666	4182.56410243	4228.71794865	4201.6666666	4265.12820513	4199.87179474	4232.82051275	4200.76923063	4261.15384616	4221.92307686	4239.61538462	
4214.99999993	4207.05128199	4238.84615385	4213.20512814	4188.3333332	4234.61538462	4208.97435891	4269.61538469	4209.61538455	4241.7948718	4207.17948711	4266.53846154	4232.17948711	4249.61538462	
4219.10256404	4206.79487173	4232.05128199	4212.94871788	4189.10256397	4233.4615384	4209.35897429	4273.46153853	4212.69230763	4245.76923077	4209.99999993	4272.82051289	4240.64102564	4256.15384616	
4214.74358968	4205.89743583	4223.33333327	4206.79487173	4180.25641012	4223.4615384	4197.82051269	4270.51282059	4207.30769224	4240.76923077	4206.15384609	4270.1282052	4237.6923077	4251.15384616	
4208.58974352	4201.15384609	4220.7692307	4202.94871788	4172.17948704	4216.92307686	4189.10256397	4263.97435898	4202.69230763	4236.41025641	4200.51282038	4261.66666667	4230.51282045	4243.97435898	
4209.99999993	4198.3333332	4217.94871788	4201.41025634	4174.10256397	4218.4615384	4189.61538448	4258.33333334	4200.76923063	4235.38461539	4192.05128192	4257.17948718	4225.89743583	4241.92307693	
4216.79487173	4203.71794865	4219.61538455	4204.48717942	4177.17948704	4223.4615384	4196.15384602	4263.07692308	4207.43589737	4238.58974359	4193.07692294	4264.10256411	4230.7692307	4247.43589744	
4218.97435891	4205.38461532	4227.43589737	4208.71794865	4177.69230756	4228.4615384	4200.89743576	4274.10256418	4217.5641025	4244.61538462	4203.97435891	4272.56410264	4242.43589744	4259.10256411	
4214.99999993	4200.89743576	4224.23076917	4206.15384609	4176.15384602	4223.84615378	4198.20512807	4272.30769238	4214.10256404	4242.94871795	4204.10256404	4268.71794879	4239.35897436	4256.92307693	
4210.25641019	4199.48717935	4215.64102558	4202.69230763	4175.25641012	4216.53846147	4192.30769217	4265.25641026	4204.61538455	4237.17948718	4195.51282038	4263.20512821	4224.48717942	4246.02564103	
4212.05128199	4199.48717935	4218.58974352	4204.61538455	4176.79487166	4219.87179481	4192.4358973	4271.923077	4206.92307686	4238.84615385	4199.48717935	4268.97435905	4224.61538455	4247.6923077	
4216.53846147	4200.76923063	4223.07692301	4203.84615378	4177.4358973	4222.69230763	4193.3333332	4275.1282052	4206.92307686	4237.43589744	4205.25641019	4271.79487187	4228.58974352	4248.07692308	
4214.35897429	4205.25641019	4221.92307686	4204.74358968	4178.58974345	4219.74358968	4192.94871781	4263.33333334	4199.61538448	4231.41025634	4198.3333332	4263.97435898	4224.10256404	4240.12820513	
4212.5641025	4205.51282045	4222.43589737	4211.28205122	4183.20512807	4221.28205122	4196.15384602	4262.6923077	4203.4615384	4235.38461539	4194.48717935	4263.71794872	4229.35897429	4240.0	
4215.51282045	4201.53846147	4222.05128199	4211.28205122	4184.87179474	4221.79487173	4194.10256397	4267.30769238	4206.79487173	4237.56410257	4195.38461525	4265.64102564	4234.48717949	4244.35897436	
4215.38461532	4203.33333327	4221.28205122	4209.87179481	4184.61538448	4220.12820506	4192.30769217	4263.20512821	4200.12820499	4231.53846147	4195.89743576	4262.6923077	4227.69230763	4244.35897436	
4215.25641019	4206.79487173	4226.15384609	4217.69230763	4190.38461525	4227.82051275	4203.58974352	4266.79487187	4199.61538448	4234.23076923	4202.17948711	4265.51282052	4222.82051275	4243.46153847	
4216.02564096	4208.97435891	4229.23076917	4218.97435891	4191.41025628	4232.43589737	4209.48717942	4271.53846161	4202.94871788	4238.71794872	4207.94871788	4267.56410264	4225.89743583	4241.92307693	
4214.74358968	4209.61538455	4228.4615384	4212.05128199	4188.71794858	4226.28205122	4200.89743576	4267.43589751	4206.28205122	4238.58974359	4208.33333327	4264.61538462	4231.02564096	4244.23076923	
4214.23076917	4205.89743583	4227.43589737	4213.33333327	4189.2307691	4223.58974352	4197.94871781	4265.0	4209.23076917	4239.10256411	4207.82051275	4265.0	4232.43589737	4248.33333334	
4213.58974352	4202.82051275	4224.48717942	4215.12820506	4185.89743576	4226.15384609	4202.30769224	4263.58974359	4201.28205122	4234.10256411	4201.28205122	4263.20512821	4226.28205122	4242.30769231	
4211.02564096	4204.10256404	4221.79487173	4209.23076917	4181.5384614	4221.6666666	4197.4358973	4254.48717949	4192.17948704	4225.12820506	4190.51282038	4252.05128206	4220.89743583	4233.58974352	
4211.41025634	4202.82051275	4221.02564096	4207.05128199	4181.15384602	4215.38461532	4188.84615371	4249.35897436	4193.07692294	4223.71794865	4189.74358961	4246.92307693	4222.17948711	4234.23076923	
4212.82051275	4199.35897422	4220.51282045	4208.07692301	4179.99999986	4219.10256404	4192.94871781	4255.38461539	4194.48717935	4226.41025634	4193.58974345	4254.10256411	4223.20512814	4237.6923077	
4213.71794865	4201.15384609	4222.05128199	4206.53846147	4179.61538448	4224.99999993	4201.15384609	4257.82051282	4193.3333332	4226.6666666	4195.64102551	4256.92307693	4223.84615378	4237.6923077	
4217.43589737	4205.7692307	4225.89743583	4210.12820506	4184.99999986	4226.53846147	4199.74358961	4251.7948718	4192.17948704	4223.71794865	4196.92307679	4251.92307693	4219.48717942	4236.02564103	
4219.48717942	4208.07692301	4226.92307686	4213.58974352	4186.5384614	4224.74358968	4196.66666653	4245.8974359	4193.07692294	4223.71794865	4192.4358973	4246.7948718	4211.79487173	4236.02564103	
4220.25641019	4209.74358968	4228.84615378	4213.20512814	4185.64102551	4226.53846147	4201.41025634	4251.92307693	4202.30769224	4234.35897436	4195.38461525	4250.51282052	4225.89743583	4245.8974359	
4223.97435891	4214.99999993	4233.58974352	4219.35897429	4194.74358961	4232.94871788	4209.35897429	4261.02564103	4214.74358968	4247.82051282	4211.28205122	4257.82051282	4247.94871795	4258.07692308	
4222.30769224	4213.4615384	4231.79487173	4222.43589737	4197.4358973	4232.43589737	4207.94871788	4255.38461539	4210.7692307	4244.48717949	4209.35897429	4252.6923077	4237.30769231	4252.6923077	
4214.48717942	4203.20512814	4224.10256404	4212.43589737	4184.61538448	4222.94871788	4197.05128192	4245.51282052	4200.51282038	4231.53846147	4194.99999986	4241.53846154	4223.33333327	4240.12820513	
4214.87179481	4203.84615378	4222.69230763	4208.84615378	4182.05128192	4220.25641019	4194.35897422	4243.58974359	4203.07692301	4233.33333327	4201.6666666	4239.48717949	4235.38461539	4243.46153847	
4220.12820506	4213.4615384	4229.10256404	4218.33333327	4191.5384614	4229.10256404	4203.71794865	4240.8974359	4207.69230763	4241.7948718	4210.25641019	4238.84615385	4236.92307693	4247.17948718	
4219.48717942	4211.15384609	4229.48717942	4218.20512814	4189.48717935	4230.12820506	4204.74358968	4232.82051275	4200.76923063	4234.35897436	4198.58974345	4230.7692307	4219.74358968	4238.97435898	
4216.79487173	4201.41025634	4222.05128199	4205.7692307	4178.71794858	4221.41025634	4195.12820499	4229.48717942	4191.92307679	4221.92307686	4188.07692294	4226.02564096	4213.71794865	4235.12820513	
4216.79487173	4199.74358961	4219.61538455	4204.48717942	4179.74358961	4219.61538455	4193.84615371	4231.6666666	4194.61538448	4225.38461532	4192.17948704	4228.07692301	4220.64102558	4240.25641026	
4217.17948711	4203.71794865	4222.69230763	4210.64102558	4183.07692294	4223.20512814	4197.30769217	4229.48717942	4200.38461525	4231.53846147	4195.51282038	4227.30769224	4220.89743583	4241.7948718	
4216.79487173	4201.92307686	4223.71794865	4207.82051275	4177.05128192	4221.28205122	4192.4358973	4222.05128199	4194.74358961	4224.23076917	4187.4358973	4220.89743583	4213.33333327	4235.8974359	
4213.84615378	4199.2307691	4222.69230763	4202.05128199	4175.89743576	4218.33333327	4191.15384602	4218.33333327	4187.05128192	4218.97435891	4182.69230756	4215.7692307	4210.51282045	4231.6666666	
4212.43589737	4202.82051275	4221.79487173	4204.87179481	4181.5384614	4221.41025634	4197.4358973	4221.41025634	4190.89743576	4222.82051275	4188.84615371	4217.69230763	4214.10256404	4235.0	
4216.02564096	4205.64102558	4216.41025634	4211.02564096	4183.20512807	4218.20512814	4192.05128192	4218.4615384	4195.51282038	4224.35897429	4192.82051269	4216.53846147	4217.43589737	4236.53846154	
4214.48717942	4204.35897429	4207.5641025	4209.87179481	4179.35897422	4207.05128199	4178.97435884	4212.05128199	4189.99999986	4221.41025634	4184.61538448	4210.64102558	4215.7692307	4229.61538455	
4209.99999993	4203.97435891	4201.53846147	4205.89743583	4178.97435884	4200.89743576	4175.64102551	4213.71794865	4188.20512807	4221.28205122	4178.07692294	4212.05128199	4214.48717942	4225.7692307	
4212.69230763	4206.02564096	4198.71794858	4209.35897429	4182.30769217	4199.2307691	4175.76923063	4216.53846147	4190.12820499	4221.15384609	4182.30769217	4216.6666666	4211.41025634	4229.10256404	
4212.30769224	4203.07692301	4194.10256397	4211.15384609	4183.07692294	4193.3333332	4167.05128185	4214.35897429	4185.51282038	4217.30769224	4185.38461525	4214.10256404	4205.89743583	4226.92307686	
4208.4615384	4201.02564096	4190.12820499	4207.69230763	4182.69230756	4189.87179474	4160.25641005	4213.07692301	4184.10256397	4216.92307686	4183.97435884	4210.25641019	4204.74358968	4225.12820506	
4212.94871788	4206.41025634	4195.38461525	4210.64102558	4184.74358961	4196.66666653	4168.46153833	4216.41025634	4190.51282038	4222.5641025	4188.97435884	4214.61538455	4209.99999993	4232.82051275	
4217.30769224	4209.23076917	4200.76923063	4215.12820506	4188.58974345	4201.02564096	4176.15384602	4219.10256404	4194.87179474	4227.69230763	4198.3333332	4219.74358968	4217.30769224	4238.71794872	
4213.07692301	4206.92307686	4195.76923063	4209.87179481	4188.3333332	4194.48717935	4172.30769217	4216.92307686	4192.17948704	4224.10256404	4194.48717935	4216.41025634	4213.20512814	4232.30769224	
4215.51282045	4207.5641025	4196.66666653	4211.28205122	4187.82051269	4195.25641012	4171.28205115	4215.38461532	4190.38461525	4219.23076917	4190.89743576	4213.07692301	4210.89743583	4231.15384609	
4220.7692307	4216.15384609	4206.6666666	4220.51282045	4191.92307679	4206.53846147	4180.64102551	4218.07692301	4194.87179474	4226.92307686	4199.2307691	4219.10256404	4221.15384609	4239.35897436	
4216.28205122	4213.20512814	4207.94871788	4217.69230763	4191.28205115	4206.41025634	4180.12820499	4219.10256404	4197.05128192	4231.6666666	4198.71794858	4217.5641025	4219.87179481	4239.87179488	
4214.74358968	4202.5641025	4205.64102558	4210.38461532	4186.79487166	4203.20512814	4174.61538448	4214.74358968	4194.74358961	4226.28205122	4192.82051269	4208.07692301	4208.71794865	4237.94871795	
4217.5641025	4205.38461532	4210.25641019	4212.17948711	4189.48717935	4210.25641019	4181.66666653	4210.51282045	4194.2307691	4223.84615378	4197.94871781	4206.6666666	4211.79487173	4239.10256411	
4214.48717942	4208.07692301	4211.28205122	4215.64102558	4191.79487166	4212.30769224	4187.94871781	4205.38461532	4192.69230756	4224.61538455	4201.28205122	4206.92307686	4224.74358968	4234.35897436	
4214.35897429	4204.35897429	4212.43589737	4214.48717942	4188.3333332	4210.12820506	4187.4358973	4201.15384609	4190.51282038	4225.7692307	4198.3333332	4201.92307686	4225.7692307	4232.69230763	
4218.33333327	4205.89743583	4218.33333327	4215.38461532	4189.99999986	4215.12820506	4188.46153833	4200.64102551	4192.05128192	4226.79487173	4201.53846147	4199.35897422	4218.58974352	4239.35897436	
4215.51282045	4208.71794865	4216.02564096	4217.05128199	4192.30769217	4216.6666666	4188.84615371	4198.58974345	4193.46153833	4224.48717942	4204.23076917	4195.89743576	4220.51282045	4236.15384616	
4214.10256404	4207.82051275	4211.6666666	4215.51282045	4188.71794858	4213.58974352	4188.71794858	4192.94871781	4192.94871781	4224.10256404	4201.02564096	4188.71794858	4224.99999993	4232.5641025	
4217.05128199	4208.71794865	4213.84615378	4214.99999993	4190.38461525	4213.4615384	4188.20512807	4187.82051269	4193.46153833	4227.17948711	4197.94871781	4186.79487166	4217.17948711	4237.17948718	
4215.7692307	4208.71794865	4212.30769224	4213.4615384	4192.17948704	4209.87179481	4184.35897422	4185.51282038	4191.66666653	4224.35897429	4194.2307691	4186.02564089	4206.79487173	4232.94871788	
4212.69230763	4205.12820506	4206.28205122	4211.53846147	4186.15384602	4207.69230763	4180.64102551	4184.2307691	4189.87179474	4220.12820506	4192.69230756	4182.69230756	4209.99999993	4226.79487173	
4210.12820506	4204.10256404	4204.99999993	4212.94871788	4182.82051269	4209.35897429	4180.64102551	4182.4358973	4188.20512807	4221.6666666	4192.05128192	4180.25641012	4213.84615378	4229.10256404	
4210.38461532	4202.82051275	4206.15384609	4214.87179481	4184.2307691	4204.74358968	4179.35897422	4178.97435884	4184.10256397	4220.7692307	4190.38461525	4175.51282038	4209.99999993	4231.41025634	
4210.7692307	4204.35897429	4203.97435891	4211.92307686	4185.38461525	4201.53846147	4177.17948704	4172.17948704	4180.12820499	4214.74358968	4185.51282038	4168.58974345	4203.07692301	4225.12820506	
4209.87179481	4204.23076917	4200.25641012	4208.4615384	4185.76923063	4203.07692301	4176.02564089	4160.25641005	4175.25641012	4205.89743583	4175.38461525	4158.97435877	4190.25641012	4214.99999993	
4209.87179481	4199.48717935	4197.94871781	4206.15384609	4182.56410243	4201.02564096	4174.99999986	4151.79487159	4168.84615371	4201.53846147	4168.84615371	4152.56410236	4181.5384614	4211.41025634	
4208.84615378	4199.61538448	4198.20512807	4201.79487173	4176.41025628	4194.74358961	4171.5384614	4151.92307672	4167.43589723	4205.25641019	4169.74358961	4150.25641005	4183.20512807	4214.74358968	
4208.97435891	4202.17948711	4202.5641025	4204.87179481	4177.17948704	4198.71794858	4173.46153833	4152.05128185	4175.51282038	4211.79487173	4173.58974345	4151.66666646	4188.46153833	4222.43589737	
4215.25641019	4204.74358968	4210.7692307	4212.82051275	4184.48717935	4211.79487173	4186.79487166	4157.43589723	4187.94871781	4219.99999993	4181.5384614	4160.12820492	4196.28205115	4232.69230763	
4218.33333327	4207.17948711	4215.64102558	4212.69230763	4188.20512807	4216.15384609	4192.94871781	4170.89743576	4196.66666653	4228.07692301	4192.82051269	4168.71794858	4209.35897429	4239.10256411	
4212.94871788	4203.58974352	4209.87179481	4211.15384609	4186.92307679	4208.97435891	4182.05128192	4170.89743576	4190.12820499	4224.48717942	4194.35897422	4164.9999998	4210.64102558	4231.92307686	
4209.99999993	4201.15384609	4201.02564096	4212.17948711	4184.87179474	4200.38461525	4171.41025628	4155.51282031	4176.79487166	4213.07692301	4188.20512807	4155.25641005	4197.4358973	4221.28205122	
4210.7692307	4202.5641025	4197.05128192	4208.97435891	4183.20512807	4197.4358973	4170.12820499	4154.23076903	4175.51282038	4210.64102558	4190.76923063	4155.51282031	4197.56410243	4221.92307686	
4208.07692301	4200.64102551	4192.69230756	4205.12820506	4181.5384614	4194.61538448	4166.53846133	4162.17948697	4178.84615371	4212.05128199	4194.10256397	4157.3076921	4202.17948711	4223.4615384	
4206.41025634	4197.69230756	4188.97435884	4206.41025634	4180.76923063	4190.76923063	4160.38461518	4161.92307672	4176.92307679	4210.89743583	4189.35897422	4157.17948697	4193.58974345	4221.92307686	
4208.97435891	4197.69230756	4192.94871781	4206.28205122	4180.51282038	4192.69230756	4162.43589723	4163.58974339	4179.99999986	4216.6666666	4190.12820499	4163.84615364	4197.4358973	4224.35897429	
4210.12820506	4199.87179474	4198.58974345	4204.99999993	4176.66666653	4197.05128192	4168.20512807	4170.76923063	4185.89743576	4220.7692307	4196.15384602	4171.28205115	4209.61538455	4227.17948711	
4208.33333327	4201.02564096	4193.3333332	4204.48717942	4173.58974345	4194.61538448	4166.28205108	4176.5384614	4182.05128192	4212.94871788	4188.07692294	4175.89743576	4199.74358961	4223.33333327	
4209.48717942	4200.64102551	4190.25641012	4203.20512814	4178.3333332	4192.05128192	4163.33333313	4182.94871781	4178.07692294	4209.10256404	4179.87179474	4181.5384614	4191.5384614	4219.74358968	
4211.15384609	4201.41025634	4195.89743576	4201.79487173	4180.76923063	4195.76923063	4167.56410236	4187.82051269	4181.66666653	4214.10256404	4186.66666653	4186.28205115	4204.48717942	4222.5641025	
4209.99999993	4202.82051275	4196.15384602	4199.74358961	4172.56410243	4194.10256397	4166.53846133	4185.12820499	4178.71794858	4209.99999993	4186.66666653	4184.35897422	4200.89743576	4219.23076917	
4207.69230763	4199.74358961	4189.2307691	4196.15384602	4166.66666646	4187.56410243	4161.66666646	4184.35897422	4170.25641012	4203.97435891	4176.02564089	4183.46153833	4181.28205115	4211.02564096	
4206.53846147	4196.15384602	4182.69230756	4192.82051269	4166.28205108	4184.10256397	4159.1025639	4187.4358973	4168.07692287	4203.97435891	4172.56410243	4185.12820499	4178.84615371	4210.7692307	
4205.12820506	4196.92307679	4184.2307691	4192.4358973	4165.12820492	4183.3333332	4158.33333313	4192.4358973	4171.28205115	4202.17948711	4176.28205115	4191.02564089	4186.41025628	4213.97435891	
4203.71794865	4194.61538448	4190.64102551	4195.64102551	4169.2307691	4187.30769217	4161.02564082	4205.25641019	4174.2307691	4205.25641019	4177.82051269	4206.92307686	4188.71794858	4216.28205122	
4205.25641019	4194.35897422	4192.05128192	4198.3333332	4171.79487166	4192.94871781	4162.94871774	4218.20512814	4176.66666653	4211.41025634	4178.20512807	4217.43589737	4189.35897422	4218.71794865	
4207.05128199	4196.66666653	4191.66666653	4194.74358961	4166.53846133	4195.51282038	4165.38461518	4225.51282045	4176.28205115	4209.99999993	4181.41025628	4221.28205122	4191.02564089	4218.58974352	
4206.92307686	4194.10256397	4195.64102551	4191.28205115	4165.64102544	4196.02564089	4169.99999986	4229.99999993	4175.89743576	4207.82051275	4186.41025628	4227.94871788	4195.12820499	4217.5641025	
4201.92307686	4191.28205115	4197.94871781	4193.84615371	4168.71794858	4194.87179474	4169.87179474	4234.23076923	4175.25641012	4209.48717942	4188.84615371	4233.20512814	4195.12820499	4217.05128199	
4199.48717935	4190.89743576	4195.38461525	4195.89743576	4168.71794858	4193.20512807	4165.25641005	4239.61538462	4174.74358961	4209.23076917	4187.69230756	4237.6923077	4190.25641012	4217.5641025	
4206.28205122	4194.61538448	4198.07692294	4197.30769217	4168.07692287	4196.28205115	4168.07692287	4251.92307693	4182.69230756	4213.07692301	4194.2307691	4248.97435898	4198.58974345	4222.69230763	
4209.61538455	4197.56410243	4203.07692301	4195.12820499	4168.97435884	4201.28205122	4173.84615371	4263.46153847	4189.61538448	4219.10256404	4203.20512814	4260.64102564	4213.58974352	4229.99999993	
4206.53846147	4194.2307691	4202.05128199	4191.28205115	4168.3333332	4200.64102551	4172.94871781	4262.94871795	4186.5384614	4218.84615378	4201.92307686	4261.92307693	4209.87179481	4228.33333327	
4206.92307686	4191.5384614	4199.48717935	4192.56410243	4166.41025621	4198.46153833	4173.71794858	4267.69230777	4187.82051269	4221.53846147	4198.84615371	4266.02564103	4203.58974352	4226.28205122	
4208.84615378	4194.74358961	4201.6666666	4196.66666653	4166.66666646	4202.30769224	4176.28205115	4278.20512828	4192.69230756	4225.51282045	4205.7692307	4272.82051289	4213.4615384	4232.30769224	
4206.6666666	4195.76923063	4204.99999993	4196.02564089	4169.2307691	4205.38461532	4175.25641012	4274.48717956	4189.48717935	4220.64102558	4206.41025634	4272.69230777	4215.25641019	4231.53846147	
4205.64102558	4193.97435884	4204.48717942	4194.48717935	4168.58974345	4202.5641025	4174.35897422	4267.30769238	4180.51282038	4212.69230763	4194.10256397	4269.74358982	4201.53846147	4223.07692301	
4209.61538455	4197.69230756	4204.48717942	4198.97435884	4169.2307691	4202.5641025	4176.28205115	4273.84615392	4180.38461525	4214.74358968	4193.20512807	4271.79487187	4201.28205122	4223.97435891	
4213.97435891	4205.12820506	4209.74358968	4206.92307686	4178.58974345	4211.92307686	4184.48717935	4284.35897443	4191.92307679	4223.71794865	4208.71794865	4279.35897443	4218.84615378	4234.74358975	
4218.33333327	4210.12820506	4217.69230763	4211.92307686	4184.74358961	4218.84615378	4194.35897422	4287.56410264	4198.58974345	4228.07692301	4216.6666666	4285.25641033	4227.69230763	4241.02564103	
4218.84615378	4208.33333327	4218.84615378	4207.82051275	4182.82051269	4216.79487173	4193.97435884	4285.51282059	4193.71794858	4227.17948711	4211.41025634	4282.94871802	4218.20512814	4237.05128206	
4214.61538455	4203.71794865	4214.23076917	4205.51282045	4182.94871781	4213.58974352	4189.10256397	4279.61538469	4190.76923063	4223.4615384	4205.7692307	4277.69230777	4207.05128199	4232.69230763	
4213.20512814	4205.51282045	4215.25641019	4210.38461532	4183.84615371	4214.87179481	4190.76923063	4278.71794879	4194.48717935	4221.92307686	4204.10256404	4277.30769238	4210.64102558	4233.4615384	
4213.4615384	4204.87179481	4215.7692307	4206.02564096	4181.15384602	4212.94871788	4187.30769217	4279.10256418	4192.69230756	4224.61538455	4202.05128199	4272.69230777	4217.82051275	4233.84615385	
4210.64102558	4196.02564089	4206.79487173	4198.20512807	4175.51282038	4206.6666666	4176.02564089	4270.1282052	4181.79487166	4218.58974352	4196.79487166	4263.20512821	4207.17948711	4224.48717942	
4207.82051275	4192.30769217	4202.05128199	4198.71794858	4172.4358973	4204.10256404	4174.35897422	4261.41025641	4173.58974345	4207.69230763	4194.35897422	4262.6923077	4194.48717935	4217.30769224	
4210.12820506	4197.4358973	4204.99999993	4204.35897429	4177.05128192	4204.99999993	4178.3333332	4262.94871795	4179.10256397	4211.15384609	4197.30769217	4263.97435898	4202.17948711	4223.84615378	
4212.05128199	4203.97435891	4205.12820506	4208.71794865	4183.07692294	4205.51282045	4178.71794858	4268.20512828	4191.5384614	4223.20512814	4205.25641019	4264.23076923	4213.58974352	4233.71794865	
4211.28205122	4203.33333327	4205.38461532	4205.89743583	4182.05128192	4204.99999993	4179.99999986	4270.1282052	4195.51282038	4227.5641025	4213.33333327	4270.25641033	4213.84615378	4236.66666667	
4210.89743583	4199.61538448	4208.07692301	4202.5641025	4178.07692294	4205.12820506	4179.87179474	4263.58974359	4185.38461525	4218.97435891	4206.53846147	4266.79487187	4205.25641019	4232.69230763	
4210.12820506	4199.87179474	4204.99999993	4205.12820506	4176.15384602	4204.61538455	4177.17948704	4255.0	4177.69230756	4209.87179481	4192.82051269	4253.20512821	4195.12820499	4226.15384609	
4210.38461532	4200.25641012	4203.71794865	4202.5641025	4174.2307691	4204.48717942	4177.05128192	4258.07692308	4185.89743576	4218.07692301	4196.79487166	4255.64102564	4199.74358961	4225.12820506	
4210.25641019	4200.76923063	4208.58974352	4197.30769217	4172.94871781	4208.58974352	4179.61538448	4264.23076923	4192.94871781	4227.43589737	4208.97435891	4262.82051282	4209.74358968	4231.41025634	
4209.74358968	4201.53846147	4212.17948711	4199.35897422	4173.20512807	4212.17948711	4183.20512807	4256.66666667	4189.10256397	4220.89743583	4207.69230763	4253.84615385	4207.30769224	4234.35897436	
4208.58974352	4200.38461525	4211.6666666	4199.61538448	4172.69230756	4210.38461532	4185.76923063	4246.41025641	4187.17948704	4216.79487173	4199.2307691	4244.74358975	4206.02564096	4229.35897429	
4209.74358968	4197.94871781	4209.61538455	4196.79487166	4170.38461525	4208.07692301	4183.84615371	4245.38461539	4182.69230756	4218.07692301	4193.71794858	4245.51282052	4205.89743583	4224.74358968	
4213.84615378	4202.82051275	4208.33333327	4204.35897429	4173.71794858	4209.48717942	4183.84615371	4246.02564103	4178.71794858	4216.15384609	4198.07692294	4244.87179488	4200.25641012	4226.53846147	
4215.25641019	4208.07692301	4211.15384609	4210.7692307	4180.89743576	4211.6666666	4188.46153833	4245.25641026	4188.20512807	4220.64102558	4212.30769224	4243.58974359	4207.05128199	4232.17948711	
4214.87179481	4205.7692307	4214.10256404	4204.74358968	4177.69230756	4214.10256404	4188.46153833	4245.25641026	4195.25641012	4226.79487173	4215.25641019	4245.38461539	4215.12820506	4236.28205129	
4217.30769224	4208.4615384	4221.53846147	4203.4615384	4175.12820499	4223.33333327	4194.87179474	4249.10256411	4195.51282038	4229.35897429	4208.71794865	4249.48717949	4214.23076917	4241.15384616	
4222.05128199	4213.97435891	4243.58974359	4212.17948711	4185.12820499	4243.20512821	4219.87179481	4263.71794872	4206.28205122	4238.84615385	4217.69230763	4262.82051282	4228.33333327	4249.74358975	
4223.84615378	4212.94871788	4271.15384623	4215.25641019	4191.02564089	4270.00000007	4249.61538462	4291.53846161	4222.05128199	4253.33333334	4237.17948718	4290.25641033	4247.30769231	4262.6923077	
4225.51282045	4213.58974352	4298.20512828	4211.6666666	4186.66666653	4299.74358989	4275.25641033	4324.61538476	4234.35897436	4264.48717949	4241.41025641	4323.4615386	4244.87179488	4275.51282059	
4230.25641019	4219.74358968	4332.6923079	4215.64102558	4189.74358961	4331.28205142	4309.3589745	4347.56410278	4242.94871795	4271.41025648	4234.48717949	4347.17948739	4241.28205129	4281.79487187	
4232.17948711	4218.71794865	4361.41025662	4219.99999993	4194.10256397	4356.92307714	4340.3846156	4358.20512842	4242.94871795	4271.66666674	4234.48717949	4358.20512842	4247.56410257	4282.56410264	
4229.48717942	4213.33333327	4366.9230772	4216.53846147	4190.64102551	4366.15384644	4348.07692329	4360.12820534	4237.6923077	4267.82051289	4236.15384616	4358.20512842	4246.92307693	4280.89743597	
4229.35897429	4219.23076917	4363.84615406	4218.20512814	4191.15384602	4363.5897438	4344.87179508	4359.74358996	4241.53846154	4273.33333341	4238.71794872	4357.43589765	4249.10256411	4284.74358982	
4232.69230763	4223.58974352	4360.3846156	4221.15384609	4194.87179474	4356.66666688	4341.15384637	4360.12820534	4249.48717949	4280.1282052	4245.38461539	4359.35897457	4262.6923077	4291.0256411	
4230.89743583	4215.64102558	4346.41025662	4215.12820506	4190.76923063	4344.35897457	4324.3589745	4350.64102585	4242.6923077	4271.53846161	4242.30769231	4350.00000021	4257.43589744	4284.74358982	
4224.87179481	4210.38461532	4324.48717963	4209.23076917	4184.48717935	4324.74358989	4297.30769238	4331.53846168	4222.82051275	4254.61538462	4227.69230763	4330.51282066	4231.02564096	4264.48717949	
4221.92307686	4210.7692307	4303.58974373	4211.02564096	4183.07692294	4302.69230784	4279.35897443	4319.3589745	4214.23076917	4247.43589744	4220.7692307	4319.10256425	4218.97435891	4252.56410257	
4223.4615384	4211.92307686	4286.923077	4214.10256404	4184.2307691	4285.76923084	4270.00000007	4316.53846168	4218.58974352	4248.20512821	4220.38461532	4316.41025655	4224.10256404	4255.51282052	
4223.07692301	4213.33333327	4273.58974366	4213.20512814	4187.05128192	4275.25641033	4255.12820513	4307.05128219	4214.23076917	4244.48717949	4212.5641025	4305.89743604	4218.71794865	4253.20512821	
4220.64102558	4209.87179481	4258.71794872	4208.33333327	4184.74358961	4261.02564103	4233.84615385	4296.66666674	4205.64102558	4239.23076923	4203.84615378	4293.58974366	4209.61538455	4245.0	
4220.25641019	4206.15384609	4245.25641026	4206.28205122	4178.84615371	4246.15384616	4218.71794865	4295.64102571	4206.15384609	4237.30769231	4207.94871788	4293.33333341	4215.51282045	4243.46153847	
4221.53846147	4209.61538455	4237.43589744	4208.97435891	4182.4358973	4237.82051282	4213.84615378	4294.48717956	4206.92307686	4235.51282052	4219.99999993	4294.74358982	4222.5641025	4243.84615385	
4223.20512814	4215.7692307	4230.25641019	4213.33333327	4191.41025628	4229.99999993	4207.69230763	4292.05128212	4203.58974352	4233.84615385	4219.74358968	4288.71794879	4221.15384609	4242.94871795	
4223.07692301	4214.23076917	4222.82051275	4217.5641025	4192.05128192	4223.33333327	4199.61538448	4290.00000007	4199.99999986	4232.5641025	4211.53846147	4283.84615392	4215.38461532	4243.20512821	
4222.5641025	4210.7692307	4220.38461532	4219.48717942	4189.87179474	4221.15384609	4194.61538448	4286.15384623	4198.3333332	4234.23076923	4214.61538455	4283.71794879	4213.33333327	4242.82051282	
4224.10256404	4210.64102558	4223.20512814	4221.15384609	4194.87179474	4221.92307686	4192.94871781	4282.30769238	4199.87179474	4233.4615384	4220.7692307	4281.923077	4211.6666666	4238.33333334	
4224.87179481	4213.97435891	4223.71794865	4223.71794865	4196.5384614	4222.94871788	4194.87179474	4287.17948725	4203.58974352	4234.61538462	4224.48717942	4285.64102571	4218.97435891	4241.92307693	
4224.99999993	4217.30769224	4223.07692301	4224.35897429	4195.89743576	4225.89743583	4199.99999986	4297.17948725	4211.6666666	4245.25641026	4232.94871788	4296.0256411	4241.28205129	4256.53846154	
4225.25641019	4218.4615384	4224.35897429	4222.82051275	4196.66666653	4226.6666666	4200.51282038	4294.35897443	4212.82051275	4244.87179488	4232.17948711	4293.71794879	4238.46153847	4255.64102564	
4220.25641019	4213.20512814	4217.05128199	4218.33333327	4191.92307679	4214.74358968	4188.84615371	4282.69230777	4201.41025634	4231.28205122	4218.58974352	4280.00000007	4215.89743583	4239.23076923	
4215.7692307	4202.43589737	4208.58974352	4215.12820506	4189.2307691	4206.02564096	4179.48717935	4278.71794879	4197.4358973	4231.6666666	4216.41025634	4273.84615392	4216.53846147	4237.94871795	
4221.6666666	4205.51282045	4212.94871788	4218.20512814	4193.3333332	4214.10256404	4186.15384602	4281.28205136	4204.23076917	4239.35897436	4225.12820506	4278.20512828	4222.05128199	4246.92307693	
4226.92307686	4217.17948711	4214.99999993	4221.92307686	4194.99999986	4217.82051275	4191.02564089	4280.1282052	4207.05128199	4236.02564103	4221.92307686	4281.79487187	4208.58974352	4243.58974359	
4224.35897429	4216.6666666	4209.10256404	4224.87179481	4194.61538448	4209.48717942	4184.10256397	4277.43589751	4207.69230763	4235.51282052	4213.71794865	4278.97435905	4211.02564096	4244.10256411	
4226.15384609	4215.25641019	4209.10256404	4228.07692301	4198.97435884	4208.20512814	4184.10256397	4278.20512828	4208.20512814	4241.53846154	4215.7692307	4275.89743597	4222.94871788	4252.82051282	
4229.35897429	4220.51282045	4209.35897429	4226.6666666	4201.79487173	4211.6666666	4186.15384602	4279.35897443	4205.89743583	4240.64102564	4220.25641019	4277.43589751	4220.7692307	4251.92307693	
4225.25641019	4220.89743583	4205.25641019	4225.12820506	4202.43589737	4208.07692301	4181.66666653	4275.64102571	4208.58974352	4239.23076923	4222.5641025	4276.79487187	4229.35897429	4250.0	
4221.92307686	4213.97435891	4203.4615384	4226.28205122	4201.02564096	4201.53846147	4177.4358973	4270.38461546	4207.05128199	4236.15384616	4221.53846147	4269.74358982	4230.64102558	4248.71794872	
4219.23076917	4209.10256404	4198.3333332	4218.58974352	4194.48717935	4196.41025628	4169.74358961	4267.17948725	4192.30769217	4225.7692307	4213.58974352	4264.10256411	4206.92307686	4237.30769231	
4217.30769224	4207.05128199	4191.15384602	4212.30769224	4189.61538448	4192.82051269	4161.66666646	4265.0	4188.58974345	4223.71794865	4211.41025634	4264.23076923	4205.89743583	4231.15384609	
4221.02564096	4208.4615384	4191.5384614	4215.64102558	4189.48717935	4191.79487166	4162.43589723	4268.46153853	4199.87179474	4233.07692301	4220.89743583	4269.48717956	4226.6666666	4240.0	
4222.94871788	4205.7692307	4192.69230756	4214.99999993	4186.66666653	4191.02564089	4164.74358954	4271.79487187	4199.10256397	4232.94871788	4222.05128199	4270.00000007	4217.05128199	4242.94871795	
4222.30769224	4202.30769224	4191.66666653	4215.25641019	4186.15384602	4192.4358973	4164.48717928	4271.28205136	4197.05128192	4230.38461532	4214.10256404	4268.97435905	4201.92307686	4239.61538462	
4223.4615384	4210.38461532	4193.58974345	4219.35897429	4192.82051269	4194.99999986	4167.3076921	4271.79487187	4206.41025634	4237.43589744	4214.99999993	4271.15384623	4216.41025634	4244.10256411	
4223.4615384	4210.38461532	4193.58974345	4219.35897429	4192.82051269	4194.99999986	4167.3076921	4271.79487187	4206.41025634	4237.43589744	4214.99999993	4271.15384623	4216.41025634	4244.10256411	
4223.20512814	4214.74358968	4194.2307691	4218.71794865	4194.35897422	4192.4358973	4165.89743569	4267.82051289	4203.71794865	4235.12820513	4214.23076917	4266.66666674	4218.33333327	4243.46153847	
4219.35897429	4208.71794865	4191.92307679	4216.6666666	4191.28205115	4188.58974345	4160.51282031	4261.28205129	4190.76923063	4222.69230763	4208.71794865	4261.15384616	4203.84615378	4234.23076923	
4218.58974352	4204.10256404	4192.82051269	4216.79487173	4191.41025628	4192.17948704	4166.66666646	4260.0	4188.58974345	4218.97435891	4207.30769224	4259.10256411	4204.99999993	4227.43589737	
4219.74358968	4204.87179481	4195.89743576	4213.71794865	4188.84615371	4196.5384614	4171.15384602	4259.35897436	4193.58974345	4224.48717942	4207.30769224	4255.76923077	4213.97435891	4228.97435891	
4217.43589737	4209.35897429	4195.12820499	4209.99999993	4185.76923063	4195.64102551	4166.66666646	4256.92307693	4194.35897422	4226.02564096	4205.64102558	4253.71794872	4209.87179481	4236.02564103	
4218.20512814	4210.25641019	4196.15384602	4214.23076917	4189.2307691	4195.89743576	4170.25641012	4261.41025641	4192.82051269	4224.74358968	4204.48717942	4259.74358975	4202.17948711	4238.58974359	
4222.5641025	4206.15384609	4201.15384609	4219.48717942	4193.84615371	4199.35897422	4178.46153833	4266.79487187	4192.82051269	4226.28205122	4205.12820506	4264.61538462	4204.48717942	4235.38461539	
4223.07692301	4207.17948711	4200.25641012	4220.12820506	4193.58974345	4197.05128192	4174.61538448	4260.12820513	4191.28205115	4226.41025634	4203.33333327	4258.20512821	4205.7692307	4232.82051275	
4221.28205122	4212.5641025	4192.69230756	4214.74358968	4189.10256397	4189.74358961	4163.33333313	4250.8974359	4186.66666653	4220.25641019	4193.71794858	4248.97435898	4194.74358961	4230.38461532	
4219.10256404	4205.51282045	4190.12820499	4208.07692301	4181.79487166	4189.99999986	4163.07692287	4246.92307693	4179.74358961	4212.43589737	4187.17948704	4245.12820513	4188.3333332	4225.25641019	
4217.43589737	4198.20512807	4192.4358973	4208.20512814	4181.66666653	4192.05128192	4165.64102544	4242.43589744	4177.05128192	4211.15384609	4191.02564089	4244.23076923	4193.71794858	4221.53846147	
4216.6666666	4202.43589737	4187.17948704	4210.64102558	4185.25641012	4185.51282038	4159.1025639	4236.66666667	4178.97435884	4212.30769224	4197.56410243	4238.97435898	4192.82051269	4222.5641025	
4213.4615384	4200.89743576	4177.30769217	4204.74358968	4179.2307691	4175.51282038	4147.69230749	4234.74358975	4179.99999986	4211.6666666	4197.56410243	4233.33333327	4189.99999986	4224.48717942	
4210.51282045	4196.66666653	4176.28205115	4198.58974345	4173.84615371	4173.58974345	4143.33333313	4233.71794865	4174.10256397	4207.43589737	4190.25641012	4231.28205122	4191.92307679	4221.92307686	
4215.89743583	4203.20512814	4185.12820499	4207.05128199	4181.66666653	4184.10256397	4155.51282031	4230.7692307	4173.71794858	4207.69230763	4187.30769217	4228.97435891	4192.94871781	4218.20512814	
4221.15384609	4207.17948711	4188.20512807	4213.58974352	4188.07692294	4188.97435884	4161.92307672	4230.89743583	4182.94871781	4213.71794865	4194.10256397	4231.02564096	4194.35897422	4219.74358968	
4217.43589737	4203.71794865	4186.5384614	4208.84615378	4186.15384602	4187.69230756	4158.71794851	4232.69230763	4183.58974345	4212.5641025	4197.69230756	4232.05128199	4194.87179474	4223.33333327	
4214.61538455	4204.10256404	4194.2307691	4211.92307686	4188.58974345	4194.61538448	4167.3076921	4234.35897436	4179.74358961	4213.20512814	4199.74358961	4229.35897429	4200.76923063	4226.15384609	
4214.61538455	4206.41025634	4199.74358961	4216.92307686	4191.66666653	4200.12820499	4173.3333332	4238.20512821	4183.3333332	4222.05128199	4208.07692301	4232.69230763	4212.17948711	4227.69230763	
4212.43589737	4201.41025634	4189.87179474	4209.10256404	4183.07692294	4189.2307691	4158.58974339	4231.92307686	4179.99999986	4215.64102558	4203.4615384	4232.17948711	4201.79487173	4222.17948711	
4212.17948711	4196.92307679	4185.76923063	4204.61538455	4176.79487166	4185.76923063	4154.9999998	4226.6666666	4171.15384602	4202.69230763	4191.5384614	4226.28205122	4182.30769217	4216.79487173	
4215.51282045	4202.05128199	4201.6666666	4210.25641019	4184.99999986	4203.97435891	4176.5384614	4240.8974359	4179.99999986	4213.4615384	4202.17948711	4237.82051282	4196.79487166	4224.87179481	
4219.87179481	4207.30769224	4210.25641019	4213.4615384	4189.61538448	4209.61538455	4183.71794858	4252.82051282	4192.56410243	4226.79487173	4217.05128199	4251.53846154	4220.12820506	4235.64102564	
4222.17948711	4204.99999993	4207.43589737	4212.43589737	4187.05128192	4205.51282045	4178.46153833	4248.46153847	4191.28205115	4222.43589737	4207.94871788	4247.6923077	4213.84615378	4237.17948718	
4221.28205122	4201.28205122	4208.07692301	4212.43589737	4187.82051269	4209.48717942	4181.79487166	4247.6923077	4191.5384614	4223.71794865	4200.64102551	4245.64102564	4207.30769224	4236.15384616	
4215.64102558	4201.02564096	4202.69230763	4212.17948711	4186.41025628	4204.23076917	4180.25641012	4252.6923077	4194.35897422	4228.20512814	4210.51282045	4248.84615385	4213.20512814	4233.71794865	
4209.99999993	4197.56410243	4191.02564089	4206.53846147	4177.82051269	4190.12820499	4167.05128185	4246.53846154	4184.10256397	4217.69230763	4206.28205122	4241.15384616	4202.94871788	4223.33333327	
4212.05128199	4194.99999986	4191.15384602	4202.30769224	4176.02564089	4190.38461525	4162.05128185	4240.76923077	4176.66666653	4209.23076917	4192.82051269	4237.82051282	4189.48717935	4218.4615384	
4214.48717942	4197.56410243	4198.07692294	4205.51282045	4180.38461525	4198.84615371	4170.51282038	4241.15384616	4180.64102551	4211.02564096	4194.10256397	4240.12820513	4192.82051269	4222.17948711	
4210.51282045	4194.35897422	4194.2307691	4208.84615378	4179.48717935	4194.61538448	4167.94871774	4234.87179488	4170.38461525	4204.23076917	4193.20512807	4232.82051275	4191.28205115	4214.48717942	
4207.30769224	4187.4358973	4189.2307691	4207.17948711	4178.58974345	4187.69230756	4158.71794851	4231.92307686	4162.05128185	4198.20512807	4189.48717935	4231.15384609	4191.66666653	4208.84615378	
4207.69230763	4186.41025628	4188.3333332	4204.99999993	4179.99999986	4186.5384614	4159.61538441	4238.33333334	4173.46153833	4206.41025634	4197.69230756	4238.46153847	4204.48717942	4216.53846147	
4207.43589737	4192.69230756	4186.79487166	4206.79487173	4179.48717935	4185.64102551	4162.3076921	4235.8974359	4168.07692287	4202.82051275	4189.74358961	4233.33333327	4196.02564089	4211.6666666	
4207.82051275	4195.51282038	4184.48717935	4209.35897429	4181.41025628	4183.20512807	4156.66666646	4226.53846147	4154.87179467	4192.05128192	4177.4358973	4224.10256404	4181.41025628	4201.02564096	
4211.92307686	4192.82051269	4189.87179474	4209.61538455	4186.41025628	4187.69230756	4159.87179467	4232.17948711	4169.35897422	4200.12820499	4195.76923063	4231.15384609	4192.94871781	4208.97435891	
4212.69230763	4195.76923063	4203.20512814	4207.05128199	4183.20512807	4201.28205122	4176.79487166	4242.94871795	4177.94871781	4208.71794865	4206.41025634	4240.76923077	4200.89743576	4216.41025634	
4207.43589737	4197.17948704	4200.38461525	4203.71794865	4175.25641012	4198.71794858	4173.97435884	4238.07692308	4165.51282031	4203.07692301	4188.97435884	4236.41025641	4190.51282038	4209.87179481	
4206.79487173	4189.99999986	4190.25641012	4204.74358968	4179.35897422	4188.46153833	4161.28205108	4233.20512814	4168.46153833	4202.05128199	4187.69230756	4233.07692301	4191.92307679	4210.89743583	
4211.02564096	4187.82051269	4196.02564089	4209.87179481	4186.66666653	4196.5384614	4168.58974345	4238.84615385	4173.84615371	4204.99999993	4200.89743576	4238.33333334	4196.02564089	4215.64102558	
4211.53846147	4194.48717935	4201.28205122	4211.28205122	4186.28205115	4203.97435891	4175.76923063	4238.33333334	4164.23076903	4199.48717935	4192.4358973	4234.48717949	4186.02564089	4211.6666666	
4208.84615378	4189.61538448	4192.69230756	4210.38461532	4187.17948704	4193.20512807	4163.46153826	4230.12820506	4160.89743569	4195.38461525	4176.66666653	4224.10256404	4181.41025628	4207.05128199	
4208.4615384	4184.74358961	4189.10256397	4211.53846147	4188.71794858	4187.69230756	4157.94871774	4227.30769224	4165.12820492	4196.28205115	4180.38461525	4222.69230763	4181.5384614	4207.82051275	
4208.97435891	4189.61538448	4192.17948704	4208.33333327	4182.82051269	4190.76923063	4162.69230749	4224.10256404	4162.94871774	4196.41025628	4187.4358973	4222.30769224	4178.71794858	4209.35897429	
4209.10256404	4188.58974345	4190.12820499	4207.5641025	4182.17948704	4187.82051269	4160.12820492	4214.99999993	4154.74358954	4189.61538448	4175.89743576	4214.99999993	4172.69230756	4202.82051275	
4210.25641019	4184.2307691	4192.30769217	4213.07692301	4188.3333332	4189.61538448	4161.92307672	4215.38461532	4151.79487159	4184.48717935	4169.99999986	4214.74358968	4166.15384595	4195.89743576	
4205.64102558	4184.2307691	4192.82051269	4214.23076917	4189.48717935	4191.41025628	4164.61538441	4222.30769224	4158.46153826	4190.89743576	4186.02564089	4219.74358968	4174.48717935	4200.25641012	
4200.51282038	4185.25641012	4187.82051269	4213.71794865	4190.51282038	4186.28205115	4160.25641005	4217.05128199	4160.51282031	4193.71794858	4189.48717935	4215.64102558	4179.2307691	4202.94871788	
4201.79487173	4185.25641012	4188.3333332	4211.15384609	4190.25641012	4186.92307679	4158.46153826	4212.5641025	4155.12820492	4191.41025628	4182.30769217	4213.33333327	4170.38461525	4197.4358973	
4203.84615378	4186.02564089	4193.3333332	4209.23076917	4187.94871781	4192.30769217	4162.43589723	4217.43589737	4154.9999998	4191.92307679	4186.79487166	4216.6666666	4171.66666653	4198.07692294	
4201.53846147	4179.99999986	4188.84615371	4214.23076917	4187.17948704	4188.71794858	4162.82051262	4212.69230763	4153.84615364	4187.30769217	4183.84615371	4211.02564096	4170.38461525	4200.64102551	
4196.41025628	4173.97435884	4181.41025628	4213.58974352	4182.69230756	4182.4358973	4157.82051262	4197.82051269	4144.74358954	4176.66666653	4171.66666653	4196.92307679	4151.92307672	4190.38461525	
4196.15384602	4182.94871781	4189.87179474	4205.38461532	4180.76923063	4190.76923063	4162.05128185	4194.99999986	4143.71794851	4178.3333332	4173.20512807	4193.46153833	4150.64102544	4187.4358973	
4198.97435884	4184.99999986	4195.64102551	4203.84615378	4180.25641012	4195.51282038	4168.20512807	4199.87179474	4146.53846133	4182.82051269	4174.2307691	4197.94871781	4157.94871774	4192.30769217	
4197.94871781	4168.58974345	4189.74358961	4205.25641019	4175.38461525	4189.99999986	4166.41025621	4197.69230756	4143.205128	4177.05128192	4167.82051262	4197.05128192	4145.64102544	4187.17948704	
4193.84615371	4164.48717928	4201.6666666	4207.94871788	4178.20512807	4201.41025634	4175.38461525	4195.89743576	4141.53846133	4175.76923063	4165.51282031	4195.64102551	4145.12820492	4180.76923063	
4194.74358961	4179.74358961	4232.30769224	4212.05128199	4185.89743576	4229.74358968	4204.48717942	4209.99999993	4145.64102544	4182.30769217	4162.05128185	4208.84615378	4154.74358954	4188.84615371	
4201.41025634	4185.25641012	4256.66666667	4212.82051275	4186.41025628	4255.51282052	4232.94871788	4237.82051282	4154.23076903	4188.46153833	4162.69230749	4235.25641026	4145.38461518	4202.43589737	
4206.79487173	4182.05128192	4275.1282052	4216.02564096	4188.07692294	4275.64102571	4250.64102564	4260.12820513	4163.33333313	4196.5384614	4173.58974345	4257.94871795	4148.97435877	4209.61538455	
4209.10256404	4183.84615371	4291.53846161	4219.35897429	4194.48717935	4293.84615392	4270.00000007	4272.05128212	4171.02564089	4206.6666666	4183.20512807	4271.66666674	4171.66666653	4215.89743583	
4209.87179481	4187.69230756	4301.53846168	4217.82051275	4192.82051269	4305.38461553	4286.66666674	4282.56410264	4179.48717935	4213.33333327	4185.25641012	4280.38461546	4180.25641012	4223.20512814	
4211.92307686	4189.61538448	4310.89743604	4220.38461532	4193.07692294	4311.28205142	4292.30769238	4289.35897443	4186.92307679	4217.82051275	4187.56410243	4286.15384623	4179.48717935	4227.43589737	
4212.94871788	4187.82051269	4313.20512835	4224.61538455	4196.41025628	4309.74358989	4288.97435905	4291.28205136	4191.66666653	4223.07692301	4192.94871781	4288.20512828	4188.97435884	4230.25641019	
4211.92307686	4185.51282038	4303.33333348	4220.7692307	4193.84615371	4303.07692322	4282.05128212	4293.84615392	4194.10256397	4224.99999993	4200.25641012	4290.64102571	4197.17948704	4234.35897436	
4211.92307686	4185.38461525	4291.41025648	4217.17948711	4193.07692294	4294.10256418	4272.05128212	4282.30769238	4186.66666653	4219.99999993	4193.46153833	4280.64102571	4181.92307679	4226.6666666	
4209.99999993	4184.87179474	4277.17948725	4215.12820506	4191.28205115	4275.00000007	4252.30769231	4263.20512821	4172.56410243	4209.35897429	4175.25641012	4261.15384616	4159.35897415	4211.6666666	
4208.97435891	4184.48717935	4259.48717949	4209.87179481	4184.87179474	4255.8974359	4231.79487173	4263.58974359	4176.79487166	4208.4615384	4177.56410243	4260.8974359	4169.10256397	4218.58974352	
4211.02564096	4186.66666653	4245.12820513	4205.51282045	4180.76923063	4245.51282052	4219.48717942	4263.07692308	4182.05128192	4212.5641025	4186.41025628	4263.46153847	4182.4358973	4225.12820506	
4210.38461532	4182.56410243	4232.05128199	4203.4615384	4179.48717935	4232.17948711	4207.43589737	4251.02564103	4170.76923063	4206.6666666	4180.12820499	4249.48717949	4165.89743569	4212.17948711	
4207.30769224	4177.30769217	4220.12820506	4207.30769224	4179.61538448	4216.79487173	4191.28205115	4244.61538462	4167.69230749	4202.5641025	4179.61538448	4239.10256411	4161.92307672	4210.12820506	
4208.4615384	4180.25641012	4209.23076917	4209.87179481	4181.41025628	4204.35897429	4177.56410243	4239.10256411	4176.66666653	4208.58974352	4188.84615371	4238.46153847	4183.84615371	4219.35897429	
4210.25641019	4184.74358961	4196.28205115	4205.64102558	4179.48717935	4194.87179474	4171.02564089	4231.79487173	4177.82051269	4210.89743583	4194.2307691	4233.33333327	4186.15384602	4216.92307686	
4208.71794865	4184.99999986	4190.64102551	4203.97435891	4174.61538448	4191.66666653	4166.02564082	4227.69230763	4168.58974345	4202.30769224	4186.15384602	4225.12820506	4170.51282038	4208.84615378	
4208.33333327	4178.3333332	4186.79487166	4199.35897422	4169.10256397	4185.89743576	4154.61538441	4213.84615378	4156.79487159	4191.92307679	4165.38461518	4212.82051275	4163.33333313	4203.58974352	
4208.84615378	4169.2307691	4175.25641012	4189.2307691	4162.94871774	4172.69230756	4144.61538441	4202.30769224	4153.97435877	4190.76923063	4163.46153826	4202.17948711	4159.1025639	4200.38461525	
4212.82051275	4167.94871774	4169.35897422	4186.41025628	4160.25641005	4167.82051262	4143.71794851	4210.12820506	4160.51282031	4195.89743576	4177.69230756	4207.43589737	4157.05128185	4203.97435891	
4218.20512814	4170.64102551	4166.53846133	4188.46153833	4159.87179467	4166.92307672	4137.43589723	4208.20512814	4162.3076921	4194.99999986	4170.89743576	4208.07692301	4161.92307672	4207.69230763	
4218.20512814	4170.38461525	4159.35897415	4185.51282038	4159.35897415	4158.58974339	4128.58974332	4198.84615371	4160.38461518	4193.07692294	4163.46153826	4199.48717935	4172.69230756	4208.4615384	
4219.61538455	4166.53846133	4156.79487159	4185.38461525	4159.61538441	4152.56410236	4127.43589716	4202.43589737	4161.92307672	4196.5384614	4174.10256397	4199.2307691	4177.4358973	4208.97435891	
4220.89743583	4162.82051262	4156.53846133	4189.10256397	4159.9999998	4153.33333313	4124.74358947	4204.87179481	4161.15384595	4196.28205115	4175.64102551	4202.05128199	4168.46153833	4204.10256404	
4218.33333327	4162.94871774	4152.05128185	4186.92307679	4158.58974339	4151.66666646	4121.02564075	4205.12820506	4164.35897415	4199.10256397	4176.5384614	4207.05128199	4170.51282038	4205.25641019	
4216.79487173	4162.82051262	4142.05128185	4181.5384614	4155.25641005	4141.79487159	4113.46153819	4205.25641019	4168.3333332	4201.28205122	4179.74358961	4205.64102558	4177.4358973	4212.17948711	
4213.58974352	4154.23076903	4129.23076896	4178.3333332	4148.33333313	4130.12820485	4098.33333299	4199.99999986	4160.12820492	4192.4358973	4167.69230749	4195.25641012	4168.3333332	4204.61538455	
4209.35897429	4148.71794851	4124.23076896	4175.25641012	4143.46153826	4127.30769203	4093.8461535	4195.89743576	4152.56410236	4188.20512807	4161.92307672	4191.41025628	4155.25641005	4193.71794858	
4207.69230763	4155.76923056	4132.30769203	4177.4358973	4148.07692287	4132.43589716	4104.48717921	4195.12820499	4147.05128185	4184.48717935	4158.71794851	4193.84615371	4145.76923056	4191.15384602	
4205.89743583	4156.92307672	4133.20512793	4177.30769217	4150.25641005	4129.74358947	4102.05128171	4194.61538448	4136.92307672	4173.46153833	4148.71794851	4191.28205115	4137.69230749	4187.4358973	
4204.48717942	4155.25641005	4121.41025614	4172.05128192	4143.84615364	4119.61538434	4087.94871761	4197.4358973	4138.205128	4173.20512807	4152.3076921	4190.12820499	4142.3076921	4183.46153833	
4206.53846147	4171.41025628	4115.38461511	4174.2307691	4142.3076921	4116.92307665	4084.61538427	4196.92307679	4143.46153826	4176.66666653	4158.33333313	4191.5384614	4151.53846133	4183.58974345	
4208.58974352	4187.82051269	4113.71794844	4176.92307679	4145.51282031	4114.48717921	4082.56410222	4186.41025628	4129.48717921	4162.43589723	4144.1025639	4184.61538448	4135.25640998	4175.25641012	
4207.94871788	4187.94871781	4110.7692305	4171.66666653	4144.74358954	4109.61538434	4078.71794837	4183.58974345	4120.64102537	4157.05128185	4137.69230749	4182.94871781	4123.20512793	4169.74358961	
4208.33333327	4188.97435884	4113.58974332	4170.51282038	4143.205128	4115.38461511	4084.35897402	4196.02564089	4137.43589723	4173.84615371	4156.28205108	4194.61538448	4138.97435877	4181.66666653	
4213.07692301	4192.17948704	4123.9743587	4174.48717935	4144.35897415	4127.17948691	4095.51282017	4203.97435891	4144.61538441	4181.41025628	4164.61538441	4201.15384609	4152.05128185	4188.07692294	
4215.64102558	4190.76923063	4134.99999973	4172.94871781	4146.53846133	4132.43589716	4102.05128171	4204.99999993	4139.87179467	4175.76923063	4159.1025639	4203.33333327	4153.07692287	4186.28205115	
4213.58974352	4191.5384614	4134.99999973	4170.25641012	4146.53846133	4131.53846126	4100.6410253	4212.17948711	4145.89743569	4178.46153833	4163.84615364	4211.15384609	4158.07692287	4192.17948704	
4215.12820506	4189.87179474	4130.38461511	4172.30769217	4144.61538441	4130.38461511	4099.35897402	4216.92307686	4149.1025639	4185.38461525	4170.38461525	4216.41025634	4162.17948697	4196.79487166	
4217.5641025	4189.99999986	4137.17948697	4176.15384602	4142.05128185	4134.61538434	4106.02564075	4220.64102558	4151.41025621	4188.58974345	4167.94871774	4221.02564096	4162.17948697	4196.41025628	
4216.6666666	4194.2307691	4141.28205108	4174.87179474	4141.66666646	4136.41025621	4109.8717946	4225.12820506	4159.9999998	4192.4358973	4166.15384595	4226.41025634	4165.12820492	4202.30769224	
4215.51282045	4192.82051269	4133.71794844	4169.48717935	4144.1025639	4133.46153819	4106.28205101	4225.12820506	4162.94871774	4194.87179474	4170.89743576	4225.7692307	4160.76923056	4208.33333327	
4212.43589737	4189.35897422	4133.84615357	4170.38461525	4144.87179467	4135.51282031	4106.66666639	4221.79487173	4156.92307672	4189.99999986	4166.66666646	4221.02564096	4152.43589723	4201.92307686	
4209.23076917	4191.92307679	4142.56410236	4176.02564089	4143.97435877	4142.05128185	4109.74358947	4223.97435891	4159.23076903	4191.15384602	4162.05128185	4222.05128199	4160.51282031	4199.48717935	
4207.05128199	4191.41025628	4145.76923056	4176.02564089	4146.41025621	4144.48717928	4111.92307665	4229.35897429	4162.56410236	4194.99999986	4169.2307691	4225.89743583	4164.23076903	4203.4615384	
4200.76923063	4185.51282038	4141.66666646	4175.25641012	4149.48717928	4141.66666646	4112.56410229	4226.15384609	4149.48717928	4185.38461525	4168.20512807	4222.82051275	4146.02564082	4193.97435884	
4199.48717935	4186.66666653	4133.58974332	4173.84615371	4144.35897415	4134.74358947	4106.28205101	4215.51282045	4139.23076903	4176.41025628	4154.61538441	4213.84615378	4141.41025621	4183.3333332	
4213.71794865	4191.28205115	4125.12820485	4167.94871774	4140.25641005	4127.30769203	4096.02564068	4211.02564096	4151.28205108	4185.51282038	4155.12820492	4210.89743583	4160.76923056	4195.12820499	
4227.82051275	4189.2307691	4126.79487152	4165.89743569	4141.41025621	4127.56410229	4096.53846119	4218.58974352	4167.3076921	4199.35897422	4173.58974345	4218.07692301	4171.66666653	4212.82051275	
4220.51282045	4183.58974345	4136.28205108	4165.89743569	4135.64102544	4136.02564082	4105.25640998	4220.25641019	4165.64102544	4199.87179474	4182.82051269	4219.87179481	4171.41025628	4209.74358968	
4203.58974352	4188.58974345	4145.25641005	4166.92307672	4133.9743587	4145.76923056	4113.84615357	4214.23076917	4157.56410236	4191.02564089	4175.38461525	4214.10256404	4171.41025628	4199.99999986	
4201.41025634	4203.07692301	4155.51282031	4172.94871781	4144.35897415	4154.9999998	4125.25640998	4217.30769224	4158.84615364	4191.79487166	4174.2307691	4216.02564096	4169.48717935	4202.94871788	
4212.17948711	4202.94871788	4159.48717928	4174.87179474	4147.17948697	4159.1025639	4131.79487152	4221.53846147	4171.5384614	4207.30769224	4187.82051269	4221.53846147	4178.58974345	4217.30769224	
4217.82051275	4190.76923063	4155.64102544	4167.56410236	4137.56410236	4156.15384595	4127.56410229	4221.6666666	4184.10256397	4218.33333327	4198.20512807	4222.5641025	4194.35897422	4228.20512814	
4209.87179481	4190.25641012	4156.02564082	4163.07692287	4137.3076921	4156.28205108	4127.56410229	4218.33333327	4181.28205115	4213.84615378	4189.61538448	4216.6666666	4186.79487166	4225.38461532	
4201.41025634	4197.30769217	4163.97435877	4171.66666653	4146.41025621	4164.9999998	4138.84615364	4214.74358968	4176.02564089	4208.71794865	4180.89743576	4211.41025634	4176.5384614	4221.28205122	
4195.25641012	4194.74358961	4165.12820492	4176.28205115	4145.51282031	4168.07692287	4140.76923056	4209.61538455	4173.97435884	4205.64102558	4187.69230756	4208.07692301	4184.74358961	4219.48717942	
4184.99999986	4188.84615371	4159.23076903	4168.84615371	4140.12820492	4159.48717928	4129.74358947	4199.10256397	4157.94871774	4193.20512807	4184.35897422	4196.92307679	4170.64102551	4203.33333327	
4181.41025628	4189.35897422	4155.89743569	4164.9999998	4139.74358954	4152.43589723	4124.61538434	4189.74358961	4144.48717928	4181.66666653	4165.51282031	4185.76923063	4146.92307672	4188.97435884	
4189.61538448	4190.64102551	4149.87179467	4168.07692287	4137.69230749	4149.48717928	4120.64102537	4188.20512807	4148.84615364	4181.41025628	4156.92307672	4185.12820499	4147.17948697	4192.56410243	
4197.56410243	4185.25641012	4141.41025621	4161.28205108	4129.61538434	4142.69230749	4111.15384588	4186.5384614	4145.89743569	4179.35897422	4159.35897415	4185.12820499	4141.53846133	4191.66666653	
4197.56410243	4184.61538448	4140.51282031	4155.25641005	4129.10256383	4139.74358954	4108.9743587	4180.64102551	4136.41025621	4174.10256397	4158.58974339	4181.15384602	4130.51282024	4184.35897422	
4194.48717935	4194.2307691	4148.97435877	4168.46153833	4140.25641005	4148.33333313	4118.9743587	4183.97435884	4139.87179467	4175.25641012	4158.58974339	4184.10256397	4142.3076921	4186.41025628	
4192.94871781	4196.79487166	4157.69230749	4175.76923063	4145.76923056	4161.15384595	4129.8717946	4197.17948704	4152.56410236	4183.58974345	4172.05128192	4195.51282038	4164.48717928	4196.15384602	
4191.5384614	4190.51282038	4161.53846133	4166.02564082	4137.82051262	4163.71794851	4134.35897408	4203.58974352	4158.71794851	4191.92307679	4185.64102551	4201.28205122	4171.41025628	4201.15384609	
4194.87179474	4190.12820499	4167.05128185	4164.23076903	4133.9743587	4165.25641005	4138.33333313	4209.48717942	4159.48717928	4197.94871781	4189.35897422	4208.4615384	4173.97435884	4203.84615378	
4208.84615378	4195.64102551	4173.20512807	4170.38461525	4141.28205108	4175.51282038	4146.41025621	4220.25641019	4171.41025628	4208.07692301	4190.51282038	4220.25641019	4182.4358973	4218.07692301	
4227.17948711	4195.38461525	4173.58974345	4165.76923056	4138.97435877	4177.56410243	4148.97435877	4222.82051275	4187.82051269	4220.25641019	4189.10256397	4221.28205122	4187.82051269	4232.5641025	
4239.10256411	4190.12820499	4169.61538448	4156.53846133	4126.53846126	4168.58974345	4142.82051262	4220.12820506	4195.89743576	4227.05128199	4188.58974345	4217.82051275	4198.07692294	4237.94871795	
4245.38461539	4188.71794858	4166.92307672	4156.02564082	4123.58974332	4165.38461518	4137.82051262	4220.38461532	4198.84615371	4228.71794865	4189.87179474	4218.20512814	4205.25641019	4241.41025641	
4262.94871795	4184.10256397	4159.23076903	4149.23076903	4119.8717946	4158.97435877	4128.20512793	4219.10256404	4201.15384609	4231.28205122	4182.56410243	4216.28205122	4195.76923063	4244.74358975	
4290.38461546	4173.97435884	4144.74358954	4132.56410229	4103.0769228	4141.15384595	4113.20512793	4214.23076917	4209.48717942	4242.94871795	4173.71794858	4212.82051275	4186.79487166	4250.64102564	
4293.84615392	4172.56410243	4137.69230749	4131.41025614	4099.61538427	4135.89743569	4112.05128178	4216.28205122	4222.17948711	4255.64102564	4185.25641012	4216.53846147	4204.48717942	4262.30769231	
4271.41025648	4178.07692294	4147.3076921	4146.66666646	4115.7692305	4149.23076903	4122.43589716	4223.4615384	4226.41025634	4255.38461539	4200.25641012	4221.28205122	4232.30769224	4268.20512828	
4253.20512821	4181.5384614	4162.94871774	4153.84615364	4125.38461511	4162.56410236	4132.30769203	4225.12820506	4213.33333327	4243.97435898	4193.58974345	4221.53846147	4225.64102558	4256.28205129	
4238.07692308	4181.66666653	4167.3076921	4149.61538441	4121.53846126	4166.66666646	4137.56410236	4218.07692301	4189.87179474	4223.58974352	4180.89743576	4218.4615384	4187.69230756	4232.82051275	
4218.33333327	4181.28205115	4160.64102544	4146.79487159	4116.41025614	4161.41025621	4133.71794844	4212.30769224	4171.79487166	4203.33333327	4174.35897422	4212.82051275	4161.02564082	4213.71794865	
4209.61538455	4186.02564089	4161.79487159	4154.1025639	4123.84615357	4162.69230749	4132.82051255	4219.23076917	4168.3333332	4200.76923063	4175.25641012	4217.30769224	4169.2307691	4212.82051275	
4211.02564096	4196.02564089	4176.02564089	4162.94871774	4134.99999973	4177.4358973	4149.35897415	4230.64102558	4177.05128192	4211.92307686	4188.07692294	4228.71794865	4189.48717935	4223.97435891	
4205.89743583	4199.99999986	4188.3333332	4162.82051262	4134.23076896	4188.71794858	4163.58974339	4235.8974359	4185.12820499	4215.25641019	4201.79487173	4235.25641026	4196.92307679	4227.5641025	
4196.92307679	4197.05128192	4188.84615371	4159.9999998	4128.46153819	4187.30769217	4160.64102544	4234.48717949	4179.48717935	4207.43589737	4199.35897422	4239.10256411	4188.84615371	4220.51282045	
4200.51282038	4199.35897422	4188.20512807	4161.15384595	4129.99999973	4187.4358973	4158.97435877	4234.87179488	4172.94871781	4208.33333327	4187.69230756	4238.84615385	4178.97435884	4217.82051275	
4207.43589737	4202.17948711	4191.28205115	4158.97435877	4130.7692305	4191.41025628	4166.53846133	4239.74358975	4177.05128192	4212.69230763	4185.64102551	4234.61538462	4181.66666653	4219.99999993	
4207.17948711	4204.10256404	4192.05128192	4157.94871774	4129.35897408	4192.94871781	4169.10256397	4244.74358975	4182.94871781	4213.4615384	4194.10256397	4236.92307693	4188.71794858	4224.10256404	
4208.71794865	4205.51282045	4191.15384602	4164.35897415	4134.23076896	4194.35897422	4164.9999998	4248.84615385	4187.17948704	4219.35897429	4201.53846147	4248.71794872	4193.07692294	4228.97435891	
4208.4615384	4204.87179481	4191.66666653	4164.48717928	4136.79487159	4194.74358961	4165.12820492	4247.6923077	4187.30769217	4219.35897429	4196.41025628	4245.8974359	4190.12820499	4226.41025634	
4202.30769224	4209.10256404	4195.25641012	4164.61538441	4137.3076921	4193.97435884	4169.99999986	4241.53846154	4178.97435884	4209.23076917	4190.25641012	4234.10256411	4181.79487166	4218.20512814	
4195.76923063	4216.41025634	4204.23076917	4175.64102551	4146.66666646	4201.92307686	4176.28205115	4244.61538462	4176.5384614	4209.74358968	4201.79487173	4241.28205129	4183.20512807	4218.84615378	
4191.28205115	4219.74358968	4209.99999993	4182.94871781	4155.12820492	4212.69230763	4183.20512807	4253.46153847	4184.99999986	4218.58974352	4214.61538455	4252.56410257	4193.71794858	4226.28205122	
4186.92307679	4219.61538455	4207.5641025	4177.82051269	4148.97435877	4210.25641019	4183.84615371	4251.15384616	4182.30769217	4213.71794865	4207.69230763	4250.0	4196.41025628	4223.84615378	
4184.2307691	4223.71794865	4213.71794865	4177.4358973	4148.58974339	4212.05128199	4187.56410243	4252.94871795	4175.76923063	4208.71794865	4205.51282045	4253.71794872	4194.2307691	4220.25641019	
4185.51282038	4226.28205122	4225.38461532	4184.87179474	4161.15384595	4224.61538455	4196.79487166	4263.71794872	4180.89743576	4215.51282045	4215.7692307	4264.10256411	4197.94871781	4225.25641019	
4184.48717935	4221.6666666	4220.38461532	4184.10256397	4161.79487159	4221.02564096	4195.89743576	4258.46153847	4179.87179474	4213.33333327	4209.99999993	4256.02564103	4193.07692294	4224.10256404	
4182.05128192	4219.74358968	4210.64102558	4179.35897422	4151.79487159	4207.43589737	4187.4358973	4245.0	4168.58974345	4203.07692301	4194.87179474	4243.84615385	4176.41025628	4212.43589737	
4186.02564089	4222.94871788	4212.05128199	4178.46153833	4149.1025639	4208.71794865	4184.2307691	4247.56410257	4169.61538448	4205.7692307	4194.35897422	4247.94871795	4174.48717935	4210.7692307	
4190.76923063	4224.87179481	4209.74358968	4174.87179474	4148.97435877	4211.6666666	4181.79487166	4254.10256411	4179.10256397	4214.87179481	4198.46153833	4251.41025641	4183.3333332	4218.97435891	
4191.5384614	4222.17948711	4195.38461525	4171.41025628	4144.74358954	4198.71794858	4169.61538448	4249.23076923	4177.05128192	4210.51282045	4191.28205115	4246.7948718	4179.99999986	4218.71794865	
4196.02564089	4219.61538455	4186.28205115	4173.07692294	4143.07692287	4187.17948704	4159.61538441	4247.43589744	4174.99999986	4206.6666666	4186.79487166	4248.58974359	4180.38461525	4216.79487173	
4202.30769224	4216.6666666	4182.82051269	4170.89743576	4141.41025621	4181.41025628	4153.71794851	4253.84615385	4180.89743576	4213.07692301	4191.66666653	4254.35897436	4187.94871781	4223.97435891	
4204.99999993	4211.6666666	4172.82051269	4162.3076921	4135.89743569	4171.28205115	4144.1025639	4255.0	4183.71794858	4216.6666666	4193.3333332	4251.02564103	4185.76923063	4227.94871788	
4206.92307686	4209.23076917	4166.41025621	4163.07692287	4135.89743569	4165.89743569	4140.38461518	4247.05128206	4183.46153833	4215.25641019	4191.92307679	4245.64102564	4184.2307691	4224.87179481	
4212.82051275	4212.82051275	4170.12820499	4172.56410243	4142.82051262	4169.35897422	4143.97435877	4243.20512821	4182.4358973	4213.84615378	4192.17948704	4243.97435898	4186.79487166	4222.30769224	
4216.6666666	4219.10256404	4172.30769217	4178.84615371	4149.74358954	4171.28205115	4143.58974339	4247.56410257	4179.10256397	4213.97435891	4197.82051269	4242.05128206	4186.66666653	4223.58974352	
4211.02564096	4222.94871788	4172.05128192	4178.3333332	4151.92307672	4172.05128192	4140.64102544	4246.28205129	4176.92307679	4212.17948711	4201.15384609	4239.61538462	4187.30769217	4223.07692301	
4206.41025634	4225.25641019	4178.46153833	4178.3333332	4151.28205108	4177.17948704	4146.92307672	4243.33333334	4181.28205115	4214.23076917	4202.43589737	4242.17948718	4196.15384602	4223.58974352	
4205.51282045	4222.17948711	4182.56410243	4182.69230756	4152.3076921	4179.99999986	4153.205128	4247.17948718	4188.07692294	4222.69230763	4204.10256404	4243.46153847	4206.53846147	4228.33333327	
4200.89743576	4215.7692307	4175.51282038	4179.87179474	4149.48717928	4175.89743576	4146.79487159	4242.30769231	4181.79487166	4217.5641025	4192.17948704	4235.38461539	4191.92307679	4223.71794865	
4197.69230756	4213.07692301	4170.38461525	4169.35897422	4142.69230749	4173.46153833	4141.53846133	4229.99999993	4163.07692287	4196.79487166	4174.87179474	4227.82051275	4159.87179467	4208.20512814	
4201.41025634	4217.30769224	4182.94871781	4173.97435884	4145.51282031	4184.2307691	4155.12820492	4228.4615384	4159.1025639	4191.79487166	4177.17948704	4230.25641019	4164.35897415	4205.12820506	
4201.41025634	4224.99999993	4197.56410243	4186.5384614	4156.41025621	4197.17948704	4171.15384602	4233.07692301	4167.05128185	4201.28205122	4186.02564089	4233.33333327	4186.66666653	4211.6666666	
4185.12820499	4224.10256404	4199.48717935	4185.25641012	4157.94871774	4200.25641012	4171.66666653	4231.92307686	4162.3076921	4197.56410243	4186.5384614	4231.6666666	4175.89743576	4208.33333327	
4165.89743569	4214.61538455	4197.30769217	4180.25641012	4152.82051262	4197.94871781	4169.87179474	4231.41025634	4147.69230749	4182.69230756	4187.17948704	4231.02564096	4157.43589723	4192.94871781	
4161.41025621	4211.02564096	4193.46153833	4180.76923063	4151.66666646	4192.82051269	4168.3333332	4230.25641019	4138.205128	4171.79487166	4181.02564089	4228.58974352	4155.89743569	4181.66666653	
4137.94871774	4221.6666666	4203.58974352	4189.87179474	4160.89743569	4202.69230763	4178.58974345	4229.74358968	4125.12820485	4159.87179467	4175.76923063	4225.25641019	4151.53846133	4170.38461525	
4104.74358947	4230.51282045	4222.43589737	4197.69230756	4169.87179474	4221.79487173	4197.05128192	4235.64102564	4106.02564075	4142.3076921	4178.97435884	4230.7692307	4133.71794844	4151.79487159	
4139.61538441	4220.25641019	4210.38461532	4183.71794858	4156.28205108	4209.74358968	4184.99999986	4241.15384616	4113.33333306	4148.58974339	4171.02564089	4239.87179488	4128.84615357	4157.43589723	
4204.10256404	4210.7692307	4184.10256397	4171.66666653	4140.89743569	4184.2307691	4156.28205108	4244.10256411	4150.89743569	4183.71794858	4171.02564089	4244.87179488	4158.58974339	4195.76923063	
4207.30769224	4217.69230763	4183.58974345	4180.38461525	4148.07692287	4183.20512807	4153.33333313	4247.94871795	4170.89743576	4203.58974352	4190.76923063	4246.53846154	4185.76923063	4215.38461532	
4198.97435884	4214.10256404	4181.02564089	4178.07692294	4150.89743569	4180.38461525	4152.43589723	4248.46153847	4165.38461518	4200.64102551	4191.66666653	4244.74358975	4183.20512807	4209.23076917	
4224.99999993	4200.38461525	4167.3076921	4163.205128	4140.51282031	4168.3333332	4141.02564082	4248.20512821	4173.20512807	4207.43589737	4185.12820499	4245.76923077	4187.69230756	4219.23076917	
4227.94871788	4201.28205122	4173.20512807	4165.64102544	4139.74358954	4172.69230756	4144.74358954	4250.8974359	4185.64102551	4216.6666666	4196.79487166	4250.8974359	4202.05128199	4232.94871788	
4207.17948711	4204.23076917	4177.82051269	4168.20512807	4139.74358954	4177.69230756	4148.58974339	4250.8974359	4176.15384602	4208.58974352	4199.10256397	4249.61538462	4187.94871781	4219.10256404	
4199.48717935	4200.76923063	4171.15384602	4162.43589723	4133.9743587	4174.35897422	4145.25641005	4247.05128206	4162.43589723	4197.94871781	4187.82051269	4245.8974359	4171.66666653	4202.82051275	
4202.82051275	4201.28205122	4176.41025628	4165.25641005	4137.43589723	4178.71794858	4149.1025639	4249.48717949	4166.28205108	4199.61538448	4186.5384614	4247.43589744	4182.56410243	4208.84615378	
4211.41025634	4202.43589737	4184.61538448	4171.15384602	4142.17948697	4182.56410243	4153.84615364	4256.53846154	4176.79487166	4209.23076917	4193.46153833	4252.17948718	4191.15384602	4219.10256404	
4212.5641025	4198.71794858	4183.07692294	4173.46153833	4142.69230749	4181.66666653	4155.89743569	4257.30769231	4172.30769217	4207.94871788	4192.82051269	4253.46153847	4179.48717935	4213.20512814	
4204.35897429	4198.46153833	4181.92307679	4171.5384614	4143.46153826	4186.02564089	4159.9999998	4252.43589744	4161.41025621	4197.05128192	4185.51282038	4251.92307693	4169.87179474	4205.12820506	
4200.51282038	4196.02564089	4179.87179474	4164.74358954	4136.79487159	4184.61538448	4155.25641005	4249.48717949	4157.05128185	4189.87179474	4175.76923063	4247.30769231	4168.84615371	4203.4615384	
4203.84615378	4192.69230756	4177.17948704	4160.76923056	4129.48717921	4177.69230756	4147.82051262	4248.58974359	4155.25641005	4189.99999986	4170.89743576	4243.84615385	4164.35897415	4198.71794858	
4202.94871788	4197.30769217	4183.20512807	4166.92307672	4137.82051262	4182.30769217	4153.58974339	4250.0	4157.17948697	4195.38461525	4177.94871781	4248.71794872	4163.07692287	4199.87179474	
4197.56410243	4196.5384614	4183.20512807	4168.07692287	4141.53846133	4182.82051269	4153.33333313	4250.38461539	4163.07692287	4196.15384602	4179.99999986	4250.51282052	4167.82051262	4207.30769224	
4202.94871788	4185.89743576	4170.89743576	4160.51282031	4130.7692305	4168.97435884	4141.92307672	4248.33333334	4164.1025639	4194.99999986	4173.97435884	4246.02564103	4174.61538448	4207.94871788	
4217.94871788	4182.94871781	4162.43589723	4158.46153826	4127.56410229	4160.64102544	4135.89743569	4249.74358975	4164.35897415	4202.5641025	4173.46153833	4247.94871795	4181.66666653	4208.71794865	
4223.97435891	4185.89743576	4161.92307672	4158.46153826	4130.12820485	4160.76923056	4133.46153819	4250.25641026	4169.74358961	4207.5641025	4173.71794858	4250.12820513	4176.79487166	4211.53846147	
4214.48717942	4184.35897422	4166.79487159	4157.82051262	4129.8717946	4164.23076903	4134.35897408	4243.97435898	4166.02564082	4199.2307691	4168.97435884	4242.43589744	4160.89743569	4207.43589737	
4207.17948711	4184.35897422	4175.89743576	4161.41025621	4132.69230742	4175.51282038	4146.28205108	4244.87179488	4159.23076903	4195.38461525	4172.82051269	4241.66666667	4163.33333313	4206.41025634	
4204.48717942	4189.35897422	4180.38461525	4165.89743569	4134.35897408	4181.02564089	4153.84615364	4250.64102564	4161.15384595	4196.79487166	4183.58974345	4248.84615385	4174.48717935	4207.69230763	
4202.69230763	4190.76923063	4177.69230756	4162.05128185	4132.05128178	4176.5384614	4147.43589723	4244.35897436	4158.97435877	4189.74358961	4178.97435884	4242.17948718	4161.66666646	4199.2307691	
4199.61538448	4187.4358973	4176.02564089	4157.05128185	4131.66666639	4176.15384602	4145.51282031	4236.02564103	4151.02564082	4184.99999986	4170.38461525	4234.35897436	4153.205128	4192.82051269	
4189.61538448	4183.20512807	4177.4358973	4160.25641005	4133.0769228	4177.56410243	4149.87179467	4238.07692308	4145.51282031	4183.07692294	4172.4358973	4237.05128206	4161.28205108	4191.66666653	
4184.99999986	4180.38461525	4178.84615371	4163.07692287	4131.92307665	4177.4358973	4150.89743569	4236.41025641	4139.1025639	4173.07692294	4170.51282038	4235.12820513	4153.71794851	4183.97435884	
4183.20512807	4182.4358973	4181.5384614	4158.97435877	4129.35897408	4181.41025628	4153.84615364	4230.38461532	4130.7692305	4165.76923056	4161.02564082	4229.61538455	4142.05128185	4175.51282038	
4176.02564089	4181.79487166	4182.82051269	4154.74358954	4126.53846126	4182.30769217	4155.64102544	4226.79487173	4125.7692305	4164.9999998	4154.23076903	4226.41025634	4141.15384595	4172.17948704	
4173.58974345	4176.79487166	4180.12820499	4158.07692287	4127.17948691	4177.94871781	4151.41025621	4222.17948711	4124.99999973	4161.28205108	4154.87179467	4220.12820506	4137.94871774	4169.2307691	
4172.4358973	4178.71794858	4176.92307679	4160.76923056	4131.02564075	4175.89743576	4147.3076921	4216.15384609	4123.58974332	4157.43589723	4156.79487159	4215.64102558	4136.28205108	4166.15384595	
4168.71794858	4179.48717935	4175.89743576	4158.46153826	4132.17948691	4173.84615371	4145.38461518	4213.4615384	4121.02564075	4159.74358954	4159.35897415	4213.58974352	4139.23076903	4166.92307672	
4172.56410243	4174.61538448	4177.17948704	4161.02564082	4134.23076896	4174.2307691	4146.79487159	4215.64102558	4123.84615357	4162.82051262	4164.61538441	4211.41025634	4137.56410236	4168.97435884	
4165.51282031	4176.02564089	4181.79487166	4166.66666646	4139.61538441	4182.05128192	4154.74358954	4210.64102558	4120.64102537	4154.1025639	4163.71794851	4207.30769224	4128.58974332	4162.56410236	
4150.89743569	4183.3333332	4189.2307691	4165.89743569	4142.05128185	4191.66666653	4163.07692287	4204.35897429	4107.94871767	4142.43589723	4158.97435877	4205.7692307	4118.84615357	4151.66666646	
4164.35897415	4181.79487166	4196.02564089	4162.3076921	4135.64102544	4194.74358961	4166.02564082	4208.4615384	4113.20512793	4150.51282031	4157.3076921	4209.10256404	4122.17948691	4158.205128	
4187.69230756	4172.56410243	4198.07692294	4158.33333313	4126.92307665	4194.61538448	4169.99999986	4213.84615378	4131.53846126	4167.05128185	4156.28205108	4211.6666666	4135.12820485	4176.41025628	
4187.56410243	4173.97435884	4209.87179481	4161.92307672	4132.43589716	4209.35897429	4186.02564089	4221.28205122	4141.66666646	4175.89743576	4165.89743569	4221.41025634	4151.53846133	4189.74358961	
4184.2307691	4182.17948704	4235.38461539	4170.25641012	4141.66666646	4234.87179488	4210.25641019	4243.71794872	4153.205128	4186.5384614	4181.79487166	4244.61538462	4168.20512807	4200.64102551	
4186.92307679	4184.87179474	4259.48717949	4172.05128192	4141.15384595	4257.05128206	4232.05128199	4261.7948718	4167.05128185	4197.30769217	4182.82051269	4260.12820513	4171.5384614	4209.23076917	
4172.56410243	4190.25641012	4284.61538469	4180.51282038	4152.17948697	4285.25641033	4260.76923077	4266.66666674	4164.23076903	4195.64102551	4183.97435884	4264.74358975	4163.07692287	4207.17948711	
4132.82051255	4205.89743583	4321.66666681	4204.87179481	4179.2307691	4322.94871809	4303.71794886	4276.66666674	4145.38461518	4182.05128192	4199.87179474	4274.74358982	4154.35897415	4190.89743576	
4079.61538427	4218.58974352	4355.00000021	4221.15384609	4195.25641012	4352.6923079	4338.20512842	4281.28205136	4113.20512793	4151.15384595	4197.94871781	4278.07692315	4135.12820485	4157.17948697	
4059.10256369	4221.15384609	4363.46153867	4219.74358968	4195.64102551	4362.43589765	4345.00000021	4274.2307693	4087.56410222	4125.51282024	4179.48717935	4270.64102571	4119.74358947	4131.28205101	
4108.20512793	4209.23076917	4339.87179508	4206.28205122	4180.12820499	4342.56410278	4322.69230784	4273.71794879	4106.41025614	4143.58974339	4179.10256397	4272.05128212	4130.7692305	4151.28205108	
4167.94871774	4188.46153833	4306.28205142	4185.89743576	4157.82051262	4307.17948732	4287.17948725	4269.87179495	4142.3076921	4176.41025628	4183.71794858	4268.46153853	4142.05128185	4188.84615371	
4171.92307679	4184.74358961	4295.76923084	4180.51282038	4154.9999998	4295.51282059	4271.41025648	4252.43589744	4147.56410236	4180.89743576	4178.84615371	4251.41025641	4144.23076903	4194.2307691	
4144.74358954	4195.64102551	4300.51282066	4192.30769217	4165.64102544	4301.41025655	4277.56410264	4235.51282052	4134.35897408	4168.58974345	4180.51282038	4236.15384616	4153.97435877	4177.94871781	
4140.25641005	4193.3333332	4292.05128212	4192.82051269	4164.35897415	4292.17948725	4272.94871802	4220.12820506	4123.46153819	4157.17948697	4180.38461525	4219.48717942	4144.48717928	4165.51282031	
4162.05128185	4187.05128192	4276.79487187	4184.10256397	4158.07692287	4276.79487187	4255.12820513	4199.48717935	4122.43589716	4156.28205108	4169.2307691	4196.92307679	4127.69230742	4165.89743569	
4174.74358961	4189.2307691	4269.35897443	4182.82051269	4153.71794851	4269.87179495	4244.87179488	4190.38461525	4138.205128	4173.84615371	4172.17948704	4187.4358973	4150.38461518	4181.41025628	
4160.64102544	4187.05128192	4262.43589744	4182.4358973	4150.12820492	4261.66666667	4236.53846154	4185.51282038	4143.58974339	4179.74358961	4186.41025628	4183.58974345	4165.89743569	4188.07692294	
4146.41025621	4181.79487166	4253.33333334	4179.74358961	4153.205128	4251.53846154	4226.53846147	4164.87179467	4123.33333306	4159.48717928	4180.25641012	4163.84615364	4135.64102544	4172.4358973	
4118.9743587	4190.51282038	4264.48717949	4189.99999986	4166.28205108	4263.33333334	4240.38461539	4151.02564082	4104.61538434	4141.15384595	4172.4358973	4150.64102544	4120.38461511	4151.66666646	
4079.87179453	4199.48717935	4273.46153853	4195.76923063	4168.58974345	4273.46153853	4252.30769231	4152.17948697	4084.48717914	4121.41025614	4169.2307691	4150.38461518	4115.51282024	4128.0769228	
4106.02564075	4189.61538448	4243.20512821	4178.07692294	4148.58974339	4242.56410257	4217.30769224	4138.84615364	4076.02564068	4116.41025614	4151.79487159	4136.02564082	4095.6410253	4123.58974332	
4176.92307679	4174.35897422	4206.02564096	4159.35897415	4128.71794844	4204.48717942	4176.41025628	4119.23076896	4103.9743587	4144.87179467	4145.38461518	4119.74358947	4104.48717921	4154.9999998	
4199.10256397	4165.89743569	4192.82051269	4151.92307672	4121.41025614	4191.79487166	4164.87179467	4115.51282024	4131.53846126	4167.56410236	4156.28205108	4115.64102537	4138.84615364	4178.71794858	
4194.74358961	4160.12820492	4180.38461525	4143.58974339	4113.20512793	4180.25641012	4152.17948697	4112.30769203	4137.05128185	4169.48717935	4161.92307672	4109.35897408	4153.07692287	4181.02564089	
4214.23076917	4158.33333313	4168.07692287	4139.9999998	4108.33333306	4167.05128185	4138.71794851	4101.15384581	4144.35897415	4179.35897422	4162.43589723	4099.87179453	4152.17948697	4190.25641012	
4227.30769224	4157.05128185	4169.35897422	4144.74358954	4113.58974332	4167.43589723	4140.25641005	4095.76923043	4149.48717928	4186.15384602	4162.43589723	4094.48717914	4148.97435877	4196.66666653	
4222.94871788	4151.79487159	4164.74358954	4142.3076921	4113.46153819	4165.12820492	4136.92307672	4088.20512786	4143.205128	4177.94871781	4156.41025621	4083.97435863	4144.35897415	4188.84615371	
4227.30769224	4151.66666646	4156.79487159	4139.48717928	4109.10256383	4159.48717928	4130.51282024	4078.20512786	4148.97435877	4182.17948704	4156.53846133	4074.99999966	4151.28205108	4192.82051269	
4236.92307693	4158.97435877	4162.69230749	4146.53846133	4114.8717946	4163.46153826	4135.12820485	4080.38461504	4162.3076921	4197.05128192	4164.35897415	4079.7435894	4159.1025639	4207.17948711	
4243.20512821	4160.25641005	4163.58974339	4147.17948697	4118.20512793	4161.53846133	4132.94871767	4086.28205094	4170.76923063	4206.53846147	4167.56410236	4084.10256376	4165.25641005	4214.99999993	
4244.48717949	4155.51282031	4150.64102544	4142.17948697	4113.20512793	4150.25641005	4120.38461511	4082.17948684	4180.12820499	4212.5641025	4171.02564089	4079.7435894	4178.3333332	4221.53846147	
4249.35897436	4151.02564082	4142.17948697	4140.89743569	4109.10256383	4143.33333313	4113.9743587	4075.89743555	4188.3333332	4218.71794865	4176.28205115	4075.51282017	4183.58974345	4232.5641025	
4253.97435898	4152.94871774	4146.41025621	4141.15384595	4111.02564075	4146.53846133	4116.53846126	4079.99999966	4197.82051269	4229.61538455	4181.92307679	4077.82051248	4190.12820499	4240.38461539	
4244.74358975	4155.12820492	4148.58974339	4140.38461518	4113.20512793	4149.74358954	4117.56410229	4080.38461504	4194.61538448	4226.79487173	4177.69230756	4077.82051248	4191.5384614	4231.28205122	
4233.71794865	4153.33333313	4143.33333313	4140.25641005	4112.17948691	4144.48717928	4111.79487152	4073.33333299	4172.94871781	4205.25641019	4159.48717928	4072.94871761	4171.92307679	4214.74358968	
4231.28205122	4154.35897415	4141.92307672	4142.82051262	4114.10256383	4137.56410236	4108.84615357	4079.23076889	4159.74358954	4193.97435884	4157.56410236	4077.69230735	4157.94871774	4209.10256404	
4226.6666666	4154.23076903	4137.94871774	4145.89743569	4116.92307665	4132.56410229	4105.64102537	4088.71794837	4159.23076903	4193.97435884	4169.48717935	4086.15384581	4159.87179467	4204.61538455	
4224.61538455	4152.69230749	4127.17948691	4146.92307672	4117.69230742	4124.35897408	4095.38461504	4087.69230735	4156.92307672	4190.51282038	4169.10256397	4086.28205094	4162.17948697	4200.38461525	
4225.25641019	4154.23076903	4127.82051255	4147.69230749	4117.82051255	4124.10256383	4094.10256376	4092.30769196	4158.07692287	4194.48717935	4165.76923056	4090.38461504	4172.17948704	4206.6666666	
4218.84615378	4153.97435877	4130.25640998	4146.28205108	4114.99999973	4128.46153819	4097.43589709	4103.20512793	4159.48717928	4195.64102551	4168.58974345	4100.12820478	4174.10256397	4206.53846147	
4210.89743583	4151.92307672	4121.41025614	4142.82051262	4112.69230742	4123.0769228	4092.05128171	4103.58974332	4149.9999998	4183.58974345	4168.97435884	4102.05128171	4155.51282031	4195.25641012	
4204.23076917	4154.61538441	4121.92307665	4144.23076903	4114.48717921	4121.15384588	4091.15384581	4102.56410229	4144.74358954	4180.38461525	4167.17948697	4101.53846119	4154.35897415	4191.28205115	
4200.38461525	4154.61538441	4131.79487152	4149.1025639	4117.05128178	4128.71794844	4100.12820478	4107.17948691	4147.94871774	4183.84615371	4166.15384595	4105.51282024	4160.76923056	4192.17948704	
4197.94871781	4153.46153826	4134.23076896	4150.12820492	4119.61538434	4136.53846133	4105.7692305	4109.48717921	4139.87179467	4174.2307691	4162.17948697	4106.28205101	4141.02564082	4186.28205115	
4194.99999986	4157.82051262	4137.17948697	4150.12820492	4123.33333306	4138.84615364	4105.38461511	4116.02564075	4136.53846133	4172.05128192	4159.61538441	4112.43589716	4142.94871774	4185.12820499	
4190.38461525	4159.87179467	4141.53846133	4151.15384595	4122.69230742	4137.17948697	4107.05128178	4125.38461511	4147.3076921	4184.10256397	4163.07692287	4124.74358947	4167.05128185	4190.38461525	
4181.66666653	4164.48717928	4145.38461518	4155.25641005	4125.64102537	4144.23076903	4116.41025614	4127.94871767	4141.28205108	4175.12820499	4165.25641005	4129.48717921	4154.61538441	4184.10256397	
4178.58974345	4171.5384614	4155.25641005	4162.82051262	4137.43589723	4157.43589723	4128.46153819	4132.82051255	4126.53846126	4161.15384595	4163.205128	4132.43589716	4135.51282031	4176.92307679	
4174.10256397	4173.20512807	4167.43589723	4169.61538448	4143.71794851	4163.58974339	4136.92307672	4145.38461518	4130.89743562	4170.25641012	4165.12820492	4142.82051262	4148.71794851	4179.48717935	
4142.3076921	4178.58974345	4178.20512807	4176.28205115	4147.43589723	4173.71794858	4148.07692287	4152.17948697	4127.43589716	4165.76923056	4172.30769217	4151.92307672	4151.79487159	4169.61538448	
4114.48717921	4185.51282038	4181.92307679	4179.99999986	4151.66666646	4184.10256397	4153.84615364	4153.84615364	4105.51282024	4141.02564082	4169.35897422	4154.35897415	4133.20512793	4149.23076903	
4125.38461511	4182.56410243	4179.2307691	4178.71794858	4150.25641005	4178.71794858	4149.48717928	4160.12820492	4099.61538427	4136.02564082	4160.25641005	4157.56410236	4126.92307665	4145.76923056	
4128.58974332	4180.38461525	4182.05128192	4177.69230756	4148.71794851	4178.84615371	4153.205128	4168.20512807	4104.23076896	4141.02564082	4161.41025621	4165.25641005	4127.82051255	4149.87179467	
4090.89743555	4186.02564089	4193.3333332	4179.74358961	4151.53846133	4195.76923063	4168.07692287	4177.56410243	4088.58974325	4126.02564075	4163.46153826	4174.61538448	4122.56410229	4134.8717946	
4056.79487138	4192.05128192	4206.53846147	4186.79487166	4159.1025639	4208.58974352	4181.41025628	4188.58974345	4067.05128164	4106.28205101	4160.12820492	4184.87179474	4114.48717921	4115.7692305	
4046.53846113	4196.15384602	4218.33333327	4198.20512807	4171.15384602	4216.79487173	4193.71794858	4200.12820499	4058.97435856	4098.97435863	4160.38461518	4197.30769217	4102.30769196	4107.05128178	
4046.66666625	4197.17948704	4222.82051275	4202.5641025	4174.74358961	4221.15384609	4198.58974345	4216.15384609	4063.33333292	4102.05128171	4164.35897415	4213.58974352	4101.41025607	4108.71794844	
4060.38461497	4196.92307679	4217.30769224	4194.74358961	4164.9999998	4216.02564096	4191.15384602	4231.53846147	4074.87179453	4113.33333306	4165.76923056	4226.92307686	4118.58974332	4121.15384588	
4078.46153812	4195.76923063	4207.05128199	4182.30769217	4155.89743569	4206.6666666	4181.02564089	4232.30769224	4083.58974325	4120.51282024	4163.07692287	4230.12820506	4125.7692305	4131.28205101	
4093.58974325	4188.07692294	4199.10256397	4174.2307691	4149.87179467	4199.2307691	4174.87179474	4232.05128199	4091.15384581	4125.89743562	4162.05128185	4234.48717949	4120.12820485	4136.15384595	
4107.94871767	4179.35897422	4200.64102551	4176.15384602	4146.41025621	4199.61538448	4172.4358973	4244.87179488	4105.7692305	4141.28205108	4166.28205108	4246.66666667	4130.89743562	4148.71794851	
4121.53846126	4179.99999986	4197.82051269	4177.69230756	4149.35897415	4197.30769217	4166.41025621	4253.20512821	4119.10256383	4156.92307672	4171.28205115	4251.41025641	4151.41025621	4164.35897415	
4135.76923056	4180.76923063	4184.99999986	4170.25641012	4146.92307672	4184.35897422	4157.05128185	4253.58974359	4123.84615357	4161.66666646	4173.71794858	4251.66666667	4159.48717928	4172.4358973	
4151.53846133	4175.38461525	4180.64102551	4164.48717928	4136.41025621	4178.20512807	4153.07692287	4260.12820513	4128.20512793	4162.94871774	4175.76923063	4259.74358975	4162.05128185	4174.61538448	
4166.92307672	4169.99999986	4180.12820499	4163.46153826	4130.7692305	4180.12820499	4149.74358954	4271.923077	4137.82051262	4170.25641012	4179.35897422	4269.48717956	4171.28205115	4182.05128192	
4175.64102551	4169.74358961	4171.79487166	4158.97435877	4128.46153819	4174.35897422	4141.02564082	4278.46153853	4146.41025621	4180.38461525	4179.99999986	4273.97435905	4181.15384602	4190.76923063	
4180.76923063	4170.12820499	4165.76923056	4155.64102544	4125.51282024	4165.51282031	4136.66666646	4281.79487187	4154.23076903	4188.3333332	4181.41025628	4280.64102571	4186.79487166	4196.66666653	
4182.4358973	4167.3076921	4166.15384595	4156.28205108	4126.15384588	4161.66666646	4136.53846133	4288.71794879	4157.17948697	4190.38461525	4186.5384614	4290.25641033	4186.28205115	4201.41025634	
4180.25641012	4167.94871774	4165.12820492	4157.69230749	4128.20512793	4161.66666646	4134.61538434	4296.66666674	4155.76923056	4188.3333332	4189.35897422	4295.89743597	4185.12820499	4200.89743576	
4179.61538448	4171.02564089	4166.53846133	4159.61538441	4129.10256383	4167.94871774	4138.71794851	4301.28205142	4157.05128185	4190.64102551	4185.51282038	4298.84615392	4187.82051269	4197.56410243	
4178.97435884	4169.10256397	4169.35897422	4160.76923056	4130.25640998	4169.87179474	4142.43589723	4303.58974373	4156.79487159	4193.07692294	4182.30769217	4303.33333348	4183.58974345	4198.84615371	
4176.92307679	4168.84615371	4171.02564089	4160.12820492	4132.56410229	4166.28205108	4140.89743569	4312.17948732	4161.02564082	4196.28205115	4188.3333332	4312.30769245	4184.10256397	4207.69230763	
4175.25641012	4172.94871781	4174.2307691	4162.56410236	4135.64102544	4172.56410243	4144.1025639	4322.30769245	4169.74358961	4202.17948711	4196.15384602	4319.48717963	4195.12820499	4211.28205122	
4172.82051269	4167.94871774	4172.82051269	4163.84615364	4133.9743587	4175.38461525	4145.38461518	4318.20512835	4158.33333313	4192.4358973	4193.58974345	4315.12820527	4187.94871781	4198.71794858	
