4137.05128185	4188.20512807	4173.20512807	4182.56410243	4185.38461525	4200.64102551	4215.38461532	4206.15384609	4190.25641012	4197.94871781	4187.69230756	4226.53846147	4180.64102551	4243.58974359	
4133.71794844	4184.2307691	4170.64102551	4182.4358973	4181.79487166	4202.30769224	4215.38461532	4210.12820506	4193.97435884	4200.12820499	4192.56410243	4231.02564096	4184.61538448	4243.97435898	
4131.28205101	4184.48717935	4171.92307679	4178.71794858	4182.56410243	4199.87179474	4212.43589737	4209.23076917	4196.79487166	4206.28205122	4188.07692294	4231.53846147	4194.35897422	4243.97435898	
4130.25640998	4184.48717935	4166.53846133	4174.10256397	4179.35897422	4196.5384614	4207.82051275	4198.46153833	4183.3333332	4194.61538448	4180.38461525	4222.30769224	4181.02564089	4236.7948718	
4132.43589716	4181.79487166	4162.3076921	4176.02564089	4178.97435884	4197.05128192	4209.74358968	4197.17948704	4176.41025628	4185.89743576	4180.12820499	4221.53846147	4170.12820499	4234.61538462	
4132.30769203	4180.51282038	4164.74358954	4172.17948704	4182.56410243	4195.76923063	4211.92307686	4206.15384609	4186.92307679	4193.07692294	4181.02564089	4231.92307686	4181.92307679	4238.58974359	
4127.82051255	4180.51282038	4162.17948697	4164.35897415	4181.92307679	4194.10256397	4209.99999993	4204.61538455	4185.51282038	4190.64102551	4181.92307679	4237.30769231	4188.3333332	4236.02564103	
4129.10256383	4183.07692294	4163.58974339	4169.87179474	4180.38461525	4195.76923063	4211.28205122	4202.43589737	4181.92307679	4191.79487166	4188.20512807	4242.6923077	4182.17948704	4235.64102564	
4137.82051262	4185.64102551	4173.46153833	4179.48717935	4186.15384602	4200.64102551	4215.38461532	4217.43589737	4203.97435891	4213.07692301	4199.87179474	4257.6923077	4193.58974345	4247.30769231	
4141.02564082	4184.74358961	4176.66666653	4178.20512807	4195.25641012	4205.89743583	4214.74358968	4222.69230763	4214.35897429	4214.74358968	4199.2307691	4265.25641026	4207.30769224	4251.7948718	
4138.07692287	4184.99999986	4173.46153833	4175.12820499	4192.69230756	4205.89743583	4212.82051275	4211.15384609	4196.5384614	4195.38461525	4191.02564089	4266.53846154	4197.30769217	4246.7948718	
4141.41025621	4186.28205115	4174.35897422	4179.74358961	4187.30769217	4202.30769224	4214.10256404	4213.33333327	4197.69230756	4198.07692294	4196.15384602	4276.66666674	4188.84615371	4249.23076923	
4145.12820492	4187.4358973	4179.87179474	4182.30769217	4190.89743576	4204.23076917	4216.02564096	4222.94871788	4218.20512814	4214.87179481	4205.64102558	4283.46153853	4198.3333332	4256.15384616	
4141.02564082	4185.76923063	4178.84615371	4178.46153833	4190.64102551	4205.25641019	4218.58974352	4219.35897429	4216.6666666	4212.69230763	4201.15384609	4280.00000007	4204.99999993	4256.92307693	
4138.205128	4183.07692294	4174.61538448	4176.15384602	4186.02564089	4199.48717935	4217.30769224	4215.89743583	4203.58974352	4205.12820506	4192.4358973	4276.41025648	4202.94871788	4249.48717949	
4142.69230749	4184.74358961	4176.02564089	4176.02564089	4190.76923063	4200.25641012	4216.41025634	4216.41025634	4202.05128199	4205.64102558	4190.25641012	4281.0256411	4195.25641012	4242.56410257	
4146.41025621	4188.07692294	4179.2307691	4175.64102551	4196.41025628	4206.6666666	4219.48717942	4215.7692307	4203.4615384	4206.15384609	4190.76923063	4288.46153853	4189.87179474	4246.92307693	
4144.61538441	4185.51282038	4179.61538448	4179.2307691	4190.64102551	4204.99999993	4218.33333327	4216.15384609	4202.94871788	4209.74358968	4192.56410243	4295.00000007	4194.99999986	4252.56410257	
4141.53846133	4179.48717935	4173.07692294	4179.87179474	4181.15384602	4197.4358973	4214.10256404	4212.5641025	4199.48717935	4208.97435891	4189.2307691	4296.41025648	4196.66666653	4244.87179488	
4140.51282031	4181.28205115	4166.28205108	4173.07692294	4178.71794858	4195.51282038	4213.20512814	4207.30769224	4195.51282038	4202.17948711	4188.46153833	4293.71794879	4187.17948704	4237.6923077	
4140.12820492	4182.17948704	4170.38461525	4171.92307679	4179.2307691	4192.94871781	4212.5641025	4207.17948711	4197.69230756	4199.35897422	4194.2307691	4298.71794879	4188.97435884	4241.53846154	
4141.66666646	4180.25641012	4177.82051269	4175.76923063	4180.64102551	4188.97435884	4212.94871788	4211.79487173	4206.79487173	4201.6666666	4193.46153833	4308.4615386	4207.82051275	4246.92307693	
4144.61538441	4182.4358973	4176.15384602	4175.38461525	4183.58974345	4192.82051269	4214.74358968	4212.82051275	4206.53846147	4202.17948711	4193.07692294	4311.02564117	4206.41025634	4247.17948718	
4144.35897415	4179.61538448	4166.28205108	4171.02564089	4183.84615371	4194.99999986	4212.5641025	4208.07692301	4195.64102551	4198.3333332	4197.17948704	4307.30769245	4181.15384602	4238.58974359	
4143.84615364	4179.10256397	4165.38461518	4169.74358961	4180.38461525	4195.25641012	4211.79487173	4208.33333327	4197.30769217	4197.4358973	4196.41025628	4310.89743604	4177.30769217	4236.02564103	
4145.38461518	4181.66666653	4171.66666653	4171.15384602	4176.28205115	4195.64102551	4214.87179481	4212.5641025	4201.79487173	4196.5384614	4189.48717935	4312.43589758	4195.12820499	4244.61538462	
4144.74358954	4175.51282038	4166.53846133	4167.43589723	4173.84615371	4191.28205115	4211.92307686	4204.35897429	4188.97435884	4190.64102551	4182.56410243	4301.41025655	4189.61538448	4239.23076923	
4143.07692287	4171.5384614	4157.56410236	4165.51282031	4169.99999986	4189.10256397	4211.15384609	4192.05128192	4174.61538448	4186.5384614	4177.4358973	4296.15384623	4169.10256397	4225.51282045	
4148.205128	4179.10256397	4162.82051262	4168.97435884	4171.5384614	4194.2307691	4215.12820506	4197.82051269	4177.4358973	4187.56410243	4175.25641012	4302.82051296	4171.92307679	4231.15384609	
4154.74358954	4183.71794858	4172.94871781	4170.51282038	4176.28205115	4195.12820499	4214.23076917	4209.35897429	4187.69230756	4188.20512807	4177.30769217	4310.38461553	4185.76923063	4243.46153847	
4152.69230749	4178.3333332	4171.28205115	4169.10256397	4175.51282038	4190.51282038	4212.17948711	4203.58974352	4187.4358973	4184.87179474	4178.20512807	4309.48717963	4182.69230756	4241.53846154	
4148.33333313	4175.89743576	4164.74358954	4174.35897422	4173.84615371	4191.41025628	4214.87179481	4192.56410243	4176.92307679	4177.17948704	4175.51282038	4300.2564104	4163.84615364	4234.10256411	
4149.48717928	4180.89743576	4166.79487159	4178.3333332	4176.28205115	4189.99999986	4217.69230763	4193.84615371	4172.17948704	4173.07692294	4172.05128192	4292.69230777	4158.33333313	4231.6666666	
4154.48717928	4183.71794858	4174.74358961	4175.64102551	4176.92307679	4185.64102551	4217.43589737	4202.94871788	4179.99999986	4185.89743576	4174.35897422	4296.0256411	4172.94871781	4232.43589737	
4156.15384595	4180.64102551	4178.3333332	4178.71794858	4175.38461525	4189.99999986	4215.7692307	4205.38461532	4187.56410243	4197.4358973	4179.61538448	4303.20512835	4180.25641012	4235.51282052	
4153.71794851	4183.71794858	4176.28205115	4179.99999986	4184.10256397	4199.99999986	4217.05128199	4200.89743576	4186.5384614	4192.82051269	4181.02564089	4303.84615399	4178.46153833	4238.71794872	
4153.33333313	4185.76923063	4174.87179474	4176.41025628	4187.17948704	4198.46153833	4218.07692301	4200.64102551	4184.87179474	4190.76923063	4177.4358973	4303.58974373	4179.74358961	4238.84615385	
4153.58974339	4176.28205115	4173.3333332	4173.58974345	4175.64102551	4190.51282038	4216.28205122	4202.69230763	4184.99999986	4196.5384614	4174.35897422	4306.02564117	4181.02564089	4236.7948718	
4154.74358954	4173.46153833	4171.5384614	4172.69230756	4177.56410243	4194.99999986	4212.30769224	4206.6666666	4192.4358973	4204.35897429	4186.41025628	4310.00000014	4185.89743576	4239.74358975	
4157.3076921	4176.15384602	4175.12820499	4170.25641012	4183.3333332	4197.05128192	4210.7692307	4213.4615384	4199.87179474	4208.58974352	4201.79487173	4311.92307707	4195.25641012	4245.38461539	
4156.02564082	4170.38461525	4179.10256397	4171.15384602	4166.66666646	4185.25641012	4210.38461532	4208.33333327	4189.87179474	4198.71794858	4194.74358961	4306.66666681	4187.05128192	4238.71794872	
4153.07692287	4169.74358961	4179.87179474	4170.89743576	4154.74358954	4183.3333332	4209.10256404	4192.56410243	4172.17948704	4178.71794858	4177.56410243	4294.10256418	4164.23076903	4222.43589737	
4152.69230749	4172.56410243	4175.89743576	4158.07692287	4165.25641005	4187.94871781	4207.30769224	4181.28205115	4157.43589723	4163.97435877	4162.56410236	4279.61538469	4152.43589723	4211.53846147	
4151.02564082	4167.3076921	4171.28205115	4156.41025621	4163.84615364	4180.25641012	4204.74358968	4176.15384602	4145.76923056	4161.53846133	4153.71794851	4274.10256418	4147.69230749	4208.07692301	
4151.92307672	4166.79487159	4174.99999986	4173.97435884	4156.79487159	4177.82051269	4208.58974352	4181.5384614	4153.46153826	4164.87179467	4164.1025639	4279.10256418	4150.38461518	4214.23076917	
4156.92307672	4175.89743576	4180.76923063	4183.97435884	4165.51282031	4185.89743576	4213.84615378	4189.61538448	4168.58974345	4166.02564082	4176.02564089	4280.38461546	4157.17948697	4220.38461532	
4158.46153826	4179.48717935	4179.48717935	4177.30769217	4169.10256397	4183.71794858	4209.99999993	4180.25641012	4162.17948697	4164.23076903	4164.61538441	4271.41025648	4150.64102544	4215.25641019	
4156.92307672	4173.58974345	4176.5384614	4171.41025628	4162.94871774	4177.05128192	4208.4615384	4170.89743576	4149.23076903	4167.94871774	4153.205128	4263.97435898	4142.17948697	4207.69230763	
4154.61538441	4168.20512807	4174.74358961	4173.07692294	4164.23076903	4181.15384602	4208.84615378	4174.61538448	4147.94871774	4166.41025621	4159.35897415	4262.82051282	4143.205128	4202.69230763	
4153.58974339	4168.20512807	4170.89743576	4172.30769217	4166.79487159	4185.89743576	4206.79487173	4178.20512807	4149.9999998	4162.94871774	4163.97435877	4265.0	4143.33333313	4200.38461525	
4155.12820492	4171.28205115	4170.64102551	4168.07692287	4164.87179467	4183.3333332	4205.7692307	4180.64102551	4157.05128185	4175.64102551	4167.05128185	4269.2307693	4149.23076903	4207.5641025	
4155.12820492	4167.56410236	4169.74358961	4163.71794851	4164.74358954	4181.79487166	4207.43589737	4184.74358961	4164.23076903	4184.35897422	4165.12820492	4269.61538469	4164.48717928	4216.92307686	
4153.58974339	4159.1025639	4162.56410236	4162.94871774	4161.53846133	4181.66666653	4204.87179481	4181.15384602	4157.05128185	4175.76923063	4157.17948697	4266.15384616	4155.89743569	4210.51282045	
4151.92307672	4162.43589723	4159.61538441	4162.43589723	4159.23076903	4181.79487166	4200.76923063	4169.2307691	4141.02564082	4167.05128185	4154.61538441	4259.35897436	4131.92307665	4196.28205115	
4150.89743569	4166.79487159	4156.53846133	4161.66666646	4160.89743569	4182.05128192	4202.05128199	4162.43589723	4130.51282024	4159.1025639	4148.33333313	4250.51282052	4125.25640998	4188.3333332	
4153.97435877	4161.28205108	4148.84615364	4160.89743569	4160.76923056	4180.64102551	4202.69230763	4164.23076903	4131.53846126	4154.74358954	4143.07692287	4249.23076923	4129.10256383	4188.3333332	
4161.41025621	4165.38461518	4154.48717928	4165.12820492	4167.56410236	4185.51282038	4202.43589737	4176.02564089	4149.87179467	4165.12820492	4158.97435877	4263.07692308	4141.02564082	4201.02564096	
4170.25641012	4181.92307679	4169.87179474	4178.3333332	4181.92307679	4197.69230756	4206.79487173	4195.51282038	4176.41025628	4185.25641012	4180.12820499	4281.0256411	4163.205128	4222.69230763	
4175.51282038	4189.10256397	4170.89743576	4188.07692294	4187.69230756	4203.07692301	4210.38461532	4203.71794865	4184.48717935	4196.28205115	4182.94871781	4289.35897443	4173.20512807	4231.92307686	
4174.61538448	4184.74358961	4164.1025639	4186.66666653	4187.30769217	4200.38461525	4208.71794865	4202.5641025	4181.66666653	4198.71794858	4181.92307679	4292.94871802	4170.38461525	4229.61538455	
4174.2307691	4187.94871781	4164.35897415	4181.41025628	4196.41025628	4207.05128199	4207.05128199	4208.07692301	4192.17948704	4203.58974352	4187.82051269	4298.58974366	4177.30769217	4236.15384616	
4178.3333332	4191.41025628	4164.35897415	4180.25641012	4201.28205122	4213.71794865	4206.92307686	4211.92307686	4199.35897422	4211.79487173	4190.38461525	4301.79487194	4182.69230756	4241.53846154	
4181.5384614	4187.69230756	4162.17948697	4183.58974345	4192.30769217	4207.05128199	4206.02564096	4209.99999993	4196.66666653	4214.23076917	4191.41025628	4302.69230784	4182.82051269	4236.92307693	
4181.92307679	4189.87179474	4166.66666646	4188.84615371	4190.51282038	4205.7692307	4207.30769224	4217.43589737	4206.6666666	4211.6666666	4200.89743576	4310.12820527	4195.25641012	4239.35897436	
4185.12820499	4196.79487166	4175.25641012	4191.41025628	4198.84615371	4212.05128199	4209.87179481	4233.84615385	4225.64102558	4222.30769224	4216.28205122	4320.64102578	4211.6666666	4252.56410257	
4186.66666653	4195.51282038	4176.41025628	4194.10256397	4199.74358961	4207.69230763	4209.10256404	4237.30769231	4231.15384609	4237.05128206	4219.23076917	4321.79487194	4212.69230763	4255.51282052	
4183.07692294	4193.46153833	4174.10256397	4195.89743576	4194.61538448	4198.3333332	4206.02564096	4228.20512814	4224.10256404	4231.28205122	4214.61538455	4320.64102578	4202.17948711	4247.43589744	
4185.25641012	4200.51282038	4176.79487166	4194.87179474	4194.87179474	4201.15384609	4207.05128199	4223.58974352	4217.5641025	4217.05128199	4212.30769224	4324.74358989	4198.71794858	4243.07692308	
4191.28205115	4203.58974352	4182.05128192	4200.89743576	4200.38461525	4209.87179481	4209.87179481	4227.69230763	4217.82051275	4221.79487173	4212.5641025	4324.61538476	4204.35897429	4244.48717949	
4189.99999986	4201.53846147	4183.46153833	4208.97435891	4202.82051275	4213.58974352	4209.61538455	4233.84615385	4224.74358968	4230.89743583	4217.30769224	4325.38461553	4208.97435891	4249.87179488	
4186.66666653	4201.53846147	4180.76923063	4204.61538455	4202.17948711	4211.6666666	4209.61538455	4234.48717949	4227.43589737	4227.94871788	4218.97435891	4332.56410278	4207.69230763	4253.07692308	
4189.74358961	4199.48717935	4177.69230756	4199.2307691	4205.64102558	4212.17948711	4208.58974352	4229.35897429	4223.84615378	4228.20512814	4211.79487173	4335.3846156	4207.5641025	4251.53846154	
4192.4358973	4199.2307691	4179.74358961	4203.4615384	4211.02564096	4218.33333327	4206.28205122	4228.4615384	4224.99999993	4228.84615378	4210.38461532	4333.46153867	4209.23076917	4252.17948718	
4194.74358961	4200.76923063	4184.2307691	4203.4615384	4211.79487173	4219.23076917	4207.82051275	4233.84615385	4227.43589737	4226.41025634	4214.48717942	4336.79487201	4211.02564096	4257.6923077	
4196.79487166	4200.89743576	4183.46153833	4198.84615371	4209.48717942	4216.15384609	4211.6666666	4230.7692307	4221.28205122	4227.43589737	4207.69230763	4340.89743611	4210.89743583	4258.07692308	
4195.25641012	4196.79487166	4180.76923063	4199.48717935	4208.58974352	4216.92307686	4206.79487173	4224.74358968	4217.17948711	4227.30769224	4204.99999993	4339.10256431	4205.38461532	4251.7948718	
4193.58974345	4193.71794858	4182.56410243	4198.07692294	4205.51282045	4212.5641025	4200.64102551	4226.02564096	4221.79487173	4227.69230763	4214.10256404	4338.97435919	4202.43589737	4250.0	
4196.5384614	4198.07692294	4183.71794858	4194.87179474	4201.02564096	4207.17948711	4204.74358968	4232.5641025	4230.51282045	4236.92307693	4219.87179481	4341.66666688	4213.07692301	4255.25641026	
4199.10256397	4202.82051275	4181.79487166	4201.6666666	4202.82051275	4212.17948711	4206.15384609	4241.15384616	4237.82051282	4243.20512821	4226.53846147	4343.46153867	4229.10256404	4262.56410257	
4198.84615371	4200.25641012	4179.99999986	4209.48717942	4205.51282045	4214.23076917	4203.71794865	4242.82051282	4237.17948718	4243.07692308	4231.28205122	4342.82051303	4228.07692301	4261.53846154	
4199.61538448	4200.12820499	4178.46153833	4204.10256404	4203.97435891	4208.4615384	4204.87179481	4242.94871795	4238.46153847	4248.84615385	4229.87179481	4340.89743611	4222.69230763	4257.6923077	
4198.20512807	4205.7692307	4180.89743576	4199.87179474	4204.61538455	4209.87179481	4204.61538455	4249.48717949	4250.12820513	4250.12820513	4232.30769224	4344.10256431	4236.02564103	4264.74358975	
4199.2307691	4201.6666666	4189.35897422	4202.69230763	4208.20512814	4217.43589737	4204.23076917	4255.51282052	4260.0	4248.71794872	4243.58974359	4352.43589765	4247.43589744	4277.17948725	
4203.58974352	4198.3333332	4198.84615371	4202.5641025	4207.43589737	4217.69230763	4204.87179481	4254.61538462	4258.46153847	4257.05128206	4246.92307693	4355.12820534	4240.64102564	4278.84615392	
4202.30769224	4199.99999986	4203.71794865	4197.4358973	4206.15384609	4215.51282045	4203.4615384	4247.94871795	4247.6923077	4251.53846154	4235.64102564	4347.30769252	4231.79487173	4272.30769238	
4199.48717935	4198.07692294	4201.79487173	4192.05128192	4203.33333327	4216.79487173	4202.43589737	4244.23076923	4240.0	4235.38461539	4227.69230763	4342.56410278	4228.33333327	4270.25641033	
4199.61538448	4196.5384614	4197.94871781	4190.51282038	4196.66666653	4214.87179481	4202.43589737	4238.46153847	4233.97435898	4232.43589737	4226.92307686	4341.28205149	4216.6666666	4266.66666674	
4199.74358961	4196.15384602	4198.46153833	4191.79487166	4197.30769217	4211.15384609	4197.82051269	4228.84615378	4225.12820506	4230.7692307	4217.82051275	4332.82051303	4207.69230763	4258.58974359	
4199.35897422	4192.82051269	4198.84615371	4192.94871781	4197.56410243	4209.23076917	4195.64102551	4225.12820506	4218.20512814	4221.41025634	4203.97435891	4325.00000014	4208.33333327	4253.84615385	
4200.51282038	4193.46153833	4195.64102551	4192.94871781	4193.97435884	4211.6666666	4200.64102551	4224.10256404	4213.33333327	4214.74358968	4201.6666666	4325.51282066	4200.89743576	4250.76923077	
4203.07692301	4200.64102551	4192.05128192	4192.05128192	4198.71794858	4214.87179481	4203.97435891	4221.02564096	4213.07692301	4215.38461532	4203.07692301	4326.28205142	4193.84615371	4248.97435898	
4206.15384609	4201.79487173	4192.05128192	4193.20512807	4209.10256404	4215.51282045	4201.79487173	4222.69230763	4220.25641019	4223.84615378	4204.35897429	4323.71794886	4202.43589737	4251.15384616	
4204.10256404	4200.64102551	4194.35897422	4199.10256397	4213.20512814	4218.33333327	4202.5641025	4230.51282045	4224.87179481	4228.20512814	4213.97435891	4324.48717963	4210.38461532	4253.71794872	
4203.07692301	4202.94871788	4191.79487166	4203.4615384	4207.05128199	4219.35897429	4205.12820506	4235.51282052	4223.58974352	4226.02564096	4224.48717942	4326.92307707	4206.79487173	4251.53846154	
4207.05128199	4201.53846147	4186.15384602	4197.30769217	4202.82051275	4217.5641025	4202.05128199	4234.61538462	4225.38461532	4233.33333327	4227.94871788	4326.1538463	4209.10256404	4247.56410257	
4206.92307686	4196.15384602	4182.94871781	4186.5384614	4204.48717942	4217.05128199	4199.48717935	4235.0	4229.87179481	4241.7948718	4230.89743583	4325.76923091	4217.69230763	4251.15384616	
4204.48717942	4194.74358961	4184.2307691	4184.74358961	4202.30769224	4216.6666666	4202.17948711	4240.38461539	4233.84615385	4236.66666667	4238.07692308	4331.66666681	4224.23076917	4259.74358975	
4204.74358968	4195.38461525	4186.41025628	4191.28205115	4191.15384602	4211.53846147	4199.35897422	4241.15384616	4235.64102564	4229.74358968	4241.41025641	4334.87179508	4224.48717942	4261.02564103	
4204.48717942	4187.94871781	4184.74358961	4191.5384614	4186.15384602	4203.33333327	4191.92307679	4236.66666667	4232.30769224	4224.99999993	4233.97435898	4327.56410271	4220.25641019	4257.6923077	
4204.23076917	4185.38461525	4187.05128192	4185.25641012	4189.2307691	4199.99999986	4191.79487166	4237.94871795	4234.48717949	4226.53846147	4231.79487173	4327.94871809	4226.02564096	4260.51282052	
4207.69230763	4196.41025628	4197.56410243	4189.87179474	4186.15384602	4201.02564096	4194.99999986	4240.76923077	4238.84615385	4226.92307686	4240.76923077	4335.76923098	4226.79487173	4264.48717949	
4209.61538455	4203.20512814	4199.99999986	4197.69230756	4186.66666653	4202.05128199	4195.38461525	4234.35897436	4230.64102558	4215.64102558	4237.6923077	4332.82051303	4213.84615378	4260.64102564	
4207.17948711	4194.61538448	4191.15384602	4192.94871781	4188.3333332	4198.71794858	4194.2307691	4226.6666666	4217.05128199	4209.23076917	4218.71794865	4324.10256425	4204.74358968	4251.92307693	
4206.6666666	4187.82051269	4189.48717935	4189.2307691	4184.2307691	4197.4358973	4194.48717935	4223.58974352	4212.17948711	4213.58974352	4208.4615384	4321.41025655	4199.99999986	4246.41025641	
4204.87179481	4190.12820499	4191.28205115	4193.3333332	4182.05128192	4198.46153833	4195.38461525	4218.84615378	4206.92307686	4208.97435891	4208.84615378	4317.82051296	4193.46153833	4244.74358975	
4202.43589737	4188.07692294	4184.74358961	4191.79487166	4183.3333332	4195.25641012	4194.2307691	4215.25641019	4200.38461525	4202.43589737	4208.20512814	4311.92307707	4190.76923063	4240.76923077	
4205.25641019	4185.89743576	4183.07692294	4188.97435884	4185.64102551	4194.99999986	4193.58974345	4215.12820506	4202.94871788	4204.35897429	4208.07692301	4312.05128219	4191.41025628	4237.30769231	
4205.25641019	4190.76923063	4188.07692294	4188.84615371	4191.41025628	4201.15384609	4195.12820499	4218.84615378	4210.12820506	4206.79487173	4214.74358968	4316.41025655	4194.35897422	4238.84615385	
4203.07692301	4192.05128192	4188.97435884	4187.94871781	4195.76923063	4202.5641025	4197.94871781	4228.97435891	4221.28205122	4217.05128199	4220.12820506	4320.12820527	4207.94871788	4246.7948718	
4208.58974352	4190.76923063	4194.61538448	4191.92307679	4189.61538448	4199.99999986	4197.69230756	4233.07692301	4228.84615378	4223.58974352	4222.17948711	4319.10256425	4214.10256404	4251.15384616	
4212.69230763	4194.74358961	4202.94871788	4195.38461525	4183.97435884	4199.61538448	4193.07692294	4221.41025634	4218.97435891	4209.74358968	4216.79487173	4313.97435912	4199.87179474	4243.33333334	
4209.35897429	4198.07692294	4202.05128199	4194.10256397	4187.69230756	4202.5641025	4191.79487166	4217.30769224	4215.64102558	4202.30769224	4212.94871788	4313.33333348	4196.28205115	4240.38461539	
4213.07692301	4198.07692294	4203.71794865	4198.97435884	4192.94871781	4207.30769224	4198.20512807	4233.71794865	4235.38461539	4219.23076917	4224.23076917	4322.43589758	4214.10256404	4255.12820513	
4218.33333327	4198.07692294	4209.99999993	4198.84615371	4191.02564089	4206.92307686	4201.6666666	4237.94871795	4238.46153847	4225.51282045	4231.28205122	4326.1538463	4218.20512814	4259.35897436	
4212.43589737	4195.76923063	4206.53846147	4193.58974345	4184.2307691	4201.02564096	4196.02564089	4223.07692301	4216.92307686	4209.10256404	4221.79487173	4315.2564104	4198.20512807	4243.84615385	
4209.87179481	4190.76923063	4200.38461525	4194.87179474	4184.48717935	4200.89743576	4196.28205115	4218.33333327	4212.94871788	4205.64102558	4215.7692307	4309.87179501	4194.74358961	4239.35897436	
4214.74358968	4190.51282038	4202.17948711	4193.3333332	4190.25641012	4206.41025634	4200.76923063	4225.38461532	4223.71794865	4212.82051275	4217.05128199	4311.66666681	4206.53846147	4245.0	
4212.30769224	4192.94871781	4202.5641025	4189.35897422	4188.20512807	4207.94871788	4197.30769217	4224.48717942	4217.82051275	4211.41025634	4211.6666666	4306.41025655	4201.79487173	4241.7948718	
4206.79487173	4191.5384614	4196.28205115	4191.02564089	4181.28205115	4204.35897429	4192.82051269	4217.43589737	4204.74358968	4208.97435891	4203.58974352	4293.97435905	4190.25641012	4233.20512814	
4203.97435891	4184.87179474	4189.10256397	4184.74358961	4178.71794858	4200.25641012	4191.66666653	4210.12820506	4198.07692294	4208.71794865	4198.84615371	4282.56410264	4182.82051269	4222.69230763	
4204.10256404	4181.79487166	4187.82051269	4178.97435884	4181.02564089	4200.25641012	4189.10256397	4204.74358968	4195.25641012	4205.25641019	4199.2307691	4277.56410264	4179.74358961	4217.17948711	
4208.84615378	4186.66666653	4191.79487166	4187.69230756	4181.5384614	4201.6666666	4191.28205115	4213.71794865	4202.69230763	4205.89743583	4209.48717942	4278.46153853	4187.69230756	4224.10256404	
4211.6666666	4189.2307691	4194.48717935	4189.48717935	4179.2307691	4199.10256397	4194.74358961	4221.41025634	4209.23076917	4209.10256404	4213.07692301	4279.74358982	4196.28205115	4233.07692301	
4211.79487173	4190.38461525	4199.87179474	4181.02564089	4181.28205115	4199.48717935	4193.3333332	4217.69230763	4206.79487173	4204.61538455	4210.12820506	4278.20512828	4196.66666653	4236.15384616	
4213.20512814	4194.61538448	4207.94871788	4186.02564089	4183.3333332	4203.58974352	4193.97435884	4219.48717942	4211.28205122	4208.20512814	4216.02564096	4277.69230777	4199.35897422	4240.38461539	
4213.97435891	4195.64102551	4210.89743583	4195.64102551	4181.66666653	4203.84615378	4196.92307679	4224.35897429	4217.94871788	4217.05128199	4224.61538455	4276.66666674	4201.6666666	4240.0	
4216.53846147	4196.15384602	4219.87179481	4195.25641012	4178.20512807	4199.99999986	4199.61538448	4224.48717942	4215.38461532	4206.79487173	4222.69230763	4275.1282052	4200.51282038	4237.94871795	
4219.87179481	4201.6666666	4238.46153847	4195.89743576	4179.2307691	4200.51282038	4200.25641012	4222.94871788	4210.38461532	4195.64102551	4216.92307686	4278.33333341	4201.92307686	4244.61538462	
4219.35897429	4197.05128192	4251.02564103	4199.99999986	4178.3333332	4197.69230756	4195.38461525	4222.5641025	4211.28205122	4200.38461525	4214.99999993	4287.69230777	4198.46153833	4249.10256411	
4218.4615384	4187.82051269	4260.64102564	4192.05128192	4169.10256397	4190.64102551	4191.5384614	4222.17948711	4212.94871788	4198.07692294	4221.28205122	4302.82051296	4192.4358973	4247.17948718	
4222.43589737	4192.56410243	4279.87179495	4180.64102551	4164.48717928	4189.35897422	4194.99999986	4220.25641019	4209.87179481	4184.74358961	4226.41025634	4315.89743604	4194.87179474	4251.41025641	
4227.82051275	4195.64102551	4299.48717963	4188.07692294	4165.76923056	4193.71794858	4199.74358961	4225.12820506	4216.28205122	4190.64102551	4220.89743583	4325.00000014	4204.74358968	4266.28205129	
4230.89743583	4192.56410243	4311.92307707	4196.28205115	4170.51282038	4197.94871781	4198.71794858	4242.17948718	4238.46153847	4212.30769224	4226.53846147	4336.02564124	4221.41025634	4280.89743597	
4229.48717942	4196.28205115	4314.3589745	4185.76923063	4177.17948704	4198.46153833	4194.48717935	4248.58974359	4247.56410257	4214.23076917	4241.92307693	4340.12820534	4227.30769224	4280.64102571	
4224.61538455	4194.2307691	4305.89743604	4176.5384614	4178.07692294	4199.61538448	4192.56410243	4235.8974359	4233.4615384	4207.05128199	4237.56410257	4330.2564104	4213.97435891	4270.64102571	
4221.79487173	4188.20512807	4301.02564117	4180.89743576	4170.12820499	4199.74358961	4192.69230756	4232.30769224	4225.7692307	4212.05128199	4228.07692301	4318.97435912	4209.10256404	4268.20512828	
4221.79487173	4190.38461525	4299.10256418	4185.51282038	4164.1025639	4196.79487166	4192.30769217	4237.17948718	4228.20512814	4204.99999993	4229.10256404	4314.10256425	4211.6666666	4268.20512828	
4222.5641025	4189.35897422	4290.1282052	4183.71794858	4172.94871781	4198.3333332	4194.2307691	4237.56410257	4228.33333327	4193.97435884	4231.41025634	4311.28205142	4209.99999993	4264.10256411	
4223.20512814	4183.97435884	4276.79487187	4180.38461525	4178.3333332	4200.25641012	4194.10256397	4236.02564103	4226.53846147	4203.4615384	4232.30769224	4303.07692322	4208.07692301	4261.28205129	
4222.82051275	4185.89743576	4261.7948718	4176.92307679	4169.35897422	4196.66666653	4189.74358961	4226.79487173	4215.64102558	4200.12820499	4223.20512814	4287.94871802	4200.89743576	4253.97435898	
4219.61538455	4185.51282038	4245.76923077	4176.02564089	4166.79487159	4195.12820499	4190.64102551	4212.17948711	4195.89743576	4175.76923063	4205.89743583	4275.00000007	4188.20512807	4243.97435898	
4217.30769224	4179.74358961	4235.8974359	4177.05128192	4172.69230756	4198.46153833	4196.02564089	4209.74358968	4188.97435884	4179.10256397	4201.28205122	4270.51282059	4184.74358961	4242.05128206	
4216.15384609	4177.94871781	4231.28205122	4176.41025628	4167.3076921	4195.89743576	4194.61538448	4210.51282045	4193.07692294	4193.97435884	4203.71794865	4266.79487187	4183.46153833	4240.64102564	
4211.41025634	4175.38461525	4220.12820506	4174.48717935	4159.9999998	4194.35897422	4187.82051269	4199.87179474	4189.10256397	4188.3333332	4201.79487173	4262.6923077	4172.69230756	4233.97435898	
4209.87179481	4176.15384602	4208.4615384	4173.84615371	4171.15384602	4198.58974345	4188.46153833	4202.5641025	4192.4358973	4192.82051269	4207.5641025	4263.71794872	4175.51282038	4235.12820513	
4213.4615384	4182.05128192	4205.25641019	4174.87179474	4179.61538448	4199.87179474	4192.4358973	4217.43589737	4204.61538455	4207.05128199	4210.64102558	4263.58974359	4193.71794858	4242.17948718	
4215.12820506	4181.79487166	4204.87179481	4174.99999986	4175.38461525	4200.64102551	4192.05128192	4217.94871788	4206.92307686	4207.82051275	4204.61538455	4265.38461539	4198.84615371	4244.23076923	
4213.97435891	4181.02564089	4205.25641019	4177.17948704	4177.30769217	4202.30769224	4193.84615371	4213.07692301	4205.12820506	4212.17948711	4209.99999993	4273.07692315	4191.79487166	4240.76923077	
4212.43589737	4181.79487166	4202.94871788	4178.84615371	4176.66666653	4201.92307686	4195.12820499	4210.89743583	4197.69230756	4212.69230763	4212.82051275	4271.79487187	4183.3333332	4232.5641025	
4212.30769224	4177.4358973	4195.12820499	4173.3333332	4170.25641012	4200.64102551	4189.99999986	4207.82051275	4187.17948704	4198.84615371	4201.28205122	4265.76923077	4177.05128192	4228.4615384	
4213.20512814	4177.4358973	4190.38461525	4171.28205115	4172.05128192	4199.35897422	4189.87179474	4205.25641019	4191.5384614	4198.3333332	4199.2307691	4270.25641033	4181.92307679	4233.71794865	
4213.71794865	4181.15384602	4190.76923063	4176.92307679	4174.61538448	4198.84615371	4195.38461525	4204.74358968	4201.41025634	4208.71794865	4207.5641025	4279.2307693	4194.2307691	4239.23076923	
4212.30769224	4178.07692294	4187.17948704	4173.84615371	4170.12820499	4199.35897422	4192.56410243	4206.41025634	4197.30769217	4204.74358968	4204.23076917	4279.2307693	4191.41025628	4236.15384616	
4211.41025634	4176.5384614	4180.76923063	4167.56410236	4169.87179474	4198.58974345	4189.48717935	4204.99999993	4185.89743576	4196.15384602	4197.30769217	4275.00000007	4174.99999986	4223.84615378	
4211.02564096	4181.28205115	4181.28205115	4175.38461525	4173.97435884	4196.15384602	4194.99999986	4201.6666666	4184.99999986	4194.48717935	4202.30769224	4278.58974366	4170.38461525	4217.94871788	
4212.82051275	4184.2307691	4188.20512807	4182.30769217	4178.58974345	4204.74358968	4197.82051269	4208.84615378	4198.3333332	4203.20512814	4208.33333327	4289.87179495	4188.20512807	4231.53846147	
4219.35897429	4183.84615371	4187.4358973	4175.12820499	4182.94871781	4212.82051275	4194.2307691	4217.69230763	4208.4615384	4212.69230763	4205.51282045	4296.79487187	4202.30769224	4243.58974359	
4220.38461532	4181.28205115	4176.02564089	4166.02564082	4178.07692294	4207.43589737	4192.69230756	4211.15384609	4198.46153833	4208.84615378	4204.10256404	4292.05128212	4188.58974345	4235.12820513	
4214.48717942	4180.25641012	4172.4358973	4166.28205108	4173.20512807	4202.82051275	4193.58974345	4203.4615384	4188.07692294	4203.33333327	4204.99999993	4292.94871802	4178.07692294	4227.94871788	
4213.33333327	4180.51282038	4173.84615371	4170.12820499	4177.30769217	4206.02564096	4194.61538448	4212.30769224	4197.30769217	4214.61538455	4204.99999993	4302.94871809	4191.66666653	4233.84615385	
4218.07692301	4179.87179474	4167.05128185	4173.3333332	4184.74358961	4211.41025634	4194.74358961	4221.92307686	4213.20512814	4220.51282045	4212.69230763	4311.28205142	4203.07692301	4242.94871795	
4220.64102558	4184.99999986	4162.94871774	4175.89743576	4191.5384614	4215.89743583	4198.46153833	4225.64102558	4223.33333327	4219.74358968	4223.58974352	4318.07692322	4208.07692301	4251.53846154	
4221.02564096	4189.61538448	4160.38461518	4179.35897422	4193.07692294	4218.71794865	4202.17948711	4232.43589737	4229.61538455	4234.23076923	4226.53846147	4323.33333348	4214.61538455	4253.71794872	
4223.07692301	4189.35897422	4154.1025639	4181.92307679	4191.79487166	4215.64102558	4197.69230756	4234.61538462	4229.35897429	4240.12820513	4230.51282045	4324.3589745	4211.53846147	4249.61538462	
4225.7692307	4196.41025628	4157.3076921	4182.17948704	4195.51282038	4213.33333327	4196.66666653	4235.8974359	4234.48717949	4231.92307686	4237.17948718	4328.71794886	4213.20512814	4255.25641026	
4229.74358968	4203.58974352	4165.25641005	4185.89743576	4204.23076917	4222.94871788	4202.69230763	4242.17948718	4245.51282052	4232.43589737	4236.28205129	4335.25641047	4226.79487173	4267.82051289	
4230.89743583	4197.4358973	4164.87179467	4192.05128192	4202.94871788	4228.20512814	4203.97435891	4234.23076923	4234.87179488	4230.12820506	4227.69230763	4332.43589765	4220.51282045	4263.20512821	
4227.69230763	4191.66666653	4160.38461518	4189.10256397	4193.20512807	4220.12820506	4199.2307691	4221.79487173	4218.58974352	4219.99999993	4219.99999993	4326.79487194	4208.33333327	4254.10256411	
4226.6666666	4195.51282038	4159.74358954	4187.82051269	4191.79487166	4216.02564096	4197.56410243	4223.33333327	4223.84615378	4219.99999993	4219.61538455	4329.74358989	4211.79487173	4258.84615385	
4230.38461532	4201.92307686	4167.43589723	4198.46153833	4200.51282038	4221.92307686	4203.4615384	4231.6666666	4231.53846147	4224.48717942	4221.92307686	4336.92307714	4216.79487173	4263.07692308	
4233.33333327	4205.89743583	4177.17948704	4199.61538448	4207.05128199	4223.58974352	4204.61538455	4232.43589737	4224.61538455	4219.23076917	4217.43589737	4337.43589765	4215.64102558	4255.76923077	
4231.28205122	4205.25641019	4178.07692294	4192.82051269	4207.5641025	4221.41025634	4200.12820499	4226.53846147	4220.12820506	4221.92307686	4209.35897429	4331.53846168	4211.41025634	4251.28205129	
4230.89743583	4205.25641019	4173.84615371	4199.10256397	4208.33333327	4223.84615378	4203.20512814	4228.84615378	4225.64102558	4226.6666666	4207.30769224	4331.41025655	4210.51282045	4256.28205129	
4231.41025634	4207.43589737	4173.20512807	4204.99999993	4206.41025634	4224.61538455	4208.20512814	4231.28205122	4221.15384609	4219.74358968	4209.87179481	4334.4871797	4205.89743583	4253.71794872	
4227.43589737	4204.74358968	4170.38461525	4194.35897422	4202.69230763	4220.12820506	4204.74358968	4221.6666666	4208.4615384	4216.41025634	4201.79487173	4327.69230784	4197.56410243	4242.17948718	
4226.79487173	4197.17948704	4162.17948697	4188.71794858	4206.02564096	4220.25641019	4203.84615378	4216.41025634	4206.79487173	4220.7692307	4195.76923063	4318.20512835	4197.69230756	4238.20512821	
4228.20512814	4194.87179474	4160.64102544	4196.5384614	4209.99999993	4224.74358968	4206.15384609	4228.07692301	4218.4615384	4226.79487173	4207.30769224	4324.87179501	4210.7692307	4244.35897436	
4223.84615378	4202.17948711	4163.205128	4193.71794858	4206.28205122	4223.4615384	4203.20512814	4233.58974352	4223.4615384	4223.71794865	4217.43589737	4329.74358989	4216.92307686	4244.87179488	
4220.25641019	4203.84615378	4160.12820492	4189.99999986	4196.02564089	4214.23076917	4202.30769224	4220.51282045	4211.53846147	4210.64102558	4212.30769224	4316.1538463	4205.89743583	4237.82051282	
4224.87179481	4196.5384614	4157.3076921	4198.3333332	4194.2307691	4214.61538455	4204.99999993	4217.5641025	4208.07692301	4211.79487173	4210.25641019	4308.97435912	4203.97435891	4239.61538462	
4228.58974352	4195.64102551	4159.87179467	4195.89743576	4204.35897429	4221.6666666	4205.64102558	4230.25641019	4217.17948711	4222.5641025	4214.35897429	4311.53846168	4213.97435891	4248.07692308	
4226.02564096	4199.10256397	4161.15384595	4189.35897422	4208.4615384	4218.33333327	4205.89743583	4230.64102558	4215.51282045	4218.58974352	4210.51282045	4301.1538463	4216.79487173	4246.7948718	
4229.23076917	4198.97435884	4160.64102544	4194.2307691	4203.07692301	4216.53846147	4205.25641019	4221.02564096	4211.79487173	4215.51282045	4209.10256404	4286.923077	4213.4615384	4243.58974359	
4232.30769224	4200.64102551	4162.3076921	4192.05128192	4198.3333332	4219.48717942	4200.64102551	4218.07692301	4209.10256404	4218.07692301	4207.30769224	4276.41025648	4206.53846147	4241.02564103	
4223.58974352	4198.84615371	4154.87179467	4178.46153833	4194.99999986	4212.82051275	4198.46153833	4208.58974352	4190.64102551	4201.79487173	4193.84615371	4259.10256411	4189.48717935	4224.87179481	
4217.43589737	4186.5384614	4144.9999998	4174.35897422	4189.2307691	4202.05128199	4198.97435884	4195.76923063	4174.10256397	4189.35897422	4179.61538448	4240.38461539	4172.82051269	4210.25641019	
4221.79487173	4183.20512807	4149.48717928	4178.58974345	4189.61538448	4205.51282045	4197.56410243	4195.12820499	4175.89743576	4196.41025628	4176.79487166	4232.17948711	4175.51282038	4211.53846147	
4225.51282045	4195.38461525	4160.25641005	4179.2307691	4198.3333332	4217.17948711	4199.61538448	4199.61538448	4183.58974345	4197.30769217	4183.58974345	4229.23076917	4182.94871781	4217.69230763	
4226.28205122	4202.94871788	4164.74358954	4182.05128192	4203.07692301	4219.35897429	4205.38461532	4208.20512814	4195.64102551	4202.17948711	4194.48717935	4230.7692307	4188.84615371	4224.35897429	
4227.94871788	4198.84615371	4164.74358954	4186.5384614	4199.61538448	4217.30769224	4205.12820506	4214.35897429	4200.38461525	4212.17948711	4198.07692294	4231.92307686	4196.28205115	4227.5641025	
4226.28205122	4190.25641012	4162.05128185	4186.5384614	4194.35897422	4216.53846147	4201.28205122	4210.51282045	4195.25641012	4211.02564096	4193.71794858	4228.33333327	4195.38461525	4228.20512814	
4225.64102558	4189.2307691	4164.87179467	4186.41025628	4193.46153833	4216.53846147	4202.30769224	4215.12820506	4206.6666666	4219.99999993	4203.07692301	4234.23076923	4201.53846147	4237.17948718	
4227.94871788	4198.46153833	4172.17948704	4188.3333332	4192.56410243	4217.43589737	4203.84615378	4229.48717942	4224.74358968	4235.25641026	4219.61538455	4246.41025641	4218.07692301	4247.30769231	
4227.5641025	4201.92307686	4172.69230756	4188.84615371	4189.99999986	4216.79487173	4205.89743583	4231.02564096	4225.51282045	4238.97435898	4219.99999993	4249.10256411	4223.33333327	4247.82051282	
4228.33333327	4199.10256397	4168.71794858	4186.79487166	4193.46153833	4214.61538455	4209.35897429	4222.94871788	4219.10256404	4233.33333327	4212.05128199	4246.02564103	4215.51282045	4247.05128206	
4231.53846147	4200.64102551	4167.69230749	4189.10256397	4196.41025628	4215.38461532	4209.48717942	4226.41025634	4219.99999993	4227.43589737	4213.58974352	4249.61538462	4216.28205122	4250.0	
4231.41025634	4200.12820499	4170.12820499	4196.79487166	4193.58974345	4218.07692301	4210.7692307	4234.35897436	4227.05128199	4231.15384609	4222.17948711	4258.20512821	4222.05128199	4254.35897436	
4232.5641025	4201.6666666	4171.66666653	4195.12820499	4197.17948704	4218.97435891	4214.23076917	4231.53846147	4229.74358968	4235.64102564	4221.02564096	4264.23076923	4217.69230763	4256.7948718	
4236.41025641	4206.79487173	4168.97435884	4191.15384602	4203.97435891	4218.07692301	4213.84615378	4224.99999993	4224.99999993	4227.69230763	4213.4615384	4272.05128212	4208.33333327	4253.20512821	
4235.0	4202.94871788	4167.56410236	4196.92307679	4202.43589737	4217.94871788	4212.17948711	4224.23076917	4220.89743583	4222.69230763	4211.28205122	4277.56410264	4207.69230763	4249.87179488	
4233.20512814	4199.61538448	4170.12820499	4202.43589737	4202.17948711	4218.20512814	4215.7692307	4227.69230763	4224.74358968	4226.6666666	4215.12820506	4280.38461546	4213.97435891	4249.87179488	
4233.71794865	4203.4615384	4167.82051262	4198.46153833	4202.30769224	4217.94871788	4216.02564096	4226.6666666	4229.10256404	4227.82051275	4218.58974352	4286.53846161	4213.4615384	4246.7948718	
4230.51282045	4203.58974352	4162.82051262	4192.30769217	4196.02564089	4217.30769224	4209.35897429	4223.97435891	4224.61538455	4229.61538455	4218.71794865	4293.58974366	4209.23076917	4242.82051282	
4228.97435891	4201.6666666	4162.82051262	4192.69230756	4193.3333332	4218.20512814	4208.97435891	4224.61538455	4217.43589737	4228.4615384	4214.10256404	4297.17948725	4208.4615384	4241.66666667	
4230.25641019	4201.92307686	4170.51282038	4194.2307691	4200.51282038	4220.38461532	4212.69230763	4225.25641019	4217.05128199	4223.71794865	4210.25641019	4303.33333348	4209.61538455	4241.02564103	
4229.99999993	4198.97435884	4176.41025628	4195.64102551	4201.02564096	4221.41025634	4212.30769224	4225.51282045	4221.28205122	4225.12820506	4211.15384609	4317.56410271	4211.02564096	4242.30769231	
4228.20512814	4195.38461525	4165.25641005	4196.5384614	4190.76923063	4217.5641025	4209.74358968	4222.30769224	4218.20512814	4216.92307686	4207.94871788	4324.10256425	4209.74358968	4244.87179488	
4229.48717942	4197.69230756	4160.76923056	4193.97435884	4188.97435884	4214.48717942	4210.51282045	4221.53846147	4217.69230763	4215.12820506	4211.41025634	4326.79487194	4209.61538455	4250.0	
4233.4615384	4199.87179474	4175.89743576	4193.97435884	4193.3333332	4216.28205122	4213.4615384	4229.87179481	4230.12820506	4229.74358968	4223.58974352	4336.79487201	4212.5641025	4254.35897436	
4233.07692301	4198.07692294	4178.84615371	4196.66666653	4190.25641012	4215.7692307	4213.20512814	4230.12820506	4229.48717942	4226.92307686	4221.28205122	4342.6923079	4209.74358968	4249.61538462	
4231.02564096	4196.5384614	4168.07692287	4197.56410243	4192.05128192	4214.61538455	4213.33333327	4224.35897429	4220.25641019	4220.25641019	4212.05128199	4343.71794893	4207.94871788	4246.28205129	
4231.79487173	4198.84615371	4168.84615371	4197.56410243	4200.76923063	4218.33333327	4214.87179481	4230.38461532	4228.4615384	4228.33333327	4212.94871788	4345.25641047	4222.30769224	4255.12820513	
4229.23076917	4202.94871788	4171.79487166	4201.53846147	4196.02564089	4220.38461532	4216.02564096	4233.33333327	4233.07692301	4227.82051275	4213.71794865	4340.89743611	4224.35897429	4260.12820513	
4228.4615384	4205.25641019	4174.61538448	4198.97435884	4191.79487166	4219.99999993	4217.43589737	4230.64102558	4229.35897429	4226.79487173	4214.10256404	4340.00000021	4213.4615384	4256.15384616	
4231.53846147	4203.58974352	4179.87179474	4193.46153833	4198.20512807	4219.35897429	4218.58974352	4232.30769224	4227.5641025	4233.20512814	4214.10256404	4347.17948739	4212.94871788	4249.10256411	
4227.5641025	4200.38461525	4171.15384602	4194.61538448	4195.89743576	4213.33333327	4215.89743583	4223.71794865	4215.25641019	4222.5641025	4203.84615378	4331.28205142	4211.79487173	4240.8974359	
4223.84615378	4200.12820499	4160.51282031	4193.3333332	4192.4358973	4211.41025634	4211.02564096	4221.02564096	4212.94871788	4218.20512814	4199.99999986	4315.38461553	4213.20512814	4245.0	
4224.87179481	4201.02564096	4162.05128185	4191.41025628	4195.38461525	4213.84615378	4212.05128199	4231.15384609	4225.89743583	4232.82051275	4212.05128199	4328.97435912	4217.82051275	4252.17948718	
4225.12820506	4195.25641012	4161.92307672	4190.51282038	4191.92307679	4208.58974352	4213.71794865	4226.53846147	4219.35897429	4227.05128199	4218.33333327	4320.89743604	4209.87179481	4245.0	
4223.84615378	4193.20512807	4161.79487159	4188.58974345	4191.41025628	4206.92307686	4211.53846147	4216.6666666	4208.58974352	4217.5641025	4210.64102558	4295.51282059	4202.5641025	4240.0	
4223.71794865	4193.71794858	4161.41025621	4190.76923063	4193.07692294	4211.6666666	4209.74358968	4222.05128199	4216.28205122	4225.25641019	4202.82051275	4303.71794886	4210.7692307	4243.46153847	
4227.05128199	4196.02564089	4163.71794851	4193.84615371	4185.38461525	4212.05128199	4212.94871788	4227.43589737	4220.51282045	4220.7692307	4204.61538455	4319.87179501	4213.07692301	4245.0	
4230.89743583	4200.89743576	4178.07692294	4188.71794858	4184.35897422	4212.69230763	4213.71794865	4223.84615378	4215.51282045	4210.7692307	4209.61538455	4295.38461546	4209.10256404	4258.07692308	
4232.94871788	4195.51282038	4185.12820499	4187.30769217	4183.07692294	4213.33333327	4210.64102558	4226.15384609	4218.71794865	4219.99999993	4208.97435891	4269.35897443	4215.64102558	4275.00000007	
4231.79487173	4193.71794858	4186.28205115	4197.05128192	4182.05128192	4212.17948711	4213.33333327	4234.23076923	4228.58974352	4229.10256404	4211.79487173	4291.79487187	4221.28205122	4273.58974366	
4230.25641019	4206.6666666	4202.82051275	4201.79487173	4187.82051269	4212.69230763	4217.94871788	4232.94871788	4229.23076917	4218.33333327	4211.6666666	4318.20512835	4218.07692301	4265.76923077	
4229.35897429	4206.02564096	4228.07692301	4196.92307679	4178.84615371	4208.4615384	4217.69230763	4227.05128199	4220.25641019	4209.87179481	4209.48717942	4319.87179501	4211.41025634	4259.87179488	
4229.10256404	4187.94871781	4233.20512814	4193.97435884	4157.17948697	4199.99999986	4212.94871788	4216.53846147	4200.76923063	4201.6666666	4205.25641019	4309.74358989	4194.2307691	4250.38461539	
4232.94871788	4182.82051269	4219.74358968	4196.15384602	4149.9999998	4198.07692294	4211.28205122	4191.41025628	4164.87179467	4172.69230756	4160.89743569	4262.82051282	4164.48717928	4257.6923077	
4234.74358975	4191.41025628	4251.92307693	4188.84615371	4156.02564082	4199.74358961	4213.07692301	4187.56410243	4160.12820492	4159.74358954	4133.58974332	4266.02564103	4164.48717928	4276.41025648	
4231.02564096	4191.66666653	4290.89743597	4181.02564089	4146.02564082	4196.02564089	4212.5641025	4210.38461532	4192.17948704	4176.15384602	4176.28205115	4382.8205131	4185.12820499	4262.94871795	
4227.94871788	4178.84615371	4269.35897443	4187.69230756	4124.99999973	4186.28205115	4210.12820506	4198.58974345	4173.97435884	4171.66666653	4172.82051269	4421.66666702	4160.25641005	4236.53846154	
4225.64102558	4174.48717935	4273.97435905	4173.84615371	4112.43589716	4176.15384602	4206.41025634	4167.3076921	4122.56410229	4137.82051262	4103.46153819	4363.84615406	4128.20512793	4238.97435898	
4212.69230763	4162.94871774	4346.92307714	4131.53846126	4096.41025607	4166.15384595	4195.64102551	4164.35897415	4117.17948691	4106.92307665	4100.25640991	4460.00000042	4129.61538434	4218.20512814	
4195.51282038	4121.41025614	4379.35897464	4106.41025614	4066.53846113	4153.33333313	4183.71794858	4139.61538441	4087.94871761	4076.79487145	4076.41025607	4591.66666737	4095.25640991	4167.17948697	
4185.51282038	4097.94871761	4411.66666702	4092.56410222	4031.2820508	4134.23076896	4176.66666653	4089.10256376	4015.89743541	4048.07692266	3968.46153784	4606.15384692	4038.46153805	4141.28205108	
4164.61538441	4097.30769196	4584.23076993	4058.20512779	3991.02564047	4109.23076896	4167.05128185	4076.66666632	3992.0512815	4019.61538413	3932.05128136	4667.94871886	4026.41025593	4106.02564075	
4137.05128185	4069.7435894	4802.82051401	4025.25640977	3942.94871733	4085.89743555	4155.12820492	4069.35897395	3980.12820458	3977.0512815	3936.02564033	4746.28205233	4007.1794867	4049.48717907	
4120.89743562	4029.74358926	4940.38461685	4002.69230714	3904.48717873	4065.76923036	4143.71794851	4020.76923029	3912.56410187	3936.28205059	3862.43589661	4713.84615482	3934.10256341	4029.99999952	
4108.58974332	4010.89743541	5038.71795039	3970.89743528	3878.20512744	4048.07692266	4133.20512793	3984.99999945	3860.89743507	3906.28205059	3799.10256313	4707.56410354	3882.5641018	4026.66666618	
4095.6410253	3992.9487174	5205.76923279	3942.94871733	3855.76922994	4038.46153805	4127.05128178	4003.33333278	3884.10256334	3889.23076847	3827.82051192	4829.61538587	3906.53846085	3988.84615329	
4082.69230735	3967.43589681	5444.23077174	3935.25640957	3831.7948709	4031.79487131	4122.43589716	4019.74358926	3905.76923008	3877.43589668	3847.17948635	4942.05128351	3925.76923008	3943.97435835	
4067.17948677	3948.20512758	5612.30769523	3925.89743521	3804.10256313	4017.56410208	4112.82051255	3982.43589688	3859.87179404	3840.76922994	3798.71794775	4934.74359121	3864.87179404	3926.53846085	
4052.05128164	3926.28205059	5667.82051581	3900.76923001	3781.02564006	4003.97435842	4102.05128171	3935.25640957	3800.25640929	3800.38461442	3743.58974255	4881.41025773	3797.94871698	3906.53846085	
4033.46153798	3893.84615309	5697.17949024	3868.84615302	3753.33333229	3990.89743535	4093.97435863	3926.15384546	3783.71794775	3779.35897339	3744.99999896	4901.79487319	3789.48717852	3850.51281968	
4006.15384567	3854.61538379	5733.71795185	3835.38461449	3716.4102553	3968.7179481	4079.61538427	3911.7948711	3762.30769127	3740.38461428	3756.66666563	4945.38461685	3770.76922973	3799.61538365	
3992.0512815	3833.58974269	5743.58974679	3807.56410166	3693.0769219	3949.99999938	4066.53846113	3875.2564095	3715.12820402	3687.56410139	3714.35897325	4947.30769377	3723.2051271	3805.7692298	
3993.46153791	3832.30769141	5748.20513141	3794.99999903	3681.66666549	3941.0256404	4064.10256369	3864.2307684	3697.30769113	3679.48717831	3697.56410139	4993.46154006	3698.0769219	3807.94871705	
3985.64102509	3826.92307602	5764.23077243	3793.84615288	3668.97435773	3937.692307	4063.33333292	3870.25640943	3701.02563985	3692.30769113	3718.33333223	5042.43589911	3695.64102446	3771.02563999	
3978.97435842	3824.35897346	5753.20513141	3792.5641016	3665.89743465	3941.79487117	4059.87179446	3878.07692232	3718.84615274	3697.05128087	3738.33333223	5029.74359142	3714.35897325	3764.74358871	
3981.41025586	3830.64102474	5726.92308005	3788.07692211	3674.48717824	3943.58974297	4058.46153805	3886.15384539	3739.35897325	3712.82051171	3768.07692204	5016.15384776	3731.66666556	3782.30769134	
3976.28205073	3826.7948709	5708.20513127	3778.97435801	3672.17948593	3935.76923008	4057.56410215	3877.82051206	3727.3076912	3714.10256299	3783.20512724	5012.94871955	3714.74358864	3764.48717845	
3964.87179425	3808.46153756	5668.46154145	3769.48717845	3649.35897311	3927.17948649	4049.6153842	3857.94871712	3700.89743472	3692.94871677	3759.48717845	4982.82051435	3698.33333216	3733.33333223	
3956.28205066	3796.15384518	5590.76923362	3764.61538358	3627.30769099	3921.28205059	4041.28205087	3844.35897353	3684.99999882	3676.79487062	3744.35897332	4945.38461685	3699.99999882	3727.05128094	
3950.51281989	3794.10256313	5520.3846181	3751.79487076	3621.41025509	3914.74358905	4041.53846113	3822.82051192	3654.10256286	3659.23076798	3728.07692197	4931.02564249	3673.8461526	3716.28205017	
3942.69230707	3782.82051185	5471.41025899	3732.94871684	3613.46153715	3905.89743521	4039.10256369	3788.46153749	3608.46153708	3632.8205115	3685.64102446	4902.17948857	3630.76922945	3686.53846036	
3928.97435828	3759.35897332	5404.61538705	3714.61538351	3590.51281913	3893.97435821	4029.487179	3761.15384512	3576.79487034	3609.10256272	3669.10256286	4847.30769356	3606.53846015	3660.25640901	
3917.82051213	3743.97435794	5325.89743819	3698.20512703	3570.64102419	3881.02564027	4020.76923029	3734.48717838	3539.99999848	3580.25640887	3653.07692183	4816.66666785	3574.48717803	3634.74358843	
3911.66666598	3740.89743479	5269.48718165	3692.43589626	3564.74358829	3874.3589736	4018.71794824	3713.2051271	3506.66666507	3554.99999854	3620.64102432	4814.48718067	3545.38461393	3609.87179349	
3907.692307	3732.43589633	5236.66666876	3695.38461421	3570.38461393	3875.76923001	4018.71794824	3716.92307582	3509.61538302	3558.97435752	3627.43589612	4791.92307811	3552.17948572	3604.4871781	
3913.20512751	3724.87179376	5214.48718151	3707.179486	3590.89743451	3887.69230693	4018.97435849	3730.64102453	3530.38461386	3573.46153701	3650.76922952	4759.61538573	3569.61538316	3622.8205115	
3923.46153777	3736.66666556	5193.71795074	3726.02563992	3613.58974227	3900.2564095	4024.61538413	3741.79487076	3550.12820367	3591.92307554	3661.66666542	4763.58974471	3580.76922938	3638.20512689	
3922.82051213	3746.28205024	5154.74359169	3732.3076912	3615.76922945	3896.28205052	4029.61538413	3750.6410246	3563.20512675	3611.02563971	3679.74358857	4760.76923188	3594.23076784	3636.66666535	
3919.74358905	3737.3076912	5106.53846335	3726.15384505	3615.89743458	3892.94871719	4027.30769183	3755.76922973	3567.94871649	3624.35897304	3686.15384498	4726.025642	3614.23076791	3645.12820388	
3930.89743521	3741.15384505	5084.3589761	3741.5384605	3640.64102432	3904.74358898	4029.87179439	3770.6410246	3594.4871781	3652.56410132	3698.20512703	4722.8205138	3640.12820381	3678.20512703	
3936.15384546	3751.66666563	5059.61538636	3755.6410246	3652.69230645	3905.2564095	4033.20512772	3782.43589647	3617.56410125	3664.35897311	3731.92307582	4740.2564113	3650.76922952	3686.2820501	
3936.66666598	3756.5384605	5022.43589911	3758.84615281	3659.10256286	3903.97435821	4032.56410208	3784.10256313	3613.84615253	3651.92307568	3741.4102553	4727.17948823	3654.61538337	3674.61538337	
3974.23076868	3810.64102474	5049.10256577	3826.41025551	3738.71794761	3953.97435835	4054.10256369	3849.10256327	3698.33333216	3723.07692197	3789.8717939	4733.33333438	3731.92307582	3753.84615281	
4025.76923029	3895.51281975	5111.66666848	3924.35897367	3841.79487096	4018.97435849	4088.58974325	3957.05128143	3854.99999917	3850.38461455	3898.97435821	4788.58974471	3857.94871712	3877.5641018	
4037.56410215	3921.7948711	5096.28205309	3949.99999938	3868.3333325	4030.64102516	4098.33333299	3994.74358919	3906.7948711	3890.2564095	3943.7179481	4821.15384734	3902.82051206	3900.76923001	
4034.35897388	3912.56410187	5031.66666834	3940.12820451	3861.28205045	4022.43589695	4094.35897402	3988.97435842	3888.84615309	3887.05128129	3929.10256341	4807.05128324	3897.30769155	3887.17948642	
4047.56410215	3924.87179418	4997.82051442	3956.41025579	3875.51281975	4028.71794824	4097.94871761	4000.76923022	3911.02564033	3916.28205059	3944.99999938	4795.64102683	3918.97435828	3920.12820444	
4051.28205087	3932.43589674	4964.10256564	3963.7179481	3882.94871719	4031.15384567	4098.20512786	3998.46153791	3920.64102495	3922.05128136	3952.17948656	4792.17948836	3926.02564033	3923.5897429	
4043.07692266	3930.51281982	4920.64102703	3955.12820451	3883.33333257	4029.35897388	4095.51282017	3987.0512815	3903.97435821	3909.35897367	3942.05128143	4784.61538573	3915.76923008	3900.38461462	
4047.94871754	3942.94871733	4898.33333473	3962.94871733	3888.84615309	4032.1794867	4098.71794837	3994.35897381	3911.66666598	3924.87179418	3951.41025579	4776.79487291	3926.66666598	3920.76923008	
4055.12820472	3947.05128143	4876.41025773	3970.64102502	3891.02564027	4033.46153798	4099.35897402	4002.69230714	3921.53846085	3936.66666598	3948.97435835	4765.89743701	3939.10256348	3940.51281989	
4053.84615343	3946.0256404	4847.30769356	3974.48717894	3898.71794796	4038.20512779	4100.89743555	4005.64102516	3926.02564033	3936.92307623	3953.97435835	4770.64102676	3939.10256348	3931.53846085	
4055.64102523	3956.15384553	4821.66666785	3980.51281996	3908.20512751	4041.79487138	4106.66666639	4011.15384567	3933.97435828	3947.43589681	3968.7179481	4772.69230881	3944.48717887	3940.76923015	
4056.53846113	3958.7179481	4797.30769349	3984.99999945	3912.17948649	4036.02564054	4105.89743562	4011.2820508	3929.87179418	3954.48717887	3956.15384553	4742.43589848	3950.64102502	3958.7179481	
4054.23076882	3952.56410194	4769.4871806	3988.97435842	3913.46153777	4032.82051234	4101.41025607	4007.69230721	3924.99999931	3952.8205122	3954.74358912	4706.79487277	3951.53846092	3953.97435835	
4053.84615343	3956.66666605	4736.02564207	3984.87179432	3908.07692239	4032.05128157	4102.17948684	4004.10256362	3925.12820444	3949.74358912	3977.82051227	4684.48718039	3947.17948656	3944.99999938	
4054.48717907	3958.20512758	4700.00000098	3976.92307637	3904.87179411	4027.69230721	4103.84615357	3993.33333278	3912.82051213	3940.38461476	3967.05128143	4662.17948809	3939.23076861	3947.05128143	
4058.07692266	3956.28205066	4677.82051373	3984.23076868	3915.89743521	4028.46153798	4105.51282024	3991.66666611	3910.38461469	3938.46153784	3945.38461476	4645.12820597	3947.43589681	3960.51281989	
4066.02564061	3969.48717887	4672.56410347	4003.58974304	3931.66666598	4036.2820508	4110.64102537	4005.51282003	3933.71794803	3961.9230763	3969.10256348	4650.89743674	3962.8205122	3974.61538406	
4067.05128164	3980.38461483	4663.71794963	4008.84615336	3936.15384546	4038.97435856	4109.99999973	4014.23076875	3949.74358912	3984.74358919	3991.41025586	4655.64102648	3968.33333271	3975.64102509	
4063.20512779	3980.64102509	4646.53846238	4002.9487174	3934.10256341	4034.61538413	4105.51282024	4015.64102516	3949.35897374	3978.20512765	3980.64102509	4643.20512904	3979.35897381	3978.46153791	
4070.12820478	3982.69230714	4625.38461615	4011.53846106	3942.56410194	4037.69230728	4108.84615357	4018.20512772	3952.43589681	3975.64102509	3979.23076868	4632.43589827	3994.35897381	3995.2564097	
4077.94871761	3988.07692252	4605.25641102	4023.58974311	3952.05128143	4045.5128201	4113.0769228	4016.66666618	3956.15384553	3988.33333278	3992.0512815	4625.25641102	3986.92307637	3999.48717894	
4079.99999966	3997.9487174	4587.94871865	4020.64102516	3955.51281989	4047.82051241	4114.35897408	4015.76923029	3958.97435835	3995.76923022	3993.84615329	4620.51282128	3983.33333278	3996.28205073	
4085.89743555	4008.33333285	4578.46153916	4020.25640977	3975.89743535	4053.97435856	4115.89743562	4033.71794824	3976.53846099	4011.02564054	3996.92307637	4621.53846231	4013.20512772	4018.71794824	
4095.25640991	4009.23076875	4578.58974429	4037.17948677	3994.99999945	4063.97435856	4117.94871767	4052.05128164	3995.12820458	4020.89743541	4016.15384567	4617.94871872	4034.61538413	4039.23076882	
4097.94871761	4014.74358926	4571.66666737	4051.410256	3989.10256355	4061.410256	4119.99999973	4047.30769189	3996.02564047	4022.69230721	4015.64102516	4609.35897513	4033.46153798	4039.10256369	
4098.97435863	4022.94871747	4549.23076986	4051.92307651	3988.97435842	4055.89743548	4122.30769203	4041.28205087	3988.33333278	4035.3846149	3996.79487124	4601.53846231	4026.02564054	4038.58974318	
4103.84615357	4016.92307644	4528.97435953	4055.76923036	4010.76923029	4067.05128164	4125.38461511	4049.35897395	3992.30769176	4045.89743548	4008.58974311	4586.92307762	4021.66666618	4039.6153842	
4106.28205101	4018.84615336	4530.12820576	4067.05128164	4028.84615336	4083.07692273	4128.0769228	4059.6153842	4010.25640977	4052.82051241	4036.15384567	4568.33333403	4036.53846106	4046.15384574	
4107.30769203	4032.1794867	4530.12820576	4074.10256376	4030.89743541	4084.48717914	4129.8717946	4066.92307651	4027.69230721	4066.15384574	4044.6153842	4562.05128275	4058.20512779	4062.43589702	
4104.48717921	4030.3846149	4502.30769287	4076.15384581	4028.71794824	4079.35897402	4126.66666639	4061.92307651	4020.12820465	4067.56410215	4042.17948677	4553.33333396	4042.56410215	4057.56410215	
4105.7692305	4028.46153798	4479.61538511	4082.43589709	4037.82051241	4084.10256376	4129.23076896	4057.43589702	4010.12820465	4059.35897395	4040.25640984	4533.46153909	4034.487179	4055.64102523	
4118.0769228	4042.56410215	4492.82051331	4094.23076889	4056.92307651	4097.17948684	4140.64102544	4082.82051248	4045.38461497	4089.7435894	4053.84615343	4538.9743596	4078.8461535	4086.66666632	
4123.58974332	4046.79487138	4502.30769287	4101.41025607	4068.46153805	4103.0769228	4142.56410236	4106.92307665	4080.6410253	4120.25640998	4084.7435894	4558.9743596	4103.71794844	4098.71794837	
4121.15384588	4046.79487138	4482.82051331	4100.6410253	4067.82051241	4100.89743555	4139.1025639	4105.64102537	4077.82051248	4112.05128178	4099.87179453	4550.89743653	4094.48717914	4097.94871761	
4124.8717946	4061.79487138	4474.74359023	4103.71794844	4074.23076889	4105.12820485	4144.48717928	4104.48717921	4076.15384581	4107.05128178	4090.89743555	4536.79487242	4094.61538427	4114.8717946	
4131.28205101	4070.12820478	4480.76923126	4116.28205101	4090.6410253	4111.66666639	4150.89743569	4108.9743587	4087.94871761	4117.94871767	4095.76923043	4532.43589807	4099.87179453	4121.79487152	
4135.38461518	4069.7435894	4475.25641075	4131.02564075	4099.87179453	4110.38461511	4151.28205108	4112.69230742	4091.53846119	4128.9743587	4097.05128171	4531.28205191	4104.99999973	4124.23076896	
4139.87179467	4075.51282017	4471.66666716	4134.74358947	4103.46153819	4112.05128178	4150.76923056	4118.9743587	4093.58974325	4131.02564075	4086.66666632	4538.07692371	4115.25640998	4133.46153819	
4140.38461518	4079.7435894	4476.53846203	4130.89743562	4111.28205101	4120.89743562	4151.66666646	4126.79487152	4110.51282024	4138.84615364	4106.15384588	4535.00000063	4123.9743587	4134.99999973	
4140.89743569	4080.89743555	4467.56410305	4137.69230749	4115.7692305	4127.30769203	4153.07692287	4130.64102537	4119.99999973	4153.71794851	4133.46153819	4517.05128261	4124.48717921	4139.1025639	
4144.23076903	4085.25640991	4449.48717991	4146.28205108	4119.48717921	4128.71794844	4155.51282031	4133.84615357	4119.35897408	4160.38461518	4132.56410229	4510.00000056	4126.53846126	4152.82051262	
4139.74358954	4084.87179453	4448.0769235	4144.74358954	4126.79487152	4128.71794844	4156.15384595	4142.05128185	4129.35897408	4159.48717928	4131.28205101	4513.97435953	4138.58974339	4157.56410236	
4131.28205101	4083.07692273	4452.69230811	4146.41025621	4127.94871767	4127.05128178	4155.38461518	4144.74358954	4135.38461518	4153.84615364	4141.15384595	4508.58974415	4151.92307672	4155.51282031	
4130.64102537	4084.7435894	4438.46153888	4149.87179467	4124.74358947	4126.28205101	4157.05128185	4128.84615357	4118.0769228	4152.69230749	4133.0769228	4495.64102613	4137.82051262	4148.71794851	
4134.61538434	4083.58974325	4422.69230804	4141.79487159	4129.23076896	4130.64102537	4158.84615364	4121.66666639	4112.69230742	4154.1025639	4124.8717946	4482.3076928	4124.35897408	4145.38461518	
4138.58974339	4089.10256376	4422.0512824	4143.84615364	4133.9743587	4134.8717946	4158.97435877	4135.25640998	4129.99999973	4158.07692287	4128.33333306	4467.17948767	4137.56410236	4157.05128185	
4138.33333313	4097.82051248	4411.92307727	4159.87179467	4130.89743562	4131.28205101	4160.12820492	4137.3076921	4127.56410229	4161.02564082	4124.8717946	4455.76923119	4139.74358954	4159.35897415	
4135.25640998	4094.87179453	4397.05128233	4161.53846133	4127.69230742	4129.10256383	4161.02564082	4126.66666639	4114.23076896	4161.28205108	4124.48717921	4446.92307734	4124.8717946	4147.17948697	
4136.66666646	4092.82051248	4396.9230772	4155.25641005	4132.56410229	4134.48717921	4157.56410236	4122.56410229	4120.64102537	4162.43589723	4123.20512793	4430.38461574	4129.35897408	4151.41025621	
4141.53846133	4098.20512786	4388.46153874	4154.48717928	4133.33333306	4135.64102544	4156.53846133	4128.46153819	4126.02564075	4160.64102544	4118.20512793	4408.46153881	4139.87179467	4161.15384595	
4141.15384595	4097.82051248	4366.53846182	4157.56410236	4130.7692305	4131.53846126	4160.38461518	4141.79487159	4116.79487152	4163.205128	4126.15384588	4399.48717984	4132.05128178	4157.3076921	
4140.51282031	4095.6410253	4357.94871816	4161.53846133	4138.71794851	4133.0769228	4161.66666646	4151.15384595	4125.89743562	4173.46153833	4147.56410236	4408.07692343	4135.51282031	4159.87179467	
4144.61538441	4093.97435863	4360.3846156	4164.61538441	4145.64102544	4134.48717921	4159.48717928	4144.48717928	4145.12820492	4180.12820499	4158.46153826	4397.17948746	4152.43589723	4174.99999986	
4145.51282031	4090.89743555	4348.20512842	4162.69230749	4142.05128185	4135.12820485	4157.17948697	4137.3076921	4138.71794851	4177.56410243	4150.76923056	4369.35897464	4156.79487159	4179.99999986	
4143.58974339	4092.05128171	4334.23076944	4164.1025639	4145.25641005	4137.3076921	4160.76923056	4143.46153826	4132.05128178	4174.99999986	4144.9999998	4360.76923098	4155.64102544	4173.84615371	
4144.74358954	4098.33333299	4329.61538476	4171.5384614	4154.74358954	4137.43589723	4166.15384595	4143.07692287	4137.82051262	4180.38461525	4151.66666646	4356.53846175	4150.12820492	4171.28205115	
4148.84615364	4099.61538427	4316.53846168	4170.25641012	4155.64102544	4138.205128	4166.28205108	4128.9743587	4126.66666639	4174.87179474	4144.61538441	4335.25641047	4131.28205101	4170.12820499	
4151.53846133	4091.66666632	4302.17948732	4171.02564089	4154.9999998	4138.58974339	4164.61538441	4125.89743562	4116.41025614	4169.35897422	4128.71794844	4314.48717963	4130.64102537	4172.30769217	
4149.74358954	4087.56410222	4298.58974366	4172.17948704	4161.53846133	4138.205128	4163.58974339	4139.48717928	4135.12820485	4180.64102551	4146.41025621	4323.20512835	4158.33333313	4180.89743576	
4148.33333313	4094.35897402	4289.10256418	4167.56410236	4164.74358954	4138.84615364	4162.43589723	4149.1025639	4149.23076903	4189.2307691	4167.69230749	4334.74358996	4167.82051262	4184.48717935	
4150.25641005	4098.46153812	4277.05128212	4171.15384602	4165.25641005	4140.76923056	4163.71794851	4147.82051262	4147.56410236	4192.94871781	4163.58974339	4321.41025655	4159.74358954	4188.58974345	
4153.58974339	4096.41025607	4273.97435905	4179.2307691	4167.17948697	4139.61538441	4167.3076921	4145.51282031	4146.28205108	4195.89743576	4158.84615364	4310.00000014	4157.43589723	4192.4358973	
4153.58974339	4099.10256376	4262.17948718	4177.4358973	4163.07692287	4137.3076921	4166.02564082	4144.48717928	4143.58974339	4190.25641012	4154.48717928	4309.74358989	4157.94871774	4192.17948704	
4153.46153826	4099.48717914	4247.94871795	4175.89743576	4162.94871774	4141.79487159	4164.87179467	4143.97435877	4142.05128185	4189.74358961	4153.07692287	4315.00000014	4160.38461518	4194.74358961	
4156.41025621	4094.99999966	4247.05128206	4178.97435884	4174.74358961	4148.71794851	4167.43589723	4141.28205108	4140.51282031	4191.79487166	4159.35897415	4311.28205142	4157.3076921	4195.51282038	
4155.51282031	4097.69230735	4237.43589744	4176.28205115	4178.07692294	4150.25641005	4165.89743569	4133.71794844	4130.89743562	4179.10256397	4152.43589723	4297.17948725	4146.02564082	4187.4358973	
4155.25641005	4105.89743562	4224.10256404	4181.02564089	4174.35897422	4154.1025639	4167.3076921	4138.71794851	4138.33333313	4182.05128192	4153.84615364	4296.66666674	4148.07692287	4194.10256397	
4161.79487159	4114.48717921	4227.17948711	4192.56410243	4185.25641012	4163.71794851	4174.2307691	4154.87179467	4162.43589723	4210.51282045	4174.99999986	4306.66666681	4161.02564082	4213.97435891	
4166.53846133	4115.38461511	4229.74358968	4195.64102551	4194.87179474	4168.3333332	4175.12820499	4155.76923056	4164.1025639	4214.61538455	4170.25641012	4303.97435912	4166.79487159	4214.99999993	
4167.17948697	4110.64102537	4217.94871788	4193.20512807	4194.10256397	4168.97435884	4172.05128192	4158.205128	4162.82051262	4207.17948711	4164.23076903	4300.51282066	4175.76923063	4212.17948711	
4168.07692287	4116.28205101	4215.25641019	4195.64102551	4197.05128192	4171.5384614	4175.76923063	4170.12820499	4177.69230756	4214.61538455	4189.61538448	4312.56410271	4186.15384602	4219.61538455	
4169.10256397	4124.10256383	4221.15384609	4200.25641012	4196.02564089	4169.74358961	4178.46153833	4166.79487159	4175.89743576	4216.53846147	4195.51282038	4304.61538476	4177.94871781	4214.74358968	
4168.58974345	4116.28205101	4214.87179481	4196.41025628	4193.20512807	4169.61538448	4175.51282038	4162.69230749	4171.79487166	4219.74358968	4178.71794858	4289.35897443	4176.66666653	4213.4615384	
4170.51282038	4114.61538434	4206.28205122	4198.20512807	4199.48717935	4175.25641012	4177.05128192	4168.71794858	4180.25641012	4229.35897429	4175.51282038	4297.17948725	4184.87179474	4226.6666666	
4172.82051269	4120.51282024	4207.69230763	4211.15384609	4204.74358968	4177.69230756	4179.61538448	4170.89743576	4181.5384614	4224.48717942	4178.97435884	4300.2564104	4184.10256397	4227.94871788	
4173.46153833	4122.05128178	4211.92307686	4211.92307686	4207.43589737	4176.41025628	4177.4358973	4176.5384614	4187.05128192	4225.7692307	4191.02564089	4295.76923084	4192.30769217	4224.74358968	
4176.41025628	4128.46153819	4212.05128199	4206.28205122	4210.25641019	4174.48717935	4177.82051269	4179.2307691	4193.3333332	4227.94871788	4206.79487173	4291.41025648	4194.35897422	4231.79487173	
4178.84615371	4131.41025614	4210.25641019	4210.89743583	4209.48717942	4171.92307679	4181.02564089	4173.3333332	4190.51282038	4217.82051275	4201.92307686	4286.41025648	4188.3333332	4238.07692308	
4177.56410243	4127.43589716	4217.30769224	4216.02564096	4210.64102558	4174.61538448	4180.64102551	4182.82051269	4203.84615378	4231.15384609	4204.87179481	4295.64102571	4204.35897429	4244.23076923	
4177.94871781	4130.64102537	4224.23076917	4214.35897429	4213.4615384	4178.07692294	4181.41025628	4195.64102551	4220.25641019	4251.92307693	4221.79487173	4300.38461553	4217.17948711	4247.05128206	
4182.30769217	4137.43589723	4212.17948711	4215.51282045	4215.38461532	4182.05128192	4182.82051269	4185.38461525	4206.41025634	4236.15384616	4209.74358968	4280.00000007	4207.82051275	4241.66666667	
4182.56410243	4136.92307672	4203.20512814	4220.12820506	4219.74358968	4187.94871781	4181.5384614	4180.12820499	4197.30769217	4224.35897429	4193.84615371	4272.43589751	4205.7692307	4238.33333334	
4184.99999986	4141.41025621	4210.7692307	4222.5641025	4226.92307686	4192.17948704	4186.5384614	4194.35897422	4216.92307686	4240.64102564	4210.12820506	4283.71794879	4214.87179481	4243.97435898	
4189.99999986	4147.56410236	4202.69230763	4222.43589737	4233.58974352	4195.12820499	4189.61538448	4194.2307691	4218.58974352	4242.94871795	4219.35897429	4272.56410264	4207.43589737	4247.82051282	
4187.4358973	4142.17948697	4178.84615371	4225.38461532	4229.23076917	4194.99999986	4185.25641012	4184.2307691	4201.28205122	4238.46153847	4206.15384609	4258.84615385	4194.10256397	4243.97435898	
4189.48717935	4144.61538441	4175.76923063	4228.97435891	4224.99999993	4195.25641012	4186.02564089	4196.5384614	4213.4615384	4252.43589744	4214.87179481	4266.79487187	4208.58974352	4246.41025641	
4197.4358973	4154.87179467	4176.15384602	4226.79487173	4233.71794865	4197.94871781	4191.92307679	4205.64102558	4230.7692307	4255.8974359	4231.28205122	4262.05128206	4232.5641025	4258.84615385	
4196.28205115	4150.89743569	4156.79487159	4225.7692307	4234.35897436	4196.41025628	4190.64102551	4197.56410243	4220.12820506	4247.17948718	4222.94871788	4248.33333334	4227.43589737	4263.33333334	
4190.25641012	4143.46153826	4143.07692287	4230.7692307	4223.4615384	4192.4358973	4187.56410243	4196.79487166	4213.97435891	4251.92307693	4218.07692301	4248.58974359	4214.99999993	4254.10256411	
4188.20512807	4147.56410236	4132.69230742	4225.51282045	4226.41025634	4194.87179474	4188.07692294	4192.56410243	4214.74358968	4247.56410257	4220.38461532	4242.05128206	4215.25641019	4244.74358975	
4191.92307679	4150.38461518	4122.82051255	4219.61538455	4243.46153847	4199.35897422	4185.89743576	4186.15384602	4210.12820506	4234.87179488	4217.43589737	4229.61538455	4209.99999993	4252.94871795	
4193.97435884	4149.61538441	4124.74358947	4227.43589737	4243.84615385	4199.2307691	4185.12820499	4192.05128192	4213.97435891	4250.8974359	4221.28205122	4231.41025634	4207.5641025	4262.82051282	
4189.61538448	4149.87179467	4114.23076896	4230.38461532	4229.99999993	4200.38461525	4187.82051269	4190.89743576	4215.89743583	4260.8974359	4219.74358968	4221.02564096	4212.05128199	4252.05128206	
4189.35897422	4147.69230749	4094.23076889	4222.43589737	4234.35897436	4202.82051275	4186.92307679	4180.89743576	4203.71794865	4239.87179488	4209.10256404	4197.17948704	4205.64102558	4243.71794872	
4198.07692294	4146.66666646	4095.51282017	4222.30769224	4244.23076923	4201.79487173	4184.74358961	4185.76923063	4204.74358968	4240.51282052	4214.61538455	4192.4358973	4204.35897429	4255.25641026	
4199.10256397	4149.61538441	4097.56410222	4225.25641019	4237.56410257	4199.87179474	4185.64102551	4193.46153833	4214.87179481	4258.71794872	4223.07692301	4196.66666653	4214.23076917	4260.64102564	
4192.4358973	4150.64102544	4083.58974325	4221.28205122	4233.4615384	4199.48717935	4186.5384614	4182.94871781	4202.5641025	4243.20512821	4211.53846147	4187.17948704	4209.61538455	4247.94871795	
4195.25641012	4149.48717928	4086.28205094	4219.48717942	4240.38461539	4196.79487166	4185.38461525	4177.82051269	4191.79487166	4231.28205122	4204.87179481	4168.71794858	4200.89743576	4248.20512821	
4199.48717935	4148.33333313	4088.07692273	4225.25641019	4231.28205122	4186.15384602	4182.69230756	4182.17948704	4196.28205115	4245.25641026	4211.28205122	4153.97435877	4199.35897422	4256.53846154	
4196.79487166	4147.3076921	4067.56410215	4223.97435891	4220.25641019	4181.5384614	4182.56410243	4182.05128192	4198.3333332	4243.07692308	4216.6666666	4157.3076921	4199.99999986	4251.92307693	
4195.76923063	4151.02564082	4058.07692266	4215.51282045	4228.20512814	4190.12820499	4185.51282038	4175.25641012	4187.69230756	4225.7692307	4207.05128199	4158.97435877	4197.56410243	4240.76923077	
4194.48717935	4150.38461518	4056.79487138	4215.89743583	4229.35897429	4193.97435884	4184.61538448	4167.17948697	4171.5384614	4224.87179481	4187.30769217	4136.53846133	4188.20512807	4233.20512814	
4192.30769217	4143.71794851	4044.10256369	4221.28205122	4226.02564096	4191.92307679	4180.89743576	4165.25641005	4168.84615371	4227.82051275	4189.61538448	4117.69230742	4179.2307691	4232.17948711	
4193.07692294	4144.87179467	4030.76923029	4223.07692301	4231.15384609	4196.15384602	4181.28205115	4163.84615364	4173.07692294	4220.7692307	4205.7692307	4115.64102537	4177.94871781	4235.76923077	
4194.99999986	4155.25641005	4029.487179	4224.35897429	4240.12820513	4201.28205122	4185.25641012	4169.10256397	4183.07692294	4234.87179488	4208.33333327	4119.10256383	4193.71794858	4245.76923077	
4199.61538448	4161.15384595	4038.46153805	4227.69230763	4249.48717949	4204.87179481	4189.87179474	4190.51282038	4208.58974352	4262.56410257	4218.84615378	4129.48717921	4220.51282045	4261.53846154	
4204.48717942	4161.92307672	4045.76923036	4230.51282045	4254.10256411	4208.07692301	4191.79487166	4202.17948711	4223.33333327	4265.38461539	4237.43589744	4138.33333313	4228.84615378	4269.2307693	
4204.99999993	4169.48717935	4040.38461497	4233.84615385	4251.02564103	4206.79487173	4190.38461525	4190.51282038	4208.4615384	4248.58974359	4232.82051275	4135.64102544	4215.12820506	4264.10256411	
4205.12820506	4172.69230756	4034.74358926	4237.56410257	4249.48717949	4208.71794865	4192.17948704	4184.48717935	4201.79487173	4244.87179488	4219.99999993	4133.0769228	4208.97435891	4264.10256411	
4204.99999993	4167.69230749	4036.2820508	4238.07692308	4251.92307693	4212.30769224	4192.30769217	4191.41025628	4213.4615384	4252.56410257	4221.28205122	4136.53846133	4222.05128199	4272.43589751	
4204.74358968	4167.94871774	4030.76923029	4236.28205129	4253.58974359	4209.74358968	4188.71794858	4195.64102551	4218.33333327	4252.17948718	4229.48717942	4139.61538441	4225.12820506	4275.51282059	
4209.48717942	4176.41025628	4027.69230721	4236.02564103	4259.10256411	4209.87179481	4189.35897422	4202.69230763	4226.41025634	4255.64102564	4240.25641026	4142.3076921	4222.17948711	4276.15384623	
4213.97435891	4180.25641012	4034.487179	4240.8974359	4260.38461539	4217.43589737	4191.5384614	4210.89743583	4237.05128206	4267.43589751	4241.7948718	4144.87179467	4235.12820513	4279.74358982	
4211.53846147	4176.15384602	4027.69230721	4246.02564103	4255.12820513	4221.92307686	4193.71794858	4215.25641019	4238.33333334	4273.46153853	4238.58974359	4149.87179467	4246.28205129	4280.25641033	
4208.20512814	4174.61538448	4014.23076875	4242.82051282	4255.12820513	4207.30769224	4193.58974345	4202.30769224	4230.51282045	4270.25641033	4243.46153847	4154.9999998	4232.94871788	4274.35897443	
4206.92307686	4176.92307679	4011.15384567	4237.17948718	4256.41025641	4214.87179481	4190.38461525	4188.58974345	4222.69230763	4268.07692315	4240.0	4148.58974339	4219.48717942	4268.84615392	
4207.05128199	4179.87179474	4010.51282003	4237.94871795	4255.76923077	4227.17948711	4191.28205115	4223.84615378	4224.74358968	4257.82051282	4234.48717949	4138.71794851	4225.7692307	4268.58974366	
4207.94871788	4182.4358973	4003.97435842	4239.48717949	4255.8974359	4124.23076896	4193.46153833	4189.61538448	4229.99999993	4260.25641026	4245.64102564	4138.46153826	4238.20512821	4274.87179495	
4208.20512814	4182.17948704	3992.17948663	4237.30769231	4253.58974359	3980.76923022	4193.84615371	4101.92307658	4229.87179481	4275.25641033	4255.8974359	4140.25641005	4239.48717949	4277.56410264	
4210.25641019	4181.66666653	3984.10256355	4236.53846154	4251.15384616	3962.56410194	4194.10256397	4125.51282024	4220.89743583	4262.6923077	4247.30769231	4126.02564075	4222.5641025	4267.94871802	
4213.33333327	4183.58974345	3981.28205073	4237.30769231	4249.74358975	3991.1538456	4193.58974345	4131.66666639	4215.7692307	4257.17948718	4230.38461532	4110.25640998	4215.25641019	4264.35897436	
4210.89743583	4181.28205115	3970.25640963	4232.17948711	4248.58974359	3965.12820451	4194.35897422	4092.05128171	4215.38461532	4263.58974359	4222.94871788	4105.25640998	4226.15384609	4269.48717956	
4205.89743583	4181.41025628	3959.87179425	4224.10256404	4253.84615385	3950.38461476	4195.12820499	4098.07692273	4211.53846147	4257.05128206	4229.99999993	4094.48717914	4223.71794865	4265.12820513	
4209.48717942	4187.05128192	3966.41025579	4225.64102558	4258.07692308	3967.05128143	4195.76923063	4091.66666632	4214.23076917	4257.05128206	4243.07692308	4082.69230735	4211.6666666	4258.97435898	
4214.48717942	4184.61538448	3966.28205066	4235.76923077	4256.92307693	3966.28205066	4196.79487166	4087.82051248	4211.41025634	4256.92307693	4229.99999993	4083.07692273	4207.30769224	4261.28205129	
4212.69230763	4183.3333332	3945.76923015	4237.82051282	4255.64102564	3948.07692246	4196.5384614	4081.15384581	4188.58974345	4249.74358975	4182.56410243	4076.02564068	4201.41025634	4256.66666667	
4210.25641019	4187.69230756	3937.05128136	4231.6666666	4251.66666667	3937.94871726	4194.99999986	4060.38461497	4180.38461525	4247.43589744	4164.74358954	4060.12820472	4200.51282038	4253.46153847	
4213.4615384	4186.66666653	3951.66666605	4234.48717949	4250.64102564	3950.89743528	4199.10256397	4063.20512779	4200.38461525	4252.17948718	4198.20512807	4061.79487138	4212.69230763	4263.46153847	
4218.71794865	4185.76923063	3956.9230763	4240.25641026	4258.71794872	3956.9230763	4203.71794865	4061.28205087	4210.38461532	4261.66666667	4215.25641019	4058.20512779	4219.61538455	4272.69230777	
4219.99999993	4195.76923063	3941.53846092	4241.28205129	4262.94871795	3941.41025579	4201.15384609	4046.02564061	4212.17948711	4273.58974366	4206.41025634	4043.58974318	4225.64102558	4278.33333341	
4217.5641025	4201.28205122	3936.15384546	4243.84615385	4258.33333334	3936.41025572	4201.15384609	4054.10256369	4218.07692301	4267.56410264	4211.41025634	4053.07692266	4226.79487173	4274.10256418	
4215.25641019	4194.10256397	3941.79487117	4243.46153847	4256.53846154	3943.07692246	4201.79487173	4061.92307651	4213.4615384	4252.30769231	4216.53846147	4057.94871754	4220.51282045	4262.05128206	
4215.12820506	4195.25641012	3939.87179425	4242.30769231	4255.12820513	3942.56410194	4202.05128199	4048.46153805	4212.17948711	4258.20512821	4219.23076917	4043.58974318	4222.5641025	4262.30769231	
4218.07692301	4204.35897429	3934.87179418	4244.35897436	4255.51282052	3936.92307623	4203.58974352	4048.97435856	4224.74358968	4272.94871802	4230.64102558	4048.46153805	4228.20512814	4275.76923084	
4219.74358968	4202.43589737	3932.82051213	4243.33333334	4266.28205129	3933.84615316	4201.41025634	4064.10256369	4230.38461532	4277.05128212	4224.23076917	4063.46153805	4234.48717949	4284.35897443	
4218.58974352	4196.79487166	3931.7948711	4241.92307693	4269.48717956	3933.33333264	4199.74358961	4061.79487138	4225.64102558	4274.87179495	4214.74358968	4059.99999959	4241.66666667	4279.48717956	
4219.99999993	4200.64102551	3931.7948711	4245.8974359	4260.76923077	3935.38461469	4199.99999986	4056.15384574	4227.17948711	4272.69230777	4226.41025634	4055.25640984	4237.94871795	4276.15384623	
4222.30769224	4199.87179474	3929.61538392	4243.46153847	4256.92307693	3932.43589674	4199.2307691	4064.74358933	4226.02564096	4267.82051289	4228.07692301	4061.66666625	4226.15384609	4274.74358982	
4222.5641025	4197.05128192	3921.15384546	4236.41025641	4260.12820513	3922.17948649	4198.58974345	4066.66666625	4225.64102558	4268.46153853	4219.23076917	4061.410256	4229.48717942	4276.15384623	
4224.10256404	4207.69230763	3924.87179418	4243.20512821	4265.76923077	3927.05128136	4200.51282038	4069.7435894	4238.97435898	4280.51282059	4229.74358968	4065.5128201	4241.02564103	4283.71794879	
4227.05128199	4213.97435891	3939.61538399	4256.41025641	4274.74358982	3940.89743528	4203.33333327	4084.48717914	4250.76923077	4290.64102571	4248.20512821	4082.56410222	4245.12820513	4294.61538469	
4231.92307686	4211.92307686	3940.64102502	4259.10256411	4277.05128212	3939.35897374	4206.02564096	4095.12820478	4258.33333334	4294.87179495	4252.30769231	4093.46153812	4255.0	4305.38461553	
4234.10256411	4219.10256404	3932.56410187	4251.41025641	4272.94871802	3934.87179418	4207.5641025	4096.02564068	4267.56410264	4297.69230777	4248.07692308	4092.94871761	4266.15384616	4308.20512835	
4231.02564096	4222.94871788	3925.51281982	4250.51282052	4275.64102571	3930.12820444	4206.15384609	4096.02564068	4262.43589744	4294.48717956	4241.41025641	4091.02564068	4259.10256411	4300.12820527	
4229.99999993	4221.79487173	3924.23076854	4259.87179488	4277.30769238	3924.99999931	4206.79487173	4098.33333299	4256.41025641	4289.87179495	4244.74358975	4095.38461504	4254.23076923	4296.53846161	
4232.82051275	4226.6666666	3928.97435828	4262.30769231	4274.10256418	3928.97435828	4206.79487173	4095.51282017	4267.82051289	4294.10256418	4255.12820513	4094.23076889	4268.58974366	4306.02564117	
4230.12820506	4226.02564096	3926.28205059	4254.61538462	4271.41025648	3928.84615316	4204.87179481	4087.82051248	4260.0	4288.84615392	4243.20512821	4085.89743555	4254.61538462	4297.82051289	
4228.84615378	4226.53846147	3922.692307	4252.94871795	4276.15384623	3925.89743521	4208.71794865	4089.61538427	4244.61538462	4284.61538469	4232.05128199	4085.12820478	4235.64102564	4289.87179495	
4235.0	4239.35897436	3928.5897429	4259.23076923	4282.69230777	3930.12820444	4211.92307686	4101.41025607	4266.02564103	4301.53846168	4248.07692308	4094.48717914	4261.7948718	4308.33333348	
4234.35897436	4240.12820513	3928.33333264	4263.84615385	4279.2307693	3931.41025572	4211.15384609	4102.82051255	4286.41025648	4304.23076937	4263.20512821	4098.33333299	4280.89743597	4311.02564117	
4229.74358968	4228.07692301	3920.25640957	4264.10256411	4277.94871802	3926.41025572	4207.82051275	4088.8461535	4275.38461546	4291.41025648	4259.23076923	4086.02564068	4262.94871795	4298.07692315	
4231.02564096	4229.10256404	3917.17948649	4257.82051282	4276.79487187	3923.20512751	4206.41025634	4085.51282017	4263.84615385	4292.05128212	4256.02564103	4081.28205094	4251.41025641	4301.28205142	
4231.79487173	4235.51282052	3917.43589674	4253.58974359	4270.25641033	3920.12820444	4207.5641025	4091.79487145	4259.35897436	4292.69230777	4256.15384616	4089.48717914	4253.33333334	4302.05128219	
4234.23076923	4234.35897436	3919.4871788	4257.6923077	4274.10256418	3920.89743521	4206.92307686	4092.94871761	4265.8974359	4290.76923084	4256.15384616	4091.53846119	4256.92307693	4297.69230777	
4241.28205129	4237.56410257	3926.28205059	4260.38461539	4282.82051289	3927.692307	4207.5641025	4089.35897402	4284.87179495	4297.82051289	4259.10256411	4083.71794837	4271.41025648	4307.43589758	
4239.87179488	4240.64102564	3927.30769162	4259.87179488	4279.61538469	3923.20512751	4207.94871788	4080.12820478	4276.41025648	4293.71794879	4251.92307693	4075.76923043	4270.25641033	4305.38461553	
4235.0	4235.25641026	3927.692307	4259.87179488	4277.30769238	3919.74358905	4206.15384609	4070.76923043	4257.17948718	4283.71794879	4247.43589744	4077.43589709	4255.0	4293.97435905	
4235.25641026	4231.28205122	3922.56410187	4252.6923077	4280.76923084	3935.64102495	4201.92307686	4066.28205087	4261.7948718	4288.20512828	4253.84615385	4075.25640991	4253.33333334	4297.17948725	
4230.12820506	4228.20512814	3901.79487103	4241.53846154	4271.0256411	3914.61538392	4195.25641012	4075.12820478	4255.51282052	4276.41025648	4247.30769231	4062.69230728	4243.84615385	4291.53846161	
4228.20512814	4223.07692301	3894.87179411	4235.8974359	4257.82051282	3889.87179411	4190.76923063	4058.58974318	4242.30769231	4267.82051289	4235.12820513	4060.76923036	4236.02564103	4283.97435905	
4231.6666666	4224.87179481	3907.05128136	4240.8974359	4257.05128206	4028.33333285	4192.4358973	4063.97435856	4253.33333334	4295.25641033	4244.10256411	4070.89743555	4247.94871795	4294.35897443	
4231.41025634	4233.4615384	3915.89743521	4251.28205129	4264.74358975	4250.12820513	4199.48717935	4217.69230763	4282.82051289	4309.3589745	4272.43589751	4083.20512786	4273.84615392	4311.66666681	
4232.5641025	4238.46153847	3921.66666598	4253.20512821	4274.2307693	4302.05128219	4200.64102551	4308.4615386	4305.12820527	4308.84615399	4290.1282052	4087.30769196	4292.94871802	4324.61538476	
4236.92307693	4240.76923077	3918.46153777	4253.46153847	4275.25641033	4248.07692308	4200.38461525	4240.25641026	4297.82051289	4314.87179501	4279.48717956	4081.28205094	4283.07692315	4325.2564104	
4238.58974359	4248.58974359	3907.56410187	4255.8974359	4269.87179495	4260.0	4203.33333327	4236.7948718	4278.20512828	4310.2564104	4266.923077	4081.53846119	4258.71794872	4313.4615386	
4235.8974359	4248.46153847	3904.87179411	4255.64102564	4273.20512828	4275.1282052	4201.6666666	4257.05128206	4275.64102571	4303.58974373	4270.89743597	4085.89743555	4254.48717949	4307.43589758	
4235.38461539	4237.05128206	3906.66666598	4254.61538462	4279.10256418	4261.28205129	4201.02564096	4241.7948718	4280.25641033	4299.35897443	4268.20512828	4077.82051248	4269.48717956	4310.12820527	
4238.58974359	4238.07692308	3902.82051206	4251.92307693	4283.33333341	4264.74358975	4203.58974352	4237.56410257	4268.71794879	4290.89743597	4252.05128206	4071.79487145	4263.46153847	4304.74358989	
4239.87179488	4244.23076923	3896.53846078	4248.71794872	4284.35897443	4260.25641026	4203.71794865	4222.43589737	4250.25641026	4278.71794879	4244.74358975	4077.43589709	4234.74358975	4289.48717956	
4234.87179488	4236.15384616	3886.15384539	4248.33333334	4277.05128212	4251.28205129	4200.76923063	4214.61538455	4242.30769231	4273.33333341	4239.61538462	4068.20512779	4218.84615378	4283.84615392	
4233.58974352	4235.12820513	3883.4615377	4251.66666667	4266.79487187	4251.28205129	4199.2307691	4221.53846147	4247.82051282	4280.64102571	4232.82051275	4066.53846113	4228.33333327	4292.94871802	
4240.0	4247.56410257	3903.58974283	4254.23076923	4268.71794879	4254.48717949	4202.69230763	4237.43589744	4267.05128212	4285.64102571	4249.87179488	4103.20512793	4255.12820513	4306.66666681	
4244.23076923	4242.43589744	3917.82051213	4255.76923077	4277.82051289	4254.61538462	4206.6666666	4247.17948718	4279.61538469	4291.41025648	4271.66666674	4111.28205101	4267.82051289	4319.10256425	
4241.28205129	4230.64102558	3902.5641018	4253.46153847	4274.2307693	4246.28205129	4204.35897429	4241.28205129	4274.10256418	4299.48717963	4267.05128212	4079.35897402	4258.58974359	4325.12820527	
4238.20512821	4241.15384616	3893.33333257	4250.76923077	4270.89743597	4245.76923077	4199.61538448	4240.64102564	4272.94871802	4296.41025648	4261.02564103	4089.48717914	4252.94871795	4319.10256425	
4242.43589744	4255.64102564	3915.64102495	4253.46153847	4279.61538469	4257.30769231	4202.69230763	4253.33333334	4287.30769238	4301.66666681	4270.1282052	4130.64102537	4268.20512828	4313.4615386	
4243.97435898	4251.28205129	3933.33333264	4257.56410257	4283.20512828	4261.7948718	4206.79487173	4255.8974359	4290.1282052	4306.79487194	4270.76923084	4125.25640998	4275.25641033	4319.74358989	
4240.64102564	4245.25641026	3925.51281982	4264.61538462	4276.923077	4254.35897436	4207.30769224	4247.94871795	4280.25641033	4291.41025648	4267.94871802	4103.0769228	4261.53846154	4327.05128219	
4242.6923077	4250.12820513	3926.28205059	4271.66666674	4279.74358982	4256.7948718	4208.84615378	4257.94871795	4293.71794879	4294.48717956	4285.25641033	4119.61538434	4269.35897443	4332.82051303	
4249.87179488	4257.17948718	3938.97435835	4273.46153853	4287.43589751	4266.79487187	4209.74358968	4268.58974366	4310.00000014	4318.07692322	4288.97435905	4125.51282024	4288.71794879	4338.46153867	
4250.76923077	4261.92307693	3936.92307623	4266.15384616	4286.53846161	4262.05128206	4207.94871788	4259.10256411	4298.97435905	4311.79487194	4273.33333341	4103.20512793	4286.923077	4337.17948739	
4247.43589744	4258.58974359	3933.97435828	4258.33333334	4290.64102571	4259.35897436	4206.6666666	4255.76923077	4292.30769238	4294.2307693	4277.56410264	4106.66666639	4280.89743597	4335.3846156	
4248.58974359	4250.51282052	3940.51281989	4263.97435898	4293.33333341	4266.923077	4209.99999993	4267.43589751	4307.94871809	4309.10256425	4296.66666674	4131.02564075	4291.53846161	4338.46153867	
4248.20512821	4254.23076923	3937.05128136	4273.84615392	4281.53846161	4263.58974359	4212.82051275	4268.46153853	4311.1538463	4322.43589758	4293.07692315	4122.17948691	4294.61538469	4333.20512842	
4245.8974359	4253.20512821	3930.76923008	4266.66666674	4271.53846161	4254.10256411	4207.69230763	4255.38461539	4293.46153853	4306.28205142	4274.48717956	4090.38461504	4279.61538469	4326.41025655	
4246.53846154	4240.0	3935.89743521	4252.82051282	4279.10256418	4261.92307693	4202.69230763	4255.25641026	4290.64102571	4301.02564117	4276.28205136	4089.7435894	4275.64102571	4328.84615399	
4244.10256411	4246.02564103	3931.28205059	4253.20512821	4286.53846161	4269.48717956	4203.58974352	4257.05128206	4287.30769238	4305.76923091	4278.20512828	4094.7435894	4269.2307693	4317.94871809	
4239.61538462	4257.43589744	3916.28205059	4257.82051282	4276.28205136	4260.76923077	4207.05128199	4248.46153847	4275.89743597	4296.66666674	4269.2307693	4075.76923043	4258.58974359	4303.84615399	
4240.38461539	4250.0	3921.53846085	4257.6923077	4269.61538469	4256.02564103	4207.94871788	4248.20512821	4281.28205136	4290.89743597	4270.64102571	4065.25640984	4269.10256418	4313.71794886	
4244.61538462	4251.66666667	3927.94871726	4258.07692308	4273.97435905	4261.15384616	4207.69230763	4253.46153847	4287.56410264	4291.923077	4276.79487187	4069.48717907	4281.15384623	4323.07692322	
4247.05128206	4254.10256411	3914.61538392	4256.92307693	4280.25641033	4264.61538462	4207.30769224	4248.97435898	4277.82051289	4287.43589751	4273.58974366	4066.66666625	4266.41025641	4310.89743604	
4246.66666667	4244.61538462	3906.66666598	4253.84615385	4281.28205136	4259.87179488	4206.92307686	4240.64102564	4269.74358982	4288.46153853	4267.43589751	4048.7179483	4252.43589744	4300.12820527	
4245.38461539	4245.76923077	3905.38461462	4256.92307693	4275.1282052	4254.48717949	4208.58974352	4242.05128206	4271.79487187	4292.43589751	4262.82051282	4041.53846113	4259.10256411	4302.69230784	
4248.07692308	4257.82051282	3904.3589736	4266.28205129	4273.84615392	4256.92307693	4211.28205122	4245.51282052	4272.82051289	4289.87179495	4261.41025641	4050.25640984	4259.35897436	4308.33333348	
4252.43589744	4260.64102564	3913.20512751	4271.923077	4275.51282059	4261.02564103	4214.61538455	4250.25641026	4280.51282059	4291.41025648	4276.0256411	4057.05128164	4259.10256411	4313.33333348	
4255.25641026	4255.38461539	3924.23076854	4271.79487187	4271.923077	4259.74358975	4215.12820506	4260.8974359	4296.0256411	4296.923077	4292.30769238	4059.10256369	4275.64102571	4317.56410271	
4257.43589744	4256.53846154	3923.33333264	4270.00000007	4276.0256411	4261.28205129	4212.5641025	4264.48717949	4301.53846168	4304.48717963	4293.46153853	4053.7179483	4286.0256411	4324.87179501	
4257.94871795	4265.76923077	3918.46153777	4277.30769238	4280.38461546	4265.64102564	4216.79487173	4260.12820513	4296.66666674	4305.64102578	4286.15384623	4043.97435856	4276.79487187	4325.2564104	
4257.17948718	4268.07692315	3920.76923008	4277.94871802	4274.74358982	4262.94871795	4219.61538455	4257.30769231	4289.74358982	4294.74358982	4280.76923084	4037.94871754	4267.17948725	4316.66666681	
4255.25641026	4256.92307693	3924.35897367	4262.30769231	4274.87179495	4258.33333334	4210.89743583	4256.02564103	4288.33333341	4292.17948725	4284.48717956	4031.53846106	4271.923077	4319.48717963	
4253.33333334	4255.64102564	3920.38461469	4258.07692308	4274.10256418	4261.02564103	4205.38461532	4256.92307693	4284.35897443	4288.46153853	4283.46153853	4020.25640977	4271.923077	4321.41025655	
4255.12820513	4260.76923077	3915.51281982	4273.20512828	4268.46153853	4262.30769231	4211.53846147	4259.74358975	4280.89743597	4282.56410264	4276.66666674	4029.74358926	4264.74358975	4317.17948732	
4260.51282052	4249.10256411	3919.99999931	4278.20512828	4277.43589751	4244.61538462	4215.89743583	4247.17948718	4294.10256418	4303.4615386	4283.07692315	4052.69230728	4274.74358982	4330.12820527	
4262.17948718	4249.35897436	3931.7948711	4264.48717949	4291.53846161	4280.38461546	4214.74358968	4275.76923084	4309.23076937	4317.05128219	4297.43589751	4039.23076882	4286.53846161	4338.5897438	
4259.35897436	4271.923077	3934.10256341	4265.64102564	4286.923077	4277.05128212	4217.05128199	4275.1282052	4294.74358982	4296.79487187	4293.33333341	4012.82051234	4271.41025648	4321.02564117	
4259.74358975	4273.07692315	3925.12820444	4283.20512828	4276.15384623	4104.74358947	4220.64102558	4115.25640998	4283.97435905	4306.02564117	4283.46153853	4013.33333285	4265.76923077	4316.79487194	
4264.48717949	4257.56410257	3929.35897367	4279.48717956	4285.76923084	4048.07692266	4217.69230763	4037.94871754	4310.00000014	4339.4871797	4297.05128212	4032.69230721	4296.79487187	4337.43589765	
4267.43589751	4270.64102571	3951.28205066	4263.46153847	4299.2307693	4233.84615385	4217.30769224	4193.3333332	4318.97435912	4331.1538463	4303.58974373	4039.35897395	4300.00000014	4343.20512842	
4263.58974359	4282.05128212	3946.15384553	4271.923077	4288.33333341	4320.00000014	4223.20512814	4299.48717963	4298.33333341	4311.92307707	4293.97435905	4020.51282003	4278.33333341	4337.43589765	
4263.33333334	4260.25641026	3928.84615316	4281.53846161	4280.00000007	4245.64102564	4220.89743583	4262.43589744	4306.92307707	4322.56410271	4302.69230784	4022.69230721	4299.48717963	4339.10256431	
4268.33333341	4254.35897436	3941.28205066	4273.58974366	4288.97435905	4251.41025641	4214.61538455	4268.58974366	4324.48717963	4319.3589745	4312.30769245	4045.64102523	4314.3589745	4334.23076944	
4267.05128212	4275.51282059	3950.64102502	4270.89743597	4289.61538469	4286.923077	4214.48717942	4295.1282052	4311.41025655	4303.58974373	4301.92307707	4037.82051241	4285.89743597	4328.71794886	
4263.58974359	4282.69230777	3941.66666605	4269.48717956	4284.48717956	4261.53846154	4214.23076917	4275.38461546	4301.66666681	4311.66666681	4300.00000014	4016.53846106	4282.30769238	4333.07692329	
4263.33333334	4267.30769238	3937.692307	4267.05128212	4285.89743597	4258.71794872	4212.94871788	4275.51282059	4308.07692322	4315.38461553	4307.94871809	4027.94871747	4297.17948725	4334.74358996	
4266.66666674	4260.25641026	3939.87179425	4276.53846161	4286.66666674	4267.56410264	4217.30769224	4277.17948725	4308.20512835	4309.61538476	4305.51282066	4042.82051241	4288.33333341	4333.71794893	
4266.15384616	4269.35897443	3933.33333264	4278.07692315	4289.87179495	4279.48717956	4219.87179481	4283.84615392	4309.10256425	4317.56410271	4301.1538463	4028.20512772	4288.58974366	4333.20512842	
4259.48717949	4265.12820513	3924.35897367	4262.94871795	4293.33333341	4272.56410264	4214.61538455	4283.58974366	4303.33333348	4309.48717963	4292.43589751	4013.07692259	4295.89743597	4328.71794886	
4255.51282052	4250.76923077	3940.64102502	4252.56410257	4286.79487187	4257.05128206	4211.53846147	4250.12820513	4286.15384623	4296.41025648	4280.89743597	4016.53846106	4281.0256411	4322.82051296	
4257.6923077	4260.12820513	3951.53846092	4255.38461539	4276.41025648	4284.35897443	4215.38461532	4277.69230777	4279.74358982	4300.76923091	4281.28205136	4022.05128157	4264.61538462	4313.20512835	
4258.46153847	4279.10256418	3932.05128136	4262.6923077	4272.82051289	4217.30769224	4217.82051275	4260.64102564	4282.69230777	4300.76923091	4281.15384623	4014.99999952	4266.923077	4303.71794886	
4255.8974359	4267.30769238	3925.51281982	4263.58974359	4278.20512828	4011.79487131	4215.38461532	4059.10256369	4284.35897443	4306.66666681	4284.61538469	4015.64102516	4270.64102571	4306.79487194	
4257.56410257	4246.15384616	3941.9230763	4261.92307693	4280.64102571	3899.48717873	4213.4615384	3966.9230763	4286.79487187	4309.48717963	4290.64102571	4027.94871747	4269.2307693	4312.82051296	
4258.71794872	4250.64102564	3941.28205066	4258.07692308	4281.923077	3929.74358905	4211.53846147	4035.51282003	4284.61538469	4301.53846168	4277.17948725	4019.23076875	4271.53846161	4311.41025655	
4257.6923077	4266.41025641	3929.4871788	4247.6923077	4284.61538469	3937.43589674	4209.23076917	4005.76923029	4274.48717956	4301.02564117	4261.92307693	4001.53846099	4264.61538462	4305.76923091	
4254.48717949	4263.46153847	3931.92307623	4250.64102564	4277.05128212	3917.692307	4210.25641019	3981.92307637	4267.94871802	4293.71794879	4279.35897443	4003.71794817	4254.87179488	4297.82051289	
4254.61538462	4244.61538462	3932.94871726	4259.87179488	4269.74358982	3926.66666598	4209.61538455	4007.56410208	4270.51282059	4290.89743597	4292.69230777	4001.79487124	4260.64102564	4298.46153853	
4254.87179488	4242.6923077	3926.15384546	4257.82051282	4273.07692315	3930.12820444	4207.69230763	3990.2564097	4266.28205129	4294.10256418	4266.41025641	3984.48717894	4257.6923077	4303.71794886	
4251.7948718	4262.56410257	3926.53846085	4249.48717949	4280.1282052	3929.4871788	4209.87179481	3991.28205073	4261.66666667	4291.53846161	4255.0	3990.51281996	4250.8974359	4300.76923091	
4257.30769231	4273.84615392	3946.0256404	4243.58974359	4286.53846161	3947.05128143	4213.20512814	4019.35897388	4281.0256411	4300.76923091	4284.61538469	4016.66666618	4268.33333341	4306.1538463	
4257.94871795	4260.25641026	3959.74358912	4248.84615385	4278.84615392	3957.43589681	4212.5641025	4019.35897388	4289.48717956	4307.05128219	4294.48717956	4016.02564054	4275.89743597	4312.30769245	
4248.71794872	4246.66666667	3939.74358912	4252.6923077	4265.8974359	3942.43589681	4208.71794865	3991.28205073	4263.33333334	4293.58974366	4272.43589751	3991.79487124	4253.97435898	4300.89743604	
4248.84615385	4256.15384616	3920.51281982	4242.30769231	4268.58974366	3923.20512751	4209.23076917	3996.1538456	4261.66666667	4293.33333341	4269.2307693	3996.02564047	4260.51282052	4301.1538463	
4255.51282052	4260.51282052	3937.56410187	4236.53846154	4275.64102571	3939.61538399	4209.61538455	4023.46153798	4282.82051289	4309.3589745	4288.20512828	4017.30769183	4279.61538469	4316.28205142	
4255.12820513	4249.48717949	3958.20512758	4240.25641026	4275.38461546	3963.46153784	4206.92307686	4018.58974311	4282.30769238	4315.89743604	4287.69230777	4014.35897388	4269.2307693	4324.10256425	
4249.61538462	4251.7948718	3945.12820451	4239.74358975	4273.84615392	3950.12820451	4204.48717942	4000.51281996	4276.923077	4309.23076937	4275.89743597	3999.99999945	4262.56410257	4318.20512835	
4245.0	4258.20512821	3925.12820444	4236.92307693	4269.10256418	3928.33333264	4203.4615384	4001.92307637	4271.79487187	4295.25641033	4273.46153853	3999.87179432	4260.8974359	4301.53846168	
4242.6923077	4252.43589744	3919.87179418	4232.69230763	4271.28205136	3923.07692239	4204.99999993	4008.58974311	4257.82051282	4284.74358982	4266.02564103	4002.0512815	4247.94871795	4289.87179495	
4245.0	4247.30769231	3925.76923008	4224.48717942	4277.17948725	3928.46153777	4206.53846147	3998.84615329	4263.71794872	4293.58974366	4261.92307693	3992.56410201	4259.10256411	4299.87179501	
4248.71794872	4252.43589744	3942.05128143	4224.87179481	4276.923077	3943.46153784	4204.48717942	3998.07692252	4286.28205136	4310.51282066	4272.56410264	3996.28205073	4287.43589751	4316.02564117	
4250.51282052	4259.10256411	3950.76923015	4233.33333327	4272.56410264	3951.41025579	4203.33333327	4002.9487174	4274.74358982	4303.20512835	4270.38461546	4002.9487174	4270.1282052	4310.51282066	
4246.41025641	4260.0	3941.53846092	4239.61538462	4267.17948725	3942.30769169	4206.02564096	3995.2564097	4251.66666667	4288.97435905	4260.25641026	3993.97435842	4240.76923077	4297.43589751	
4246.02564103	4252.30769231	3941.53846092	4237.05128206	4276.53846161	3944.23076861	4206.6666666	3999.35897381	4271.41025648	4306.79487194	4275.76923084	3997.56410201	4266.923077	4311.41025655	
4256.41025641	4250.76923077	3961.66666605	4233.33333327	4292.43589751	3963.33333271	4206.28205122	4013.07692259	4289.61538469	4325.2564104	4281.28205136	4013.97435849	4284.87179495	4331.92307707	
4260.76923077	4263.58974359	3971.0256404	4236.28205129	4288.20512828	3969.87179425	4207.43589737	4009.35897388	4272.05128212	4312.05128219	4258.20512821	4009.99999952	4263.84615385	4322.05128219	
4252.6923077	4268.33333341	3960.12820451	4237.82051282	4275.51282059	3959.99999938	4207.30769224	4006.02564054	4262.82051282	4302.43589758	4257.30769231	4001.53846099	4262.6923077	4307.94871809	
