4195.64102551	4191.02564089	4185.38461525	4193.07692294	4196.79487166	4192.82051269	4191.15384602	4193.3333332	4179.2307691	4193.84615371	4161.41025621	4209.74358968	4175.89743576	4228.07692301	
4192.30769217	4186.41025628	4179.35897422	4188.46153833	4194.61538448	4189.87179474	4190.25641012	4191.02564089	4172.94871781	4187.30769217	4160.64102544	4208.33333327	4172.94871781	4223.07692301	
4196.15384602	4189.99999986	4180.25641012	4191.79487166	4203.97435891	4197.82051269	4194.10256397	4194.87179474	4184.87179474	4190.25641012	4163.205128	4218.58974352	4179.10256397	4229.35897429	
4202.82051275	4193.3333332	4186.41025628	4196.28205115	4211.92307686	4206.6666666	4198.97435884	4197.4358973	4190.76923063	4196.15384602	4163.71794851	4222.69230763	4181.92307679	4237.56410257	
4199.61538448	4190.25641012	4181.5384614	4191.02564089	4206.92307686	4201.53846147	4196.92307679	4192.30769217	4178.97435884	4191.02564089	4156.92307672	4215.51282045	4171.15384602	4231.28205122	
4191.92307679	4187.4358973	4171.92307679	4186.28205115	4198.58974345	4192.69230756	4192.17948704	4186.5384614	4168.20512807	4179.48717935	4149.1025639	4212.05128199	4162.3076921	4220.7692307	
4193.58974345	4188.46153833	4174.48717935	4192.05128192	4195.12820499	4192.69230756	4194.48717935	4187.69230756	4172.94871781	4182.82051269	4153.84615364	4211.79487173	4167.3076921	4221.6666666	
4194.35897422	4186.5384614	4178.84615371	4193.58974345	4194.2307691	4192.94871781	4196.02564089	4191.66666653	4179.35897422	4194.10256397	4161.53846133	4211.53846147	4173.07692294	4224.99999993	
4189.10256397	4185.25641012	4174.87179474	4188.20512807	4194.48717935	4189.10256397	4191.28205115	4196.02564089	4182.94871781	4198.84615371	4165.25641005	4216.6666666	4175.51282038	4226.53846147	
4191.5384614	4188.71794858	4172.17948704	4187.05128192	4193.97435884	4188.07692294	4190.89743576	4196.79487166	4185.64102551	4202.05128199	4166.53846133	4217.69230763	4176.92307679	4224.23076917	
4198.97435884	4190.89743576	4180.12820499	4189.48717935	4191.5384614	4189.10256397	4194.48717935	4192.94871781	4186.15384602	4203.84615378	4166.15384595	4209.10256404	4176.15384602	4215.12820506	
4198.58974345	4193.20512807	4189.99999986	4191.15384602	4195.51282038	4192.82051269	4195.12820499	4196.02564089	4189.87179474	4199.48717935	4168.97435884	4207.94871788	4179.99999986	4217.05128199	
4196.79487166	4195.38461525	4193.20512807	4191.15384602	4200.89743576	4196.28205115	4196.02564089	4203.4615384	4192.56410243	4198.07692294	4173.3333332	4215.51282045	4185.12820499	4230.38461532	
4197.56410243	4192.82051269	4191.79487166	4187.4358973	4199.99999986	4192.56410243	4195.38461525	4194.99999986	4182.4358973	4191.66666653	4162.05128185	4211.02564096	4175.38461525	4225.89743583	
4195.25641012	4187.94871781	4192.82051269	4183.84615371	4200.51282038	4191.66666653	4193.07692294	4182.69230756	4171.15384602	4180.89743576	4151.41025621	4200.89743576	4163.71794851	4210.89743583	
4191.92307679	4187.17948704	4190.51282038	4185.25641012	4203.07692301	4194.74358961	4195.64102551	4187.82051269	4173.46153833	4182.17948704	4161.28205108	4203.07692301	4168.46153833	4214.35897429	
4191.66666653	4187.56410243	4183.97435884	4182.30769217	4200.38461525	4191.92307679	4195.51282038	4188.20512807	4170.64102551	4184.2307691	4155.64102544	4204.87179481	4169.10256397	4220.12820506	
4193.97435884	4187.69230756	4187.69230756	4179.99999986	4196.15384602	4188.58974345	4192.82051269	4181.79487166	4167.17948697	4183.58974345	4143.84615364	4204.48717942	4165.64102544	4218.84615378	
4196.66666653	4187.94871781	4193.84615371	4185.12820499	4195.64102551	4190.25641012	4194.74358961	4194.99999986	4186.02564089	4194.61538448	4161.15384595	4218.20512814	4179.61538448	4231.28205122	
4197.4358973	4189.10256397	4194.61538448	4190.89743576	4195.38461525	4191.92307679	4196.41025628	4208.4615384	4202.05128199	4206.92307686	4177.05128192	4229.23076917	4190.64102551	4242.56410257	
4194.87179474	4192.05128192	4193.3333332	4191.5384614	4194.10256397	4192.4358973	4195.64102551	4195.64102551	4186.92307679	4200.76923063	4165.12820492	4218.97435891	4176.5384614	4229.35897429	
4191.5384614	4190.25641012	4185.51282038	4186.66666653	4192.05128192	4191.66666653	4195.64102551	4185.12820499	4169.99999986	4189.61538448	4153.84615364	4207.5641025	4164.61538441	4213.07692301	
4191.02564089	4184.35897422	4179.87179474	4183.84615371	4191.66666653	4188.97435884	4196.28205115	4194.10256397	4180.89743576	4193.3333332	4165.12820492	4212.94871788	4175.64102551	4217.5641025	
4193.07692294	4185.38461525	4183.58974345	4186.5384614	4197.82051269	4191.02564089	4199.35897422	4200.51282038	4194.35897422	4200.25641012	4175.89743576	4218.84615378	4184.10256397	4225.89743583	
4191.66666653	4189.2307691	4182.69230756	4190.38461525	4199.99999986	4194.87179474	4201.28205122	4198.58974345	4189.10256397	4199.10256397	4171.66666653	4213.97435891	4177.82051269	4222.05128199	
4186.66666653	4187.56410243	4175.12820499	4188.07692294	4193.46153833	4192.30769217	4198.3333332	4195.12820499	4180.89743576	4193.97435884	4161.92307672	4208.58974352	4172.56410243	4213.07692301	
4188.58974345	4186.28205115	4179.99999986	4184.74358961	4192.30769217	4190.89743576	4197.05128192	4197.17948704	4186.41025628	4195.64102551	4166.92307672	4212.5641025	4179.61538448	4213.84615378	
4193.46153833	4187.56410243	4190.89743576	4188.97435884	4199.10256397	4196.02564089	4200.12820499	4208.07692301	4200.76923063	4205.38461532	4183.97435884	4227.30769224	4193.07692294	4228.33333327	
4193.07692294	4190.25641012	4195.51282038	4191.5384614	4200.12820499	4199.10256397	4202.43589737	4214.61538455	4209.48717942	4211.41025634	4190.12820499	4241.53846154	4201.53846147	4241.02564103	
4191.15384602	4190.38461525	4196.92307679	4188.46153833	4194.35897422	4193.71794858	4200.76923063	4207.43589737	4205.25641019	4204.10256404	4182.94871781	4240.64102564	4196.15384602	4236.92307693	
4190.25641012	4185.64102551	4192.30769217	4184.2307691	4192.05128192	4190.38461525	4196.79487166	4196.02564089	4189.61538448	4191.79487166	4168.46153833	4230.7692307	4178.84615371	4221.6666666	
4190.38461525	4185.51282038	4186.15384602	4182.30769217	4196.66666653	4194.61538448	4196.92307679	4196.15384602	4186.02564089	4192.82051269	4163.33333313	4230.7692307	4173.46153833	4219.48717942	
4190.38461525	4190.64102551	4187.17948704	4183.20512807	4203.71794865	4198.3333332	4200.76923063	4205.51282045	4199.48717935	4203.84615378	4175.64102551	4240.8974359	4190.25641012	4232.30769224	
4191.28205115	4189.61538448	4189.87179474	4186.02564089	4205.12820506	4198.3333332	4199.48717935	4206.92307686	4203.4615384	4205.38461532	4183.07692294	4246.7948718	4198.71794858	4234.35897436	
4189.61538448	4184.74358961	4185.38461525	4183.3333332	4198.46153833	4192.69230756	4194.74358961	4200.51282038	4191.41025628	4198.20512807	4172.30769217	4244.74358975	4185.12820499	4223.97435891	
4186.15384602	4184.10256397	4183.3333332	4178.3333332	4193.97435884	4186.28205115	4196.41025628	4196.92307679	4181.28205115	4195.76923063	4161.15384595	4239.87179488	4174.61538448	4217.5641025	
4188.20512807	4186.15384602	4187.94871781	4184.10256397	4196.92307679	4189.10256397	4201.92307686	4195.51282038	4187.05128192	4196.28205115	4165.76923056	4240.8974359	4180.38461525	4219.74358968	
4193.3333332	4190.51282038	4191.02564089	4192.94871781	4197.56410243	4192.4358973	4202.30769224	4196.28205115	4196.5384614	4195.64102551	4177.17948704	4248.07692308	4188.97435884	4223.84615378	
4194.74358961	4192.56410243	4195.38461525	4193.58974345	4194.10256397	4189.99999986	4201.15384609	4203.58974352	4198.07692294	4197.69230756	4183.71794858	4252.82051282	4193.58974345	4228.33333327	
4192.82051269	4189.87179474	4196.5384614	4189.2307691	4192.56410243	4188.3333332	4201.92307686	4205.51282045	4195.25641012	4194.61538448	4178.97435884	4251.15384616	4191.02564089	4227.17948711	
4192.05128192	4188.97435884	4193.58974345	4186.5384614	4194.48717935	4190.89743576	4199.48717935	4198.20512807	4193.58974345	4186.28205115	4174.2307691	4248.71794872	4184.99999986	4223.71794865	
4192.30769217	4190.12820499	4192.30769217	4186.92307679	4195.12820499	4191.15384602	4197.82051269	4196.15384602	4191.5384614	4184.87179474	4175.51282038	4253.58974359	4180.25641012	4224.87179481	
4190.38461525	4187.30769217	4191.02564089	4184.61538448	4191.92307679	4188.84615371	4198.46153833	4198.07692294	4184.35897422	4182.82051269	4169.99999986	4258.07692308	4174.48717935	4223.33333327	
4191.92307679	4184.10256397	4193.20512807	4182.30769217	4190.89743576	4189.87179474	4199.35897422	4198.20512807	4182.94871781	4182.4358973	4164.74358954	4261.41025641	4175.64102551	4224.48717942	
4198.3333332	4189.35897422	4204.23076917	4188.97435884	4197.17948704	4193.3333332	4201.6666666	4204.48717942	4196.15384602	4195.12820499	4174.74358961	4272.43589751	4190.25641012	4234.87179488	
4199.35897422	4194.99999986	4208.07692301	4195.12820499	4198.46153833	4192.56410243	4202.5641025	4208.71794865	4203.4615384	4202.69230763	4179.10256397	4278.07692315	4194.74358961	4236.7948718	
4191.28205115	4190.51282038	4196.92307679	4186.79487166	4187.82051269	4186.79487166	4199.61538448	4200.89743576	4192.30769217	4191.15384602	4165.89743569	4267.43589751	4177.82051269	4223.84615378	
4188.58974345	4185.25641012	4194.74358961	4180.12820499	4186.79487166	4183.97435884	4198.71794858	4197.56410243	4186.79487166	4188.07692294	4162.05128185	4260.51282052	4171.79487166	4220.64102558	
4192.82051269	4183.97435884	4198.58974345	4183.46153833	4191.5384614	4183.58974345	4198.84615371	4200.38461525	4191.02564089	4198.20512807	4169.61538448	4267.94871802	4179.2307691	4221.6666666	
4189.35897422	4179.10256397	4189.61538448	4180.51282038	4182.82051269	4179.10256397	4195.25641012	4194.48717935	4181.5384614	4192.56410243	4166.79487159	4268.20512828	4174.35897422	4210.7692307	
4183.58974345	4177.69230756	4183.71794858	4176.02564089	4180.38461525	4177.30769217	4196.02564089	4190.25641012	4172.56410243	4183.20512807	4160.76923056	4259.10256411	4170.38461525	4209.99999993	
4187.94871781	4183.58974345	4187.05128192	4178.71794858	4192.05128192	4182.56410243	4202.05128199	4196.02564089	4179.2307691	4188.3333332	4161.28205108	4262.05128206	4175.64102551	4222.05128199	
4191.79487166	4185.76923063	4187.4358973	4181.79487166	4192.56410243	4184.61538448	4201.92307686	4199.35897422	4184.87179474	4192.94871781	4167.05128185	4271.15384623	4176.66666653	4222.82051275	
4191.02564089	4188.3333332	4187.56410243	4181.15384602	4188.3333332	4185.12820499	4198.71794858	4202.05128199	4189.87179474	4197.05128192	4175.25641012	4275.38461546	4182.4358973	4220.64102558	
4194.99999986	4192.17948704	4194.87179474	4182.94871781	4194.74358961	4190.38461525	4201.41025634	4211.28205122	4202.94871788	4205.51282045	4183.07692294	4281.66666674	4197.05128192	4232.94871788	
4198.46153833	4191.02564089	4200.25641012	4187.30769217	4194.99999986	4189.87179474	4205.89743583	4211.15384609	4206.02564096	4204.61538455	4179.2307691	4288.20512828	4195.64102551	4235.76923077	
4196.15384602	4188.97435884	4201.6666666	4189.99999986	4186.28205115	4185.25641012	4206.92307686	4204.99999993	4198.07692294	4199.35897422	4172.94871781	4289.2307693	4186.79487166	4229.10256404	
4196.92307679	4191.15384602	4206.6666666	4190.25641012	4186.66666653	4187.56410243	4204.74358968	4211.41025634	4205.12820506	4206.02564096	4183.71794858	4294.61538469	4199.2307691	4238.58974359	
4198.58974345	4193.97435884	4210.7692307	4189.61538448	4192.94871781	4190.12820499	4202.69230763	4219.99999993	4218.84615378	4213.20512814	4194.99999986	4305.51282066	4210.51282045	4249.35897436	
4193.58974345	4191.28205115	4204.87179481	4185.76923063	4189.74358961	4186.79487166	4201.53846147	4215.7692307	4212.43589737	4206.28205122	4186.41025628	4303.97435912	4200.12820499	4242.17948718	
4189.10256397	4184.87179474	4195.12820499	4178.20512807	4184.2307691	4182.30769217	4198.71794858	4206.15384609	4196.5384614	4196.15384602	4175.38461525	4294.74358982	4186.15384602	4230.7692307	
4190.89743576	4185.51282038	4192.4358973	4180.76923063	4188.71794858	4183.3333332	4198.97435884	4202.5641025	4192.17948704	4194.2307691	4176.5384614	4293.33333341	4180.51282038	4226.28205122	
4194.61538448	4192.69230756	4196.5384614	4190.64102551	4194.87179474	4185.89743576	4204.87179481	4205.7692307	4195.25641012	4198.84615371	4177.05128192	4294.10256418	4178.20512807	4223.4615384	
4194.74358961	4193.58974345	4199.99999986	4192.56410243	4194.35897422	4185.89743576	4206.92307686	4208.07692301	4198.07692294	4204.48717942	4177.56410243	4297.69230777	4182.05128192	4224.23076917	
4190.76923063	4188.20512807	4199.2307691	4188.58974345	4191.5384614	4186.28205115	4202.43589737	4206.28205122	4199.74358961	4206.41025634	4181.79487166	4306.28205142	4187.94871781	4229.35897429	
4192.17948704	4187.4358973	4200.25641012	4188.20512807	4192.30769217	4188.20512807	4201.92307686	4208.97435891	4203.71794865	4204.23076917	4181.79487166	4312.94871809	4188.84615371	4235.64102564	
4194.99999986	4191.02564089	4205.38461532	4189.99999986	4194.35897422	4187.94871781	4205.12820506	4214.74358968	4208.97435891	4202.17948711	4182.17948704	4314.10256425	4192.56410243	4238.84615385	
4193.20512807	4191.28205115	4204.23076917	4188.71794858	4192.56410243	4186.41025628	4201.53846147	4214.48717942	4207.94871788	4206.28205122	4183.58974345	4313.97435912	4196.15384602	4237.94871795	
4190.89743576	4188.07692294	4195.12820499	4185.38461525	4188.84615371	4187.82051269	4197.69230756	4211.41025634	4200.64102551	4208.71794865	4184.10256397	4315.51282066	4193.3333332	4239.23076923	
4191.92307679	4188.20512807	4193.84615371	4184.87179474	4189.61538448	4188.84615371	4201.15384609	4213.97435891	4203.71794865	4209.61538455	4188.58974345	4319.48717963	4195.76923063	4241.53846154	
4195.25641012	4194.87179474	4196.28205115	4189.87179474	4195.12820499	4192.05128192	4204.99999993	4222.05128199	4221.53846147	4217.05128199	4195.51282038	4327.69230784	4205.38461532	4246.28205129	
4197.94871781	4198.3333332	4196.02564089	4193.3333332	4200.64102551	4195.64102551	4206.28205122	4227.5641025	4228.84615378	4219.99999993	4197.4358973	4334.61538483	4211.92307686	4254.87179488	
4198.46153833	4194.74358961	4195.38461525	4190.51282038	4199.61538448	4192.69230756	4204.99999993	4226.79487173	4220.64102558	4213.71794865	4196.15384602	4335.3846156	4210.64102558	4256.41025641	
4196.02564089	4190.38461525	4187.05128192	4186.92307679	4194.61538448	4189.10256397	4199.99999986	4219.23076917	4214.48717942	4208.84615378	4194.61538448	4332.43589765	4203.84615378	4247.6923077	
4195.25641012	4189.10256397	4176.15384602	4184.87179474	4195.64102551	4188.46153833	4199.35897422	4212.94871788	4211.02564096	4209.74358968	4191.15384602	4326.02564117	4195.76923063	4237.6923077	
4193.71794858	4193.71794858	4172.56410243	4183.97435884	4200.76923063	4188.20512807	4203.58974352	4213.07692301	4205.12820506	4211.15384609	4190.38461525	4318.97435912	4194.10256397	4233.33333327	
4192.82051269	4195.76923063	4172.69230756	4186.28205115	4200.51282038	4189.87179474	4204.10256404	4213.07692301	4204.10256404	4210.64102558	4193.46153833	4316.41025655	4198.97435884	4235.0	
4196.28205115	4190.51282038	4172.05128192	4189.35897422	4197.82051269	4192.69230756	4201.02564096	4214.10256404	4210.7692307	4209.35897429	4194.10256397	4316.02564117	4201.02564096	4239.74358975	
4194.99999986	4186.41025628	4172.94871781	4186.02564089	4194.61538448	4189.61538448	4199.99999986	4215.7692307	4212.05128199	4208.33333327	4190.89743576	4309.87179501	4197.17948704	4241.02564103	
4192.82051269	4188.97435884	4176.02564089	4182.94871781	4187.30769217	4186.28205115	4199.10256397	4211.53846147	4205.64102558	4205.89743583	4189.10256397	4303.33333348	4193.58974345	4238.97435898	
4193.58974345	4187.94871781	4183.46153833	4186.02564089	4179.48717935	4185.64102551	4197.94871781	4207.43589737	4200.89743576	4199.35897422	4188.07692294	4306.02564117	4190.25641012	4238.84615385	
4194.10256397	4183.3333332	4192.82051269	4186.5384614	4177.4358973	4183.84615371	4198.07692294	4205.89743583	4196.5384614	4194.35897422	4182.82051269	4310.64102578	4184.61538448	4238.71794872	
4195.51282038	4185.38461525	4204.87179481	4186.28205115	4179.61538448	4185.12820499	4200.38461525	4207.69230763	4197.30769217	4192.4358973	4180.76923063	4315.89743604	4183.20512807	4240.0	
4195.12820499	4186.41025628	4224.61538455	4188.58974345	4178.46153833	4184.35897422	4203.07692301	4209.74358968	4201.41025634	4188.20512807	4181.79487166	4329.10256425	4187.94871781	4245.12820513	
4194.48717935	4184.74358961	4244.10256411	4188.20512807	4173.46153833	4181.92307679	4201.28205122	4209.74358968	4203.07692301	4182.69230756	4184.35897422	4351.79487201	4191.02564089	4252.43589744	
4196.79487166	4185.51282038	4261.41025641	4185.76923063	4174.74358961	4184.10256397	4198.84615371	4213.58974352	4209.99999993	4183.3333332	4190.89743576	4372.17948746	4196.79487166	4260.76923077	
4196.92307679	4188.3333332	4276.79487187	4187.17948704	4178.07692294	4185.64102551	4199.61538448	4223.07692301	4218.20512814	4188.3333332	4196.5384614	4379.6153849	4204.74358968	4263.84615385	
4195.38461525	4189.10256397	4284.35897443	4189.10256397	4177.05128192	4184.10256397	4202.5641025	4229.23076917	4221.79487173	4195.12820499	4202.5641025	4381.15384644	4210.51282045	4264.35897436	
4199.74358961	4187.56410243	4282.94871802	4188.20512807	4182.82051269	4186.5384614	4205.64102558	4229.10256404	4227.43589737	4203.20512814	4213.71794865	4381.28205156	4218.07692301	4267.30769238	
4197.56410243	4185.38461525	4270.25641033	4183.46153833	4188.58974345	4185.76923063	4200.64102551	4225.25641019	4224.99999993	4202.17948711	4212.82051275	4369.10256438	4214.10256404	4265.76923077	
4188.46153833	4181.5384614	4247.05128206	4175.25641012	4179.61538448	4177.05128192	4192.82051269	4215.25641019	4206.53846147	4189.61538448	4194.48717935	4342.43589765	4195.12820499	4252.17948718	
4191.66666653	4180.89743576	4232.30769224	4174.10256397	4175.25641012	4177.4358973	4194.10256397	4211.41025634	4200.25641012	4190.38461525	4191.5384614	4325.00000014	4189.99999986	4243.84615385	
4197.4358973	4184.87179474	4230.12820506	4180.25641012	4183.07692294	4186.15384602	4201.28205122	4217.30769224	4208.84615378	4207.43589737	4202.69230763	4319.48717963	4198.97435884	4250.12820513	
4190.76923063	4184.99999986	4217.43589737	4180.25641012	4184.61538448	4185.64102551	4201.6666666	4213.33333327	4200.64102551	4207.17948711	4198.46153833	4305.12820527	4193.71794858	4242.43589744	
4186.92307679	4177.69230756	4201.6666666	4174.10256397	4181.02564089	4182.4358973	4197.56410243	4201.41025634	4189.10256397	4196.15384602	4190.25641012	4283.33333341	4181.28205115	4225.12820506	
4192.17948704	4176.66666653	4200.64102551	4173.58974345	4182.56410243	4186.28205115	4198.20512807	4202.17948711	4197.05128192	4199.2307691	4192.30769217	4270.00000007	4184.99999986	4229.10256404	
4193.07692294	4180.38461525	4201.79487173	4177.17948704	4184.87179474	4186.41025628	4199.74358961	4207.30769224	4201.02564096	4202.43589737	4193.3333332	4265.64102564	4191.28205115	4238.97435898	
4187.94871781	4173.71794858	4193.84615371	4173.84615371	4183.20512807	4179.87179474	4197.30769217	4200.25641012	4187.17948704	4193.20512807	4185.38461525	4256.53846154	4182.4358973	4230.38461532	
4187.30769217	4171.79487166	4184.87179474	4171.28205115	4181.41025628	4179.48717935	4196.15384602	4195.38461525	4183.3333332	4190.12820499	4184.2307691	4241.02564103	4174.74358961	4224.48717942	
4187.30769217	4179.87179474	4179.87179474	4175.38461525	4182.94871781	4184.87179474	4198.84615371	4199.10256397	4190.51282038	4193.71794858	4187.94871781	4232.05128199	4177.94871781	4229.10256404	
4184.74358961	4178.71794858	4175.76923063	4176.5384614	4183.97435884	4185.76923063	4198.71794858	4197.69230756	4184.48717935	4190.12820499	4182.56410243	4228.71794865	4179.74358961	4225.25641019	
4184.87179474	4174.61538448	4176.41025628	4172.56410243	4181.79487166	4184.2307691	4196.28205115	4192.56410243	4177.82051269	4189.10256397	4179.10256397	4223.33333327	4177.30769217	4225.12820506	
4187.56410243	4177.17948704	4174.99999986	4172.17948704	4180.38461525	4180.89743576	4195.76923063	4188.20512807	4176.41025628	4188.58974345	4177.69230756	4210.25641019	4171.28205115	4227.30769224	
4184.48717935	4174.35897422	4162.05128185	4172.30769217	4178.46153833	4176.28205115	4194.99999986	4177.94871781	4160.76923056	4177.82051269	4163.58974339	4191.92307679	4156.66666646	4213.71794865	
4180.38461525	4171.15384602	4155.89743569	4172.94871781	4179.35897422	4178.84615371	4195.64102551	4171.15384602	4150.64102544	4175.38461525	4155.51282031	4184.10256397	4152.05128185	4202.94871788	
4184.10256397	4175.12820499	4158.84615364	4175.89743576	4184.74358961	4182.56410243	4198.3333332	4178.58974345	4164.48717928	4191.92307679	4169.35897422	4189.35897422	4163.71794851	4210.64102558	
4186.66666653	4172.4358973	4152.3076921	4171.5384614	4182.69230756	4181.02564089	4197.69230756	4182.05128192	4168.07692287	4198.58974345	4172.56410243	4186.02564089	4165.12820492	4213.71794865	
4183.97435884	4168.46153833	4142.56410236	4167.3076921	4181.66666653	4180.89743576	4196.5384614	4178.20512807	4159.35897415	4190.64102551	4164.61538441	4177.30769217	4159.1025639	4206.79487173	
4184.87179474	4172.82051269	4146.79487159	4170.89743576	4190.76923063	4186.66666653	4198.97435884	4181.92307679	4167.05128185	4192.17948704	4172.94871781	4180.76923063	4166.28205108	4211.41025634	
4187.69230756	4177.05128192	4155.12820492	4172.69230756	4193.20512807	4191.5384614	4199.35897422	4190.64102551	4178.46153833	4202.5641025	4181.5384614	4183.58974345	4178.07692294	4222.05128199	
4187.17948704	4178.20512807	4155.76923056	4172.69230756	4187.05128192	4191.02564089	4198.20512807	4196.15384602	4180.38461525	4208.4615384	4180.64102551	4176.66666653	4181.15384602	4226.53846147	
4183.58974345	4177.94871781	4151.02564082	4172.82051269	4185.12820499	4186.79487166	4200.64102551	4194.2307691	4177.30769217	4204.23076917	4178.84615371	4171.15384602	4175.89743576	4223.33333327	
4180.38461525	4172.94871781	4144.61538441	4166.28205108	4182.4358973	4183.84615371	4198.07692294	4185.25641012	4169.35897422	4194.99999986	4175.64102551	4167.82051262	4169.48717935	4216.15384609	
4184.10256397	4171.28205115	4149.9999998	4164.61538441	4182.30769217	4187.56410243	4194.2307691	4186.92307679	4173.71794858	4198.58974345	4177.4358973	4170.38461525	4172.82051269	4218.20512814	
4188.84615371	4177.05128192	4161.41025621	4174.87179474	4186.02564089	4189.48717935	4196.79487166	4198.3333332	4188.3333332	4209.35897429	4184.74358961	4179.10256397	4180.51282038	4230.64102558	
4183.71794858	4178.07692294	4157.94871774	4172.94871781	4180.89743576	4185.51282038	4196.28205115	4191.66666653	4179.2307691	4201.6666666	4177.05128192	4174.99999986	4173.46153833	4228.07692301	
4178.07692294	4170.89743576	4150.12820492	4163.71794851	4173.3333332	4184.10256397	4193.71794858	4178.84615371	4161.41025621	4186.5384614	4165.51282031	4157.05128185	4161.92307672	4210.51282045	
4180.51282038	4167.69230749	4151.15384595	4164.1025639	4175.76923063	4180.76923063	4194.61538448	4176.5384614	4157.17948697	4180.89743576	4163.58974339	4150.76923056	4156.66666646	4203.4615384	
4182.82051269	4171.66666653	4148.46153826	4164.87179467	4179.99999986	4175.25641012	4193.07692294	4174.35897422	4154.23076903	4179.35897422	4157.05128185	4154.35897415	4153.46153826	4206.41025634	
4180.64102551	4171.66666653	4142.56410236	4164.1025639	4177.05128192	4176.28205115	4191.66666653	4171.66666653	4152.82051262	4182.05128192	4153.97435877	4152.17948697	4153.58974339	4205.7692307	
4180.12820499	4169.10256397	4147.56410236	4170.89743576	4176.79487166	4177.17948704	4194.87179474	4176.66666653	4160.25641005	4189.2307691	4164.35897415	4150.25641005	4160.76923056	4204.48717942	
4181.28205115	4174.74358961	4155.51282031	4176.79487166	4182.30769217	4174.74358961	4196.66666653	4185.89743576	4170.51282038	4194.2307691	4173.97435884	4155.25641005	4169.61538448	4209.87179481	
4180.89743576	4177.4358973	4154.61538441	4172.56410243	4182.05128192	4177.94871781	4193.3333332	4187.05128192	4173.58974345	4193.71794858	4175.25641012	4156.92307672	4171.15384602	4212.82051275	
4181.66666653	4174.61538448	4156.41025621	4168.07692287	4178.3333332	4182.05128192	4194.10256397	4187.82051269	4177.17948704	4196.02564089	4178.71794858	4160.51282031	4174.74358961	4214.10256404	
4184.61538448	4178.58974345	4167.94871774	4172.94871781	4185.25641012	4181.79487166	4198.20512807	4198.3333332	4187.56410243	4204.87179481	4188.71794858	4174.74358961	4185.64102551	4224.10256404	
4188.3333332	4182.69230756	4173.20512807	4178.3333332	4192.82051269	4183.07692294	4199.48717935	4204.74358968	4193.84615371	4210.7692307	4196.28205115	4181.79487166	4191.66666653	4230.25641019	
4188.71794858	4179.87179474	4168.46153833	4175.38461525	4187.17948704	4182.69230756	4197.17948704	4202.5641025	4192.30769217	4210.7692307	4194.87179474	4173.3333332	4188.58974345	4227.5641025	
4186.15384602	4181.15384602	4165.76923056	4172.56410243	4181.28205115	4179.99999986	4194.99999986	4197.82051269	4186.92307679	4206.02564096	4189.48717935	4167.82051262	4183.58974345	4224.10256404	
4186.28205115	4182.69230756	4167.56410236	4173.84615371	4181.41025628	4183.71794858	4198.58974345	4193.07692294	4181.5384614	4196.5384614	4188.20512807	4171.28205115	4179.35897422	4223.33333327	
4189.2307691	4181.79487166	4171.5384614	4173.46153833	4187.17948704	4185.76923063	4200.64102551	4189.10256397	4179.35897422	4189.2307691	4186.66666653	4173.20512807	4177.56410243	4225.25641019	
4187.4358973	4181.92307679	4172.4358973	4168.20512807	4190.51282038	4185.12820499	4199.10256397	4189.2307691	4179.10256397	4189.87179474	4179.35897422	4170.25641012	4175.38461525	4227.94871788	
4180.64102551	4179.35897422	4164.35897415	4163.46153826	4183.97435884	4183.97435884	4198.84615371	4185.64102551	4168.97435884	4188.71794858	4168.84615371	4161.92307672	4167.05128185	4222.5641025	
4179.35897422	4180.12820499	4157.69230749	4166.02564082	4183.20512807	4182.69230756	4198.84615371	4178.97435884	4158.46153826	4187.05128192	4164.74358954	4152.17948697	4162.3076921	4211.79487173	
4184.87179474	4184.2307691	4165.25641005	4173.84615371	4192.4358973	4185.64102551	4199.87179474	4184.35897422	4170.12820499	4193.97435884	4174.2307691	4151.79487159	4169.74358961	4213.20512814	
4186.02564089	4181.79487166	4168.84615371	4172.56410243	4190.25641012	4187.69230756	4200.12820499	4194.48717935	4186.02564089	4200.12820499	4182.05128192	4158.84615364	4175.51282038	4218.84615378	
4181.02564089	4177.94871781	4159.61538441	4164.9999998	4178.71794858	4185.12820499	4197.17948704	4192.94871781	4178.84615371	4200.25641012	4178.84615371	4159.9999998	4173.71794858	4215.51282045	
4181.66666653	4177.94871781	4159.74358954	4166.53846133	4177.82051269	4183.71794858	4196.28205115	4186.66666653	4171.41025628	4198.84615371	4180.89743576	4158.58974339	4172.30769217	4215.64102558	
4185.25641012	4178.20512807	4169.48717935	4169.35897422	4185.38461525	4185.38461525	4199.48717935	4186.79487166	4179.35897422	4197.17948704	4187.69230756	4163.205128	4175.76923063	4222.30769224	
4183.97435884	4176.28205115	4168.3333332	4166.02564082	4188.20512807	4185.38461525	4197.30769217	4190.89743576	4181.92307679	4194.2307691	4182.4358973	4163.97435877	4177.56410243	4224.23076917	
4182.94871781	4176.92307679	4166.15384595	4165.12820492	4184.10256397	4186.15384602	4193.84615371	4191.02564089	4172.56410243	4188.20512807	4174.74358961	4162.43589723	4174.10256397	4220.7692307	
4184.2307691	4178.71794858	4171.79487166	4166.28205108	4178.20512807	4183.20512807	4194.61538448	4184.48717935	4165.12820492	4180.64102551	4175.76923063	4161.15384595	4167.05128185	4216.53846147	
4181.79487166	4174.35897422	4169.99999986	4161.28205108	4173.97435884	4174.10256397	4191.5384614	4178.84615371	4164.1025639	4178.71794858	4174.87179474	4161.53846133	4160.51282031	4213.4615384	
4178.07692294	4168.58974345	4169.48717935	4158.07692287	4172.82051269	4173.58974345	4189.35897422	4185.38461525	4171.92307679	4184.35897422	4174.2307691	4171.28205115	4164.48717928	4219.99999993	
4182.4358973	4172.30769217	4182.30769217	4163.84615364	4177.56410243	4182.82051269	4193.58974345	4197.05128192	4185.64102551	4193.58974345	4183.20512807	4185.25641012	4180.64102551	4233.20512814	
4187.30769217	4178.3333332	4185.25641012	4169.48717935	4182.05128192	4185.25641012	4195.38461525	4193.20512807	4181.41025628	4197.4358973	4182.82051269	4183.20512807	4181.92307679	4231.15384609	
4181.66666653	4173.20512807	4173.3333332	4164.61538441	4178.71794858	4181.02564089	4190.12820499	4174.99999986	4156.53846133	4186.28205115	4163.71794851	4163.58974339	4157.69230749	4212.94871788	
4175.76923063	4169.61538448	4169.10256397	4159.61538441	4176.92307679	4181.66666653	4188.46153833	4167.17948697	4147.43589723	4173.84615371	4151.28205108	4154.1025639	4143.97435877	4202.17948711	
4180.12820499	4176.41025628	4172.56410243	4167.56410236	4185.51282038	4184.99999986	4194.10256397	4177.05128192	4162.3076921	4183.71794858	4159.23076903	4161.15384595	4155.51282031	4208.58974352	
4184.99999986	4181.02564089	4175.89743576	4177.30769217	4189.87179474	4186.41025628	4195.12820499	4184.2307691	4172.4358973	4198.84615371	4170.64102551	4171.15384602	4165.76923056	4218.71794865	
4184.2307691	4179.87179474	4176.15384602	4175.25641012	4184.48717935	4186.41025628	4192.56410243	4183.20512807	4171.28205115	4198.3333332	4172.56410243	4172.05128192	4168.46153833	4220.89743583	
4184.10256397	4180.38461525	4175.38461525	4168.58974345	4182.17948704	4182.94871781	4192.56410243	4187.05128192	4176.28205115	4197.17948704	4177.30769217	4171.79487166	4173.3333332	4221.79487173	
4186.41025628	4181.92307679	4179.48717935	4169.48717935	4188.84615371	4183.71794858	4193.58974345	4197.4358973	4189.2307691	4207.5641025	4186.79487166	4182.56410243	4182.94871781	4226.15384609	
4189.48717935	4179.74358961	4181.5384614	4176.02564089	4193.58974345	4193.97435884	4195.38461525	4205.38461532	4199.74358961	4218.33333327	4194.10256397	4196.41025628	4193.84615371	4236.66666667	
4190.51282038	4182.05128192	4177.05128192	4179.61538448	4194.61538448	4198.71794858	4199.61538448	4206.02564096	4205.51282045	4220.89743583	4198.3333332	4200.25641012	4197.4358973	4242.82051282	
4189.48717935	4187.4358973	4171.5384614	4175.89743576	4193.84615371	4195.51282038	4199.48717935	4201.15384609	4200.25641012	4209.61538455	4192.56410243	4193.46153833	4186.41025628	4233.58974352	
4190.12820499	4185.51282038	4168.20512807	4174.2307691	4193.3333332	4197.56410243	4194.99999986	4195.25641012	4188.20512807	4197.4358973	4182.82051269	4192.30769217	4176.5384614	4224.10256404	
4190.89743576	4183.20512807	4164.23076903	4180.38461525	4197.05128192	4200.12820499	4196.66666653	4194.10256397	4187.94871781	4202.05128199	4184.35897422	4200.12820499	4180.38461525	4226.28205122	
4191.79487166	4188.07692294	4163.07692287	4182.30769217	4199.48717935	4198.46153833	4200.38461525	4199.10256397	4197.30769217	4212.43589737	4192.05128192	4201.92307686	4188.97435884	4232.69230763	
4189.99999986	4190.76923063	4164.1025639	4181.92307679	4195.25641012	4193.71794858	4199.2307691	4199.87179474	4196.15384602	4208.71794865	4189.87179474	4198.97435884	4188.46153833	4231.79487173	
4188.20512807	4188.20512807	4162.05128185	4185.51282038	4191.66666653	4188.46153833	4199.48717935	4196.5384614	4188.46153833	4201.28205122	4183.97435884	4198.20512807	4179.61538448	4224.61538455	
4192.82051269	4191.92307679	4166.79487159	4192.94871781	4199.99999986	4192.56410243	4202.94871788	4205.25641019	4200.64102551	4217.82051275	4191.79487166	4198.97435884	4189.35897422	4227.69230763	
4199.61538448	4200.51282038	4177.69230756	4197.94871781	4210.7692307	4204.48717942	4206.6666666	4217.69230763	4219.99999993	4240.51282052	4204.23076917	4201.79487173	4210.25641019	4239.10256411	
4201.28205122	4200.64102551	4182.30769217	4197.4358973	4209.23076917	4204.61538455	4206.28205122	4217.69230763	4221.15384609	4234.35897436	4205.25641019	4202.43589737	4209.99999993	4241.02564103	
4198.46153833	4196.41025628	4179.99999986	4192.05128192	4203.4615384	4197.56410243	4202.69230763	4209.35897429	4208.33333327	4211.02564096	4196.66666653	4198.71794858	4195.12820499	4235.64102564	
4198.07692294	4197.94871781	4183.71794858	4191.79487166	4203.71794865	4201.53846147	4202.5641025	4205.51282045	4202.5641025	4202.94871788	4190.89743576	4199.99999986	4194.61538448	4241.28205129	
4199.61538448	4201.28205122	4193.07692294	4197.56410243	4201.41025634	4205.51282045	4206.15384609	4207.30769224	4207.94871788	4204.61538455	4192.94871781	4203.20512814	4200.38461525	4248.07692308	
4197.56410243	4193.84615371	4191.92307679	4189.35897422	4193.3333332	4198.58974345	4202.69230763	4210.38461532	4211.6666666	4204.87179481	4199.48717935	4202.5641025	4201.15384609	4248.20512821	
4194.61538448	4187.30769217	4184.61538448	4178.3333332	4194.48717935	4194.48717935	4197.30769217	4214.35897429	4213.20512814	4212.5641025	4203.58974352	4202.43589737	4205.25641019	4250.51282052	
4196.41025628	4195.76923063	4190.51282038	4188.46153833	4200.64102551	4200.25641012	4201.92307686	4213.20512814	4210.12820506	4217.94871788	4200.64102551	4198.07692294	4205.51282045	4248.97435898	
4199.2307691	4202.17948711	4201.15384609	4198.3333332	4197.82051269	4203.58974352	4205.89743583	4207.94871788	4202.43589737	4215.89743583	4195.38461525	4188.58974345	4198.20512807	4239.61538462	
4197.05128192	4193.84615371	4197.69230756	4190.76923063	4191.79487166	4197.82051269	4200.51282038	4204.23076917	4199.10256397	4213.4615384	4193.58974345	4183.20512807	4194.61538448	4234.10256411	
4196.66666653	4190.12820499	4192.82051269	4187.82051269	4194.35897422	4194.74358961	4198.20512807	4203.4615384	4200.64102551	4211.02564096	4193.84615371	4181.28205115	4195.76923063	4236.92307693	
4201.6666666	4198.20512807	4199.35897422	4198.97435884	4200.89743576	4199.2307691	4204.23076917	4201.15384609	4196.92307679	4204.61538455	4191.92307679	4175.89743576	4191.28205115	4237.43589744	
4200.64102551	4200.76923063	4199.48717935	4200.38461525	4203.33333327	4201.28205122	4208.20512814	4191.5384614	4183.97435884	4194.48717935	4180.38461525	4166.53846133	4180.51282038	4230.12820506	
4193.46153833	4197.05128192	4188.58974345	4191.79487166	4201.02564096	4196.15384602	4203.33333327	4181.79487166	4172.69230756	4185.89743576	4165.76923056	4155.64102544	4168.71794858	4219.48717942	
4193.3333332	4195.64102551	4186.02564089	4191.15384602	4196.5384614	4192.56410243	4197.17948704	4186.28205115	4175.51282038	4188.58974345	4170.38461525	4151.53846133	4169.10256397	4218.84615378	
4198.58974345	4199.2307691	4194.48717935	4197.17948704	4195.89743576	4195.25641012	4197.82051269	4199.10256397	4187.94871781	4200.64102551	4188.07692294	4157.3076921	4185.12820499	4227.94871788	
4197.69230756	4201.92307686	4194.87179474	4197.69230756	4199.2307691	4199.2307691	4200.12820499	4200.89743576	4192.05128192	4207.82051275	4191.66666653	4154.35897415	4191.66666653	4228.71794865	
4197.17948704	4199.99999986	4191.02564089	4193.84615371	4206.41025634	4201.53846147	4199.74358961	4201.53846147	4195.76923063	4219.87179481	4191.28205115	4146.53846133	4192.69230756	4229.87179481	
4201.28205122	4202.05128199	4197.30769217	4194.61538448	4211.79487173	4201.41025634	4200.76923063	4207.05128199	4202.69230763	4225.64102558	4198.20512807	4149.74358954	4196.28205115	4238.33333334	
4200.76923063	4203.97435891	4204.99999993	4198.46153833	4208.33333327	4203.84615378	4199.99999986	4205.89743583	4202.94871788	4216.28205122	4198.20512807	4154.35897415	4195.25641012	4240.8974359	
4199.2307691	4201.92307686	4207.43589737	4198.58974345	4204.10256404	4208.4615384	4198.71794858	4206.02564096	4204.99999993	4219.23076917	4196.66666653	4154.61538441	4195.25641012	4239.48717949	
4201.79487173	4199.99999986	4210.89743583	4195.89743576	4205.64102558	4207.5641025	4199.61538448	4209.48717942	4209.10256404	4225.51282045	4201.15384609	4153.58974339	4198.71794858	4243.46153847	
4199.99999986	4199.10256397	4208.4615384	4190.64102551	4204.35897429	4201.92307686	4197.56410243	4202.43589737	4199.48717935	4211.28205122	4197.69230756	4147.05128185	4190.89743576	4241.66666667	
4194.10256397	4196.41025628	4199.61538448	4187.30769217	4195.76923063	4197.94871781	4193.20512807	4191.41025628	4184.2307691	4199.74358961	4187.56410243	4138.71794851	4177.94871781	4233.33333327	
4194.74358961	4195.12820499	4202.30769224	4188.07692294	4192.4358973	4195.76923063	4192.17948704	4194.74358961	4183.46153833	4205.12820506	4187.82051269	4141.53846133	4180.89743576	4235.38461539	
4200.51282038	4198.71794858	4214.87179481	4191.79487166	4200.12820499	4196.79487166	4194.87179474	4204.48717942	4193.97435884	4211.53846147	4193.58974345	4152.05128185	4192.4358973	4248.07692308	
4204.48717942	4204.10256404	4218.20512814	4195.51282038	4207.05128199	4202.5641025	4198.07692294	4209.87179481	4206.79487173	4217.17948711	4196.28205115	4158.46153826	4199.61538448	4255.12820513	
4202.94871788	4205.64102558	4208.58974352	4194.35897422	4203.71794865	4201.92307686	4198.97435884	4202.5641025	4203.07692301	4214.23076917	4192.05128192	4151.28205108	4191.41025628	4244.48717949	
4199.61538448	4195.89743576	4199.10256397	4189.87179474	4196.66666653	4195.76923063	4193.84615371	4190.51282038	4186.15384602	4206.28205122	4185.76923063	4138.46153826	4177.69230756	4231.02564096	
4199.87179474	4187.69230756	4195.89743576	4187.17948704	4197.30769217	4196.15384602	4189.35897422	4191.5384614	4183.3333332	4206.15384609	4185.64102551	4136.15384595	4178.3333332	4229.23076917	
4198.84615371	4191.15384602	4194.35897422	4187.17948704	4201.92307686	4199.48717935	4190.89743576	4195.38461525	4190.64102551	4209.99999993	4188.07692294	4138.46153826	4183.20512807	4230.89743583	
4197.05128192	4194.2307691	4191.5384614	4188.07692294	4201.6666666	4200.25641012	4192.05128192	4197.17948704	4195.89743576	4219.74358968	4196.28205115	4138.84615364	4187.17948704	4234.23076923	
4197.69230756	4192.69230756	4191.5384614	4191.02564089	4198.97435884	4199.74358961	4192.4358973	4197.05128192	4194.61538448	4220.12820506	4200.89743576	4141.15384595	4187.17948704	4237.30769231	
4200.51282038	4195.89743576	4201.92307686	4193.97435884	4198.84615371	4200.12820499	4192.17948704	4191.28205115	4185.51282038	4197.4358973	4191.15384602	4142.3076921	4181.02564089	4233.84615385	
4202.5641025	4199.99999986	4211.53846147	4193.3333332	4202.43589737	4201.92307686	4193.71794858	4191.92307679	4182.4358973	4184.99999986	4186.92307679	4146.28205108	4181.02564089	4233.33333327	
4200.76923063	4200.25641012	4211.6666666	4192.56410243	4206.15384609	4204.99999993	4194.2307691	4201.79487173	4191.41025628	4199.87179474	4196.79487166	4153.97435877	4188.58974345	4240.25641026	
4198.20512807	4202.17948711	4207.30769224	4191.5384614	4208.33333327	4204.99999993	4193.46153833	4197.94871781	4194.10256397	4212.17948711	4200.12820499	4151.02564082	4189.87179474	4244.35897436	
4199.61538448	4201.6666666	4203.4615384	4191.28205115	4211.53846147	4206.41025634	4204.74358968	4202.69230763	4194.35897422	4204.99999993	4193.58974345	4144.23076903	4185.51282038	4239.87179488	
4203.4615384	4198.58974345	4205.12820506	4194.2307691	4214.87179481	4203.33333327	4193.3333332	4208.97435891	4197.30769217	4202.69230763	4192.4358973	4147.69230749	4187.17948704	4237.56410257	
4205.38461532	4201.28205122	4210.89743583	4193.71794858	4201.53846147	4200.89743576	4179.99999986	4172.56410243	4198.84615371	4229.87179481	4203.58974352	4155.25641005	4203.20512814	4251.92307693	
4204.99999993	4202.82051275	4212.69230763	4190.76923063	4167.56410236	4214.48717942	4207.5641025	4162.05128185	4221.92307686	4253.97435898	4210.64102558	4156.66666646	4214.23076917	4265.64102564	
4201.79487173	4195.38461525	4203.33333327	4188.71794858	4149.48717928	4211.02564096	4194.87179474	4198.46153833	4229.87179481	4225.12820506	4186.28205115	4145.51282031	4187.94871781	4247.30769231	
4199.61538448	4191.79487166	4196.5384614	4188.58974345	4172.05128192	4191.5384614	4148.33333313	4201.02564096	4198.84615371	4187.69230756	4166.15384595	4134.23076896	4165.76923056	4229.23076917	
4201.15384609	4200.76923063	4207.94871788	4196.66666653	4200.64102551	4199.2307691	4170.12820499	4187.30769217	4183.84615371	4196.41025628	4191.28205115	4142.82051262	4191.66666653	4245.64102564	
4203.71794865	4208.58974352	4222.69230763	4206.79487173	4203.71794865	4214.10256404	4207.17948711	4213.4615384	4212.30769224	4216.53846147	4217.05128199	4158.97435877	4217.17948711	4263.20512821	
4203.33333327	4204.87179481	4217.69230763	4201.92307686	4202.43589737	4203.07692301	4193.3333332	4226.41025634	4238.20512821	4218.58974352	4211.02564096	4155.76923056	4209.99999993	4256.7948718	
4199.61538448	4197.30769217	4206.6666666	4190.76923063	4203.71794865	4196.66666653	4188.71794858	4206.02564096	4187.69230756	4211.02564096	4204.87179481	4144.1025639	4199.99999986	4246.7948718	
4202.43589737	4199.74358961	4216.92307686	4193.58974345	4194.61538448	4203.4615384	4196.28205115	4214.10256404	4132.30769203	4208.84615378	4211.79487173	4147.94871774	4205.25641019	4252.56410257	
4208.71794865	4206.79487173	4230.89743583	4200.25641012	4191.5384614	4202.69230763	4185.51282038	4217.5641025	4165.76923056	4220.12820506	4213.33333327	4156.92307672	4213.33333327	4262.43589744	
4206.41025634	4204.74358968	4228.71794865	4196.02564089	4199.99999986	4201.41025634	4194.35897422	4201.6666666	4221.79487173	4221.02564096	4209.48717942	4152.82051262	4209.23076917	4257.94871795	
4201.79487173	4201.02564096	4223.33333327	4192.94871781	4204.74358968	4200.38461525	4211.53846147	4217.30769224	4218.4615384	4192.17948704	4203.58974352	4146.66666646	4195.89743576	4244.87179488	
4203.20512814	4202.05128199	4223.4615384	4195.51282038	4197.17948704	4201.02564096	4199.74358961	4187.30769217	4174.48717935	4190.64102551	4199.2307691	4150.12820492	4193.58974345	4242.05128206	
4203.07692301	4196.15384602	4220.64102558	4194.48717935	4176.41025628	4200.25641012	4187.69230756	4092.17948684	4148.71794851	4229.10256404	4194.35897422	4149.1025639	4193.71794858	4243.07692308	
4200.25641012	4189.48717935	4210.64102558	4190.12820499	4165.12820492	4195.25641012	4199.35897422	4094.48717914	4161.15384595	4221.79487173	4179.99999986	4132.94871767	4175.89743576	4231.15384609	
4199.74358961	4193.97435884	4206.92307686	4190.64102551	4183.97435884	4194.35897422	4208.58974352	4191.79487166	4193.58974345	4181.79487166	4170.76923063	4124.74358947	4165.64102544	4226.6666666	
4198.58974345	4197.30769217	4209.61538455	4192.69230756	4199.61538448	4195.51282038	4195.38461525	4216.02564096	4199.48717935	4194.2307691	4183.3333332	4134.23076896	4184.48717935	4238.97435898	
4196.92307679	4192.05128192	4208.58974352	4191.41025628	4193.3333332	4195.38461525	4188.07692294	4191.02564089	4195.51282038	4228.20512814	4203.84615378	4140.64102544	4204.74358968	4248.97435898	
4199.61538448	4193.3333332	4206.6666666	4193.3333332	4193.71794858	4198.3333332	4197.4358973	4207.43589737	4207.82051275	4213.4615384	4206.02564096	4136.53846133	4199.74358961	4246.53846154	
4199.99999986	4199.87179474	4208.33333327	4196.79487166	4202.05128199	4199.74358961	4196.66666653	4209.99999993	4198.3333332	4187.4358973	4194.35897422	4132.82051255	4187.94871781	4240.51282052	
4199.35897422	4202.30769224	4211.79487173	4199.74358961	4206.41025634	4197.56410243	4195.12820499	4196.15384602	4193.20512807	4194.10256397	4196.15384602	4132.82051255	4192.30769217	4242.30769231	
4202.82051275	4201.41025634	4211.92307686	4198.97435884	4207.05128199	4202.5641025	4199.87179474	4202.94871788	4204.35897429	4200.12820499	4202.94871788	4132.69230742	4196.92307679	4245.76923077	
4201.53846147	4197.69230756	4209.10256404	4194.35897422	4200.76923063	4200.25641012	4194.99999986	4200.12820499	4196.5384614	4193.58974345	4194.87179474	4132.30769203	4188.07692294	4245.38461539	
4193.46153833	4191.5384614	4204.99999993	4189.99999986	4191.28205115	4188.71794858	4191.15384602	4187.82051269	4177.17948704	4187.05128192	4182.4358973	4126.41025614	4175.64102551	4238.84615385	
4192.05128192	4185.38461525	4202.17948711	4189.99999986	4190.76923063	4190.76923063	4190.51282038	4180.64102551	4171.66666653	4183.58974345	4179.99999986	4118.33333306	4171.15384602	4228.84615378	
4194.48717935	4186.92307679	4202.94871788	4194.48717935	4196.15384602	4197.17948704	4192.30769217	4186.5384614	4184.2307691	4193.58974345	4186.41025628	4121.53846126	4176.15384602	4227.94871788	
4192.69230756	4188.20512807	4200.25641012	4191.28205115	4193.20512807	4190.51282038	4194.35897422	4193.97435884	4187.94871781	4208.07692301	4191.15384602	4126.02564075	4179.87179474	4231.79487173	
4191.92307679	4185.25641012	4195.89743576	4185.64102551	4190.64102551	4185.64102551	4193.07692294	4186.28205115	4175.51282038	4190.89743576	4184.99999986	4121.15384588	4171.28205115	4226.6666666	
4196.15384602	4186.92307679	4200.38461525	4189.10256397	4194.10256397	4191.92307679	4192.4358973	4179.48717935	4171.66666653	4166.53846133	4180.51282038	4122.30769203	4164.9999998	4222.69230763	
4198.20512807	4187.94871781	4208.84615378	4193.07692294	4192.94871781	4192.69230756	4193.58974345	4187.56410243	4181.02564089	4177.94871781	4188.46153833	4136.28205108	4176.79487166	4232.05128199	
4196.92307679	4184.35897422	4208.97435891	4188.58974345	4189.74358961	4186.79487166	4192.4358973	4198.46153833	4191.92307679	4197.56410243	4197.4358973	4147.05128185	4190.89743576	4240.51282052	
4197.82051269	4186.66666653	4212.30769224	4188.07692294	4192.17948704	4187.56410243	4191.79487166	4203.58974352	4203.07692301	4201.15384609	4203.4615384	4154.61538441	4198.84615371	4243.33333334	
4198.58974345	4191.92307679	4226.53846147	4192.56410243	4192.05128192	4190.89743576	4193.84615371	4208.97435891	4207.43589737	4203.58974352	4212.69230763	4173.58974345	4203.84615378	4251.53846154	
4197.17948704	4189.35897422	4234.87179488	4189.61538448	4183.84615371	4189.87179474	4193.20512807	4216.15384609	4213.71794865	4216.53846147	4222.30769224	4193.3333332	4209.61538455	4258.46153847	
4198.97435884	4191.5384614	4238.46153847	4190.38461525	4183.46153833	4189.48717935	4189.61538448	4226.79487173	4230.38461532	4231.41025634	4229.61538455	4211.02564096	4217.30769224	4262.05128206	
4203.97435891	4196.28205115	4252.6923077	4196.41025628	4185.51282038	4191.41025628	4191.5384614	4226.15384609	4227.69230763	4218.84615378	4221.15384609	4236.28205129	4214.35897429	4262.94871795	
4204.35897429	4193.58974345	4270.1282052	4196.41025628	4181.28205115	4191.02564089	4195.89743576	4208.20512814	4204.61538455	4177.05128192	4200.64102551	4262.05128206	4197.05128192	4256.53846154	
4200.25641012	4191.02564089	4278.33333341	4191.66666653	4175.89743576	4185.12820499	4193.3333332	4191.79487166	4187.56410243	4145.76923056	4187.30769217	4273.84615392	4178.3333332	4245.64102564	
4197.30769217	4186.92307679	4276.15384623	4186.02564089	4168.20512807	4177.82051269	4187.94871781	4185.76923063	4176.79487166	4142.3076921	4175.25641012	4274.10256418	4166.15384595	4237.43589744	
4196.66666653	4184.87179474	4275.51282059	4186.28205115	4167.69230749	4178.71794858	4190.25641012	4187.56410243	4176.92307679	4152.56410236	4170.51282038	4282.69230777	4168.20512807	4237.30769231	
4199.35897422	4192.69230756	4282.56410264	4192.82051269	4176.15384602	4184.61538448	4195.38461525	4197.30769217	4195.25641012	4169.35897422	4188.46153833	4295.00000007	4183.58974345	4243.84615385	
4201.92307686	4195.38461525	4277.05128212	4196.15384602	4181.02564089	4188.46153833	4194.87179474	4204.87179481	4205.25641019	4181.28205115	4197.4358973	4291.923077	4187.82051269	4245.64102564	
4196.66666653	4186.28205115	4251.66666667	4190.76923063	4179.74358961	4192.94871781	4191.92307679	4198.07692294	4190.25641012	4182.17948704	4181.28205115	4276.79487187	4176.79487166	4236.66666667	
4192.82051269	4184.2307691	4236.7948718	4187.05128192	4185.25641012	4196.28205115	4192.17948704	4193.84615371	4185.12820499	4186.5384614	4178.07692294	4268.58974366	4176.66666653	4232.17948711	
4199.10256397	4190.51282038	4238.46153847	4190.51282038	4194.99999986	4195.38461525	4194.2307691	4202.69230763	4201.79487173	4197.94871781	4193.3333332	4270.76923084	4188.71794858	4240.51282052	
4201.41025634	4189.74358961	4230.38461532	4192.69230756	4195.12820499	4192.4358973	4193.07692294	4204.99999993	4205.7692307	4200.12820499	4194.2307691	4268.20512828	4192.69230756	4242.05128206	
4195.64102551	4186.41025628	4218.71794865	4191.79487166	4191.15384602	4194.35897422	4191.15384602	4205.12820506	4201.79487173	4198.3333332	4191.66666653	4265.38461539	4195.76923063	4241.28205129	
4196.79487166	4190.25641012	4222.43589737	4193.97435884	4193.07692294	4198.97435884	4192.56410243	4213.33333327	4216.02564096	4209.74358968	4203.20512814	4273.97435905	4204.48717942	4252.05128206	
4198.3333332	4193.84615371	4220.64102558	4197.30769217	4197.30769217	4197.82051269	4194.61538448	4213.07692301	4218.33333327	4211.79487173	4204.10256404	4281.28205136	4201.92307686	4251.53846154	
4193.58974345	4189.99999986	4202.69230763	4193.46153833	4192.69230756	4193.46153833	4192.56410243	4207.5641025	4203.07692301	4209.35897429	4194.87179474	4271.79487187	4197.82051269	4240.38461539	
4191.66666653	4184.87179474	4194.35897422	4188.07692294	4187.17948704	4194.99999986	4189.48717935	4210.89743583	4204.23076917	4224.74358968	4197.4358973	4260.8974359	4202.05128199	4241.41025641	
4193.07692294	4184.61538448	4197.05128192	4187.56410243	4193.58974345	4201.41025634	4192.05128192	4206.6666666	4204.10256404	4219.99999993	4192.82051269	4258.58974359	4194.74358961	4240.12820513	
4190.12820499	4185.25641012	4189.61538448	4184.61538448	4197.94871781	4200.38461525	4189.74358961	4186.28205115	4182.94871781	4185.25641012	4170.76923063	4253.33333334	4173.71794858	4225.89743583	
4186.41025628	4179.35897422	4174.87179474	4178.3333332	4190.89743576	4194.35897422	4184.48717935	4170.38461525	4161.79487159	4165.64102544	4158.33333313	4240.76923077	4156.79487159	4212.69230763	
4185.51282038	4174.48717935	4170.51282038	4175.51282038	4185.12820499	4188.58974345	4184.2307691	4171.92307679	4156.66666646	4169.87179474	4161.28205108	4234.10256411	4151.66666646	4207.82051275	
4184.35897422	4175.51282038	4173.71794858	4176.92307679	4188.71794858	4184.2307691	4181.92307679	4179.10256397	4164.87179467	4177.82051269	4165.76923056	4238.71794872	4157.82051262	4209.74358968	
4183.97435884	4174.35897422	4167.17948697	4176.15384602	4192.82051269	4185.64102551	4180.12820499	4175.64102551	4166.41025621	4182.30769217	4161.15384595	4235.25641026	4160.12820492	4210.38461532	
4186.41025628	4175.25641012	4157.82051262	4175.89743576	4190.38461525	4187.17948704	4182.82051269	4171.15384602	4155.89743569	4180.25641012	4152.69230749	4222.69230763	4151.15384595	4206.41025634	
4187.05128192	4179.2307691	4160.12820492	4177.05128192	4186.5384614	4185.12820499	4183.3333332	4179.2307691	4159.87179467	4184.35897422	4160.51282031	4226.28205122	4154.61538441	4211.15384609	
4186.92307679	4176.28205115	4164.1025639	4175.64102551	4187.4358973	4184.61538448	4182.05128192	4189.74358961	4180.12820499	4203.97435891	4181.15384602	4235.76923077	4170.76923063	4224.10256404	
4188.07692294	4174.2307691	4162.3076921	4175.64102551	4191.02564089	4189.2307691	4184.74358961	4190.25641012	4187.05128192	4212.17948711	4187.30769217	4231.92307686	4179.61538448	4227.43589737	
4188.3333332	4178.46153833	4163.33333313	4177.30769217	4192.82051269	4190.64102551	4184.74358961	4187.82051269	4180.76923063	4197.05128192	4176.79487166	4229.35897429	4177.17948704	4224.99999993	
4189.35897422	4181.79487166	4169.87179474	4178.71794858	4194.2307691	4188.58974345	4182.4358973	4191.66666653	4181.79487166	4188.58974345	4176.66666653	4236.41025641	4175.38461525	4229.74358968	
4191.66666653	4181.02564089	4177.30769217	4180.51282038	4196.66666653	4191.28205115	4185.51282038	4198.71794858	4194.87179474	4206.6666666	4190.64102551	4240.38461539	4184.10256397	4235.76923077	
4190.38461525	4178.84615371	4175.64102551	4178.58974345	4192.94871781	4189.99999986	4183.84615371	4193.58974345	4192.4358973	4213.4615384	4188.46153833	4235.0	4184.48717935	4230.89743583	
4186.66666653	4176.02564089	4162.94871774	4173.20512807	4186.5384614	4182.56410243	4177.4358973	4175.12820499	4164.74358954	4184.2307691	4167.82051262	4223.71794865	4164.87179467	4216.53846147	
4186.92307679	4176.41025628	4162.3076921	4176.66666653	4189.48717935	4183.71794858	4181.79487166	4183.71794858	4175.25641012	4194.87179474	4177.30769217	4227.17948711	4172.69230756	4222.43589737	
4191.28205115	4181.5384614	4177.17948704	4184.87179474	4199.74358961	4190.25641012	4187.94871781	4217.82051275	4219.99999993	4248.33333334	4210.51282045	4240.64102564	4208.97435891	4244.61538462	
4190.38461525	4179.87179474	4174.48717935	4178.58974345	4196.02564089	4186.41025628	4183.58974345	4202.5641025	4195.25641012	4218.07692301	4190.25641012	4229.35897429	4188.58974345	4231.41025634	
4187.30769217	4175.51282038	4160.76923056	4174.2307691	4192.69230756	4183.71794858	4181.28205115	4160.38461518	4139.1025639	4146.41025621	4146.92307672	4210.89743583	4140.89743569	4203.4615384	
4190.76923063	4179.2307691	4170.76923063	4186.15384602	4218.20512814	4196.41025628	4185.89743576	4172.82051269	4159.9999998	4167.3076921	4159.61538441	4221.41025634	4157.17948697	4212.5641025	
4192.17948704	4185.89743576	4178.46153833	4190.38461525	4226.53846147	4200.12820499	4187.4358973	4194.48717935	4192.30769217	4205.12820506	4180.12820499	4227.43589737	4179.61538448	4222.69230763	
4189.2307691	4183.71794858	4165.12820492	4181.28205115	4196.15384602	4189.87179474	4186.15384602	4179.87179474	4170.89743576	4186.15384602	4165.76923056	4214.61538455	4161.02564082	4207.94871788	
4192.05128192	4179.61538448	4164.1025639	4180.38461525	4185.76923063	4190.12820499	4187.82051269	4178.97435884	4165.51282031	4188.84615371	4165.51282031	4217.30769224	4164.1025639	4211.02564096	
4196.66666653	4186.66666653	4178.58974345	4187.69230756	4202.94871788	4197.17948704	4189.35897422	4198.97435884	4196.41025628	4216.15384609	4188.07692294	4232.82051275	4188.71794858	4231.53846147	
4198.20512807	4191.5384614	4184.87179474	4191.79487166	4206.53846147	4198.46153833	4188.20512807	4209.35897429	4215.38461532	4218.58974352	4200.51282038	4240.25641026	4195.64102551	4241.92307693	
4198.71794858	4186.66666653	4185.64102551	4191.28205115	4202.5641025	4196.28205115	4186.5384614	4212.43589737	4210.38461532	4212.05128199	4202.94871788	4243.58974359	4197.56410243	4242.6923077	
4193.07692294	4177.94871781	4180.12820499	4181.28205115	4200.25641012	4189.35897422	4184.2307691	4200.51282038	4191.15384602	4202.30769224	4192.69230756	4237.05128206	4188.84615371	4231.6666666	
4188.20512807	4176.02564089	4174.10256397	4175.76923063	4192.30769217	4182.56410243	4180.38461525	4191.66666653	4190.38461525	4204.10256404	4186.92307679	4229.87179481	4183.3333332	4226.92307686	
4191.28205115	4180.38461525	4179.99999986	4182.30769217	4192.05128192	4182.05128192	4176.79487166	4200.51282038	4203.07692301	4214.48717942	4192.82051269	4234.61538462	4190.25641012	4233.58974352	
4190.25641012	4174.99999986	4177.30769217	4176.02564089	4191.66666653	4180.12820499	4178.07692294	4187.17948704	4179.10256397	4187.17948704	4177.30769217	4223.07692301	4171.92307679	4220.51282045	
4183.97435884	4165.89743569	4161.66666646	4165.51282031	4180.12820499	4175.89743576	4180.25641012	4163.58974339	4148.33333313	4164.35897415	4157.43589723	4198.07692294	4147.3076921	4198.3333332	
4176.66666653	4160.51282031	4145.51282031	4161.28205108	4167.43589723	4170.25641012	4174.74358961	4159.74358954	4141.79487159	4174.99999986	4150.76923056	4183.84615371	4138.205128	4186.28205115	
4167.56410236	4154.48717928	4131.28205101	4150.25641005	4158.07692287	4157.05128185	4168.20512807	4145.51282031	4119.48717921	4156.92307672	4133.84615357	4171.66666653	4113.9743587	4170.89743576	
4166.02564082	4145.51282031	4125.12820485	4141.15384595	4151.53846133	4151.66666646	4167.3076921	4126.66666639	4095.38461504	4123.9743587	4118.46153819	4158.33333313	4093.20512786	4158.71794851	
4170.25641012	4141.92307672	4125.64102537	4141.79487159	4145.89743569	4154.23076903	4169.2307691	4126.15384588	4095.25640991	4121.79487152	4117.30769203	4153.07692287	4098.07692273	4157.69230749	
4167.94871774	4144.23076903	4124.61538434	4140.89743569	4146.66666646	4152.82051262	4168.07692287	4127.17948691	4094.35897402	4126.02564075	4115.25640998	4150.51282031	4097.43589709	4154.9999998	
4165.25641005	4144.1025639	4125.12820485	4139.87179467	4155.64102544	4152.17948697	4164.35897415	4127.05128178	4098.33333299	4128.71794844	4115.89743562	4145.64102544	4094.48717914	4155.38461518	
4166.66666646	4139.35897415	4124.8717946	4141.92307672	4152.43589723	4153.07692287	4162.17948697	4129.23076896	4105.7692305	4135.12820485	4119.48717921	4143.33333313	4099.61538427	4158.33333313	
4167.43589723	4138.71794851	4127.94871767	4141.66666646	4140.76923056	4150.64102544	4161.66666646	4125.25640998	4097.56410222	4130.38461511	4117.30769203	4144.35897415	4100.51282017	4157.05128185	
4171.66666653	4147.43589723	4143.58974339	4146.02564082	4151.02564082	4151.79487159	4163.84615364	4144.74358954	4123.20512793	4153.58974339	4137.94871774	4155.12820492	4124.10256383	4174.35897422	
4175.76923063	4157.82051262	4157.17948697	4157.69230749	4171.5384614	4161.41025621	4166.92307672	4181.5384614	4174.10256397	4201.41025634	4175.25641012	4166.15384595	4162.17948697	4204.10256404	
4178.71794858	4167.56410236	4167.17948697	4169.35897422	4178.07692294	4171.02564089	4171.15384602	4188.20512807	4180.76923063	4196.41025628	4185.12820499	4171.28205115	4171.5384614	4212.5641025	
4184.87179474	4176.79487166	4186.41025628	4178.97435884	4180.25641012	4172.82051269	4178.71794858	4180.12820499	4168.71794858	4167.69230749	4174.87179474	4179.35897422	4166.92307672	4210.51282045	
4186.92307679	4174.74358961	4202.05128199	4179.99999986	4182.94871781	4169.99999986	4179.35897422	4177.82051269	4166.92307672	4166.79487159	4164.35897415	4182.82051269	4162.3076921	4211.53846147	
4182.4358973	4169.35897422	4212.30769224	4174.2307691	4178.84615371	4169.48717935	4174.99999986	4173.97435884	4163.205128	4169.35897422	4160.76923056	4187.82051269	4153.97435877	4211.41025634	
4183.20512807	4174.2307691	4230.64102558	4176.79487166	4175.64102551	4172.56410243	4176.79487166	4179.48717935	4172.05128192	4171.02564089	4171.15384602	4210.25641019	4161.79487159	4219.35897429	
4188.71794858	4178.07692294	4249.61538462	4181.92307679	4175.25641012	4172.69230756	4179.48717935	4192.69230756	4188.07692294	4178.97435884	4181.41025628	4232.05128199	4178.20512807	4231.02564096	
4187.30769217	4169.61538448	4260.0	4177.94871781	4174.10256397	4171.41025628	4173.71794858	4196.5384614	4187.94871781	4183.07692294	4179.61538448	4233.84615385	4175.76923063	4230.89743583	
4182.94871781	4166.66666646	4267.56410264	4175.38461525	4169.2307691	4168.07692287	4169.10256397	4195.51282038	4189.35897422	4193.07692294	4180.76923063	4231.02564096	4176.41025628	4228.4615384	
4183.20512807	4171.15384602	4270.25641033	4178.46153833	4159.48717928	4162.69230749	4171.41025628	4192.4358973	4192.94871781	4202.05128199	4185.12820499	4227.5641025	4184.61538448	4226.92307686	
4184.61538448	4169.10256397	4269.74358982	4178.97435884	4158.33333313	4163.71794851	4174.74358961	4178.97435884	4173.71794858	4182.17948704	4174.10256397	4214.23076917	4166.41025621	4215.25641019	
4185.25641012	4168.71794858	4268.58974366	4178.58974345	4166.02564082	4170.51282038	4176.28205115	4165.25641005	4152.43589723	4152.17948697	4155.76923056	4201.79487173	4139.1025639	4204.87179481	
4186.41025628	4172.4358973	4266.66666674	4182.69230756	4167.05128185	4171.79487166	4176.92307679	4161.28205108	4148.33333313	4136.53846133	4146.66666646	4194.48717935	4136.92307672	4205.64102558	
4187.56410243	4172.69230756	4266.28205129	4183.58974345	4164.61538441	4169.35897422	4176.15384602	4163.71794851	4152.3076921	4144.61538441	4149.23076903	4187.94871781	4146.02564082	4209.99999993	
4186.92307679	4172.17948704	4262.94871795	4180.25641012	4169.61538448	4170.38461525	4176.92307679	4167.94871774	4152.69230749	4159.61538441	4154.61538441	4178.84615371	4145.64102544	4209.10256404	
4184.48717935	4172.4358973	4253.97435898	4179.35897422	4173.71794858	4171.5384614	4177.82051269	4165.64102544	4144.74358954	4151.79487159	4150.51282031	4162.94871774	4140.38461518	4199.87179474	
4182.69230756	4168.71794858	4241.53846154	4177.4358973	4170.38461525	4169.10256397	4175.89743576	4158.97435877	4135.64102544	4143.58974339	4141.53846133	4146.15384595	4134.35897408	4192.4358973	
4183.84615371	4164.35897415	4232.30769224	4176.79487166	4168.07692287	4169.87179474	4173.84615371	4162.82051262	4138.71794851	4156.66666646	4143.58974339	4138.97435877	4134.99999973	4197.82051269	
4186.41025628	4167.17948697	4227.5641025	4180.12820499	4171.79487166	4172.30769217	4172.17948704	4170.25641012	4149.23076903	4168.20512807	4152.94871774	4138.46153826	4143.71794851	4207.94871788	
4187.30769217	4170.64102551	4219.35897429	4180.12820499	4177.17948704	4173.3333332	4172.05128192	4170.38461525	4152.56410236	4172.4358973	4155.38461518	4133.9743587	4151.15384595	4211.79487173	
4186.79487166	4169.2307691	4209.99999993	4178.97435884	4180.25641012	4178.71794858	4172.94871781	4170.12820499	4153.205128	4177.69230756	4153.07692287	4124.61538434	4153.71794851	4210.25641019	
4185.64102551	4167.82051262	4199.99999986	4180.89743576	4179.35897422	4179.10256397	4174.35897422	4163.07692287	4139.61538441	4160.89743569	4144.35897415	4114.35897408	4139.48717928	4198.3333332	
4183.20512807	4167.82051262	4188.84615371	4177.94871781	4177.17948704	4172.4358973	4172.82051269	4149.1025639	4120.89743562	4138.97435877	4134.61538434	4108.0769228	4125.38461511	4189.48717935	
4183.07692294	4167.43589723	4185.25641012	4173.84615371	4177.4358973	4171.02564089	4171.02564089	4155.25641005	4134.23076896	4155.89743569	4146.66666646	4108.9743587	4138.84615364	4198.71794858	
4184.48717935	4168.58974345	4184.2307691	4175.89743576	4177.56410243	4174.10256397	4171.66666653	4169.35897422	4152.82051262	4175.38461525	4160.64102544	4109.10256383	4152.94871774	4203.71794865	
4185.76923063	4172.05128192	4173.71794858	4180.25641012	4176.66666653	4177.69230756	4171.92307679	4171.28205115	4151.79487159	4183.84615371	4159.9999998	4110.7692305	4153.46153826	4200.76923063	
4183.20512807	4169.10256397	4161.92307672	4179.87179474	4173.58974345	4177.05128192	4168.71794858	4178.3333332	4163.205128	4205.64102558	4168.97435884	4114.8717946	4165.12820492	4211.28205122	
4176.92307679	4158.71794851	4148.71794851	4168.97435884	4162.69230749	4166.66666646	4163.205128	4169.87179474	4157.82051262	4190.25641012	4167.05128185	4103.20512793	4160.38461518	4205.51282045	
4171.5384614	4149.9999998	4127.82051255	4154.9999998	4151.92307672	4158.71794851	4159.74358954	4133.71794844	4111.02564075	4137.17948697	4134.61538434	4080.89743555	4120.64102537	4169.61538448	
4169.87179474	4146.15384595	4117.82051255	4153.97435877	4155.51282031	4165.12820492	4160.12820492	4124.23076896	4093.71794837	4131.66666639	4121.53846126	4072.82051248	4106.15384588	4157.05128185	
4169.48717935	4145.25641005	4119.8717946	4161.41025621	4161.79487159	4167.56410236	4163.205128	4138.84615364	4111.53846126	4156.28205108	4133.58974332	4074.61538427	4118.46153819	4172.17948704	
4168.71794858	4149.35897415	4118.9743587	4161.79487159	4160.38461518	4164.9999998	4164.35897415	4134.61538434	4109.99999973	4148.205128	4130.64102537	4072.30769196	4115.89743562	4171.92307679	
4171.02564089	4154.61538441	4122.05128178	4160.64102544	4162.17948697	4169.74358961	4164.48717928	4133.46153819	4109.35897408	4141.92307672	4125.89743562	4073.20512786	4114.74358947	4164.9999998	
4172.4358973	4153.97435877	4123.71794844	4161.79487159	4164.35897415	4169.48717935	4163.205128	4141.15384595	4116.79487152	4153.84615364	4131.79487152	4073.71794837	4117.82051255	4166.92307672	
4169.87179474	4150.89743569	4114.99999973	4162.3076921	4159.48717928	4165.12820492	4160.51282031	4133.84615357	4108.9743587	4150.89743569	4127.05128178	4065.89743548	4109.74358947	4167.05128185	
4171.5384614	4155.51282031	4115.38461511	4163.84615364	4158.07692287	4169.61538448	4162.56410236	4134.35897408	4111.79487152	4151.53846133	4126.66666639	4064.35897395	4112.30769203	4167.17948697	
4175.76923063	4161.66666646	4130.7692305	4165.89743569	4166.41025621	4174.99999986	4165.89743569	4146.41025621	4127.30769203	4163.33333313	4141.66666646	4070.6410253	4126.53846126	4171.92307679	
4178.84615371	4162.69230749	4136.28205108	4171.28205115	4174.61538448	4175.12820499	4169.87179474	4149.48717928	4129.48717921	4164.23076903	4148.46153826	4071.92307658	4129.74358947	4176.79487166	
4179.10256397	4164.23076903	4130.64102537	4173.97435884	4176.66666653	4176.5384614	4169.87179474	4148.58974339	4128.9743587	4158.46153826	4144.74358954	4070.38461504	4129.61538434	4181.66666653	
4177.4358973	4164.23076903	4131.92307665	4169.48717935	4177.56410243	4175.89743576	4168.71794858	4153.205128	4137.56410236	4166.02564082	4151.79487159	4072.69230735	4136.41025621	4186.02564089	
4178.84615371	4164.48717928	4137.17948697	4168.07692287	4177.56410243	4173.20512807	4172.17948704	4161.92307672	4149.35897415	4182.4358973	4164.9999998	4072.56410222	4146.28205108	4191.15384602	
4181.02564089	4168.71794858	4138.84615364	4171.02564089	4180.76923063	4175.12820499	4175.38461525	4167.69230749	4155.76923056	4190.12820499	4170.25641012	4072.30769196	4156.41025621	4198.71794858	
4181.28205115	4166.41025621	4133.58974332	4170.25641012	4182.94871781	4179.48717935	4171.41025628	4168.71794858	4155.38461518	4189.99999986	4171.02564089	4076.79487145	4159.48717928	4204.23076917	
4182.4358973	4161.92307672	4130.7692305	4171.28205115	4181.02564089	4181.28205115	4167.69230749	4172.56410243	4158.84615364	4193.71794858	4172.05128192	4078.71794837	4159.1025639	4206.79487173	
4185.12820499	4167.3076921	4136.53846133	4176.79487166	4185.76923063	4184.35897422	4172.56410243	4179.2307691	4164.61538441	4199.74358961	4170.51282038	4075.12820478	4162.17948697	4209.35897429	
4187.30769217	4173.3333332	4138.97435877	4179.74358961	4194.74358961	4190.51282038	4175.89743576	4176.41025628	4162.05128185	4196.5384614	4168.3333332	4068.7179483	4163.33333313	4205.7692307	
4185.38461525	4168.58974345	4135.12820485	4179.2307691	4192.56410243	4187.94871781	4173.58974345	4166.66666646	4152.3076921	4184.10256397	4163.46153826	4062.05128164	4154.9999998	4195.12820499	
4178.3333332	4163.97435877	4133.46153819	4178.46153833	4180.51282038	4177.4358973	4172.69230756	4160.89743569	4141.66666646	4171.5384614	4153.07692287	4057.94871754	4142.43589723	4189.48717935	
4174.10256397	4166.41025621	4132.17948691	4178.46153833	4174.99999986	4175.76923063	4172.82051269	4155.51282031	4133.20512793	4162.43589723	4146.15384595	4057.05128164	4135.38461518	4192.17948704	
4175.38461525	4162.43589723	4129.10256383	4174.48717935	4173.97435884	4175.89743576	4171.02564089	4146.41025621	4126.28205101	4154.87179467	4141.92307672	4052.82051241	4131.92307665	4189.99999986	
4174.61538448	4156.41025621	4132.30769203	4169.10256397	4170.89743576	4170.12820499	4170.25641012	4144.1025639	4124.8717946	4156.41025621	4139.61538441	4046.28205087	4129.23076896	4184.74358961	
4176.15384602	4161.92307672	4139.23076903	4173.3333332	4174.10256397	4174.2307691	4173.07692294	4154.48717928	4138.97435877	4169.10256397	4149.48717928	4048.20512779	4137.43589723	4192.94871781	
4182.05128192	4169.2307691	4149.23076903	4182.56410243	4179.87179474	4183.07692294	4174.10256397	4167.69230749	4157.94871774	4180.51282038	4163.46153826	4057.94871754	4154.87179467	4205.64102558	
4181.79487166	4168.84615371	4160.51282031	4182.05128192	4179.35897422	4175.38461525	4172.4358973	4172.17948704	4162.05128185	4182.17948704	4167.05128185	4068.20512779	4162.43589723	4208.33333327	
4177.94871781	4164.74358954	4165.12820492	4176.79487166	4177.05128192	4166.92307672	4169.74358961	4168.20512807	4155.64102544	4174.48717935	4164.23076903	4074.35897402	4156.41025621	4208.4615384	
4178.84615371	4162.05128185	4168.3333332	4176.92307679	4174.48717935	4170.25641012	4170.25641012	4164.74358954	4152.3076921	4168.07692287	4161.79487159	4080.76923043	4148.84615364	4204.87179481	
4180.64102551	4162.05128185	4182.30769217	4178.3333332	4167.56410236	4168.46153833	4172.94871781	4170.51282038	4157.05128185	4170.89743576	4166.02564082	4099.7435894	4154.74358954	4206.02564096	
4181.79487166	4167.56410236	4207.5641025	4181.02564089	4162.69230749	4165.38461518	4173.3333332	4184.35897422	4173.07692294	4177.4358973	4180.51282038	4135.12820485	4174.2307691	4223.84615378	
4182.69230756	4169.35897422	4227.69230763	4182.4358973	4162.94871774	4165.89743569	4172.05128192	4190.12820499	4183.20512807	4176.28205115	4187.05128192	4158.97435877	4180.89743576	4233.4615384	
4182.4358973	4165.64102544	4232.94871788	4180.38461525	4157.94871774	4164.74358954	4170.12820499	4180.12820499	4172.05128192	4164.87179467	4173.20512807	4155.12820492	4165.89743569	4220.64102558	
4184.99999986	4169.48717935	4237.05128206	4179.48717935	4156.15384595	4166.92307672	4170.25641012	4174.74358961	4166.53846133	4156.02564082	4167.05128185	4154.1025639	4159.9999998	4219.10256404	
4187.4358973	4173.3333332	4251.28205129	4180.25641012	4168.07692287	4171.15384602	4172.94871781	4182.82051269	4180.38461525	4161.53846133	4176.79487166	4168.46153833	4170.64102551	4233.97435898	
4186.92307679	4170.25641012	4256.15384616	4183.3333332	4174.61538448	4170.12820499	4173.58974345	4183.07692294	4181.5384614	4167.05128185	4176.41025628	4172.82051269	4169.74358961	4233.20512814	
4186.66666653	4170.12820499	4244.61538462	4184.35897422	4169.61538448	4168.97435884	4172.05128192	4178.46153833	4171.02564089	4161.66666646	4171.15384602	4162.94871774	4162.82051262	4225.38461532	
4187.30769217	4172.56410243	4233.71794865	4182.4358973	4174.35897422	4177.05128192	4173.84615371	4182.05128192	4172.94871781	4166.28205108	4177.69230756	4156.53846133	4168.20512807	4229.48717942	
4188.20512807	4172.69230756	4222.30769224	4183.84615371	4185.25641012	4184.48717935	4174.61538448	4182.69230756	4176.5384614	4178.97435884	4179.2307691	4150.38461518	4171.02564089	4232.43589737	
4188.46153833	4177.4358973	4211.6666666	4190.38461525	4185.12820499	4184.61538448	4173.71794858	4179.74358961	4172.17948704	4176.5384614	4174.10256397	4140.89743569	4165.64102544	4228.33333327	
4188.07692294	4182.17948704	4205.12820506	4192.94871781	4183.84615371	4180.38461525	4176.02564089	4181.5384614	4174.48717935	4171.41025628	4179.10256397	4132.94871767	4167.82051262	4225.51282045	
4190.76923063	4178.71794858	4198.84615371	4188.07692294	4188.3333332	4180.64102551	4175.76923063	4184.2307691	4180.89743576	4179.87179474	4181.92307679	4123.20512793	4177.30769217	4227.69230763	
4190.89743576	4178.97435884	4192.05128192	4181.15384602	4187.17948704	4184.2307691	4173.71794858	4180.76923063	4175.38461525	4184.74358961	4175.89743576	4115.12820485	4175.64102551	4226.79487173	
4187.17948704	4179.35897422	4186.5384614	4177.82051269	4183.97435884	4180.51282038	4174.74358961	4177.05128192	4166.79487159	4180.38461525	4174.35897422	4110.25640998	4166.53846133	4222.5641025	
4185.38461525	4172.56410243	4179.87179474	4177.4358973	4183.84615371	4177.4358973	4171.66666653	4177.4358973	4164.48717928	4174.74358961	4170.89743576	4105.7692305	4162.43589723	4218.4615384	
4184.61538448	4170.51282038	4174.74358961	4174.35897422	4182.82051269	4177.30769217	4166.79487159	4174.48717935	4161.53846133	4170.89743576	4162.43589723	4100.89743555	4162.05128185	4213.84615378	
4183.07692294	4175.12820499	4174.35897422	4172.94871781	4186.28205115	4179.10256397	4169.61538448	4169.99999986	4159.74358954	4172.30769217	4161.79487159	4100.25640991	4159.48717928	4211.53846147	
4181.79487166	4171.92307679	4170.51282038	4174.61538448	4190.51282038	4180.89743576	4171.15384602	4167.56410236	4159.61538441	4172.4358973	4167.3076921	4101.28205094	4158.46153826	4211.92307686	
4181.92307679	4166.66666646	4165.12820492	4169.87179474	4187.69230756	4178.71794858	4169.74358961	4169.99999986	4162.17948697	4173.58974345	4168.07692287	4101.15384581	4162.82051262	4216.15384609	
4182.69230756	4170.51282038	4164.1025639	4168.58974345	4184.87179474	4177.82051269	4171.66666653	4172.82051269	4166.02564082	4176.5384614	4165.89743569	4101.53846119	4163.46153826	4217.5641025	
4183.3333332	4174.87179474	4164.35897415	4176.66666653	4185.89743576	4178.46153833	4170.25641012	4168.07692287	4160.89743569	4170.51282038	4160.38461518	4096.53846119	4156.66666646	4211.53846147	
4182.30769217	4174.61538448	4165.12820492	4179.61538448	4188.71794858	4177.82051269	4169.87179474	4160.12820492	4151.41025621	4157.94871774	4155.89743569	4090.12820478	4151.53846133	4207.82051275	
4181.66666653	4171.41025628	4160.64102544	4174.74358961	4193.20512807	4178.97435884	4174.10256397	4159.74358954	4148.58974339	4155.76923056	4156.28205108	4088.8461535	4149.48717928	4204.23076917	
4181.28205115	4166.79487159	4150.64102544	4174.10256397	4193.46153833	4180.12820499	4169.87179474	4163.33333313	4150.38461518	4159.48717928	4154.87179467	4089.23076889	4145.25641005	4197.17948704	
4178.71794858	4163.33333313	4141.41025621	4171.15384602	4188.07692294	4175.38461525	4161.79487159	4158.07692287	4147.3076921	4158.58974339	4149.87179467	4084.61538427	4143.71794851	4196.28205115	
4177.69230756	4165.51282031	4136.92307672	4165.76923056	4189.2307691	4176.41025628	4162.56410236	4150.89743569	4138.97435877	4159.1025639	4144.9999998	4078.46153812	4144.87179467	4196.5384614	
4179.48717935	4168.07692287	4140.76923056	4168.46153833	4193.84615371	4182.82051269	4165.51282031	4155.64102544	4143.07692287	4166.66666646	4145.76923056	4078.8461535	4146.66666646	4193.46153833	
4181.79487166	4169.87179474	4147.94871774	4174.48717935	4191.66666653	4182.30769217	4165.89743569	4166.41025621	4159.74358954	4175.25641012	4154.35897415	4084.87179453	4152.17948697	4200.51282038	
4182.17948704	4174.48717935	4149.61538441	4178.20512807	4191.15384602	4180.76923063	4164.9999998	4175.76923063	4171.41025628	4182.69230756	4168.71794858	4096.66666632	4161.79487159	4214.48717942	
4183.07692294	4176.79487166	4149.1025639	4179.2307691	4192.94871781	4181.5384614	4164.87179467	4185.89743576	4180.76923063	4194.48717935	4181.02564089	4107.17948691	4174.2307691	4221.28205122	
4182.94871781	4176.79487166	4154.74358954	4178.07692294	4190.25641012	4180.12820499	4165.25641005	4184.35897422	4179.35897422	4192.05128192	4178.71794858	4103.33333306	4174.61538448	4217.82051275	
4181.15384602	4175.25641012	4154.1025639	4175.76923063	4183.71794858	4178.71794858	4163.07692287	4169.48717935	4158.46153826	4166.41025621	4163.97435877	4089.35897402	4156.79487159	4207.30769224	
4180.51282038	4172.17948704	4147.56410236	4175.25641012	4182.94871781	4178.3333332	4162.43589723	4165.64102544	4151.41025621	4157.82051262	4157.56410236	4085.38461504	4150.25641005	4204.35897429	
4181.28205115	4170.89743576	4151.41025621	4175.51282038	4189.2307691	4180.89743576	4164.74358954	4172.56410243	4166.02564082	4173.20512807	4163.07692287	4092.43589709	4162.43589723	4211.92307686	
4184.35897422	4173.3333332	4157.43589723	4174.87179474	4192.69230756	4187.4358973	4164.74358954	4176.41025628	4169.10256397	4178.46153833	4164.23076903	4094.23076889	4164.9999998	4215.12820506	
4186.28205115	4180.64102551	4160.89743569	4177.4358973	4192.94871781	4188.3333332	4163.46153826	4178.3333332	4166.28205108	4174.48717935	4163.205128	4093.8461535	4161.41025621	4216.02564096	
4182.82051269	4182.4358973	4161.28205108	4177.4358973	4192.17948704	4182.4358973	4163.71794851	4174.74358961	4168.07692287	4172.82051269	4163.46153826	4092.30769196	4162.69230749	4213.58974352	
4179.2307691	4175.51282038	4154.74358954	4174.2307691	4190.38461525	4179.35897422	4163.205128	4167.17948697	4161.92307672	4168.71794858	4157.43589723	4086.66666632	4157.43589723	4207.43589737	
4182.30769217	4176.79487166	4154.1025639	4176.92307679	4190.38461525	4184.10256397	4164.74358954	4171.02564089	4163.205128	4173.20512807	4158.58974339	4089.87179453	4158.58974339	4215.12820506	
4185.38461525	4186.5384614	4162.05128185	4181.28205115	4194.74358961	4188.3333332	4166.15384595	4180.64102551	4174.74358961	4183.71794858	4170.12820499	4098.71794837	4172.05128192	4225.12820506	
4182.30769217	4185.38461525	4161.66666646	4180.25641012	4199.35897422	4184.48717935	4163.97435877	4180.12820499	4171.92307679	4180.76923063	4169.99999986	4094.7435894	4172.94871781	4215.7692307	
4182.17948704	4182.94871781	4157.94871774	4181.41025628	4200.64102551	4184.99999986	4164.74358954	4181.02564089	4170.51282038	4179.35897422	4168.71794858	4091.66666632	4169.10256397	4212.43589737	
4184.99999986	4186.02564089	4161.28205108	4184.87179474	4201.15384609	4188.58974345	4165.51282031	4189.48717935	4182.82051269	4189.48717935	4180.25641012	4100.76923043	4179.2307691	4223.97435891	
4185.25641012	4184.61538448	4158.58974339	4185.38461525	4201.41025634	4186.15384602	4162.82051262	4189.48717935	4184.74358961	4192.4358973	4184.48717935	4106.15384588	4184.99999986	4225.64102558	
4186.15384602	4185.38461525	4154.61538441	4187.05128192	4200.76923063	4183.46153833	4165.38461518	4187.30769217	4179.74358961	4189.48717935	4178.46153833	4105.51282024	4178.71794858	4222.94871788	
4187.82051269	4187.56410243	4157.05128185	4189.74358961	4201.15384609	4189.48717935	4169.74358961	4191.02564089	4183.46153833	4191.5384614	4177.94871781	4107.43589716	4176.5384614	4224.23076917	
4185.38461525	4184.61538448	4153.07692287	4189.48717935	4205.38461532	4195.51282038	4169.74358961	4189.2307691	4183.97435884	4190.76923063	4177.69230756	4108.9743587	4177.30769217	4218.97435891	
4184.2307691	4184.99999986	4147.94871774	4188.46153833	4206.41025634	4195.64102551	4167.82051262	4184.2307691	4178.58974345	4183.58974345	4173.20512807	4111.92307665	4172.69230756	4213.58974352	
4188.07692294	4191.02564089	4154.35897415	4189.35897422	4202.43589737	4192.30769217	4168.3333332	4190.25641012	4184.35897422	4186.5384614	4176.92307679	4122.05128178	4175.51282038	4221.02564096	
4190.12820499	4191.79487166	4160.51282031	4188.71794858	4202.43589737	4190.12820499	4171.02564089	4195.64102551	4196.28205115	4197.05128192	4182.94871781	4131.02564075	4187.30769217	4229.10256404	
4189.48717935	4186.15384602	4153.71794851	4183.46153833	4201.15384609	4195.51282038	4168.20512807	4188.58974345	4189.48717935	4189.87179474	4179.87179474	4132.82051255	4183.71794858	4223.58974352	
4186.79487166	4182.30769217	4143.33333313	4180.64102551	4194.2307691	4196.79487166	4163.07692287	4178.07692294	4167.56410236	4167.56410236	4167.17948697	4129.99999973	4164.35897415	4215.7692307	
4185.64102551	4184.10256397	4144.23076903	4184.2307691	4191.28205115	4188.71794858	4165.12820492	4174.87179474	4162.94871774	4163.84615364	4160.51282031	4133.20512793	4162.05128185	4218.33333327	
4190.38461525	4188.84615371	4154.9999998	4187.17948704	4196.28205115	4189.48717935	4169.35897422	4178.58974345	4178.20512807	4179.48717935	4168.97435884	4142.82051262	4178.46153833	4222.69230763	
4192.94871781	4187.69230756	4158.205128	4186.28205115	4200.76923063	4198.46153833	4168.20512807	4181.92307679	4181.79487166	4182.69230756	4171.79487166	4144.87179467	4178.58974345	4220.25641019	
4189.99999986	4186.41025628	4149.87179467	4184.48717935	4201.79487173	4200.64102551	4166.92307672	4180.12820499	4172.05128192	4175.38461525	4158.71794851	4144.1025639	4163.46153826	4216.41025634	
4188.20512807	4189.61538448	4147.94871774	4185.38461525	4204.61538455	4197.82051269	4168.97435884	4174.61538448	4166.53846133	4175.89743576	4149.61538441	4146.41025621	4159.61538441	4216.28205122	
4190.38461525	4190.38461525	4156.79487159	4188.71794858	4205.38461532	4195.51282038	4169.10256397	4173.58974345	4167.82051262	4177.82051269	4153.46153826	4145.12820492	4163.07692287	4215.7692307	
4191.5384614	4188.58974345	4160.12820492	4190.64102551	4200.76923063	4193.71794858	4166.79487159	4179.48717935	4173.20512807	4178.07692294	4159.48717928	4143.71794851	4163.33333313	4215.89743583	
4189.74358961	4189.74358961	4152.69230749	4187.17948704	4195.64102551	4195.12820499	4163.46153826	4182.05128192	4173.84615371	4179.61538448	4160.51282031	4149.9999998	4165.76923056	4217.05128199	
4190.12820499	4188.07692294	4151.53846133	4184.61538448	4193.20512807	4190.51282038	4164.1025639	4180.12820499	4171.41025628	4178.97435884	4161.92307672	4158.33333313	4171.5384614	4219.35897429	
4188.97435884	4183.97435884	4157.17948697	4186.92307679	4190.25641012	4182.56410243	4164.35897415	4179.61538448	4174.99999986	4177.17948704	4167.17948697	4166.53846133	4173.07692294	4222.94871788	
4186.02564089	4184.2307691	4153.33333313	4186.28205115	4189.48717935	4184.87179474	4159.61538441	4181.02564089	4176.28205115	4174.2307691	4166.02564082	4170.64102551	4171.28205115	4223.4615384	
4186.92307679	4183.58974345	4148.33333313	4184.10256397	4192.05128192	4188.07692294	4160.38461518	4180.38461525	4170.25641012	4169.10256397	4158.84615364	4168.46153833	4169.74358961	4221.28205122	
4189.48717935	4183.84615371	4156.41025621	4186.41025628	4191.41025628	4186.5384614	4164.74358954	4181.79487166	4172.69230756	4171.41025628	4164.61538441	4176.79487166	4170.38461525	4221.41025634	
4189.2307691	4186.92307679	4164.74358954	4189.35897422	4190.51282038	4189.61538448	4163.07692287	4186.66666653	4183.07692294	4178.20512807	4177.82051269	4189.35897422	4173.84615371	4225.51282045	
4188.58974345	4186.28205115	4162.82051262	4187.82051269	4196.5384614	4195.76923063	4160.76923056	4188.46153833	4185.76923063	4180.64102551	4179.35897422	4189.35897422	4176.15384602	4226.92307686	
4191.92307679	4187.4358973	4162.94871774	4190.25641012	4202.30769224	4201.15384609	4165.89743569	4190.12820499	4187.56410243	4180.89743576	4175.51282038	4187.56410243	4178.97435884	4227.5641025	
4193.07692294	4189.35897422	4165.76923056	4195.25641012	4199.61538448	4201.02564096	4169.74358961	4189.61538448	4190.12820499	4180.25641012	4174.87179474	4191.66666653	4180.89743576	4227.94871788	
4188.46153833	4185.64102551	4162.3076921	4192.30769217	4194.35897422	4193.84615371	4164.23076903	4187.69230756	4188.58974345	4182.56410243	4175.89743576	4193.3333332	4180.51282038	4226.15384609	
4186.41025628	4184.35897422	4161.92307672	4187.56410243	4194.61538448	4192.94871781	4161.92307672	4193.20512807	4190.25641012	4184.99999986	4177.30769217	4193.46153833	4181.5384614	4230.64102558	
4190.64102551	4189.48717935	4168.20512807	4190.76923063	4196.66666653	4197.4358973	4165.38461518	4196.66666653	4191.92307679	4182.17948704	4179.74358961	4197.4358973	4182.82051269	4235.76923077	
4193.46153833	4187.69230756	4170.12820499	4193.58974345	4193.71794858	4193.07692294	4165.76923056	4193.97435884	4193.58974345	4184.74358961	4185.64102551	4201.53846147	4184.61538448	4233.84615385	
4190.25641012	4186.66666653	4168.84615371	4192.94871781	4193.46153833	4188.46153833	4163.97435877	4198.3333332	4202.05128199	4194.48717935	4191.15384602	4200.89743576	4191.28205115	4234.74358975	
4189.2307691	4191.28205115	4173.46153833	4193.84615371	4201.92307686	4195.51282038	4166.41025621	4202.43589737	4205.25641019	4193.71794858	4188.58974345	4198.71794858	4192.30769217	4240.25641026	
4194.35897422	4190.76923063	4177.17948704	4193.07692294	4208.84615378	4201.28205122	4168.07692287	4198.20512807	4198.46153833	4185.12820499	4181.15384602	4201.28205122	4184.99999986	4238.71794872	
4193.07692294	4189.10256397	4173.20512807	4191.92307679	4207.43589737	4200.51282038	4167.05128185	4199.10256397	4196.66666653	4186.02564089	4183.84615371	4205.12820506	4187.94871781	4232.17948711	
4187.30769217	4188.97435884	4165.38461518	4191.66666653	4202.43589737	4199.99999986	4169.61538448	4201.41025634	4199.74358961	4191.92307679	4191.66666653	4203.97435891	4194.10256397	4232.17948711	
4188.58974345	4186.41025628	4161.79487159	4186.92307679	4199.35897422	4196.66666653	4169.61538448	4195.38461525	4197.05128192	4194.87179474	4187.05128192	4200.38461525	4189.48717935	4231.92307686	
4192.17948704	4183.07692294	4166.92307672	4183.3333332	4200.76923063	4193.71794858	4165.12820492	4193.71794858	4192.69230756	4190.25641012	4181.41025628	4202.69230763	4185.51282038	4226.92307686	
4191.66666653	4185.89743576	4173.07692294	4189.61538448	4204.10256404	4197.4358973	4166.53846133	4201.6666666	4196.41025628	4188.71794858	4189.10256397	4212.43589737	4192.94871781	4229.48717942	
4193.71794858	4192.17948704	4173.20512807	4196.41025628	4206.53846147	4199.74358961	4171.15384602	4207.43589737	4208.07692301	4199.87179474	4197.4358973	4224.87179481	4201.02564096	4241.02564103	
4196.28205115	4193.71794858	4171.92307679	4193.71794858	4204.87179481	4199.61538448	4172.56410243	4208.71794865	4214.35897429	4203.33333327	4196.66666653	4233.58974352	4202.17948711	4245.64102564	
4194.48717935	4194.87179474	4173.07692294	4192.82051269	4201.41025634	4199.48717935	4171.79487166	4213.71794865	4217.69230763	4196.41025628	4199.61538448	4235.64102564	4204.74358968	4245.0	
4194.99999986	4192.94871781	4176.28205115	4194.48717935	4200.12820499	4199.48717935	4169.48717935	4213.71794865	4217.30769224	4198.84615371	4200.25641012	4232.82051275	4205.25641019	4245.0	
4196.28205115	4189.61538448	4178.84615371	4192.4358973	4203.71794865	4200.12820499	4170.12820499	4209.10256404	4212.30769224	4206.02564096	4196.79487166	4231.92307686	4204.99999993	4242.56410257	
4195.76923063	4194.61538448	4183.71794858	4193.58974345	4209.35897429	4201.41025634	4174.99999986	4214.10256404	4219.87179481	4207.05128199	4203.97435891	4240.25641026	4213.84615378	4245.12820513	
4197.30769217	4198.58974345	4187.82051269	4196.5384614	4209.48717942	4203.33333327	4174.10256397	4219.48717942	4229.48717942	4208.4615384	4207.69230763	4247.05128206	4217.82051275	4251.02564103	
4196.79487166	4190.76923063	4181.79487166	4190.89743576	4203.33333327	4202.30769224	4170.89743576	4214.74358968	4219.35897429	4209.10256404	4199.10256397	4244.10256411	4207.30769224	4248.97435898	
4195.25641012	4189.87179474	4178.84615371	4185.76923063	4202.94871788	4201.92307686	4173.58974345	4210.12820506	4210.25641019	4205.25641019	4194.35897422	4241.53846154	4203.84615378	4245.76923077	
4198.97435884	4201.53846147	4188.3333332	4191.28205115	4209.23076917	4203.58974352	4176.66666653	4212.82051275	4219.23076917	4202.94871788	4196.66666653	4245.38461539	4211.41025634	4246.92307693	
4200.38461525	4203.07692301	4190.76923063	4194.87179474	4206.53846147	4203.4615384	4175.64102551	4216.92307686	4224.48717942	4202.5641025	4199.2307691	4251.28205129	4211.02564096	4249.48717949	
4198.71794858	4194.99999986	4186.66666653	4191.79487166	4201.53846147	4200.89743576	4174.48717935	4217.43589737	4219.10256404	4199.99999986	4201.28205122	4258.46153847	4208.71794865	4253.84615385	
4202.17948711	4193.58974345	4192.4358973	4190.51282038	4205.38461532	4204.23076917	4177.17948704	4216.92307686	4218.58974352	4197.30769217	4201.6666666	4264.23076923	4211.79487173	4256.28205129	
4201.28205122	4196.5384614	4194.99999986	4192.4358973	4207.5641025	4209.74358968	4179.61538448	4214.10256404	4217.69230763	4193.84615371	4195.25641012	4261.7948718	4207.30769224	4249.61538462	
4195.25641012	4194.35897422	4188.84615371	4192.82051269	4204.35897429	4206.15384609	4178.20512807	4212.43589737	4214.48717942	4192.94871781	4192.82051269	4257.6923077	4201.92307686	4243.46153847	
4196.79487166	4193.46153833	4191.92307679	4192.56410243	4207.30769224	4207.05128199	4179.48717935	4218.20512814	4221.02564096	4201.28205122	4202.17948711	4262.82051282	4211.02564096	4250.0	
4200.64102551	4197.69230756	4198.84615371	4194.61538448	4213.4615384	4213.33333327	4182.82051269	4225.89743583	4230.51282045	4212.30769224	4209.87179481	4267.56410264	4221.53846147	4256.66666667	
4198.58974345	4198.07692294	4195.12820499	4194.35897422	4214.35897429	4214.23076917	4180.89743576	4227.30769224	4233.20512814	4216.02564096	4210.7692307	4267.56410264	4220.38461532	4253.97435898	
4199.2307691	4194.35897422	4189.2307691	4193.3333332	4215.89743583	4214.74358968	4178.20512807	4226.79487173	4236.92307693	4220.25641019	4214.35897429	4270.00000007	4218.71794865	4254.35897436	
4201.53846147	4196.79487166	4189.48717935	4194.10256397	4219.10256404	4214.87179481	4179.61538448	4227.17948711	4239.48717949	4224.23076917	4215.38461532	4271.0256411	4221.15384609	4256.02564103	
4197.69230756	4199.99999986	4191.02564089	4193.97435884	4218.97435891	4211.28205122	4178.20512807	4224.74358968	4231.79487173	4216.28205122	4206.79487173	4266.923077	4218.71794865	4250.0	
4195.51282038	4196.28205115	4193.20512807	4192.69230756	4215.89743583	4211.92307686	4178.3333332	4223.20512814	4227.82051275	4207.30769224	4204.99999993	4269.10256418	4214.35897429	4247.6923077	
4199.2307691	4200.25641012	4202.30769224	4193.71794858	4214.10256404	4217.82051275	4184.35897422	4229.10256404	4237.6923077	4210.89743583	4212.82051275	4283.46153853	4219.99999993	4255.8974359	
4200.64102551	4206.02564096	4217.69230763	4196.02564089	4212.30769224	4215.25641019	4184.35897422	4233.58974352	4244.23076923	4217.17948711	4214.10256404	4298.46153853	4227.5641025	4263.33333334	
4202.69230763	4203.4615384	4238.20512821	4199.87179474	4211.6666666	4213.84615378	4183.84615371	4235.8974359	4246.66666667	4217.82051275	4213.07692301	4315.2564104	4229.61538455	4270.00000007	
4209.10256404	4207.17948711	4267.82051289	4206.28205122	4213.71794865	4218.07692301	4188.3333332	4244.48717949	4255.38461539	4216.28205122	4218.84615378	4346.15384637	4236.7948718	4282.94871802	
4210.38461532	4213.71794865	4295.64102571	4206.92307686	4208.58974352	4214.87179481	4187.82051269	4251.02564103	4260.8974359	4209.10256404	4227.30769224	4378.07692336	4244.48717949	4291.66666674	
4207.69230763	4209.87179481	4311.28205142	4206.53846147	4198.84615371	4205.7692307	4184.61538448	4247.17948718	4257.43589744	4196.5384614	4226.15384609	4389.6153849	4238.07692308	4287.56410264	
4208.71794865	4202.43589737	4316.28205142	4207.69230763	4194.35897422	4201.6666666	4183.71794858	4234.87179488	4245.64102564	4187.30769217	4210.51282045	4383.07692336	4225.38461532	4278.07692315	
4206.41025634	4199.2307691	4313.58974373	4200.25641012	4190.38461525	4199.35897422	4178.07692294	4224.48717942	4229.35897429	4180.51282038	4197.69230756	4377.05128233	4216.28205122	4271.15384623	
4201.41025634	4196.66666653	4305.38461553	4192.30769217	4185.51282038	4194.61538448	4174.61538448	4221.92307686	4223.4615384	4176.41025628	4195.51282038	4376.79487208	4209.23076917	4265.51282052	
4200.89743576	4196.28205115	4295.51282059	4191.92307679	4187.69230756	4195.38461525	4178.20512807	4221.02564096	4227.30769224	4183.07692294	4198.07692294	4373.717949	4209.23076917	4259.35897436	
4203.20512814	4194.87179474	4283.97435905	4192.17948704	4192.82051269	4199.10256397	4177.94871781	4219.87179481	4225.38461532	4192.82051269	4200.38461525	4363.97435919	4214.48717942	4256.41025641	
4203.33333327	4194.48717935	4272.05128212	4191.92307679	4195.25641012	4200.51282038	4177.82051269	4224.87179481	4228.33333327	4195.12820499	4206.02564096	4359.35897457	4219.61538455	4262.82051282	
4203.4615384	4196.41025628	4261.41025641	4193.07692294	4196.41025628	4202.43589737	4180.25641012	4231.6666666	4241.41025641	4199.48717935	4212.69230763	4358.46153867	4224.61538455	4271.0256411	
4201.28205122	4190.51282038	4247.30769231	4188.84615371	4197.05128192	4202.17948711	4176.92307679	4230.38461532	4241.15384616	4208.4615384	4213.4615384	4349.10256431	4225.12820506	4266.79487187	
4196.79487166	4188.20512807	4235.64102564	4187.17948704	4202.43589737	4200.89743576	4175.38461525	4226.79487173	4230.25641019	4211.02564096	4209.23076917	4342.43589765	4221.6666666	4257.56410257	
4198.46153833	4192.69230756	4231.92307686	4194.87179474	4210.64102558	4201.92307686	4180.76923063	4227.30769224	4231.6666666	4209.99999993	4208.58974352	4344.35897457	4222.5641025	4257.43589744	
4202.05128199	4191.28205115	4228.4615384	4196.79487166	4213.07692301	4205.38461532	4182.69230756	4232.69230763	4242.17948718	4215.7692307	4216.02564096	4347.43589765	4228.58974352	4265.38461539	
4201.53846147	4189.2307691	4221.02564096	4191.92307679	4212.30769224	4208.58974352	4183.07692294	4234.74358975	4241.28205129	4218.4615384	4218.58974352	4349.35897457	4230.51282045	4268.20512828	
4202.30769224	4193.58974345	4212.94871788	4191.66666653	4211.92307686	4207.69230763	4185.76923063	4226.92307686	4229.99999993	4209.10256404	4209.87179481	4348.71794893	4225.12820506	4262.56410257	
4201.6666666	4194.35897422	4207.5641025	4193.20512807	4208.33333327	4201.53846147	4182.30769217	4221.92307686	4225.7692307	4201.41025634	4207.17948711	4348.97435919	4221.53846147	4258.33333334	
4198.3333332	4191.92307679	4206.53846147	4191.41025628	4208.20512814	4200.51282038	4177.4358973	4229.87179481	4232.5641025	4206.53846147	4215.51282045	4356.79487201	4225.89743583	4264.61538462	
4201.28205122	4190.89743576	4207.05128199	4188.07692294	4207.69230763	4203.97435891	4179.35897422	4235.0	4237.30769231	4214.48717942	4219.35897429	4363.97435919	4228.58974352	4271.923077	
4201.02564096	4184.35897422	4200.64102551	4186.28205115	4201.92307686	4202.17948711	4180.89743576	4223.33333327	4228.07692301	4208.33333327	4208.4615384	4361.02564124	4219.23076917	4266.02564103	
4192.94871781	4183.20512807	4190.64102551	4185.76923063	4202.30769224	4199.35897422	4178.20512807	4214.87179481	4217.69230763	4198.58974345	4196.5384614	4357.05128226	4209.87179481	4257.6923077	
4193.20512807	4192.69230756	4186.79487166	4188.71794858	4208.97435891	4200.38461525	4178.07692294	4218.07692301	4217.05128199	4200.38461525	4193.84615371	4357.05128226	4209.61538455	4256.02564103	
4198.58974345	4194.99999986	4185.89743576	4191.28205115	4210.7692307	4201.15384609	4181.5384614	4217.30769224	4217.05128199	4205.12820506	4196.66666653	4355.25641047	4209.61538455	4252.17948718	
4198.71794858	4189.2307691	4176.28205115	4190.51282038	4209.23076917	4202.94871788	4181.66666653	4210.89743583	4213.4615384	4198.20512807	4196.41025628	4349.4871797	4204.35897429	4240.8974359	
4196.02564089	4187.56410243	4163.84615364	4192.69230756	4211.79487173	4202.69230763	4180.38461525	4208.58974352	4211.02564096	4193.58974345	4195.64102551	4344.61538483	4199.87179474	4233.4615384	
4194.74358961	4191.79487166	4159.48717928	4196.66666653	4213.97435891	4203.4615384	4184.48717935	4214.74358968	4215.51282045	4202.94871788	4200.76923063	4349.23076944	4204.10256404	4237.56410257	
4196.41025628	4196.02564089	4160.25641005	4197.4358973	4214.87179481	4212.05128199	4187.94871781	4224.61538455	4226.15384609	4213.84615378	4211.28205122	4358.20512842	4217.82051275	4247.05128206	
4199.10256397	4195.89743576	4160.89743569	4195.12820499	4213.71794865	4212.82051275	4186.02564089	4230.51282045	4234.74358975	4221.79487173	4219.10256404	4359.74358996	4227.5641025	4252.6923077	
4197.56410243	4191.28205115	4162.3076921	4190.76923063	4210.89743583	4204.48717942	4183.58974345	4230.64102558	4235.64102564	4227.17948711	4220.89743583	4355.76923098	4227.5641025	4252.56410257	
4196.66666653	4192.69230756	4169.10256397	4190.89743576	4213.07692301	4208.33333327	4185.12820499	4231.79487173	4236.15384616	4227.69230763	4221.41025634	4355.51282073	4227.43589737	4254.48717949	
4201.6666666	4196.92307679	4174.10256397	4196.92307679	4215.64102558	4215.64102558	4189.99999986	4235.8974359	4240.12820513	4226.28205122	4221.53846147	4357.94871816	4231.79487173	4260.76923077	
4202.82051275	4193.3333332	4169.48717935	4197.82051269	4215.25641019	4212.43589737	4189.61538448	4236.66666667	4240.64102564	4222.17948711	4223.07692301	4356.28205149	4231.6666666	4263.84615385	
4197.56410243	4190.64102551	4166.66666646	4192.56410243	4214.10256404	4207.30769224	4183.71794858	4230.51282045	4234.48717949	4217.05128199	4223.84615378	4351.92307714	4226.92307686	4259.23076923	
4193.58974345	4192.05128192	4167.3076921	4190.51282038	4210.51282045	4205.12820506	4180.12820499	4221.92307686	4226.02564096	4214.74358968	4218.20512814	4347.94871816	4221.79487173	4255.64102564	
4190.51282038	4187.05128192	4163.07692287	4187.69230756	4206.28205122	4203.20512814	4179.99999986	4216.53846147	4216.02564096	4211.02564096	4207.5641025	4337.56410278	4213.71794865	4254.23076923	
4187.30769217	4181.41025628	4158.58974339	4183.3333332	4206.28205122	4202.69230763	4177.56410243	4210.7692307	4207.43589737	4205.25641019	4198.84615371	4328.58974373	4206.15384609	4249.10256411	
4189.35897422	4184.48717935	4162.69230749	4181.5384614	4208.33333327	4202.43589737	4177.4358973	4212.82051275	4211.02564096	4205.7692307	4200.76923063	4330.38461553	4210.12820506	4250.38461539	
4192.17948704	4188.97435884	4169.10256397	4183.46153833	4209.99999993	4202.30769224	4182.17948704	4221.79487173	4221.15384609	4211.28205122	4208.71794865	4334.10256431	4219.61538455	4258.58974359	
4192.94871781	4188.3333332	4170.38461525	4186.15384602	4209.23076917	4204.23076917	4183.84615371	4220.89743583	4222.05128199	4214.10256404	4209.87179481	4329.10256425	4218.07692301	4259.23076923	
4197.56410243	4189.48717935	4171.79487166	4189.2307691	4205.89743583	4205.89743583	4182.94871781	4216.28205122	4218.4615384	4215.89743583	4204.99999993	4323.97435912	4212.05128199	4254.74358975	
4197.56410243	4193.20512807	4172.69230756	4191.66666653	4208.20512814	4206.79487173	4187.05128192	4219.10256404	4219.10256404	4216.15384609	4207.05128199	4324.23076937	4212.82051275	4253.58974359	
4191.5384614	4191.28205115	4168.3333332	4191.28205115	4212.05128199	4204.74358968	4191.92307679	4215.51282045	4216.53846147	4206.6666666	4209.35897429	4318.33333348	4210.38461532	4249.74358975	
4190.51282038	4188.3333332	4165.25641005	4189.2307691	4208.20512814	4200.38461525	4184.2307691	4205.7692307	4209.87179481	4197.30769217	4205.38461532	4309.74358989	4203.20512814	4243.20512821	
4192.69230756	4190.64102551	4170.76923063	4188.3333332	4202.94871788	4198.71794858	4178.20512807	4215.38461532	4211.6666666	4207.05128199	4206.79487173	4309.74358989	4206.92307686	4245.12820513	
4193.58974345	4193.3333332	4175.25641012	4190.25641012	4210.7692307	4206.15384609	4197.82051269	4221.92307686	4217.5641025	4212.5641025	4213.4615384	4312.56410271	4216.6666666	4252.82051282	
4194.2307691	4194.48717935	4174.87179474	4189.99999986	4213.20512814	4204.10256404	4179.74358961	4211.79487173	4221.28205122	4204.99999993	4208.58974352	4306.92307707	4212.69230763	4255.64102564	
4193.20512807	4189.61538448	4176.41025628	4185.38461525	4184.35897422	4184.2307691	4134.99999973	4226.02564096	4209.61538455	4216.02564096	4196.79487166	4298.07692315	4200.64102551	4248.46153847	
4191.02564089	4181.28205115	4174.10256397	4179.61538448	4168.58974345	4182.4358973	4159.74358954	4241.15384616	4184.48717935	4226.41025634	4194.35897422	4290.76923084	4196.28205115	4238.07692308	
4189.35897422	4183.46153833	4165.64102544	4177.56410243	4194.10256397	4203.71794865	4204.23076917	4216.28205122	4179.35897422	4205.38461532	4196.15384602	4282.17948725	4195.25641012	4231.92307686	
4187.69230756	4187.4358973	4160.25641005	4178.46153833	4211.92307686	4207.5641025	4187.4358973	4192.82051269	4195.25641012	4185.25641012	4193.97435884	4275.25641033	4190.51282038	4228.58974352	
4184.10256397	4183.3333332	4158.58974339	4177.82051269	4203.07692301	4197.56410243	4166.28205108	4195.64102551	4189.87179474	4184.48717935	4191.02564089	4267.43589751	4183.71794858	4224.61538455	
4186.28205115	4183.58974345	4156.15384595	4177.05128192	4200.64102551	4202.30769224	4180.51282038	4196.79487166	4178.20512807	4181.79487166	4188.97435884	4262.6923077	4182.4358973	4224.35897429	
4194.10256397	4190.51282038	4158.84615364	4178.97435884	4205.64102558	4208.33333327	4182.05128192	4199.10256397	4199.99999986	4185.25641012	4194.10256397	4269.10256418	4192.56410243	4235.0	
4196.66666653	4191.66666653	4167.05128185	4183.58974345	4202.5641025	4202.94871788	4175.64102551	4208.33333327	4218.20512814	4195.25641012	4201.41025634	4273.33333341	4202.94871788	4244.35897436	
4194.10256397	4187.94871781	4168.3333332	4184.48717935	4203.71794865	4202.43589737	4180.89743576	4207.82051275	4204.74358968	4194.87179474	4198.97435884	4265.64102564	4200.64102551	4241.41025641	
4195.12820499	4188.71794858	4165.76923056	4185.12820499	4206.6666666	4204.61538455	4181.92307679	4204.35897429	4192.4358973	4191.15384602	4193.07692294	4259.48717949	4194.48717935	4236.28205129	
4197.69230756	4190.25641012	4170.12820499	4189.87179474	4208.07692301	4204.87179481	4186.79487166	4205.25641019	4196.41025628	4188.97435884	4195.64102551	4256.66666667	4194.2307691	4239.48717949	
