4191.66666653	4181.66666653	4180.51282038	4187.4358973	4180.38461525	4184.87179474	4167.56410236	4166.15384595	4149.74358954	4174.35897422	4159.23076903	4170.38461525	4158.205128	4208.33333327	
4190.76923063	4184.48717935	4189.10256397	4190.25641012	4175.51282038	4182.56410243	4172.4358973	4165.76923056	4149.87179467	4172.05128192	4155.25641005	4170.25641012	4156.79487159	4209.35897429	
4191.02564089	4184.87179474	4194.87179474	4191.28205115	4177.05128192	4189.10256397	4175.25641012	4171.15384602	4161.02564082	4172.17948704	4158.84615364	4170.76923063	4162.82051262	4216.92307686	
4191.92307679	4185.12820499	4193.97435884	4190.51282038	4182.94871781	4191.66666653	4170.25641012	4176.66666653	4166.53846133	4174.61538448	4165.76923056	4173.58974345	4169.10256397	4218.84615378	
4188.71794858	4181.79487166	4182.94871781	4183.07692294	4181.15384602	4188.07692294	4167.3076921	4170.64102551	4159.87179467	4173.46153833	4163.33333313	4170.51282038	4166.53846133	4210.51282045	
4187.94871781	4179.35897422	4178.3333332	4178.07692294	4181.66666653	4188.84615371	4169.10256397	4169.74358961	4162.69230749	4178.46153833	4166.41025621	4167.43589723	4166.79487159	4213.84615378	
4192.4358973	4183.46153833	4187.56410243	4185.51282038	4190.64102551	4194.10256397	4170.76923063	4182.30769217	4178.97435884	4189.74358961	4177.94871781	4173.20512807	4175.64102551	4226.15384609	
4194.35897422	4184.35897422	4194.61538448	4192.17948704	4194.2307691	4199.10256397	4169.61538448	4189.35897422	4187.05128192	4194.2307691	4180.51282038	4181.41025628	4183.07692294	4228.71794865	
4193.20512807	4182.30769217	4194.48717935	4188.71794858	4186.15384602	4196.5384614	4168.3333332	4186.5384614	4182.17948704	4191.15384602	4180.76923063	4179.48717935	4182.17948704	4225.89743583	
4193.07692294	4184.74358961	4191.92307679	4188.71794858	4180.76923063	4190.76923063	4167.82051262	4183.84615371	4174.10256397	4185.64102551	4184.61538448	4177.17948704	4176.79487166	4226.15384609	
4192.30769217	4186.41025628	4190.76923063	4192.94871781	4182.94871781	4189.74358961	4168.20512807	4182.94871781	4171.28205115	4181.02564089	4180.64102551	4178.58974345	4176.92307679	4225.38461532	
4189.74358961	4178.84615371	4194.99999986	4187.56410243	4179.48717935	4189.61538448	4167.43589723	4181.5384614	4172.82051269	4180.76923063	4176.02564089	4176.5384614	4178.58974345	4223.71794865	
4189.74358961	4176.5384614	4198.97435884	4181.15384602	4172.30769217	4184.2307691	4166.92307672	4178.46153833	4171.66666653	4185.38461525	4178.46153833	4177.82051269	4176.15384602	4223.71794865	
4192.69230756	4181.5384614	4196.66666653	4186.66666653	4172.82051269	4183.07692294	4167.05128185	4180.25641012	4171.92307679	4187.4358973	4179.87179474	4179.99999986	4176.15384602	4222.5641025	
4194.87179474	4180.64102551	4193.84615371	4191.79487166	4179.10256397	4188.84615371	4167.43589723	4186.79487166	4177.69230756	4187.30769217	4179.48717935	4177.56410243	4176.79487166	4224.99999993	
4196.66666653	4179.99999986	4195.64102551	4191.28205115	4183.58974345	4193.07692294	4169.35897422	4186.15384602	4179.35897422	4188.07692294	4178.3333332	4178.71794858	4174.74358961	4227.69230763	
4199.35897422	4185.76923063	4193.97435884	4191.28205115	4189.2307691	4197.4358973	4173.46153833	4185.89743576	4175.64102551	4189.99999986	4178.58974345	4186.66666653	4178.71794858	4229.99999993	
4198.46153833	4188.71794858	4185.76923063	4192.4358973	4194.99999986	4200.51282038	4175.12820499	4192.30769217	4181.02564089	4192.30769217	4181.92307679	4189.35897422	4185.51282038	4231.6666666	
4193.58974345	4183.3333332	4175.38461525	4187.82051269	4193.97435884	4197.69230756	4171.79487166	4190.76923063	4181.28205115	4190.51282038	4179.10256397	4186.79487166	4179.35897422	4228.58974352	
4193.07692294	4178.97435884	4165.64102544	4181.15384602	4184.61538448	4192.17948704	4169.48717935	4176.92307679	4164.1025639	4178.58974345	4167.3076921	4187.30769217	4164.9999998	4220.38461532	
4194.35897422	4178.84615371	4160.76923056	4179.48717935	4175.76923063	4188.71794858	4170.12820499	4166.92307672	4150.38461518	4166.41025621	4161.92307672	4184.35897422	4157.69230749	4210.12820506	
4193.3333332	4177.56410243	4161.92307672	4180.12820499	4176.28205115	4186.5384614	4168.71794858	4166.92307672	4154.23076903	4165.12820492	4168.3333332	4185.38461525	4159.35897415	4208.20512814	
4194.2307691	4176.28205115	4166.66666646	4183.97435884	4180.38461525	4186.15384602	4167.43589723	4177.69230756	4170.51282038	4175.38461525	4176.28205115	4196.5384614	4169.61538448	4219.35897429	
4196.79487166	4180.76923063	4169.74358961	4189.99999986	4178.84615371	4188.46153833	4170.38461525	4187.69230756	4183.71794858	4189.48717935	4183.20512807	4207.30769224	4181.41025628	4230.38461532	
4197.17948704	4186.66666653	4169.10256397	4190.76923063	4175.12820499	4190.51282038	4172.56410243	4186.92307679	4183.71794858	4193.58974345	4187.17948704	4206.28205122	4181.92307679	4228.97435891	
4197.30769217	4185.25641012	4171.28205115	4188.20512807	4179.99999986	4192.4358973	4172.82051269	4181.28205115	4174.99999986	4186.15384602	4182.82051269	4199.35897422	4174.87179474	4223.33333327	
4200.76923063	4182.4358973	4177.94871781	4190.25641012	4189.99999986	4198.84615371	4174.48717935	4182.30769217	4178.71794858	4187.69230756	4180.51282038	4197.56410243	4179.74358961	4227.94871788	
4204.61538455	4190.38461525	4180.76923063	4196.15384602	4197.4358973	4204.48717942	4177.30769217	4193.58974345	4193.84615371	4199.61538448	4186.79487166	4201.02564096	4192.05128192	4235.8974359	
4205.51282045	4197.69230756	4176.66666653	4200.38461525	4198.71794858	4202.5641025	4177.69230756	4196.15384602	4191.92307679	4196.66666653	4184.87179474	4201.41025634	4187.05128192	4233.71794865	
4204.10256404	4192.82051269	4176.66666653	4200.12820499	4196.92307679	4199.61538448	4176.02564089	4185.25641012	4176.79487166	4186.15384602	4174.10256397	4194.87179474	4173.84615371	4223.71794865	
4204.10256404	4189.61538448	4181.92307679	4201.53846147	4200.51282038	4205.12820506	4178.46153833	4187.69230756	4180.38461525	4193.46153833	4177.69230756	4193.84615371	4179.48717935	4226.53846147	
4205.64102558	4198.3333332	4184.2307691	4207.05128199	4206.92307686	4210.89743583	4182.94871781	4201.15384609	4197.17948704	4208.71794865	4190.25641012	4201.6666666	4194.10256397	4238.20512821	
4208.84615378	4203.20512814	4187.94871781	4208.07692301	4205.7692307	4207.82051275	4184.61538448	4202.05128199	4202.30769224	4212.30769224	4194.61538448	4203.97435891	4198.84615371	4241.66666667	
4209.10256404	4199.35897422	4192.69230756	4204.99999993	4203.33333327	4204.23076917	4181.5384614	4197.82051269	4200.38461525	4207.30769224	4195.38461525	4201.6666666	4198.71794858	4241.41025641	
4207.30769224	4198.97435884	4187.82051269	4204.87179481	4205.12820506	4204.23076917	4179.35897422	4201.28205122	4200.25641012	4203.20512814	4196.02564089	4198.20512807	4199.2307691	4241.41025641	
4209.61538455	4200.89743576	4182.56410243	4206.28205122	4203.20512814	4203.71794865	4180.51282038	4202.43589737	4197.4358973	4203.4615384	4194.2307691	4196.15384602	4195.76923063	4237.43589744	
4210.25641019	4200.25641012	4188.46153833	4209.74358968	4203.07692301	4201.92307686	4183.71794858	4203.84615378	4199.87179474	4210.64102558	4197.69230756	4195.51282038	4196.41025628	4237.30769231	
4209.61538455	4203.07692301	4193.46153833	4212.05128199	4210.12820506	4204.23076917	4187.94871781	4209.35897429	4211.15384609	4215.12820506	4203.97435891	4196.02564089	4205.7692307	4245.76923077	
4212.82051275	4207.17948711	4190.64102551	4211.41025634	4211.41025634	4209.61538455	4186.66666653	4207.05128199	4212.94871788	4212.43589737	4203.58974352	4196.41025628	4208.4615384	4248.71794872	
4211.15384609	4205.89743583	4189.35897422	4210.7692307	4203.4615384	4207.05128199	4181.66666653	4199.10256397	4201.02564096	4205.12820506	4198.07692294	4189.48717935	4199.10256397	4238.97435898	
4204.23076917	4199.74358961	4188.71794858	4208.84615378	4198.71794858	4197.4358973	4179.2307691	4193.20512807	4190.76923063	4196.28205115	4192.82051269	4179.35897422	4189.87179474	4231.41025634	
4203.20512814	4198.07692294	4186.41025628	4205.89743583	4201.28205122	4196.79487166	4180.76923063	4190.64102551	4189.2307691	4194.61538448	4190.51282038	4177.17948704	4186.41025628	4231.92307686	
4206.41025634	4199.74358961	4190.38461525	4206.41025634	4203.33333327	4203.84615378	4182.4358973	4192.94871781	4189.99999986	4198.97435884	4187.30769217	4176.28205115	4186.41025628	4230.12820506	
4205.25641019	4199.10256397	4192.30769217	4203.84615378	4203.71794865	4202.82051275	4181.66666653	4195.51282038	4190.25641012	4202.17948711	4188.84615371	4170.76923063	4188.84615371	4228.58974352	
4204.23076917	4194.99999986	4186.28205115	4199.48717935	4202.82051275	4200.76923063	4182.17948704	4197.56410243	4194.61538448	4206.41025634	4196.66666653	4170.38461525	4194.2307691	4238.20512821	
4207.5641025	4198.07692294	4193.97435884	4206.6666666	4199.48717935	4203.20512814	4186.15384602	4204.48717942	4201.53846147	4212.43589737	4199.99999986	4173.58974345	4199.87179474	4247.05128206	
4214.10256404	4207.5641025	4212.30769224	4217.69230763	4202.69230763	4203.20512814	4186.79487166	4207.43589737	4207.94871788	4211.28205122	4197.56410243	4169.61538448	4201.92307686	4245.38461539	
4217.05128199	4208.71794865	4213.33333327	4215.89743583	4209.35897429	4203.58974352	4185.38461525	4202.05128199	4206.79487173	4207.94871788	4194.10256397	4161.02564082	4197.82051269	4243.07692308	
4211.79487173	4202.30769224	4206.15384609	4208.20512814	4207.17948711	4203.20512814	4187.17948704	4198.58974345	4201.28205122	4208.4615384	4191.92307679	4155.12820492	4192.4358973	4242.43589744	
4204.10256404	4198.71794858	4204.99999993	4206.79487173	4204.87179481	4201.6666666	4184.48717935	4198.07692294	4197.05128192	4208.71794865	4191.92307679	4146.79487159	4190.76923063	4236.66666667	
4203.33333327	4200.12820499	4196.66666653	4208.07692301	4210.25641019	4202.5641025	4178.97435884	4195.89743576	4191.15384602	4206.92307686	4190.25641012	4129.35897408	4185.25641012	4228.84615378	
4207.05128199	4199.10256397	4182.94871781	4204.99999993	4210.7692307	4201.92307686	4177.17948704	4188.84615371	4181.66666653	4200.38461525	4181.5384614	4116.92307665	4176.92307679	4223.58974352	
4207.5641025	4193.97435884	4184.35897422	4203.84615378	4207.5641025	4197.05128192	4177.69230756	4182.82051269	4177.4358973	4197.69230756	4176.02564089	4122.30769203	4177.05128192	4222.43589737	
4204.23076917	4195.12820499	4190.38461525	4204.99999993	4208.07692301	4196.66666653	4180.12820499	4186.28205115	4183.20512807	4206.53846147	4180.89743576	4127.56410229	4182.30769217	4225.7692307	
4203.71794865	4195.38461525	4182.69230756	4199.74358961	4206.92307686	4201.15384609	4180.51282038	4188.07692294	4178.07692294	4207.94871788	4180.64102551	4116.28205101	4178.3333332	4221.92307686	
4204.87179481	4191.79487166	4175.76923063	4194.48717935	4205.25641019	4202.17948711	4177.05128192	4182.17948704	4168.84615371	4198.71794858	4174.61538448	4108.84615357	4170.51282038	4216.15384609	
4201.6666666	4195.38461525	4181.28205115	4197.4358973	4204.74358968	4199.74358961	4175.12820499	4180.12820499	4172.69230756	4201.28205122	4174.10256397	4116.28205101	4172.94871781	4222.69230763	
4202.30769224	4197.30769217	4188.58974345	4201.53846147	4199.48717935	4197.4358973	4176.92307679	4183.84615371	4179.99999986	4211.15384609	4177.69230756	4121.92307665	4178.97435884	4232.17948711	
4205.12820506	4188.84615371	4189.10256397	4198.58974345	4194.10256397	4195.64102551	4176.28205115	4184.48717935	4179.99999986	4208.71794865	4178.58974345	4120.89743562	4178.07692294	4230.38461532	
4199.2307691	4186.66666653	4186.79487166	4192.30769217	4192.30769217	4193.58974345	4173.07692294	4183.20512807	4174.48717935	4202.17948711	4176.41025628	4119.35897408	4174.10256397	4223.33333327	
4197.4358973	4193.46153833	4189.2307691	4195.76923063	4195.12820499	4195.89743576	4174.48717935	4185.76923063	4176.41025628	4206.02564096	4179.2307691	4117.17948691	4176.02564089	4223.97435891	
4201.6666666	4196.02564089	4195.76923063	4204.99999993	4204.48717942	4200.64102551	4178.20512807	4191.5384614	4187.4358973	4215.51282045	4187.56410243	4120.25640998	4187.30769217	4229.23076917	
4201.28205122	4195.89743576	4201.53846147	4204.99999993	4206.28205122	4198.97435884	4178.20512807	4195.64102551	4197.05128192	4216.79487173	4195.64102551	4133.46153819	4195.25641012	4233.4615384	
4202.69230763	4196.15384602	4212.5641025	4201.15384609	4199.61538448	4196.66666653	4177.30769217	4198.07692294	4198.46153833	4211.6666666	4198.3333332	4140.38461518	4193.20512807	4235.76923077	
4207.17948711	4197.30769217	4229.87179481	4205.64102558	4201.53846147	4198.84615371	4180.76923063	4197.69230756	4196.79487166	4210.7692307	4194.2307691	4141.28205108	4191.79487166	4237.30769231	
4206.41025634	4202.43589737	4237.30769231	4209.99999993	4204.87179481	4195.64102551	4179.35897422	4196.92307679	4197.82051269	4211.6666666	4194.10256397	4156.66666646	4193.46153833	4240.12820513	
4206.6666666	4202.43589737	4245.76923077	4208.58974352	4196.66666653	4187.82051269	4176.41025628	4200.76923063	4199.61538448	4209.23076917	4200.89743576	4179.99999986	4193.46153833	4242.82051282	
4211.02564096	4198.3333332	4271.41025648	4210.7692307	4184.99999986	4185.51282038	4180.64102551	4204.87179481	4202.82051275	4204.48717942	4205.89743583	4197.05128192	4193.3333332	4248.33333334	
4211.79487173	4198.46153833	4297.56410264	4212.94871788	4179.99999986	4185.89743576	4181.15384602	4204.87179481	4206.92307686	4200.76923063	4206.6666666	4213.97435891	4198.46153833	4256.66666667	
4211.92307686	4199.61538448	4307.82051296	4212.94871788	4182.05128192	4184.74358961	4177.56410243	4210.38461532	4217.30769224	4204.99999993	4213.20512814	4232.05128199	4208.97435891	4263.71794872	
4212.5641025	4199.48717935	4311.66666681	4212.69230763	4183.07692294	4181.15384602	4177.82051269	4215.7692307	4222.43589737	4206.28205122	4216.6666666	4235.64102564	4210.89743583	4267.05128212	
4211.79487173	4198.20512807	4315.51282066	4209.87179481	4178.3333332	4180.64102551	4179.2307691	4206.6666666	4208.4615384	4192.69230756	4201.92307686	4228.58974352	4198.46153833	4262.82051282	
4212.30769224	4199.74358961	4312.56410271	4209.61538455	4182.56410243	4184.74358961	4178.84615371	4199.61538448	4199.48717935	4185.51282038	4193.3333332	4227.17948711	4189.99999986	4258.84615385	
4211.79487173	4202.82051275	4299.61538476	4207.30769224	4192.4358973	4189.48717935	4178.84615371	4207.17948711	4208.33333327	4194.48717935	4201.6666666	4224.10256404	4196.92307679	4262.30769231	
4208.58974352	4199.87179474	4282.94871802	4200.64102551	4192.94871781	4191.28205115	4177.94871781	4206.6666666	4206.02564096	4196.66666653	4198.46153833	4209.23076917	4198.3333332	4261.7948718	
4204.87179481	4188.71794858	4263.84615385	4190.76923063	4193.3333332	4191.28205115	4176.92307679	4190.89743576	4183.97435884	4189.87179474	4175.25641012	4186.02564089	4180.38461525	4243.58974359	
4197.94871781	4178.97435884	4238.84615385	4181.5384614	4196.15384602	4187.4358973	4172.4358973	4176.28205115	4163.46153826	4186.79487166	4158.46153826	4163.46153826	4161.92307672	4223.20512814	
4193.46153833	4181.28205115	4218.4615384	4181.5384614	4193.20512807	4184.35897422	4167.17948697	4170.64102551	4156.79487159	4187.94871781	4160.12820492	4146.41025621	4158.07692287	4219.23076917	
4197.05128192	4186.66666653	4210.38461532	4188.97435884	4192.05128192	4186.41025628	4171.28205115	4178.46153833	4168.46153833	4195.51282038	4170.64102551	4138.07692287	4168.20512807	4223.71794865	
4199.74358961	4184.99999986	4206.41025634	4191.5384614	4195.12820499	4185.89743576	4177.4358973	4189.35897422	4181.79487166	4203.71794865	4179.87179474	4132.94871767	4178.46153833	4225.51282045	
4198.20512807	4184.61538448	4206.02564096	4191.66666653	4193.71794858	4185.25641012	4176.15384602	4188.3333332	4180.12820499	4204.10256404	4181.5384614	4126.53846126	4177.69230756	4227.5641025	
4198.07692294	4187.30769217	4208.33333327	4196.79487166	4194.87179474	4186.41025628	4175.64102551	4185.64102551	4180.51282038	4205.25641019	4185.76923063	4121.92307665	4178.58974345	4229.87179481	
4199.35897422	4188.46153833	4209.23076917	4198.58974345	4201.02564096	4186.15384602	4178.07692294	4191.66666653	4189.74358961	4212.69230763	4197.17948704	4119.35897408	4187.17948704	4230.25641019	
4200.25641012	4188.58974345	4207.17948711	4193.20512807	4199.10256397	4186.5384614	4177.56410243	4193.97435884	4188.3333332	4210.38461532	4196.92307679	4116.53846126	4187.17948704	4233.4615384	
4199.61538448	4184.99999986	4202.82051275	4191.28205115	4191.92307679	4186.02564089	4174.87179474	4183.97435884	4174.61538448	4198.07692294	4183.46153833	4109.8717946	4174.10256397	4234.10256411	
4199.99999986	4183.84615371	4198.71794858	4194.87179474	4193.46153833	4186.41025628	4174.74358961	4178.07692294	4169.61538448	4195.89743576	4178.3333332	4102.94871767	4170.64102551	4232.17948711	
4203.71794865	4186.92307679	4199.61538448	4196.79487166	4200.64102551	4188.97435884	4176.28205115	4183.58974345	4175.25641012	4202.5641025	4182.17948704	4100.51282017	4177.69230756	4235.38461539	
4203.84615378	4186.41025628	4197.82051269	4192.69230756	4201.92307686	4188.97435884	4173.58974345	4184.10256397	4172.05128192	4203.4615384	4178.84615371	4092.05128171	4172.05128192	4232.43589737	
4197.56410243	4184.10256397	4186.92307679	4190.38461525	4198.46153833	4187.17948704	4170.76923063	4175.89743576	4160.76923056	4202.5641025	4173.46153833	4079.35897402	4164.23076903	4220.25641019	
4195.76923063	4184.48717935	4183.20512807	4194.2307691	4197.56410243	4189.87179474	4173.84615371	4173.3333332	4161.79487159	4206.28205122	4174.87179474	4079.48717914	4166.41025621	4218.4615384	
4198.58974345	4186.66666653	4191.41025628	4196.28205115	4201.02564096	4192.30769217	4178.07692294	4179.2307691	4170.76923063	4205.89743583	4177.17948704	4085.6410253	4171.15384602	4227.43589737	
4197.05128192	4187.94871781	4189.87179474	4193.58974345	4200.25641012	4188.07692294	4177.56410243	4180.64102551	4170.51282038	4197.4358973	4176.66666653	4079.61538427	4172.05128192	4224.74358968	
4192.30769217	4186.02564089	4176.5384614	4190.89743576	4194.48717935	4184.61538448	4174.35897422	4175.76923063	4164.87179467	4196.15384602	4177.17948704	4073.20512786	4169.2307691	4216.6666666	
4191.15384602	4181.66666653	4170.51282038	4191.66666653	4194.48717935	4186.02564089	4173.71794858	4174.61538448	4164.1025639	4203.84615378	4176.41025628	4076.53846119	4166.28205108	4218.33333327	
4194.74358961	4184.87179474	4175.76923063	4195.25641012	4202.43589737	4186.15384602	4176.5384614	4179.87179474	4168.46153833	4208.84615378	4177.69230756	4082.30769196	4170.25641012	4223.58974352	
4197.4358973	4190.51282038	4175.25641012	4196.15384602	4204.61538455	4184.74358961	4177.94871781	4184.2307691	4174.61538448	4209.74358968	4181.02564089	4084.7435894	4178.84615371	4224.61538455	
4196.5384614	4189.48717935	4167.94871774	4194.10256397	4200.76923063	4184.48717935	4176.15384602	4182.69230756	4174.48717935	4209.61538455	4179.10256397	4085.89743555	4178.58974345	4221.53846147	
4197.17948704	4189.74358961	4168.97435884	4194.2307691	4201.28205122	4184.99999986	4174.87179474	4182.30769217	4173.58974345	4211.53846147	4181.02564089	4094.35897402	4176.79487166	4222.5641025	
4198.58974345	4189.87179474	4171.5384614	4192.94871781	4200.89743576	4184.35897422	4176.15384602	4189.10256397	4179.48717935	4211.79487173	4188.46153833	4103.71794844	4182.30769217	4226.92307686	
4194.87179474	4187.56410243	4161.41025621	4189.99999986	4194.87179474	4186.66666653	4177.4358973	4189.99999986	4180.76923063	4206.53846147	4187.17948704	4103.0769228	4183.71794858	4226.15384609	
4194.87179474	4187.56410243	4155.76923056	4190.89743576	4197.05128192	4189.74358961	4176.66666653	4182.56410243	4179.10256397	4213.07692301	4184.48717935	4101.15384581	4180.89743576	4225.7692307	
4201.41025634	4189.35897422	4162.43589723	4193.07692294	4205.12820506	4189.99999986	4178.3333332	4188.3333332	4189.61538448	4237.82051282	4192.30769217	4103.9743587	4184.61538448	4230.51282045	
4201.53846147	4189.87179474	4161.02564082	4190.76923063	4204.61538455	4192.30769217	4180.12820499	4203.4615384	4200.38461525	4252.82051282	4196.02564089	4103.9743587	4191.15384602	4232.94871788	
4197.82051269	4185.25641012	4153.71794851	4187.05128192	4200.38461525	4193.58974345	4177.82051269	4202.17948711	4197.17948704	4248.71794872	4191.28205115	4101.02564068	4190.12820499	4231.15384609	
4197.82051269	4179.10256397	4154.9999998	4182.4358973	4196.15384602	4187.82051269	4175.89743576	4189.35897422	4183.20512807	4240.76923077	4186.41025628	4097.94871761	4182.69230756	4227.69230763	
4194.48717935	4178.58974345	4153.84615364	4180.51282038	4190.12820499	4183.3333332	4174.99999986	4181.02564089	4168.07692287	4230.12820506	4177.82051269	4089.48717914	4172.05128192	4219.10256404	
4188.84615371	4184.10256397	4147.56410236	4185.12820499	4189.87179474	4184.99999986	4173.97435884	4180.38461525	4164.23076903	4225.89743583	4173.20512807	4080.76923043	4168.71794858	4213.33333327	
4188.97435884	4185.89743576	4152.43589723	4191.02564089	4194.35897422	4185.38461525	4176.02564089	4182.30769217	4172.69230756	4233.33333327	4177.82051269	4079.10256376	4175.89743576	4215.51282045	
4188.71794858	4181.79487166	4158.58974339	4191.41025628	4194.74358961	4183.71794858	4177.56410243	4178.3333332	4172.94871781	4232.17948711	4175.51282038	4074.35897402	4175.64102551	4214.35897429	
4188.20512807	4181.66666653	4152.3076921	4190.64102551	4192.56410243	4185.25641012	4174.99999986	4174.61538448	4166.28205108	4224.10256404	4170.76923063	4064.6153842	4167.43589723	4206.92307686	
4190.89743576	4184.99999986	4152.05128185	4192.4358973	4193.97435884	4185.76923063	4176.28205115	4178.71794858	4166.92307672	4222.5641025	4175.89743576	4062.82051241	4168.71794858	4207.05128199	
4192.30769217	4183.58974345	4161.28205108	4193.3333332	4194.35897422	4183.46153833	4176.5384614	4182.05128192	4172.4358973	4222.43589737	4179.61538448	4069.99999966	4175.38461525	4216.92307686	
4193.07692294	4180.89743576	4164.23076903	4192.4358973	4192.82051269	4181.41025628	4171.92307679	4182.4358973	4177.69230756	4221.53846147	4180.38461525	4075.51282017	4177.17948704	4225.7692307	
4193.3333332	4181.15384602	4162.69230749	4188.07692294	4192.94871781	4183.20512807	4172.69230756	4180.12820499	4172.30769217	4219.35897429	4175.89743576	4071.41025607	4172.56410243	4223.58974352	
4192.56410243	4182.56410243	4162.17948697	4182.05128192	4194.2307691	4188.46153833	4175.64102551	4178.46153833	4165.38461518	4217.5641025	4166.15384595	4064.87179446	4168.84615371	4218.58974352	
4192.82051269	4181.5384614	4160.64102544	4179.61538448	4190.89743576	4186.28205115	4173.20512807	4183.07692294	4171.79487166	4218.71794865	4170.25641012	4070.51282017	4173.20512807	4222.05128199	
4190.51282038	4174.74358961	4160.51282031	4176.92307679	4180.38461525	4174.10256397	4168.20512807	4183.97435884	4173.20512807	4215.38461532	4180.64102551	4080.76923043	4173.58974345	4224.87179481	
4186.15384602	4170.25641012	4162.82051262	4174.48717935	4176.41025628	4175.12820499	4167.17948697	4180.76923063	4169.35897422	4211.53846147	4178.20512807	4083.58974325	4173.58974345	4224.99999993	
4187.56410243	4174.61538448	4168.58974345	4177.94871781	4182.4358973	4182.94871781	4170.51282038	4186.92307679	4181.15384602	4220.38461532	4183.84615371	4092.94871761	4184.99999986	4228.58974352	
4192.05128192	4177.30769217	4175.51282038	4179.2307691	4185.25641012	4177.30769217	4171.66666653	4193.3333332	4190.51282038	4224.87179481	4193.97435884	4102.94871767	4188.97435884	4231.02564096	
4193.46153833	4176.79487166	4176.28205115	4176.66666653	4186.5384614	4174.10256397	4170.38461525	4187.69230756	4178.58974345	4215.64102558	4182.4358973	4094.61538427	4178.3333332	4228.33333327	
4195.38461525	4183.20512807	4171.5384614	4183.07692294	4194.2307691	4183.3333332	4174.74358961	4185.25641012	4175.38461525	4215.7692307	4176.15384602	4088.20512786	4179.35897422	4225.12820506	
4193.97435884	4188.3333332	4166.53846133	4189.87179474	4199.35897422	4188.3333332	4177.94871781	4191.66666653	4187.56410243	4226.15384609	4189.61538448	4094.61538427	4189.99999986	4226.53846147	
4187.82051269	4181.41025628	4160.25641005	4184.2307691	4192.94871781	4181.92307679	4171.28205115	4186.92307679	4182.17948704	4222.17948711	4188.46153833	4093.33333299	4181.92307679	4223.4615384	
4184.74358961	4174.35897422	4152.43589723	4175.76923063	4185.38461525	4176.15384602	4167.17948697	4174.74358961	4164.35897415	4206.28205122	4170.64102551	4081.41025607	4164.23076903	4213.20512814	
4184.10256397	4175.25641012	4149.35897415	4175.51282038	4186.15384602	4178.07692294	4168.71794858	4172.05128192	4158.33333313	4203.07692301	4164.9999998	4078.71794837	4160.12820492	4208.33333327	
4185.12820499	4175.25641012	4148.33333313	4178.20512807	4187.4358973	4180.38461525	4169.48717935	4172.69230756	4159.48717928	4207.43589737	4169.48717935	4085.38461504	4163.46153826	4208.71794865	
4188.07692294	4171.5384614	4148.71794851	4173.97435884	4184.2307691	4177.4358973	4169.10256397	4171.28205115	4159.74358954	4203.97435891	4171.66666653	4087.69230735	4163.46153826	4208.4615384	
4187.69230756	4172.30769217	4157.3076921	4168.71794858	4185.89743576	4178.58974345	4168.20512807	4177.4358973	4168.07692287	4207.69230763	4176.41025628	4095.12820478	4171.28205115	4215.89743583	
4187.05128192	4175.76923063	4163.205128	4172.05128192	4189.10256397	4187.56410243	4169.48717935	4183.71794858	4177.30769217	4219.35897429	4179.99999986	4109.10256383	4182.17948704	4226.92307686	
4189.2307691	4171.66666653	4157.56410236	4174.87179474	4182.05128192	4187.4358973	4170.51282038	4177.94871781	4168.97435884	4215.64102558	4175.38461525	4108.58974332	4175.25641012	4226.02564096	
4189.74358961	4169.61538448	4154.48717928	4172.4358973	4177.30769217	4183.46153833	4169.2307691	4176.02564089	4162.82051262	4207.69230763	4174.2307691	4108.58974332	4166.92307672	4220.38461532	
4187.05128192	4171.92307679	4157.05128185	4172.56410243	4182.56410243	4186.28205115	4170.12820499	4182.94871781	4173.97435884	4213.58974352	4183.58974345	4122.56410229	4177.05128192	4224.23076917	
4185.51282038	4170.38461525	4154.23076903	4172.4358973	4181.92307679	4184.87179474	4171.92307679	4182.82051269	4178.46153833	4216.28205122	4187.82051269	4126.79487152	4184.35897422	4229.23076917	
4186.92307679	4170.38461525	4151.28205108	4171.79487166	4177.17948704	4178.46153833	4170.38461525	4179.48717935	4171.15384602	4207.43589737	4182.05128192	4121.28205101	4175.38461525	4225.7692307	
4188.20512807	4170.89743576	4150.76923056	4175.12820499	4177.17948704	4179.2307691	4168.20512807	4177.17948704	4164.74358954	4199.74358961	4175.76923063	4122.05128178	4166.15384595	4214.23076917	
4187.05128192	4168.71794858	4145.89743569	4177.4358973	4178.97435884	4181.5384614	4167.82051262	4169.61538448	4159.48717928	4197.82051269	4171.15384602	4121.28205101	4163.84615364	4206.28205122	
4184.74358961	4168.58974345	4146.41025621	4176.66666653	4182.94871781	4178.71794858	4168.84615371	4171.28205115	4162.82051262	4202.69230763	4174.99999986	4122.30769203	4167.94871774	4214.99999993	
4183.58974345	4172.94871781	4154.61538441	4178.97435884	4183.84615371	4176.92307679	4169.87179474	4184.35897422	4174.35897422	4211.41025634	4184.61538448	4132.05128178	4177.17948704	4224.87179481	
4182.30769217	4174.61538448	4155.12820492	4179.87179474	4177.17948704	4175.12820499	4169.74358961	4182.82051269	4173.46153833	4207.69230763	4184.74358961	4134.35897408	4177.82051269	4218.20512814	
4181.79487166	4170.64102551	4146.66666646	4176.15384602	4174.35897422	4173.3333332	4169.48717935	4169.74358961	4161.53846133	4195.51282038	4176.66666653	4126.02564075	4169.99999986	4208.33333327	
4180.51282038	4168.20512807	4143.84615364	4174.48717935	4175.38461525	4172.82051269	4169.10256397	4168.46153833	4159.1025639	4193.97435884	4175.51282038	4121.53846126	4166.28205108	4207.5641025	
4178.46153833	4168.84615371	4150.25641005	4174.48717935	4169.48717935	4172.4358973	4167.94871774	4174.61538448	4164.61538441	4200.25641012	4178.07692294	4127.05128178	4168.84615371	4208.84615378	
4179.74358961	4169.35897422	4153.97435877	4175.38461525	4168.58974345	4176.92307679	4171.5384614	4176.15384602	4169.48717935	4204.99999993	4180.51282038	4135.51282031	4173.20512807	4210.64102558	
4183.84615371	4169.61538448	4151.15384595	4177.05128192	4176.66666653	4182.69230756	4173.46153833	4176.66666653	4169.87179474	4203.4615384	4188.20512807	4138.33333313	4177.05128192	4213.4615384	
4184.87179474	4169.48717935	4152.56410236	4173.71794858	4176.92307679	4178.71794858	4167.3076921	4176.41025628	4167.69230749	4198.20512807	4188.71794858	4137.94871774	4175.38461525	4210.89743583	
4182.4358973	4168.58974345	4158.07692287	4168.71794858	4168.3333332	4169.61538448	4163.46153826	4173.3333332	4164.87179467	4195.25641012	4179.74358961	4137.05128185	4168.71794858	4208.97435891	
4180.51282038	4167.94871774	4156.53846133	4169.99999986	4162.56410236	4169.35897422	4166.66666646	4168.20512807	4157.69230749	4189.61538448	4172.05128192	4136.41025621	4163.33333313	4208.33333327	
4181.92307679	4168.84615371	4153.205128	4174.10256397	4167.17948697	4175.76923063	4168.58974345	4164.61538441	4150.51282031	4181.41025628	4167.69230749	4134.99999973	4160.12820492	4205.64102558	
4186.79487166	4171.41025628	4160.64102544	4174.74358961	4176.02564089	4179.87179474	4170.64102551	4166.28205108	4152.69230749	4180.51282038	4167.05128185	4131.53846126	4159.74358954	4206.02564096	
4189.2307691	4173.07692294	4166.79487159	4174.87179474	4179.48717935	4179.99999986	4174.87179474	4169.87179474	4158.97435877	4181.5384614	4166.53846133	4131.28205101	4160.89743569	4209.99999993	
4186.66666653	4174.61538448	4160.25641005	4175.38461525	4178.84615371	4180.76923063	4173.97435884	4172.69230756	4160.12820492	4180.64102551	4168.20512807	4136.92307672	4163.07692287	4210.12820506	
4185.25641012	4174.74358961	4151.66666646	4175.38461525	4180.38461525	4184.61538448	4170.38461525	4176.28205115	4162.43589723	4186.79487166	4173.3333332	4136.02564082	4164.74358954	4208.97435891	
4184.74358961	4171.92307679	4149.35897415	4177.17948704	4184.61538448	4186.28205115	4168.97435884	4173.71794858	4163.07692287	4194.48717935	4172.82051269	4129.48717921	4163.46153826	4205.64102558	
4181.28205115	4167.05128185	4148.33333313	4176.15384602	4183.84615371	4179.87179474	4167.17948697	4169.61538448	4159.23076903	4192.69230756	4168.71794858	4130.64102537	4160.76923056	4200.38461525	
4179.99999986	4168.84615371	4149.35897415	4173.3333332	4177.82051269	4173.46153833	4168.46153833	4177.30769217	4166.53846133	4196.5384614	4177.69230756	4136.79487159	4166.66666646	4207.30769224	
4183.3333332	4175.51282038	4162.69230749	4175.89743576	4171.5384614	4173.58974345	4172.56410243	4183.84615371	4178.07692294	4204.35897429	4191.28205115	4143.97435877	4179.35897422	4222.69230763	
4187.30769217	4175.51282038	4177.82051269	4180.25641012	4173.58974345	4175.12820499	4171.79487166	4182.69230756	4179.35897422	4200.89743576	4188.20512807	4154.35897415	4185.64102551	4227.69230763	
4190.89743576	4176.92307679	4176.5384614	4178.84615371	4177.30769217	4175.25641012	4167.56410236	4183.97435884	4177.56410243	4192.69230756	4181.28205115	4156.41025621	4181.66666653	4224.23076917	
4190.12820499	4176.92307679	4173.07692294	4174.74358961	4173.71794858	4178.97435884	4166.79487159	4181.92307679	4173.20512807	4186.02564089	4181.02564089	4152.69230749	4174.74358961	4223.4615384	
4188.97435884	4173.20512807	4176.92307679	4173.46153833	4172.4358973	4182.56410243	4167.05128185	4176.92307679	4168.3333332	4182.82051269	4180.12820499	4160.64102544	4172.69230756	4224.87179481	
4192.05128192	4178.3333332	4182.05128192	4177.30769217	4179.74358961	4183.07692294	4169.10256397	4180.38461525	4173.71794858	4185.12820499	4180.64102551	4168.97435884	4174.2307691	4226.6666666	
4193.20512807	4187.05128192	4181.41025628	4183.58974345	4188.46153833	4186.79487166	4171.41025628	4189.87179474	4185.64102551	4192.56410243	4187.4358973	4170.89743576	4181.66666653	4233.97435898	
4189.74358961	4183.84615371	4177.56410243	4181.66666653	4187.69230756	4187.69230756	4170.76923063	4195.12820499	4191.66666653	4197.30769217	4195.25641012	4179.48717935	4191.5384614	4239.61538462	
4186.92307679	4179.87179474	4175.76923063	4179.87179474	4182.05128192	4183.07692294	4169.87179474	4193.58974345	4188.20512807	4196.15384602	4194.2307691	4183.07692294	4189.10256397	4232.82051275	
4186.5384614	4185.89743576	4174.35897422	4185.64102551	4179.61538448	4181.92307679	4170.64102551	4189.48717935	4182.30769217	4199.10256397	4189.48717935	4173.84615371	4183.84615371	4221.92307686	
4185.76923063	4186.5384614	4173.20512807	4185.38461525	4181.41025628	4184.61538448	4171.5384614	4189.2307691	4184.99999986	4204.35897429	4190.51282038	4173.20512807	4188.46153833	4222.17948711	
4184.99999986	4178.46153833	4169.99999986	4178.07692294	4181.79487166	4182.4358973	4170.12820499	4188.3333332	4185.76923063	4201.92307686	4191.02564089	4180.64102551	4187.69230756	4224.99999993	
4183.97435884	4174.10256397	4167.94871774	4174.48717935	4174.74358961	4173.20512807	4164.9999998	4185.12820499	4176.41025628	4194.87179474	4185.38461525	4181.5384614	4176.02564089	4219.61538455	
4183.07692294	4173.84615371	4168.84615371	4173.46153833	4169.10256397	4167.82051262	4163.205128	4180.25641012	4167.43589723	4187.82051269	4176.66666653	4180.76923063	4169.35897422	4211.6666666	
4184.10256397	4174.2307691	4169.87179474	4173.97435884	4171.66666653	4170.76923063	4172.17948704	4176.28205115	4165.12820492	4180.76923063	4174.87179474	4183.97435884	4170.25641012	4210.51282045	
4185.89743576	4178.07692294	4173.46153833	4177.4358973	4176.79487166	4179.35897422	4180.89743576	4182.82051269	4175.64102551	4183.58974345	4184.61538448	4195.64102551	4177.05128192	4221.15384609	
4187.69230756	4180.76923063	4176.92307679	4178.97435884	4178.3333332	4183.58974345	4180.64102551	4193.46153833	4188.07692294	4194.61538448	4191.92307679	4209.48717942	4183.46153833	4232.82051275	
4187.4358973	4175.51282038	4174.48717935	4173.3333332	4175.64102551	4178.46153833	4174.2307691	4190.51282038	4181.66666653	4189.2307691	4183.84615371	4211.6666666	4179.48717935	4229.61538455	
4186.02564089	4170.38461525	4164.9999998	4167.17948697	4172.94871781	4175.64102551	4166.41025621	4179.61538448	4171.02564089	4177.4358973	4177.56410243	4210.64102558	4175.12820499	4221.92307686	
4187.30769217	4173.20512807	4161.28205108	4166.02564082	4176.02564089	4183.3333332	4167.05128185	4184.10256397	4180.38461525	4184.61538448	4187.05128192	4220.38461532	4183.07692294	4228.97435891	
4187.69230756	4172.94871781	4156.92307672	4167.3076921	4181.79487166	4188.07692294	4172.56410243	4194.2307691	4189.99999986	4196.15384602	4193.3333332	4226.53846147	4193.07692294	4240.38461539	
4185.76923063	4168.46153833	4146.41025621	4164.74358954	4179.10256397	4180.25641012	4168.84615371	4186.41025628	4178.46153833	4189.99999986	4183.3333332	4216.15384609	4186.92307679	4233.20512814	
4183.58974345	4168.20512807	4140.25641005	4162.94871774	4171.92307679	4173.3333332	4162.43589723	4171.92307679	4164.35897415	4176.5384614	4170.76923063	4205.64102558	4168.71794858	4213.20512814	
4179.35897422	4166.92307672	4134.8717946	4162.05128185	4167.69230749	4170.38461525	4164.1025639	4166.02564082	4156.92307672	4174.2307691	4163.07692287	4196.66666653	4156.41025621	4203.58974352	
4177.30769217	4166.66666646	4130.64102537	4160.12820492	4163.07692287	4165.89743569	4166.66666646	4168.3333332	4154.74358954	4180.38461525	4162.94871774	4187.82051269	4159.61538441	4205.51282045	
4181.28205115	4170.25641012	4135.25640998	4160.76923056	4159.61538441	4164.9999998	4166.02564082	4175.76923063	4163.33333313	4183.20512807	4171.66666653	4192.17948704	4168.84615371	4207.43589737	
4183.97435884	4171.5384614	4143.33333313	4165.64102544	4161.92307672	4166.79487159	4166.15384595	4179.74358961	4169.10256397	4178.84615371	4179.61538448	4199.48717935	4168.3333332	4206.53846147	
4184.87179474	4172.05128192	4147.17948697	4172.69230756	4164.9999998	4170.25641012	4170.76923063	4178.07692294	4165.64102544	4174.99999986	4176.28205115	4194.35897422	4166.79487159	4208.58974352	
4186.02564089	4174.10256397	4148.205128	4175.64102551	4164.74358954	4176.15384602	4174.48717935	4172.82051269	4161.66666646	4172.30769217	4165.64102544	4188.3333332	4169.74358961	4212.94871788	
4185.25641012	4170.25641012	4146.53846133	4169.74358961	4163.205128	4175.25641012	4170.25641012	4164.87179467	4155.76923056	4160.76923056	4158.07692287	4187.17948704	4162.3076921	4209.23076917	
4187.69230756	4170.38461525	4149.1025639	4168.71794858	4166.53846133	4171.5384614	4169.2307691	4165.76923056	4152.82051262	4152.82051262	4159.61538441	4186.5384614	4153.58974339	4205.89743583	
4191.5384614	4178.20512807	4159.87179467	4177.56410243	4176.28205115	4179.87179474	4176.28205115	4174.87179474	4162.17948697	4162.17948697	4167.3076921	4189.61538448	4164.74358954	4214.87179481	
4189.74358961	4178.84615371	4166.53846133	4179.35897422	4183.20512807	4187.05128192	4179.35897422	4178.07692294	4171.5384614	4171.79487166	4173.20512807	4192.17948704	4179.48717935	4225.7692307	
4189.10256397	4178.20512807	4164.9999998	4175.25641012	4184.74358961	4181.02564089	4173.58974345	4179.99999986	4173.46153833	4176.02564089	4177.05128192	4191.28205115	4179.10256397	4226.28205122	
4190.51282038	4181.15384602	4163.71794851	4177.94871781	4183.84615371	4181.15384602	4171.79487166	4187.4358973	4179.99999986	4182.4358973	4179.2307691	4193.46153833	4178.71794858	4224.99999993	
4187.69230756	4181.5384614	4168.3333332	4177.82051269	4181.28205115	4186.5384614	4174.87179474	4190.64102551	4186.79487166	4183.07692294	4180.12820499	4194.61538448	4183.71794858	4231.15384609	
4186.66666653	4180.76923063	4174.87179474	4176.79487166	4180.51282038	4183.20512807	4174.61538448	4191.79487166	4184.99999986	4181.02564089	4184.99999986	4197.17948704	4187.56410243	4235.12820513	
4191.15384602	4182.4358973	4178.3333332	4184.87179474	4180.64102551	4179.74358961	4174.10256397	4193.84615371	4184.74358961	4184.10256397	4191.79487166	4203.58974352	4191.66666653	4231.92307686	
4193.07692294	4182.05128192	4178.46153833	4188.58974345	4181.02564089	4180.89743576	4175.25641012	4191.66666653	4185.89743576	4185.51282038	4191.15384602	4201.15384609	4189.10256397	4225.7692307	
4188.71794858	4184.10256397	4172.17948704	4185.76923063	4182.30769217	4181.02564089	4176.15384602	4190.89743576	4184.10256397	4181.41025628	4186.02564089	4191.5384614	4180.12820499	4222.43589737	
4187.56410243	4189.2307691	4165.64102544	4188.71794858	4186.02564089	4180.64102551	4176.41025628	4192.69230756	4184.48717935	4180.51282038	4185.64102551	4191.41025628	4179.87179474	4223.33333327	
4191.28205115	4187.4358973	4169.87179474	4192.05128192	4189.87179474	4182.56410243	4177.56410243	4191.66666653	4188.97435884	4186.92307679	4190.76923063	4197.94871781	4189.61538448	4224.10256404	
4193.71794858	4185.38461525	4181.41025628	4191.41025628	4193.07692294	4186.02564089	4179.74358961	4195.25641012	4197.82051269	4193.58974345	4194.10256397	4201.92307686	4194.99999986	4232.5641025	
4197.56410243	4191.79487166	4189.35897422	4196.66666653	4194.2307691	4192.94871781	4181.41025628	4205.89743583	4207.94871788	4196.79487166	4194.48717935	4210.12820506	4199.10256397	4245.51282052	
4199.87179474	4198.71794858	4195.51282038	4199.87179474	4194.74358961	4196.79487166	4181.41025628	4211.53846147	4214.61538455	4202.43589737	4198.3333332	4222.82051275	4209.87179481	4249.35897436	
4196.15384602	4193.3333332	4197.82051269	4193.58974345	4194.87179474	4193.20512807	4179.87179474	4208.97435891	4213.58974352	4207.69230763	4202.05128199	4223.71794865	4212.94871788	4244.87179488	
4193.71794858	4185.12820499	4192.94871781	4192.30769217	4192.56410243	4189.2307691	4179.10256397	4201.41025634	4202.17948711	4199.35897422	4191.41025628	4215.12820506	4199.61538448	4237.82051282	
4193.97435884	4186.79487166	4187.94871781	4191.66666653	4188.20512807	4189.61538448	4177.56410243	4193.46153833	4190.12820499	4188.07692294	4178.20512807	4214.10256404	4187.94871781	4232.82051275	
4191.92307679	4189.10256397	4188.3333332	4184.48717935	4183.97435884	4187.30769217	4177.05128192	4194.10256397	4187.69230756	4191.15384602	4180.38461525	4221.53846147	4191.41025628	4233.20512814	
4186.41025628	4184.35897422	4187.30769217	4182.56410243	4181.28205115	4182.17948704	4177.17948704	4193.46153833	4187.30769217	4190.51282038	4185.25641012	4225.25641019	4191.41025628	4232.82051275	
4184.87179474	4178.71794858	4182.30769217	4187.69230756	4179.2307691	4182.30769217	4176.5384614	4187.69230756	4185.25641012	4181.02564089	4177.69230756	4225.51282045	4182.4358973	4229.48717942	
4192.17948704	4181.28205115	4184.35897422	4191.5384614	4184.61538448	4186.28205115	4178.84615371	4195.12820499	4191.15384602	4183.3333332	4176.79487166	4230.64102558	4186.92307679	4234.61538462	
4197.94871781	4187.05128192	4187.69230756	4196.28205115	4193.07692294	4186.92307679	4180.38461525	4205.51282045	4197.82051269	4192.82051269	4185.76923063	4234.74358975	4196.15384602	4239.74358975	
4194.35897422	4187.69230756	4182.94871781	4202.43589737	4195.12820499	4187.69230756	4178.07692294	4200.64102551	4198.71794858	4193.07692294	4189.48717935	4233.97435898	4195.76923063	4236.66666667	
4194.10256397	4188.3333332	4181.5384614	4201.79487173	4196.5384614	4191.5384614	4179.2307691	4201.79487173	4203.71794865	4193.3333332	4193.3333332	4242.30769231	4198.07692294	4238.97435898	
4199.87179474	4189.74358961	4189.48717935	4196.79487166	4198.3333332	4192.56410243	4183.07692294	4214.10256404	4207.94871788	4199.35897422	4198.46153833	4252.30769231	4205.89743583	4243.33333334	
4199.99999986	4185.25641012	4194.61538448	4194.74358961	4194.61538448	4188.46153833	4181.5384614	4209.87179481	4204.87179481	4196.15384602	4193.3333332	4246.28205129	4203.33333327	4241.53846154	
4195.38461525	4182.94871781	4190.76923063	4193.58974345	4193.46153833	4186.28205115	4178.58974345	4199.2307691	4199.74358961	4191.02564089	4186.92307679	4241.02564103	4197.4358973	4239.61538462	
4191.15384602	4186.28205115	4182.94871781	4191.5384614	4198.07692294	4188.58974345	4179.10256397	4206.15384609	4200.76923063	4197.4358973	4190.51282038	4248.07692308	4200.51282038	4239.23076923	
4190.12820499	4186.41025628	4184.61538448	4193.46153833	4197.69230756	4193.20512807	4181.02564089	4211.41025634	4203.71794865	4201.28205122	4194.87179474	4249.23076923	4203.97435891	4239.35897436	
4194.48717935	4184.35897422	4203.33333327	4197.56410243	4193.97435884	4192.17948704	4181.66666653	4199.74358961	4196.41025628	4189.99999986	4186.02564089	4240.25641026	4197.4358973	4236.53846154	
4198.07692294	4186.15384602	4211.02564096	4198.20512807	4189.74358961	4185.38461525	4180.12820499	4194.35897422	4189.99999986	4178.58974345	4177.30769217	4233.20512814	4189.61538448	4232.82051275	
4194.35897422	4184.48717935	4197.94871781	4193.46153833	4187.17948704	4185.51282038	4178.07692294	4202.30769224	4196.5384614	4184.61538448	4184.10256397	4233.4615384	4194.48717935	4237.56410257	
4190.51282038	4177.4358973	4192.05128192	4188.3333332	4191.41025628	4189.48717935	4179.2307691	4206.28205122	4204.87179481	4195.51282038	4190.51282038	4235.0	4200.12820499	4244.61538462	
4190.12820499	4176.66666653	4193.71794858	4187.69230756	4192.56410243	4185.89743576	4179.87179474	4199.2307691	4196.79487166	4193.71794858	4182.82051269	4228.20512814	4194.10256397	4235.51282052	
4189.2307691	4177.82051269	4188.97435884	4191.15384602	4188.07692294	4182.30769217	4177.69230756	4189.61538448	4180.89743576	4186.28205115	4173.58974345	4212.82051275	4183.46153833	4221.53846147	
4187.82051269	4179.87179474	4188.84615371	4195.12820499	4189.2307691	4185.64102551	4179.35897422	4188.3333332	4178.97435884	4184.10256397	4173.07692294	4202.69230763	4176.5384614	4218.33333327	
4188.3333332	4183.46153833	4195.38461525	4196.79487166	4192.82051269	4184.10256397	4182.82051269	4189.87179474	4182.56410243	4183.3333332	4173.97435884	4197.94871781	4177.30769217	4214.61538455	
4188.84615371	4179.61538448	4189.10256397	4192.94871781	4188.46153833	4177.69230756	4180.25641012	4184.2307691	4171.5384614	4175.38461525	4167.69230749	4189.74358961	4174.99999986	4206.53846147	
4185.38461525	4174.61538448	4182.94871781	4186.41025628	4185.76923063	4177.4358973	4176.66666653	4180.12820499	4162.05128185	4172.30769217	4163.84615364	4185.38461525	4170.76923063	4205.89743583	
4185.76923063	4177.05128192	4190.64102551	4187.17948704	4186.02564089	4177.94871781	4177.69230756	4187.69230756	4174.74358961	4183.3333332	4172.69230756	4188.58974345	4177.56410243	4213.33333327	
4191.02564089	4182.30769217	4197.05128192	4192.30769217	4184.99999986	4177.94871781	4179.61538448	4194.99999986	4184.35897422	4191.66666653	4182.05128192	4187.94871781	4187.30769217	4219.23076917	
4192.4358973	4179.87179474	4197.56410243	4191.79487166	4187.69230756	4182.69230756	4179.74358961	4191.79487166	4177.94871781	4187.94871781	4178.97435884	4183.58974345	4183.71794858	4221.79487173	
4188.58974345	4173.46153833	4192.17948704	4185.51282038	4186.28205115	4182.94871781	4179.74358961	4188.20512807	4174.61538448	4183.84615371	4173.07692294	4178.71794858	4176.92307679	4218.71794865	
4183.84615371	4166.66666646	4187.56410243	4178.46153833	4177.94871781	4178.71794858	4175.12820499	4182.94871781	4170.51282038	4180.12820499	4168.71794858	4171.02564089	4172.4358973	4210.51282045	
4184.99999986	4164.74358954	4188.97435884	4176.15384602	4178.58974345	4177.56410243	4171.92307679	4174.61538448	4163.33333313	4173.97435884	4160.89743569	4164.74358954	4165.89743569	4208.71794865	
4188.97435884	4170.89743576	4189.99999986	4176.41025628	4186.5384614	4180.51282038	4176.66666653	4175.89743576	4165.25641005	4172.94871781	4160.64102544	4168.58974345	4167.17948697	4214.61538455	
4187.4358973	4173.07692294	4189.87179474	4179.35897422	4184.87179474	4177.30769217	4179.61538448	4185.25641012	4171.02564089	4175.51282038	4169.87179474	4173.71794858	4176.02564089	4219.99999993	
4186.5384614	4174.2307691	4196.79487166	4187.4358973	4179.74358961	4176.15384602	4177.56410243	4194.35897422	4179.99999986	4179.61538448	4177.56410243	4176.02564089	4185.12820499	4225.89743583	
4190.89743576	4180.89743576	4200.64102551	4191.15384602	4178.46153833	4180.64102551	4177.69230756	4196.66666653	4187.69230756	4184.35897422	4180.51282038	4177.05128192	4187.30769217	4231.41025634	
4191.92307679	4181.92307679	4195.25641012	4189.35897422	4177.17948704	4180.38461525	4178.84615371	4190.38461525	4181.15384602	4182.94871781	4180.38461525	4176.02564089	4181.15384602	4229.48717942	
4187.05128192	4173.84615371	4191.28205115	4188.97435884	4175.51282038	4171.66666653	4176.15384602	4183.07692294	4170.76923063	4176.79487166	4172.94871781	4171.79487166	4173.20512807	4222.43589737	
4184.10256397	4171.66666653	4188.84615371	4183.84615371	4171.92307679	4165.76923056	4173.58974345	4178.71794858	4164.61538441	4173.58974345	4164.35897415	4164.87179467	4165.64102544	4215.7692307	
4186.15384602	4175.51282038	4190.12820499	4174.87179474	4171.28205115	4169.48717935	4174.35897422	4182.05128192	4166.02564082	4173.71794858	4168.84615371	4164.61538441	4168.58974345	4219.74358968	
4188.3333332	4171.15384602	4197.05128192	4176.66666653	4176.28205115	4171.15384602	4174.48717935	4188.97435884	4178.3333332	4176.02564089	4181.02564089	4171.41025628	4180.76923063	4229.74358968	
4188.20512807	4168.07692287	4197.30769217	4180.64102551	4178.58974345	4170.89743576	4173.46153833	4186.28205115	4180.64102551	4178.07692294	4176.5384614	4170.64102551	4180.64102551	4227.30769224	
4186.15384602	4170.64102551	4191.15384602	4175.12820499	4176.28205115	4172.05128192	4172.82051269	4179.74358961	4168.3333332	4173.84615371	4166.02564082	4163.97435877	4171.66666653	4220.51282045	
4184.87179474	4168.07692287	4196.5384614	4174.99999986	4173.20512807	4169.87179474	4173.07692294	4181.41025628	4165.25641005	4171.92307679	4171.28205115	4165.12820492	4171.92307679	4223.71794865	
4183.71794858	4167.43589723	4203.97435891	4178.58974345	4169.35897422	4168.71794858	4174.2307691	4182.05128192	4169.48717935	4174.35897422	4175.76923063	4171.66666653	4173.71794858	4226.53846147	
4183.20512807	4169.10256397	4191.02564089	4171.41025628	4169.48717935	4172.17948704	4173.46153833	4173.07692294	4163.84615364	4169.10256397	4164.87179467	4168.58974345	4166.02564082	4218.33333327	
4184.48717935	4169.35897422	4183.84615371	4174.10256397	4174.99999986	4173.58974345	4175.25641012	4170.51282038	4157.94871774	4162.05128185	4157.05128185	4163.205128	4159.9999998	4211.41025634	
4186.92307679	4178.84615371	4196.79487166	4190.12820499	4178.58974345	4173.07692294	4179.74358961	4177.82051269	4162.56410236	4161.79487159	4162.05128185	4167.82051262	4161.02564082	4214.23076917	
4187.05128192	4186.15384602	4200.38461525	4189.10256397	4178.58974345	4177.30769217	4178.58974345	4176.28205115	4162.17948697	4157.94871774	4159.1025639	4177.4358973	4160.25641005	4217.17948711	
4186.5384614	4178.07692294	4193.3333332	4180.38461525	4179.87179474	4178.07692294	4176.92307679	4169.48717935	4156.53846133	4153.71794851	4151.28205108	4180.51282038	4154.87179467	4214.87179481	
4187.30769217	4175.38461525	4191.66666653	4184.99999986	4182.82051269	4174.61538448	4179.87179474	4171.28205115	4158.58974339	4158.97435877	4154.48717928	4179.87179474	4153.84615364	4208.58974352	
4183.97435884	4179.61538448	4185.64102551	4187.94871781	4179.48717935	4172.56410243	4178.07692294	4175.12820499	4160.12820492	4161.79487159	4156.53846133	4182.4358973	4158.07692287	4203.84615378	
4182.56410243	4177.17948704	4181.66666653	4184.99999986	4175.12820499	4172.30769217	4173.71794858	4179.87179474	4163.84615364	4165.51282031	4160.38461518	4192.82051269	4166.41025621	4211.6666666	
4190.51282038	4178.71794858	4191.15384602	4189.2307691	4179.2307691	4177.17948704	4177.69230756	4191.79487166	4180.89743576	4179.48717935	4175.12820499	4214.35897429	4178.97435884	4227.05128199	
4193.20512807	4186.66666653	4190.76923063	4193.46153833	4187.4358973	4186.5384614	4181.15384602	4201.28205122	4196.92307679	4192.05128192	4186.02564089	4230.89743583	4187.82051269	4235.51282052	
4190.25641012	4185.76923063	4180.25641012	4193.07692294	4186.28205115	4187.30769217	4177.56410243	4205.51282045	4200.38461525	4197.30769217	4187.17948704	4233.4615384	4194.35897422	4238.33333334	
4192.82051269	4183.97435884	4179.48717935	4192.30769217	4182.56410243	4183.3333332	4175.38461525	4209.10256404	4201.6666666	4198.3333332	4192.05128192	4235.51282052	4199.99999986	4243.07692308	
4193.84615371	4188.97435884	4182.4358973	4189.2307691	4187.69230756	4187.82051269	4176.66666653	4206.92307686	4203.20512814	4192.4358973	4193.97435884	4240.25641026	4197.17948704	4241.53846154	
4192.17948704	4188.58974345	4187.56410243	4190.89743576	4191.41025628	4189.48717935	4177.69230756	4206.41025634	4204.99999993	4190.64102551	4192.30769217	4244.35897436	4196.41025628	4238.97435898	
4194.61538448	4183.20512807	4196.28205115	4193.3333332	4189.87179474	4184.35897422	4176.66666653	4212.05128199	4212.17948711	4198.07692294	4198.58974345	4254.10256411	4205.12820506	4243.33333334	
4197.30769217	4186.28205115	4199.2307691	4190.38461525	4190.38461525	4187.69230756	4178.46153833	4212.5641025	4214.23076917	4198.97435884	4200.25641012	4262.6923077	4206.79487173	4245.25641026	
4196.5384614	4194.35897422	4201.15384609	4193.46153833	4192.94871781	4194.74358961	4178.97435884	4208.20512814	4208.84615378	4193.46153833	4190.89743576	4260.38461539	4201.02564096	4242.82051282	
4195.76923063	4191.15384602	4210.38461532	4194.74358961	4185.76923063	4187.4358973	4175.25641012	4202.43589737	4199.35897422	4183.58974345	4184.74358961	4260.76923077	4195.38461525	4241.66666667	
4196.66666653	4188.3333332	4225.7692307	4192.69230756	4180.64102551	4183.20512807	4177.17948704	4203.07692301	4197.4358973	4175.12820499	4184.2307691	4274.10256418	4192.30769217	4245.76923077	
4200.12820499	4199.10256397	4244.87179488	4201.28205122	4188.3333332	4193.71794858	4181.66666653	4214.87179481	4213.07692301	4181.28205115	4185.76923063	4294.61538469	4197.94871781	4255.0	
4202.43589737	4201.28205122	4254.35897436	4207.17948711	4186.02564089	4193.58974345	4178.97435884	4221.53846147	4220.7692307	4186.66666653	4191.02564089	4309.74358989	4201.41025634	4258.46153847	
4202.43589737	4201.28205122	4254.35897436	4207.17948711	4186.02564089	4193.58974345	4178.97435884	4221.53846147	4220.7692307	4186.66666653	4191.02564089	4309.74358989	4201.41025634	4258.46153847	
4199.61538448	4193.20512807	4253.33333334	4196.92307679	4175.64102551	4183.71794858	4176.15384602	4218.33333327	4213.71794865	4184.99999986	4196.02564089	4313.84615399	4199.2307691	4255.8974359	
4199.74358961	4191.41025628	4255.38461539	4191.41025628	4178.20512807	4185.64102551	4178.71794858	4228.84615378	4226.53846147	4195.25641012	4208.71794865	4325.00000014	4211.53846147	4264.48717949	
4200.51282038	4197.17948704	4256.53846154	4197.05128192	4185.64102551	4191.02564089	4180.12820499	4246.02564103	4249.87179488	4211.53846147	4229.23076917	4338.46153867	4230.7692307	4280.89743597	
4199.2307691	4195.25641012	4253.46153847	4196.15384602	4178.46153833	4185.25641012	4179.10256397	4243.97435898	4250.51282052	4211.15384609	4238.97435898	4334.10256431	4234.61538462	4284.74358982	
4200.38461525	4187.94871781	4251.15384616	4192.69230756	4174.48717935	4184.87179474	4178.07692294	4243.20512821	4253.46153847	4212.69230763	4239.35897436	4329.3589745	4237.30769231	4283.46153853	
4201.6666666	4189.10256397	4247.56410257	4194.87179474	4185.89743576	4195.25641012	4178.07692294	4256.66666667	4273.84615392	4226.41025634	4251.15384616	4332.43589765	4253.07692308	4291.923077	
4201.02564096	4194.35897422	4237.56410257	4196.28205115	4187.30769217	4196.28205115	4178.58974345	4252.17948718	4265.51282052	4224.99999993	4248.20512821	4315.12820527	4248.33333334	4291.15384623	
4200.76923063	4191.15384602	4224.87179481	4194.99999986	4182.05128192	4191.41025628	4178.46153833	4232.05128199	4235.51282052	4212.05128199	4218.33333327	4285.1282052	4223.97435891	4274.61538469	
4199.48717935	4189.2307691	4214.61538455	4198.97435884	4190.64102551	4196.02564089	4180.25641012	4232.30769224	4238.71794872	4215.38461532	4216.28205122	4276.79487187	4226.02564096	4269.10256418	
4199.99999986	4199.99999986	4212.05128199	4207.17948711	4203.71794865	4203.4615384	4184.99999986	4240.25641026	4251.02564103	4225.12820506	4231.79487173	4272.94871802	4232.82051275	4274.74358982	
4202.43589737	4203.58974352	4210.51282045	4203.84615378	4204.23076917	4201.92307686	4186.15384602	4226.79487173	4227.69230763	4213.20512814	4213.4615384	4249.10256411	4209.74358968	4266.79487187	
4200.25641012	4192.30769217	4199.74358961	4193.71794858	4197.05128192	4196.66666653	4183.3333332	4213.07692301	4207.43589737	4198.97435884	4192.56410243	4230.51282045	4196.5384614	4252.30769231	
4198.97435884	4191.15384602	4192.69230756	4193.84615371	4195.12820499	4197.69230756	4180.64102551	4223.71794865	4225.12820506	4208.84615378	4207.5641025	4233.33333327	4216.53846147	4256.53846154	
4200.89743576	4197.69230756	4194.87179474	4199.87179474	4197.56410243	4200.89743576	4179.87179474	4233.84615385	4236.15384616	4216.53846147	4221.15384609	4238.07692308	4227.43589737	4265.76923077	
4198.84615371	4194.35897422	4192.30769217	4196.79487166	4197.82051269	4199.10256397	4182.4358973	4217.43589737	4209.35897429	4200.51282038	4199.48717935	4226.02564096	4204.87179481	4256.15384616	
4196.66666653	4191.66666653	4193.97435884	4196.02564089	4196.92307679	4195.64102551	4183.46153833	4207.05128199	4201.6666666	4195.25641012	4194.10256397	4217.43589737	4196.5384614	4248.46153847	
4199.48717935	4196.92307679	4203.84615378	4202.69230763	4198.84615371	4200.12820499	4185.12820499	4226.15384609	4232.17948711	4213.84615378	4219.61538455	4225.89743583	4220.89743583	4262.30769231	
4201.53846147	4195.64102551	4201.6666666	4201.28205122	4197.56410243	4201.92307686	4185.25641012	4235.25641026	4237.05128206	4217.30769224	4217.05128199	4228.58974352	4226.41025634	4270.1282052	
4198.07692294	4190.89743576	4189.2307691	4194.74358961	4196.41025628	4197.30769217	4182.56410243	4219.61538455	4212.05128199	4207.30769224	4197.69230756	4217.69230763	4204.35897429	4260.64102564	
4195.76923063	4192.4358973	4186.41025628	4193.20512807	4200.38461525	4199.48717935	4183.84615371	4221.41025634	4219.99999993	4214.10256404	4216.02564096	4212.17948711	4212.5641025	4260.76923077	
4197.17948704	4190.76923063	4186.5384614	4194.10256397	4201.15384609	4201.28205122	4184.99999986	4238.97435898	4243.97435898	4228.20512814	4235.76923077	4214.61538455	4237.6923077	4267.56410264	
4196.79487166	4184.99999986	4177.69230756	4192.94871781	4199.10256397	4198.84615371	4181.15384602	4231.53846147	4229.48717942	4224.10256404	4211.92307686	4206.6666666	4224.99999993	4258.07692308	
4195.64102551	4186.92307679	4171.15384602	4190.64102551	4201.53846147	4200.38461525	4180.76923063	4214.48717942	4205.38461532	4209.10256404	4193.58974345	4192.69230756	4204.10256404	4246.53846154	
4195.25641012	4192.56410243	4171.79487166	4192.82051269	4204.10256404	4201.79487173	4185.38461525	4212.30769224	4202.94871788	4203.58974352	4200.76923063	4184.35897422	4200.38461525	4246.02564103	
4192.69230756	4192.82051269	4171.15384602	4197.17948704	4201.6666666	4197.30769217	4184.74358961	4211.02564096	4202.05128199	4207.43589737	4192.4358973	4173.58974345	4193.07692294	4245.51282052	
4193.20512807	4192.30769217	4170.51282038	4196.79487166	4198.58974345	4196.92307679	4180.64102551	4201.79487173	4191.66666653	4203.20512814	4170.38461525	4162.94871774	4183.20512807	4241.02564103	
4198.07692294	4192.69230756	4170.38461525	4195.38461525	4199.74358961	4198.3333332	4181.28205115	4198.46153833	4186.92307679	4191.28205115	4172.4358973	4155.12820492	4184.35897422	4239.61538462	
4199.10256397	4192.82051269	4172.69230756	4197.17948704	4200.38461525	4192.82051269	4185.64102551	4206.92307686	4199.10256397	4194.2307691	4194.74358961	4158.07692287	4197.30769217	4242.43589744	
4194.61538448	4189.99999986	4171.66666653	4194.35897422	4193.58974345	4189.87179474	4184.48717935	4214.48717942	4208.33333327	4204.99999993	4199.61538448	4170.89743576	4203.07692301	4242.17948718	
4194.10256397	4186.92307679	4169.74358961	4192.56410243	4192.30769217	4196.28205115	4179.87179474	4212.30769224	4202.5641025	4200.51282038	4191.28205115	4183.07692294	4195.51282038	4238.33333334	
4198.97435884	4189.99999986	4172.82051269	4197.94871781	4203.07692301	4203.71794865	4184.61538448	4210.51282045	4204.61538455	4196.15384602	4197.94871781	4194.74358961	4194.87179474	4241.28205129	
4199.74358961	4196.79487166	4176.5384614	4199.35897422	4207.17948711	4202.30769224	4189.99999986	4215.38461532	4216.53846147	4205.25641019	4210.7692307	4208.97435891	4206.02564096	4246.02564103	
4198.07692294	4200.89743576	4178.46153833	4198.20512807	4206.02564096	4200.64102551	4186.41025628	4218.84615378	4218.07692301	4211.92307686	4207.82051275	4218.33333327	4209.87179481	4246.41025641	
4200.89743576	4201.15384609	4179.61538448	4205.51282045	4211.28205122	4209.35897429	4187.4358973	4225.12820506	4219.87179481	4210.89743583	4201.02564096	4228.4615384	4211.28205122	4253.58974359	
4203.97435891	4202.17948711	4181.15384602	4210.25641019	4215.64102558	4212.17948711	4191.5384614	4232.5641025	4229.99999993	4212.82051275	4212.30769224	4246.66666667	4216.53846147	4262.82051282	
4200.25641012	4202.30769224	4177.94871781	4206.02564096	4210.64102558	4204.74358968	4190.38461525	4230.12820506	4227.94871788	4213.97435891	4219.23076917	4253.20512821	4211.15384609	4258.97435898	
4198.20512807	4202.5641025	4177.17948704	4204.61538455	4207.5641025	4202.30769224	4191.15384602	4224.99999993	4217.69230763	4209.74358968	4204.35897429	4252.30769231	4206.02564096	4252.56410257	
4201.6666666	4203.71794865	4181.5384614	4208.07692301	4208.33333327	4205.89743583	4191.79487166	4224.61538455	4217.5641025	4206.79487173	4192.56410243	4263.84615385	4208.97435891	4253.71794872	
4202.82051275	4201.15384609	4183.71794858	4208.84615378	4209.61538455	4203.33333327	4189.99999986	4226.6666666	4223.58974352	4208.20512814	4203.97435891	4275.64102571	4211.28205122	4256.28205129	
4203.58974352	4203.20512814	4190.25641012	4209.74358968	4213.97435891	4201.92307686	4192.30769217	4231.02564096	4229.48717942	4209.23076917	4222.5641025	4287.94871802	4213.97435891	4258.58974359	
4202.69230763	4205.51282045	4192.4358973	4209.48717942	4213.07692301	4203.07692301	4192.94871781	4235.25641026	4232.05128199	4209.61538455	4226.53846147	4298.07692315	4214.48717942	4260.38461539	
4199.48717935	4201.28205122	4183.07692294	4205.25641019	4206.41025634	4200.25641012	4187.69230756	4227.69230763	4225.89743583	4209.61538455	4214.61538455	4297.30769238	4208.4615384	4257.43589744	
4196.92307679	4196.28205115	4175.25641012	4198.58974345	4203.97435891	4200.64102551	4186.15384602	4222.5641025	4221.41025634	4207.05128199	4207.69230763	4299.74358989	4210.64102558	4255.51282052	
4196.15384602	4194.87179474	4175.51282038	4195.89743576	4204.74358968	4200.25641012	4186.79487166	4231.6666666	4227.17948711	4208.07692301	4217.30769224	4311.92307707	4222.30769224	4257.82051282	
4197.17948704	4195.38461525	4180.51282038	4201.15384609	4206.6666666	4198.07692294	4185.51282038	4236.66666667	4233.4615384	4220.12820506	4229.10256404	4320.00000014	4222.43589737	4261.28205129	
4200.89743576	4200.76923063	4184.61538448	4208.20512814	4210.51282045	4201.28205122	4187.30769217	4237.05128206	4237.56410257	4223.07692301	4233.07692301	4314.23076937	4218.07692301	4263.46153847	
4202.5641025	4203.84615378	4182.30769217	4204.87179481	4211.15384609	4202.94871788	4187.05128192	4240.38461539	4238.46153847	4213.58974352	4235.0	4302.17948732	4221.79487173	4264.61538462	
4199.35897422	4194.10256397	4173.58974345	4194.99999986	4209.35897429	4199.48717935	4184.74358961	4235.8974359	4229.61538455	4212.5641025	4230.25641019	4289.35897443	4221.41025634	4261.66666667	
4200.38461525	4189.35897422	4174.2307691	4199.2307691	4207.5641025	4199.35897422	4189.61538448	4226.41025634	4222.5641025	4215.38461532	4222.69230763	4279.87179495	4211.41025634	4252.82051282	
4203.58974352	4198.97435884	4186.79487166	4212.30769224	4206.15384609	4204.10256404	4192.56410243	4228.71794865	4227.17948711	4211.53846147	4226.6666666	4278.97435905	4207.69230763	4250.0	
4203.58974352	4201.79487173	4190.38461525	4212.30769224	4209.10256404	4204.23076917	4189.10256397	4233.07692301	4229.10256404	4208.58974352	4230.89743583	4280.38461546	4213.71794865	4255.51282052	
4203.07692301	4194.87179474	4188.20512807	4206.28205122	4215.38461532	4203.97435891	4190.76923063	4224.35897429	4219.87179481	4208.84615378	4218.33333327	4283.84615392	4208.20512814	4255.38461539	
4202.82051275	4197.69230756	4189.48717935	4209.10256404	4215.7692307	4204.99999993	4194.48717935	4217.69230763	4212.30769224	4206.15384609	4211.6666666	4289.48717956	4194.2307691	4248.97435898	
4202.82051275	4197.69230756	4189.48717935	4209.10256404	4215.7692307	4204.99999993	4194.48717935	4217.69230763	4212.30769224	4206.15384609	4211.6666666	4289.48717956	4194.2307691	4248.97435898	
4201.41025634	4202.82051275	4187.69230756	4211.28205122	4212.94871788	4205.7692307	4193.46153833	4224.87179481	4218.33333327	4202.43589737	4222.94871788	4298.33333341	4192.69230756	4246.53846154	
4200.51282038	4200.12820499	4186.02564089	4206.15384609	4215.51282045	4206.53846147	4190.76923063	4231.41025634	4227.30769224	4209.23076917	4230.38461532	4310.2564104	4201.41025634	4250.8974359	
4201.41025634	4201.15384609	4191.92307679	4205.89743583	4216.15384609	4202.94871788	4191.41025628	4232.94871788	4232.17948711	4220.89743583	4232.69230763	4328.84615399	4211.6666666	4256.92307693	
4201.79487173	4202.69230763	4195.51282038	4208.4615384	4211.02564096	4202.94871788	4194.61538448	4241.28205129	4243.33333334	4227.30769224	4242.82051282	4349.35897457	4223.33333327	4263.71794872	
4203.20512814	4200.25641012	4192.17948704	4208.97435891	4211.53846147	4208.20512814	4194.61538448	4252.30769231	4258.46153847	4231.15384609	4254.48717949	4358.84615406	4232.82051275	4271.28205136	
4204.10256404	4201.92307686	4193.97435884	4208.84615378	4216.15384609	4207.05128199	4192.4358973	4255.64102564	4261.92307693	4233.07692301	4257.94871795	4363.46153867	4238.71794872	4275.64102571	
4200.64102551	4202.43589737	4194.10256397	4204.87179481	4213.71794865	4201.15384609	4190.76923063	4247.6923077	4246.53846154	4228.07692301	4244.48717949	4360.51282073	4232.5641025	4269.2307693	
4197.4358973	4193.58974345	4188.07692294	4199.48717935	4208.84615378	4200.89743576	4189.99999986	4236.02564103	4231.41025634	4220.12820506	4231.15384609	4348.33333355	4217.05128199	4260.64102564	
4199.35897422	4190.25641012	4186.79487166	4201.53846147	4212.5641025	4203.58974352	4191.41025628	4234.10256411	4236.28205129	4214.10256404	4239.48717949	4337.6923079	4212.94871788	4260.12820513	
4201.6666666	4198.71794858	4190.76923063	4207.94871788	4218.33333327	4205.89743583	4194.61538448	4238.97435898	4243.58974359	4215.38461532	4242.56410257	4333.84615406	4217.5641025	4260.8974359	
4201.6666666	4199.87179474	4191.15384602	4209.35897429	4214.23076917	4205.51282045	4193.84615371	4236.28205129	4235.51282052	4219.35897429	4228.58974352	4329.23076937	4211.92307686	4256.41025641	
4199.74358961	4194.87179474	4182.4358973	4206.92307686	4207.05128199	4200.12820499	4190.76923063	4227.94871788	4226.79487173	4213.71794865	4227.69230763	4322.05128219	4205.12820506	4252.6923077	
4199.10256397	4198.20512807	4178.71794858	4208.07692301	4208.84615378	4199.35897422	4192.56410243	4226.15384609	4228.20512814	4205.25641019	4236.28205129	4321.66666681	4208.4615384	4254.48717949	
4203.20512814	4203.4615384	4182.69230756	4212.5641025	4213.20512814	4203.20512814	4194.48717935	4227.30769224	4227.43589737	4208.97435891	4231.02564096	4326.02564117	4208.58974352	4257.17948718	
4206.02564096	4201.41025634	4178.97435884	4213.71794865	4210.38461532	4201.92307686	4197.30769217	4221.92307686	4216.28205122	4211.92307686	4219.48717942	4328.58974373	4194.2307691	4254.61538462	
4204.99999993	4201.28205122	4172.56410243	4209.35897429	4209.35897429	4201.28205122	4200.51282038	4220.25641019	4210.89743583	4209.23076917	4221.28205122	4333.46153867	4181.02564089	4250.64102564	
4204.99999993	4204.74358968	4175.51282038	4208.84615378	4213.71794865	4208.07692301	4196.28205115	4227.69230763	4220.25641019	4213.33333327	4233.20512814	4346.28205149	4186.28205115	4252.94871795	
4204.99999993	4204.74358968	4179.2307691	4212.05128199	4216.02564096	4210.12820506	4194.35897422	4234.61538462	4234.48717949	4221.6666666	4242.17948718	4367.8205131	4198.07692294	4260.8974359	
4205.51282045	4203.97435891	4174.61538448	4209.48717942	4215.51282045	4208.07692301	4200.38461525	4237.94871795	4240.51282052	4226.41025634	4241.92307693	4381.02564131	4201.28205122	4268.58974366	
4208.07692301	4202.94871788	4172.94871781	4204.99999993	4212.17948711	4206.53846147	4199.35897422	4236.41025641	4235.25641026	4223.4615384	4241.28205129	4378.97435926	4198.71794858	4268.07692315	
4207.94871788	4198.3333332	4171.5384614	4201.92307686	4207.43589737	4205.12820506	4192.05128192	4233.20512814	4232.05128199	4223.07692301	4241.66666667	4382.43589772	4197.94871781	4262.30769231	
4204.48717942	4194.99999986	4166.28205108	4196.15384602	4204.35897429	4205.7692307	4192.05128192	4230.38461532	4229.23076917	4225.89743583	4230.89743583	4395.38461567	4195.25641012	4259.48717949	
4203.97435891	4198.71794858	4169.74358961	4196.79487166	4205.38461532	4206.15384609	4196.15384602	4226.53846147	4222.30769224	4219.99999993	4226.28205122	4398.33333368	4190.51282038	4259.87179488	
4206.6666666	4203.4615384	4178.46153833	4204.99999993	4208.4615384	4204.99999993	4198.3333332	4231.6666666	4228.20512814	4215.7692307	4240.25641026	4401.53846189	4199.48717935	4265.38461539	
4204.74358968	4201.6666666	4175.51282038	4206.41025634	4207.94871788	4203.4615384	4196.41025628	4237.17948718	4234.61538462	4216.28205122	4245.12820513	4410.51282086	4207.5641025	4265.8974359	
4200.76923063	4196.15384602	4167.43589723	4202.43589737	4205.51282045	4204.10256404	4192.05128192	4228.71794865	4221.6666666	4209.74358968	4228.20512814	4409.10256445	4192.82051269	4255.38461539	
4202.30769224	4198.3333332	4171.28205115	4204.61538455	4205.89743583	4202.82051275	4192.56410243	4220.51282045	4210.7692307	4204.10256404	4218.71794865	4407.0512824	4178.3333332	4249.10256411	
4207.43589737	4205.12820506	4179.10256397	4207.17948711	4208.58974352	4200.25641012	4195.38461525	4227.94871788	4221.41025634	4207.82051275	4226.92307686	4420.89743625	4188.71794858	4255.76923077	
4211.79487173	4208.33333327	4184.10256397	4208.97435891	4211.28205122	4205.89743583	4195.76923063	4235.64102564	4232.05128199	4214.10256404	4226.92307686	4437.69230811	4202.30769224	4265.0	
4210.64102558	4207.30769224	4187.17948704	4209.74358968	4211.6666666	4209.87179481	4195.51282038	4229.61538455	4227.94871788	4219.87179481	4221.41025634	4442.05128247	4200.89743576	4265.25641026	
4207.43589737	4202.82051275	4185.12820499	4207.05128199	4207.69230763	4205.25641019	4195.25641012	4229.35897429	4228.71794865	4227.94871788	4230.25641019	4443.46153888	4202.43589737	4262.17948718	
4208.4615384	4206.02564096	4186.15384602	4209.61538455	4209.74358968	4205.12820506	4194.87179474	4246.66666667	4246.92307693	4235.0	4251.7948718	4454.10256452	4215.38461532	4267.05128212	
4214.10256404	4215.51282045	4194.87179474	4219.74358968	4219.35897429	4216.41025634	4198.58974345	4257.30769231	4260.8974359	4236.28205129	4260.12820513	4463.71794921	4226.28205122	4276.66666674	
4215.25641019	4212.5641025	4197.69230756	4223.71794865	4219.23076917	4219.61538455	4201.79487173	4251.41025641	4255.51282052	4235.64102564	4252.94871795	4463.71794921	4225.12820506	4280.1282052	
4212.69230763	4206.79487173	4194.61538448	4218.84615378	4210.64102558	4214.35897429	4200.89743576	4251.53846154	4253.07692308	4236.7948718	4255.51282052	4468.33333382	4225.7692307	4279.35897443	
4212.30769224	4210.64102558	4198.3333332	4216.02564096	4209.87179481	4211.28205122	4197.82051269	4251.28205129	4249.48717949	4228.84615378	4250.0	4471.53846203	4220.64102558	4274.2307693	
4212.5641025	4211.15384609	4198.84615371	4215.25641019	4212.30769224	4208.58974352	4194.48717935	4237.05128206	4233.4615384	4217.94871788	4227.43589737	4459.10256452	4203.84615378	4265.12820513	
4209.87179481	4203.97435891	4191.02564089	4209.87179481	4211.02564096	4205.7692307	4194.10256397	4232.17948711	4231.6666666	4221.28205122	4228.97435891	4450.38461581	4205.38461532	4263.84615385	
4208.20512814	4202.5641025	4189.61538448	4205.7692307	4211.41025634	4206.6666666	4194.74358961	4237.6923077	4237.56410257	4222.82051275	4246.28205129	4450.51282093	4210.89743583	4265.51282052	
4212.5641025	4207.82051275	4193.20512807	4210.38461532	4211.41025634	4208.33333327	4195.12820499	4230.64102558	4223.58974352	4208.33333327	4230.12820506	4443.58974401	4196.02564089	4257.17948718	
4213.07692301	4208.97435891	4194.74358961	4214.35897429	4209.23076917	4205.51282045	4194.99999986	4218.97435891	4207.30769224	4200.89743576	4202.43589737	4438.33333375	4182.94871781	4247.56410257	
4207.69230763	4206.41025634	4197.4358973	4208.4615384	4210.89743583	4204.48717942	4195.25641012	4224.99999993	4215.12820506	4208.4615384	4209.61538455	4444.10256452	4189.87179474	4251.28205129	
4205.38461532	4205.64102558	4197.82051269	4205.25641019	4210.64102558	4207.30769224	4194.61538448	4230.7692307	4221.53846147	4213.07692301	4222.69230763	4446.2820517	4195.38461525	4256.53846154	
4205.64102558	4203.84615378	4191.5384614	4207.82051275	4203.58974352	4204.48717942	4193.07692294	4220.64102558	4209.35897429	4207.17948711	4209.35897429	4438.33333375	4187.56410243	4247.6923077	
4205.51282045	4201.53846147	4191.41025628	4209.48717942	4203.58974352	4203.20512814	4195.51282038	4217.17948711	4204.61538455	4203.33333327	4198.3333332	4435.89743632	4181.79487166	4244.61538462	
4205.38461532	4205.7692307	4196.5384614	4209.23076917	4207.82051275	4208.07692301	4197.82051269	4229.61538455	4221.02564096	4215.51282045	4218.33333327	4444.61538504	4195.25641012	4255.8974359	
4202.94871788	4206.53846147	4191.92307679	4205.64102558	4200.64102551	4207.69230763	4194.99999986	4236.02564103	4231.41025634	4227.43589737	4234.61538462	4452.43589786	4210.38461532	4259.61538462	
4200.51282038	4197.69230756	4189.74358961	4201.15384609	4194.48717935	4200.25641012	4191.02564089	4231.02564096	4221.15384609	4222.69230763	4224.23076917	4453.58974401	4204.74358968	4255.12820513	
4204.35897429	4200.12820499	4196.02564089	4203.84615378	4200.51282038	4201.15384609	4193.58974345	4237.6923077	4227.94871788	4227.17948711	4230.7692307	4457.43589786	4208.97435891	4262.6923077	
4205.89743583	4204.61538455	4193.97435884	4207.30769224	4205.89743583	4209.74358968	4197.4358973	4244.23076923	4242.43589744	4235.8974359	4245.8974359	4460.38461581	4222.17948711	4268.46153853	
4200.89743576	4199.10256397	4186.41025628	4203.33333327	4205.38461532	4210.12820506	4197.82051269	4234.48717949	4228.20512814	4222.94871788	4235.12820513	4457.94871837	4211.6666666	4258.71794872	
4201.92307686	4198.71794858	4186.92307679	4201.28205122	4207.69230763	4206.15384609	4197.69230756	4228.97435891	4216.6666666	4210.89743583	4225.38461532	4460.76923119	4202.94871788	4254.35897436	
4205.7692307	4203.07692301	4189.61538448	4204.10256404	4211.41025634	4209.61538455	4196.66666653	4232.69230763	4225.12820506	4216.92307686	4228.71794865	4464.10256459	4207.17948711	4257.82051282	
4202.82051275	4200.25641012	4186.02564089	4202.94871788	4204.99999993	4210.25641019	4197.4358973	4219.99999993	4209.23076917	4208.4615384	4211.79487173	4449.23076965	4187.56410243	4248.97435898	
4197.94871781	4199.10256397	4185.51282038	4202.17948711	4197.69230756	4202.5641025	4197.69230756	4202.17948711	4183.97435884	4188.71794858	4188.20512807	4434.35897478	4166.53846133	4236.53846154	
4200.25641012	4205.7692307	4192.05128192	4207.94871788	4203.84615378	4203.71794865	4197.05128192	4210.89743583	4196.41025628	4193.84615371	4194.99999986	4438.0769235	4179.10256397	4238.97435898	
4205.38461532	4208.58974352	4195.51282038	4211.28205122	4207.5641025	4209.35897429	4197.82051269	4222.43589737	4211.15384609	4206.6666666	4207.69230763	4435.38461581	4185.64102551	4244.10256411	
4203.84615378	4203.33333327	4193.20512807	4206.92307686	4197.82051269	4202.05128199	4197.17948704	4213.84615378	4201.6666666	4204.48717942	4203.84615378	4420.25641061	4174.35897422	4240.38461539	
4199.61538448	4197.82051269	4190.51282038	4204.10256404	4195.12820499	4198.07692294	4194.61538448	4207.82051275	4197.56410243	4202.05128199	4202.05128199	4417.0512824	4176.66666653	4237.30769231	
4201.02564096	4197.17948704	4193.84615371	4205.51282045	4200.38461525	4202.5641025	4193.97435884	4213.97435891	4200.89743576	4204.99999993	4206.15384609	4423.71794907	4184.10256397	4239.23076923	
4203.71794865	4199.99999986	4198.3333332	4205.38461532	4196.5384614	4201.79487173	4196.79487166	4216.53846147	4202.43589737	4207.5641025	4208.4615384	4421.02564138	4184.10256397	4243.20512821	
4203.84615378	4201.53846147	4201.6666666	4205.38461532	4192.69230756	4200.51282038	4200.64102551	4221.02564096	4213.84615378	4214.61538455	4219.87179481	4415.64102599	4195.12820499	4249.74358975	
4204.23076917	4199.10256397	4205.51282045	4204.87179481	4197.4358973	4202.05128199	4201.92307686	4230.25641019	4224.35897429	4220.7692307	4237.17948718	4416.15384651	4208.71794865	4255.64102564	
4204.61538455	4196.02564089	4203.4615384	4202.43589737	4199.10256397	4202.5641025	4197.82051269	4226.92307686	4217.5641025	4213.4615384	4233.33333327	4415.51282086	4202.30769224	4254.74358975	
4203.4615384	4198.07692294	4197.56410243	4203.33333327	4199.74358961	4202.05128199	4195.25641012	4222.5641025	4214.35897429	4209.35897429	4221.92307686	4410.64102599	4196.79487166	4252.05128206	
4203.20512814	4200.51282038	4198.3333332	4204.35897429	4203.97435891	4202.43589737	4196.41025628	4223.58974352	4215.38461532	4212.5641025	4222.94871788	4399.35897471	4199.35897422	4247.94871795	
4202.05128199	4198.46153833	4198.3333332	4200.51282038	4199.2307691	4199.61538448	4198.46153833	4212.30769224	4197.69230756	4200.51282038	4211.79487173	4384.87179515	4182.94871781	4238.71794872	
4199.48717935	4197.30769217	4197.05128192	4202.30769224	4191.15384602	4197.17948704	4198.97435884	4201.53846147	4184.10256397	4188.58974345	4188.84615371	4378.84615413	4169.61538448	4234.87179488	
4201.53846147	4200.89743576	4201.79487173	4210.51282045	4194.2307691	4199.87179474	4197.82051269	4209.23076917	4197.17948704	4197.69230756	4192.82051269	4380.89743618	4187.05128192	4242.30769231	
4204.87179481	4201.53846147	4201.15384609	4206.15384609	4195.89743576	4200.89743576	4197.94871781	4217.30769224	4207.82051275	4207.82051275	4215.25641019	4379.6153849	4196.15384602	4248.20512821	
4203.84615378	4199.61538448	4193.71794858	4194.74358961	4193.58974345	4202.05128199	4198.58974345	4211.79487173	4198.58974345	4206.6666666	4213.4615384	4372.05128233	4182.17948704	4245.8974359	
4200.64102551	4197.30769217	4196.66666653	4196.02564089	4193.20512807	4198.58974345	4197.30769217	4203.97435891	4190.25641012	4201.53846147	4197.82051269	4361.28205149	4177.4358973	4242.43589744	
4197.4358973	4190.89743576	4196.02564089	4197.4358973	4187.05128192	4189.61538448	4192.82051269	4196.28205115	4182.56410243	4191.92307679	4190.51282038	4344.74358996	4172.05128192	4232.82051275	
4196.79487166	4184.74358961	4184.74358961	4188.3333332	4183.20512807	4190.38461525	4191.79487166	4186.5384614	4168.97435884	4185.12820499	4179.87179474	4328.84615399	4153.33333313	4222.43589737	
4199.10256397	4190.38461525	4187.30769217	4187.94871781	4193.46153833	4200.76923063	4196.41025628	4193.58974345	4176.28205115	4193.84615371	4184.10256397	4327.17948732	4159.74358954	4230.7692307	
4199.61538448	4195.76923063	4196.5384614	4196.5384614	4198.58974345	4201.53846147	4197.56410243	4202.17948711	4186.41025628	4202.05128199	4192.30769217	4328.58974373	4171.92307679	4238.71794872	
4198.07692294	4189.35897422	4195.76923063	4197.69230756	4191.15384602	4191.66666653	4194.10256397	4191.5384614	4170.89743576	4196.28205115	4177.17948704	4319.61538476	4157.43589723	4229.74358968	
4199.87179474	4187.94871781	4193.84615371	4196.79487166	4187.82051269	4191.41025628	4193.71794858	4189.2307691	4166.15384595	4192.30769217	4178.20512807	4314.87179501	4156.53846133	4224.48717942	
4201.41025634	4193.58974345	4195.76923063	4198.84615371	4187.30769217	4192.30769217	4196.41025628	4200.25641012	4183.97435884	4198.58974345	4202.94871788	4318.97435912	4173.71794858	4229.99999993	
4198.07692294	4190.64102551	4193.3333332	4197.4358973	4183.20512807	4189.10256397	4195.38461525	4194.48717935	4179.10256397	4194.87179474	4196.28205115	4312.56410271	4167.3076921	4225.64102558	
4197.05128192	4184.2307691	4190.25641012	4194.61538448	4182.94871781	4191.28205115	4193.20512807	4178.97435884	4154.9999998	4178.97435884	4171.15384602	4294.61538469	4147.69230749	4216.41025634	
4195.89743576	4186.41025628	4188.20512807	4192.17948704	4185.76923063	4191.66666653	4192.4358973	4179.35897422	4152.69230749	4173.97435884	4173.71794858	4283.07692315	4146.15384595	4217.17948711	
4195.51282038	4188.20512807	4186.15384602	4188.84615371	4188.58974345	4189.48717935	4193.07692294	4187.69230756	4166.66666646	4180.76923063	4186.28205115	4282.05128212	4154.74358954	4222.5641025	
4196.02564089	4185.12820499	4189.87179474	4188.46153833	4192.4358973	4192.82051269	4193.58974345	4190.51282038	4173.07692294	4188.58974345	4187.82051269	4285.64102571	4160.89743569	4227.30769224	
4194.74358961	4185.64102551	4195.64102551	4189.35897422	4192.4358973	4195.38461525	4191.15384602	4192.30769217	4175.12820499	4192.05128192	4189.61538448	4284.87179495	4166.02564082	4231.15384609	
4196.15384602	4186.02564089	4199.2307691	4188.84615371	4183.58974345	4186.15384602	4191.15384602	4197.94871781	4182.82051269	4193.07692294	4201.53846147	4279.61538469	4172.56410243	4233.71794865	
4197.4358973	4184.61538448	4198.3333332	4189.87179474	4179.48717935	4182.4358973	4192.82051269	4196.79487166	4181.92307679	4191.41025628	4204.87179481	4275.51282059	4170.25641012	4230.25641019	
4195.51282038	4184.74358961	4195.64102551	4189.61538448	4186.28205115	4188.3333332	4191.92307679	4188.3333332	4172.30769217	4188.07692294	4192.56410243	4266.15384616	4162.05128185	4223.4615384	
4194.99999986	4187.05128192	4198.71794858	4192.56410243	4189.61538448	4186.66666653	4192.4358973	4192.82051269	4178.84615371	4191.28205115	4200.12820499	4259.48717949	4172.69230756	4227.17948711	
4196.15384602	4187.05128192	4200.51282038	4194.99999986	4184.61538448	4183.3333332	4193.84615371	4200.89743576	4188.84615371	4194.10256397	4214.99999993	4259.74358975	4183.71794858	4233.4615384	
4194.10256397	4184.87179474	4194.48717935	4188.3333332	4181.15384602	4184.87179474	4194.35897422	4192.69230756	4177.94871781	4187.4358973	4203.84615378	4253.20512821	4169.87179474	4227.43589737	
4193.97435884	4184.2307691	4193.3333332	4185.25641012	4184.74358961	4186.02564089	4193.58974345	4183.46153833	4163.205128	4183.20512807	4187.69230756	4239.10256411	4158.205128	4220.38461532	
4197.30769217	4186.28205115	4196.15384602	4189.61538448	4189.10256397	4186.28205115	4191.79487166	4188.71794858	4168.46153833	4191.66666653	4191.02564089	4234.10256411	4165.76923056	4227.94871788	
4197.4358973	4190.25641012	4196.15384602	4191.79487166	4192.4358973	4189.99999986	4192.17948704	4196.15384602	4183.58974345	4198.3333332	4203.4615384	4241.02564103	4172.4358973	4235.8974359	
4199.48717935	4191.79487166	4194.10256397	4193.84615371	4196.79487166	4193.07692294	4196.15384602	4188.07692294	4175.89743576	4192.82051269	4187.69230756	4235.51282052	4164.23076903	4227.5641025	
4198.84615371	4187.94871781	4183.20512807	4190.89743576	4198.07692294	4189.35897422	4196.15384602	4172.56410243	4152.69230749	4181.02564089	4159.1025639	4216.28205122	4149.35897415	4214.48717942	
4192.56410243	4180.12820499	4166.66666646	4178.46153833	4192.30769217	4182.94871781	4190.51282038	4174.99999986	4155.38461518	4176.02564089	4171.92307679	4215.51282045	4150.89743569	4217.5641025	
4191.28205115	4178.3333332	4161.66666646	4173.97435884	4187.56410243	4182.94871781	4190.76923063	4191.41025628	4177.17948704	4185.12820499	4204.87179481	4235.64102564	4171.15384602	4231.15384609	
4197.94871781	4183.71794858	4171.02564089	4182.82051269	4191.79487166	4189.61538448	4195.64102551	4200.38461525	4189.99999986	4198.46153833	4216.53846147	4250.12820513	4187.69230756	4242.43589744	
4199.48717935	4187.69230756	4174.87179474	4183.07692294	4195.64102551	4191.02564089	4196.79487166	4204.61538455	4198.3333332	4205.89743583	4220.38461532	4249.10256411	4194.35897422	4247.30769231	
4194.61538448	4188.07692294	4166.53846133	4176.92307679	4191.28205115	4185.25641012	4194.99999986	4209.61538455	4203.84615378	4209.10256404	4224.99999993	4241.41025641	4200.76923063	4246.66666667	
4191.92307679	4183.3333332	4160.38461518	4176.02564089	4184.99999986	4181.79487166	4192.69230756	4207.05128199	4197.94871781	4208.97435891	4219.87179481	4233.71794865	4202.30769224	4243.33333334	
4192.30769217	4176.41025628	4162.69230749	4176.02564089	4180.38461525	4180.64102551	4190.64102551	4200.76923063	4189.61538448	4206.41025634	4216.28205122	4228.58974352	4192.05128192	4240.25641026	
4193.46153833	4177.30769217	4166.28205108	4174.2307691	4179.87179474	4178.97435884	4189.99999986	4199.10256397	4185.12820499	4204.10256404	4213.97435891	4220.51282045	4185.38461525	4240.51282052	
4193.3333332	4180.64102551	4164.74358954	4176.41025628	4186.15384602	4182.4358973	4191.28205115	4199.48717935	4185.76923063	4202.82051275	4209.48717942	4214.87179481	4189.74358961	4238.97435898	
4194.99999986	4179.35897422	4166.79487159	4179.35897422	4192.56410243	4187.56410243	4192.17948704	4205.38461532	4197.82051269	4207.69230763	4222.43589737	4218.84615378	4195.89743576	4240.25641026	
4197.05128192	4179.48717935	4172.56410243	4179.2307691	4191.28205115	4185.51282038	4191.92307679	4204.99999993	4198.58974345	4208.33333327	4225.25641019	4215.38461532	4192.30769217	4244.74358975	
4194.48717935	4181.66666653	4174.99999986	4180.76923063	4189.61538448	4183.58974345	4192.56410243	4195.12820499	4183.84615371	4197.56410243	4208.71794865	4200.64102551	4184.10256397	4240.38461539	
4190.64102551	4182.56410243	4168.07692287	4182.17948704	4191.02564089	4185.25641012	4194.74358961	4190.76923063	4175.89743576	4188.20512807	4203.97435891	4188.71794858	4176.5384614	4230.64102558	
4190.25641012	4180.38461525	4161.28205108	4180.76923063	4191.5384614	4184.35897422	4194.35897422	4188.97435884	4172.82051269	4184.61538448	4205.38461532	4181.02564089	4170.12820499	4222.94871788	
4192.94871781	4179.87179474	4167.05128185	4182.82051269	4191.92307679	4184.35897422	4192.94871781	4182.82051269	4165.25641005	4178.84615371	4197.05128192	4174.2307691	4166.92307672	4215.12820506	
4194.2307691	4183.20512807	4175.12820499	4188.46153833	4190.25641012	4184.48717935	4193.84615371	4178.3333332	4157.82051262	4173.3333332	4191.5384614	4168.20512807	4164.1025639	4211.41025634	
4196.41025628	4185.25641012	4178.97435884	4189.99999986	4189.10256397	4179.2307691	4195.38461525	4181.66666653	4158.71794851	4172.69230756	4192.69230756	4166.66666646	4163.46153826	4219.61538455	
4198.97435884	4181.92307679	4182.94871781	4185.76923063	4192.05128192	4179.74358961	4195.51282038	4187.82051269	4168.58974345	4176.28205115	4190.89743576	4168.84615371	4169.61538448	4226.53846147	
4197.94871781	4180.51282038	4182.30769217	4184.87179474	4190.51282038	4181.66666653	4193.84615371	4190.64102551	4178.58974345	4186.66666653	4200.12820499	4165.51282031	4178.07692294	4226.15384609	
4195.38461525	4184.10256397	4179.74358961	4188.46153833	4186.28205115	4175.51282038	4192.05128192	4191.66666653	4179.99999986	4194.35897422	4209.61538455	4155.51282031	4181.5384614	4230.38461532	
4197.4358973	4190.64102551	4187.56410243	4193.20512807	4195.25641012	4176.5384614	4195.25641012	4200.25641012	4185.38461525	4195.64102551	4206.53846147	4156.02564082	4188.58974345	4240.38461539	
4202.5641025	4196.28205115	4204.35897429	4198.84615371	4205.51282045	4186.28205115	4202.43589737	4213.71794865	4205.38461532	4201.92307686	4219.61538455	4166.15384595	4205.89743583	4252.30769231	
4204.87179481	4196.92307679	4211.15384609	4202.43589737	4201.53846147	4186.66666653	4201.53846147	4215.89743583	4216.92307686	4209.61538455	4235.76923077	4166.92307672	4217.43589737	4257.94871795	
4203.20512814	4196.79487166	4208.58974352	4199.74358961	4194.2307691	4184.35897422	4197.4358973	4212.43589737	4210.12820506	4210.12820506	4231.41025634	4156.66666646	4215.12820506	4256.7948718	
4202.5641025	4196.79487166	4205.12820506	4194.10256397	4188.3333332	4187.94871781	4199.2307691	4216.92307686	4209.10256404	4212.69230763	4228.20512814	4148.07692287	4212.69230763	4259.74358975	
4202.05128199	4194.99999986	4197.94871781	4193.20512807	4181.15384602	4185.64102551	4198.46153833	4214.74358968	4209.99999993	4213.71794865	4231.28205122	4141.28205108	4210.89743583	4257.6923077	
4199.61538448	4190.76923063	4192.69230756	4191.66666653	4177.56410243	4178.3333332	4193.71794858	4197.82051269	4191.41025628	4198.97435884	4221.53846147	4126.79487152	4197.94871781	4241.7948718	
4199.48717935	4188.46153833	4194.99999986	4189.48717935	4181.28205115	4178.3333332	4193.46153833	4186.02564089	4171.66666653	4182.4358973	4206.02564096	4111.92307665	4183.97435884	4232.69230763	
4201.92307686	4193.20512807	4197.56410243	4193.07692294	4187.56410243	4184.48717935	4198.84615371	4190.64102551	4173.46153833	4181.92307679	4199.87179474	4106.02564075	4183.71794858	4240.0	
4201.28205122	4193.97435884	4194.35897422	4195.89743576	4188.58974345	4181.5384614	4201.02564096	4189.99999986	4173.84615371	4177.56410243	4197.4358973	4098.33333299	4180.25641012	4236.53846154	
4198.97435884	4188.20512807	4193.07692294	4192.69230756	4185.89743576	4174.74358961	4198.20512807	4181.28205115	4164.48717928	4167.82051262	4199.61538448	4092.30769196	4173.20512807	4228.97435891	
4200.51282038	4189.2307691	4193.46153833	4189.87179474	4189.99999986	4177.82051269	4198.20512807	4189.10256397	4172.69230756	4179.35897422	4209.99999993	4098.07692273	4184.99999986	4241.28205129	
4202.43589737	4194.35897422	4191.15384602	4190.51282038	4192.56410243	4182.4358973	4200.89743576	4200.76923063	4188.46153833	4193.71794858	4212.30769224	4099.99999966	4196.28205115	4249.74358975	
4199.87179474	4192.4358973	4195.89743576	4190.64102551	4188.58974345	4180.12820499	4199.35897422	4192.05128192	4184.2307691	4182.05128192	4202.82051275	4089.7435894	4183.20512807	4240.12820513	
4198.07692294	4190.12820499	4200.89743576	4187.69230756	4185.64102551	4176.79487166	4195.89743576	4182.4358973	4171.92307679	4171.15384602	4200.25641012	4081.53846119	4173.07692294	4235.76923077	
4199.35897422	4189.74358961	4197.05128192	4181.41025628	4185.51282038	4176.79487166	4195.12820499	4191.28205115	4177.30769217	4185.12820499	4208.71794865	4083.46153812	4185.25641012	4241.15384616	
4197.82051269	4187.56410243	4193.20512807	4181.66666653	4184.74358961	4174.87179474	4196.15384602	4199.99999986	4192.56410243	4198.46153833	4215.64102558	4086.79487145	4196.02564089	4244.35897436	
4198.20512807	4187.94871781	4195.64102551	4187.69230756	4186.92307679	4178.07692294	4198.84615371	4200.64102551	4196.66666653	4197.17948704	4217.30769224	4083.71794837	4196.92307679	4248.84615385	
4203.07692301	4188.58974345	4198.97435884	4186.66666653	4189.74358961	4182.82051269	4199.10256397	4199.2307691	4191.41025628	4194.48717935	4214.35897429	4075.76923043	4192.94871781	4249.10256411	
4199.35897422	4184.2307691	4196.92307679	4180.64102551	4182.05128192	4175.25641012	4193.97435884	4191.41025628	4183.71794858	4187.94871781	4203.71794865	4068.97435856	4181.28205115	4238.33333334	
4191.28205115	4182.56410243	4194.2307691	4181.28205115	4178.07692294	4169.61538448	4192.30769217	4187.82051269	4178.46153833	4180.51282038	4200.25641012	4065.5128201	4178.46153833	4234.10256411	
4195.12820499	4188.3333332	4194.61538448	4187.4358973	4186.92307679	4177.30769217	4197.56410243	4191.02564089	4180.25641012	4181.92307679	4210.12820506	4064.10256369	4185.89743576	4238.46153847	
4202.5641025	4190.25641012	4194.35897422	4185.38461525	4190.76923063	4182.05128192	4198.46153833	4188.97435884	4182.17948704	4184.99999986	4211.6666666	4063.84615343	4184.87179474	4237.17948718	
4199.48717935	4183.97435884	4188.20512807	4179.10256397	4186.28205115	4176.28205115	4194.2307691	4180.89743576	4171.15384602	4180.51282038	4197.05128192	4054.99999959	4171.41025628	4227.43589737	
4192.69230756	4182.05128192	4180.38461525	4179.10256397	4188.58974345	4177.4358973	4193.07692294	4178.84615371	4160.51282031	4175.64102551	4187.30769217	4043.97435856	4163.46153826	4224.10256404	
4191.15384602	4186.41025628	4182.05128192	4183.84615371	4193.71794858	4180.89743576	4194.2307691	4185.12820499	4167.82051262	4177.56410243	4193.46153833	4048.97435856	4170.89743576	4231.6666666	
4195.12820499	4189.48717935	4190.64102551	4187.4358973	4192.94871781	4181.02564089	4196.41025628	4188.58974345	4173.84615371	4184.35897422	4197.56410243	4057.43589702	4179.61538448	4233.84615385	
4200.38461525	4190.64102551	4192.17948704	4190.76923063	4194.35897422	4185.38461525	4198.46153833	4187.69230756	4171.41025628	4188.58974345	4192.69230756	4052.30769189	4179.35897422	4229.48717942	
4200.76923063	4193.46153833	4191.79487166	4193.71794858	4197.05128192	4186.66666653	4197.56410243	4191.02564089	4178.20512807	4190.89743576	4192.94871781	4049.48717907	4182.30769217	4233.97435898	
4201.02564096	4193.07692294	4201.41025634	4190.64102551	4195.38461525	4183.84615371	4194.35897422	4196.41025628	4187.82051269	4194.74358961	4199.74358961	4056.66666625	4191.41025628	4241.15384616	
4202.5641025	4193.20512807	4208.58974352	4189.87179474	4195.64102551	4187.05128192	4195.25641012	4198.46153833	4188.3333332	4197.30769217	4206.41025634	4057.56410215	4194.10256397	4242.6923077	
4203.07692301	4197.69230756	4208.97435891	4194.48717935	4199.74358961	4192.30769217	4198.71794858	4200.25641012	4189.35897422	4198.46153833	4209.74358968	4056.53846113	4193.84615371	4244.10256411	
4203.4615384	4193.71794858	4212.82051275	4190.51282038	4199.10256397	4190.51282038	4194.74358961	4201.53846147	4194.61538448	4196.5384614	4207.05128199	4062.43589702	4196.41025628	4247.17948718	
4202.43589737	4188.46153833	4214.87179481	4181.28205115	4192.05128192	4182.94871781	4186.28205115	4201.6666666	4195.51282038	4193.84615371	4204.99999993	4063.33333292	4199.35897422	4251.53846154	
4201.53846147	4192.4358973	4216.28205122	4184.61538448	4192.30769217	4182.4358973	4186.92307679	4203.33333327	4194.35897422	4200.64102551	4209.99999993	4059.6153842	4201.53846147	4254.61538462	
4202.94871788	4194.48717935	4221.02564096	4191.5384614	4198.58974345	4187.05128192	4191.92307679	4204.99999993	4198.46153833	4206.92307686	4214.87179481	4059.48717907	4204.23076917	4255.51282052	
4201.41025634	4191.5384614	4221.79487173	4185.38461525	4197.30769217	4186.92307679	4187.94871781	4202.82051275	4199.2307691	4200.38461525	4212.43589737	4063.07692266	4202.30769224	4256.02564103	
4200.76923063	4192.56410243	4225.25641019	4183.07692294	4192.94871781	4184.99999986	4184.61538448	4203.97435891	4199.2307691	4193.71794858	4209.87179481	4070.6410253	4200.76923063	4257.17948718	
4205.25641019	4197.05128192	4239.61538462	4193.46153833	4193.84615371	4186.79487166	4188.07692294	4209.87179481	4203.97435891	4193.84615371	4212.82051275	4078.8461535	4203.33333327	4259.74358975	
4203.84615378	4195.76923063	4253.46153847	4195.51282038	4190.76923063	4187.56410243	4185.38461525	4207.05128199	4199.99999986	4189.87179474	4213.07692301	4083.58974325	4200.12820499	4260.76923077	
4197.94871781	4191.15384602	4265.25641026	4188.46153833	4184.87179474	4184.10256397	4179.61538448	4200.12820499	4193.07692294	4182.30769217	4205.7692307	4096.15384581	4192.56410243	4257.30769231	
4200.25641012	4190.64102551	4281.41025648	4186.92307679	4185.89743576	4183.46153833	4179.87179474	4198.20512807	4193.3333332	4176.66666653	4200.25641012	4115.25640998	4189.87179474	4254.87179488	
4207.82051275	4194.87179474	4298.33333341	4190.12820499	4187.30769217	4186.5384614	4179.99999986	4200.38461525	4198.46153833	4176.02564089	4204.99999993	4126.02564075	4195.38461525	4261.02564103	
4211.15384609	4197.94871781	4312.82051296	4192.30769217	4184.99999986	4184.61538448	4179.2307691	4206.53846147	4207.43589737	4180.64102551	4213.97435891	4132.17948691	4202.30769224	4268.71794879	
4207.17948711	4194.61538448	4315.76923091	4192.56410243	4184.2307691	4181.92307679	4179.61538448	4211.6666666	4210.25641019	4184.48717935	4213.4615384	4132.82051255	4203.84615378	4268.58974366	
4204.87179481	4193.3333332	4308.4615386	4191.92307679	4182.56410243	4183.97435884	4176.41025628	4211.41025634	4204.10256404	4186.41025628	4207.5641025	4124.61538434	4203.33333327	4266.66666674	
4211.41025634	4197.30769217	4308.4615386	4191.28205115	4183.46153833	4185.38461525	4173.20512807	4212.30769224	4206.92307686	4190.89743576	4213.33333327	4119.99999973	4208.58974352	4270.51282059	
4212.17948711	4197.56410243	4308.07692322	4189.87179474	4187.30769217	4185.51282038	4174.2307691	4214.35897429	4216.28205122	4195.76923063	4220.7692307	4118.84615357	4214.87179481	4274.48717956	
4204.99999993	4193.97435884	4292.56410264	4188.20512807	4189.48717935	4186.79487166	4173.97435884	4211.02564096	4212.05128199	4196.79487166	4216.15384609	4107.17948691	4212.5641025	4270.64102571	
4205.89743583	4194.2307691	4277.17948725	4189.2307691	4192.17948704	4187.17948704	4171.66666653	4205.64102558	4198.84615371	4188.71794858	4209.35897429	4090.51282017	4204.99999993	4263.58974359	
4209.74358968	4198.07692294	4272.82051289	4192.56410243	4196.28205115	4186.15384602	4172.17948704	4198.97435884	4188.58974345	4178.84615371	4201.79487173	4080.76923043	4194.48717935	4258.46153847	
4209.61538455	4197.56410243	4266.923077	4195.38461525	4196.92307679	4188.20512807	4171.5384614	4192.30769217	4187.17948704	4179.35897422	4193.84615371	4075.38461504	4189.35897422	4256.53846154	
4208.33333327	4198.84615371	4257.17948718	4196.28205115	4193.20512807	4187.30769217	4170.76923063	4193.58974345	4190.51282038	4181.66666653	4193.46153833	4070.89743555	4192.94871781	4255.0	
4208.84615378	4203.58974352	4249.61538462	4196.41025628	4195.12820499	4185.64102551	4173.20512807	4198.20512807	4188.84615371	4186.28205115	4196.79487166	4065.12820472	4193.3333332	4251.41025641	
4209.61538455	4205.12820506	4244.35897436	4199.10256397	4203.33333327	4194.2307691	4174.2307691	4196.15384602	4186.79487166	4194.87179474	4197.69230756	4058.58974318	4193.20512807	4247.17948718	
4207.82051275	4206.15384609	4238.07692308	4198.97435884	4204.48717942	4199.99999986	4172.30769217	4193.71794858	4187.05128192	4196.15384602	4196.15384602	4051.92307651	4193.58974345	4244.74358975	
4203.20512814	4201.6666666	4228.71794865	4193.58974345	4196.15384602	4192.30769217	4169.35897422	4193.46153833	4184.10256397	4190.64102551	4192.56410243	4045.38461497	4189.10256397	4241.02564103	
4202.94871788	4197.69230756	4223.58974352	4193.20512807	4194.2307691	4183.97435884	4164.61538441	4193.84615371	4183.20512807	4191.79487166	4198.97435884	4044.87179446	4190.38461525	4239.61538462	
4206.28205122	4200.64102551	4222.69230763	4195.25641012	4196.5384614	4187.94871781	4162.05128185	4194.74358961	4186.15384602	4196.15384602	4208.58974352	4047.30769189	4197.05128192	4241.41025641	
4202.43589737	4199.35897422	4216.53846147	4189.74358961	4191.92307679	4193.46153833	4162.17948697	4189.48717935	4181.02564089	4192.17948704	4197.82051269	4043.84615343	4188.58974345	4240.12820513	
4197.05128192	4192.69230756	4210.38461532	4183.07692294	4186.66666653	4188.97435884	4161.79487159	4185.64102551	4175.51282038	4186.5384614	4186.15384602	4046.79487138	4179.2307691	4236.02564103	
4195.89743576	4188.58974345	4208.71794865	4180.38461525	4183.46153833	4184.48717935	4159.9999998	4186.5384614	4174.99999986	4180.38461525	4189.48717935	4057.82051241	4181.92307679	4235.12820513	
4197.4358973	4191.41025628	4200.25641012	4182.30769217	4183.97435884	4185.64102551	4159.23076903	4185.38461525	4172.69230756	4180.25641012	4189.87179474	4060.38461497	4181.15384602	4237.05128206	
4201.53846147	4198.3333332	4189.74358961	4187.05128192	4192.17948704	4189.2307691	4161.15384595	4189.99999986	4179.74358961	4192.94871781	4188.58974345	4062.17948677	4184.48717935	4239.61538462	
4201.41025634	4201.6666666	4190.12820499	4188.46153833	4196.79487166	4192.56410243	4159.87179467	4198.71794858	4189.35897422	4199.48717935	4194.99999986	4070.38461504	4191.41025628	4242.94871795	
4198.84615371	4197.30769217	4186.5384614	4188.20512807	4195.38461525	4191.5384614	4156.53846133	4193.07692294	4180.51282038	4187.4358973	4191.92307679	4074.35897402	4185.51282038	4242.43589744	
4196.66666653	4190.76923063	4172.30769217	4187.82051269	4196.15384602	4189.35897422	4156.02564082	4176.79487166	4164.48717928	4173.46153833	4172.05128192	4071.92307658	4172.4358973	4232.05128199	
4195.51282038	4188.46153833	4168.71794858	4185.38461525	4198.20512807	4190.64102551	4153.58974339	4170.38461525	4158.46153826	4172.30769217	4163.33333313	4070.89743555	4167.56410236	4221.92307686	
4198.20512807	4189.48717935	4176.92307679	4185.38461525	4197.56410243	4193.3333332	4150.89743569	4176.79487166	4164.61538441	4178.71794858	4171.92307679	4076.28205094	4171.15384602	4225.25641019	
4201.53846147	4194.2307691	4178.84615371	4190.51282038	4196.92307679	4194.2307691	4153.71794851	4185.25641012	4176.79487166	4188.07692294	4178.20512807	4089.23076889	4179.74358961	4233.97435898	
4201.92307686	4200.38461525	4176.79487166	4191.41025628	4201.53846147	4199.2307691	4157.05128185	4190.89743576	4185.89743576	4198.97435884	4182.82051269	4099.7435894	4191.5384614	4239.35897436	
4202.69230763	4200.38461525	4181.28205115	4187.82051269	4207.05128199	4202.69230763	4156.92307672	4200.12820499	4193.84615371	4210.51282045	4196.28205115	4104.35897408	4203.33333327	4246.41025641	
4205.89743583	4196.66666653	4185.76923063	4190.76923063	4205.12820506	4198.97435884	4157.05128185	4207.43589737	4203.97435891	4216.15384609	4204.23076917	4112.43589716	4211.02564096	4251.41025641	
4204.99999993	4199.2307691	4184.35897422	4194.74358961	4202.94871788	4199.2307691	4156.28205108	4205.25641019	4203.58974352	4209.99999993	4199.74358961	4115.64102537	4207.30769224	4251.66666667	
