4217.17948711	4216.79487173	4229.74358968	4224.10256404	4197.05128192	4229.48717942	4202.82051275	4509.10256466	4202.17948711	4234.10256411	4224.35897429	4506.92307748	4235.12820513	4240.51282052	
4221.53846147	4216.79487173	4227.30769224	4224.87179481	4199.35897422	4224.10256404	4199.99999986	4505.00000056	4198.3333332	4230.7692307	4221.53846147	4505.25641082	4234.61538462	4239.48717949	
4223.58974352	4216.92307686	4224.23076917	4228.20512814	4200.89743576	4223.33333327	4199.61538448	4507.17948774	4197.05128192	4229.87179481	4226.28205122	4505.25641082	4232.43589737	4239.74358975	
4221.79487173	4218.33333327	4218.71794865	4225.38461532	4199.10256397	4221.79487173	4194.10256397	4505.51282107	4191.92307679	4225.7692307	4225.25641019	4500.25641082	4227.17948711	4234.23076923	
4221.79487173	4218.20512814	4220.64102558	4223.20512814	4201.53846147	4219.87179481	4191.79487166	4502.69230825	4191.79487166	4224.48717942	4223.20512814	4500.89743646	4230.89743583	4233.4615384	
4220.51282045	4216.41025634	4220.64102558	4224.35897429	4201.92307686	4216.92307686	4191.28205115	4504.10256466	4196.5384614	4227.43589737	4224.61538455	4503.84615441	4232.30769224	4237.56410257	
4218.33333327	4215.89743583	4213.33333327	4224.74358968	4195.89743576	4214.48717942	4189.48717935	4506.5384621	4199.99999986	4232.5641025	4226.41025634	4503.46153902	4225.38461532	4240.0	
4221.02564096	4221.6666666	4217.94871788	4226.92307686	4196.79487166	4219.10256404	4194.48717935	4508.33333389	4204.35897429	4238.07692308	4231.53846147	4507.17948774	4224.10256404	4241.66666667	
4224.48717942	4223.20512814	4226.28205122	4227.05128199	4201.79487173	4224.10256404	4198.46153833	4508.97435953	4203.71794865	4236.41025641	4233.33333327	4510.38461594	4225.51282045	4241.41025641	
4222.5641025	4217.43589737	4222.30769224	4220.89743583	4196.66666653	4222.5641025	4193.58974345	4507.17948774	4198.58974345	4231.6666666	4228.58974352	4507.30769287	4225.89743583	4241.28205129	
4218.97435891	4215.12820506	4217.82051275	4217.94871788	4190.38461525	4221.6666666	4193.97435884	4506.66666723	4196.41025628	4230.38461532	4227.30769224	4505.6410262	4225.12820506	4242.05128206	
4218.58974352	4217.69230763	4218.84615378	4221.6666666	4191.28205115	4221.6666666	4198.3333332	4507.435898	4200.76923063	4233.33333327	4226.92307686	4506.79487235	4221.6666666	4241.15384616	
4221.92307686	4219.61538455	4223.07692301	4223.33333327	4196.02564089	4221.53846147	4197.17948704	4508.20512876	4206.92307686	4237.05128206	4228.84615378	4504.23076979	4224.48717942	4242.05128206	
4223.84615378	4222.82051275	4227.82051275	4225.12820506	4200.64102551	4225.64102558	4198.97435884	4504.10256466	4206.92307686	4238.07692308	4235.38461539	4497.56410312	4228.07692301	4244.87179488	
4221.41025634	4222.94871788	4226.92307686	4225.89743583	4200.38461525	4227.17948711	4204.10256404	4494.87179536	4201.79487173	4234.74358975	4227.30769224	4492.05128254	4219.87179481	4243.46153847	
4218.58974352	4215.7692307	4224.74358968	4219.61538455	4193.97435884	4225.51282045	4202.5641025	4485.12820562	4197.05128192	4229.99999993	4209.74358968	4485.00000049	4208.4615384	4236.66666667	
4217.94871788	4215.89743583	4223.97435891	4214.99999993	4190.12820499	4223.4615384	4196.79487166	4478.2051287	4189.74358961	4224.48717942	4208.97435891	4475.64102613	4203.84615378	4228.4615384	
4217.5641025	4221.92307686	4222.69230763	4219.48717942	4194.48717935	4223.58974352	4199.2307691	4475.64102613	4186.02564089	4220.7692307	4217.05128199	4473.07692357	4203.58974352	4226.6666666	
4220.7692307	4223.20512814	4227.17948711	4224.35897429	4198.58974345	4230.64102558	4208.07692301	4476.79487229	4195.76923063	4227.82051275	4223.71794865	4477.3076928	4212.43589737	4236.92307693	
4224.61538455	4224.61538455	4235.8974359	4224.61538455	4197.17948704	4237.56410257	4211.02564096	4476.4102569	4208.58974352	4239.10256411	4233.4615384	4477.69230818	4225.7692307	4245.64102564	
4221.6666666	4225.12820506	4240.8974359	4224.87179481	4197.4358973	4237.82051282	4212.17948711	4476.92307741	4210.7692307	4241.53846154	4240.0	4472.3076928	4228.84615378	4245.64102564	
4220.12820506	4224.35897429	4239.35897436	4224.61538455	4199.2307691	4237.17948718	4214.23076917	4477.3076928	4208.20512814	4238.07692308	4238.58974359	4469.35897485	4226.92307686	4246.53846154	
4222.82051275	4222.5641025	4236.15384616	4223.84615378	4197.30769217	4235.8974359	4210.25641019	4468.33333382	4205.51282045	4235.25641026	4233.07692301	4463.0769235	4225.25641019	4247.43589744	
4221.28205122	4219.99999993	4236.28205129	4224.23076917	4194.87179474	4232.94871788	4207.5641025	4457.1794876	4203.4615384	4234.87179488	4225.38461532	4455.51282093	4219.61538455	4244.61538462	
4218.07692301	4221.92307686	4237.05128206	4224.35897429	4197.17948704	4236.15384616	4211.02564096	4458.71794914	4204.99999993	4237.30769231	4224.10256404	4455.89743632	4218.07692301	4243.58974359	
4218.58974352	4225.89743583	4238.33333334	4223.07692301	4196.66666653	4238.97435898	4212.69230763	4459.35897478	4207.17948711	4239.61538462	4228.84615378	4456.66666709	4222.94871788	4244.35897436	
4219.48717942	4222.43589737	4239.74358975	4219.99999993	4191.66666653	4233.71794865	4209.35897429	4451.41025683	4206.15384609	4238.33333334	4229.35897429	4450.38461581	4222.05128199	4243.84615385	
4218.84615378	4217.43589737	4233.20512814	4216.79487173	4188.84615371	4228.20512814	4206.02564096	4443.20512863	4201.15384609	4232.69230763	4224.48717942	4442.1794876	4212.69230763	4241.28205129	
4216.6666666	4213.58974352	4218.58974352	4211.02564096	4183.84615371	4221.28205122	4196.41025628	4430.25641061	4187.05128192	4221.28205122	4213.84615378	4430.12820548	4196.41025628	4230.12820506	
4214.23076917	4210.64102558	4216.53846147	4208.84615378	4182.69230756	4218.58974352	4191.66666653	4419.48717984	4178.07692294	4214.48717942	4204.99999993	4417.82051317	4188.46153833	4221.15384609	
4217.5641025	4218.71794865	4234.74358975	4219.48717942	4193.07692294	4232.30769224	4205.38461532	4421.92307727	4191.15384602	4224.74358968	4213.33333327	4418.33333368	4202.30769224	4233.20512814	
4220.51282045	4226.53846147	4244.48717949	4227.05128199	4198.58974345	4244.61538462	4216.53846147	4422.56410292	4201.92307686	4233.4615384	4220.64102558	4419.10256445	4211.6666666	4244.61538462	
4215.7692307	4218.84615378	4232.05128199	4217.94871788	4190.64102551	4236.28205129	4209.10256404	4408.71794907	4188.71794858	4222.30769224	4210.89743583	4405.25641061	4195.51282038	4232.30769224	
4211.02564096	4214.74358968	4220.51282045	4210.51282045	4185.89743576	4223.97435891	4198.07692294	4392.17948746	4176.28205115	4210.38461532	4200.76923063	4389.87179515	4182.56410243	4217.5641025	
4212.82051275	4218.71794865	4222.5641025	4212.30769224	4185.38461525	4221.92307686	4195.51282038	4382.30769259	4176.92307679	4209.99999993	4198.58974345	4381.9230772	4187.69230756	4215.89743583	
4213.4615384	4214.35897429	4218.33333327	4209.61538455	4180.25641012	4216.53846147	4188.71794858	4372.05128233	4171.02564089	4204.10256404	4196.28205115	4372.8205131	4186.41025628	4212.30769224	
4210.89743583	4206.41025634	4208.20512814	4203.71794865	4175.38461525	4207.82051275	4181.28205115	4362.17948739	4163.58974339	4195.12820499	4196.41025628	4362.43589765	4180.64102551	4208.20512814	
4210.64102558	4206.92307686	4213.33333327	4202.5641025	4176.02564089	4213.4615384	4189.61538448	4360.00000021	4168.84615371	4201.53846147	4202.43589737	4360.00000021	4185.25641012	4211.41025634	
4212.30769224	4210.64102558	4224.35897429	4207.05128199	4181.15384602	4225.64102558	4200.12820499	4365.12820541	4174.2307691	4210.12820506	4206.6666666	4362.94871816	4189.35897422	4213.33333327	
4213.84615378	4213.20512814	4226.41025634	4213.20512814	4187.30769217	4227.30769224	4200.12820499	4367.30769259	4174.74358961	4209.61538455	4207.82051275	4360.3846156	4190.51282038	4216.6666666	
4214.61538455	4216.28205122	4225.12820506	4214.10256404	4189.2307691	4223.58974352	4199.61538448	4363.46153867	4178.97435884	4211.6666666	4210.7692307	4357.17948739	4196.15384602	4223.84615378	
4216.28205122	4215.7692307	4225.38461532	4211.02564096	4187.30769217	4224.23076917	4201.41025634	4360.00000021	4181.28205115	4214.61538455	4213.71794865	4357.6923079	4198.20512807	4225.12820506	
4218.33333327	4211.6666666	4227.82051275	4212.17948711	4188.84615371	4227.5641025	4202.05128199	4356.66666688	4177.30769217	4210.64102558	4212.30769224	4353.84615406	4192.30769217	4222.94871788	
4219.48717942	4215.51282045	4230.38461532	4218.97435891	4194.35897422	4229.74358968	4204.61538455	4351.79487201	4177.56410243	4210.51282045	4209.48717942	4348.71794893	4191.5384614	4224.23076917	
4218.33333327	4220.7692307	4229.48717942	4220.12820506	4193.84615371	4227.17948711	4204.74358968	4344.61538483	4179.35897422	4213.84615378	4207.17948711	4343.33333355	4193.84615371	4220.7692307	
4216.53846147	4216.79487173	4225.89743583	4215.64102558	4188.97435884	4221.6666666	4199.2307691	4333.84615406	4171.41025628	4206.41025634	4197.82051269	4332.05128219	4185.76923063	4211.6666666	
4217.30769224	4216.28205122	4223.71794865	4216.53846147	4189.99999986	4220.25641019	4195.38461525	4327.30769245	4161.92307672	4198.07692294	4190.76923063	4325.38461553	4174.61538448	4209.99999993	
4217.43589737	4219.35897429	4222.05128199	4222.43589737	4194.74358961	4219.74358968	4193.20512807	4327.05128219	4167.69230749	4202.05128199	4197.17948704	4326.92307707	4177.94871781	4212.94871788	
4215.12820506	4218.58974352	4219.23076917	4224.10256404	4195.25641012	4216.53846147	4191.5384614	4325.51282066	4176.28205115	4207.94871788	4206.02564096	4323.71794886	4190.38461525	4213.58974352	
4214.61538455	4218.58974352	4216.92307686	4220.7692307	4191.79487166	4215.51282045	4192.05128192	4323.20512835	4176.92307679	4208.71794865	4208.33333327	4319.61538476	4193.97435884	4216.41025634	
4216.41025634	4220.38461532	4212.43589737	4218.84615378	4189.35897422	4214.99999993	4189.48717935	4323.71794886	4177.94871781	4209.87179481	4209.35897429	4323.33333348	4192.94871781	4222.5641025	
4217.43589737	4219.61538455	4207.94871788	4216.79487173	4189.99999986	4210.64102558	4183.3333332	4324.61538476	4182.56410243	4213.58974352	4212.82051275	4321.79487194	4198.07692294	4224.99999993	
4217.5641025	4217.30769224	4207.43589737	4214.74358968	4188.97435884	4208.20512814	4177.69230756	4322.17948732	4182.4358973	4215.25641019	4212.82051275	4315.89743604	4199.35897422	4223.4615384	
4214.87179481	4214.61538455	4203.33333327	4210.89743583	4181.28205115	4205.7692307	4174.87179474	4313.20512835	4174.2307691	4211.28205122	4203.33333327	4309.10256425	4187.17948704	4221.15384609	
4214.74358968	4214.61538455	4198.84615371	4207.5641025	4178.58974345	4201.92307686	4175.51282038	4299.61538476	4171.15384602	4207.82051275	4197.4358973	4299.35897443	4180.64102551	4219.35897429	
4219.74358968	4217.94871788	4203.71794865	4208.97435891	4183.84615371	4204.99999993	4178.3333332	4295.64102571	4177.69230756	4210.12820506	4203.4615384	4296.0256411	4189.2307691	4221.41025634	
4221.15384609	4215.25641019	4207.05128199	4208.20512814	4184.48717935	4206.28205122	4176.02564089	4295.64102571	4180.76923063	4210.7692307	4202.43589737	4291.15384623	4192.56410243	4222.5641025	
4217.82051275	4213.4615384	4199.99999986	4205.89743583	4181.66666653	4198.3333332	4170.89743576	4286.28205136	4176.66666653	4209.23076917	4194.61538448	4282.43589751	4185.89743576	4218.84615378	
4216.28205122	4215.7692307	4197.94871781	4206.41025634	4181.15384602	4196.5384614	4172.30769217	4277.05128212	4171.02564089	4205.38461532	4189.87179474	4275.00000007	4176.41025628	4212.94871788	
4215.7692307	4212.17948711	4201.53846147	4208.20512814	4179.87179474	4204.23076917	4174.74358961	4272.82051289	4163.58974339	4196.02564089	4182.94871781	4268.58974366	4166.41025621	4206.79487173	
4213.4615384	4209.48717942	4203.07692301	4208.71794865	4179.35897422	4206.41025634	4177.30769217	4270.51282059	4157.56410236	4191.02564089	4179.2307691	4266.28205129	4163.33333313	4202.5641025	
4213.71794865	4212.30769224	4210.89743583	4207.82051275	4181.79487166	4209.35897429	4186.66666653	4272.82051289	4161.92307672	4196.02564089	4186.5384614	4272.30769238	4171.41025628	4205.89743583	
4217.5641025	4216.02564096	4233.07692301	4210.51282045	4185.64102551	4232.17948711	4207.94871788	4283.71794879	4172.17948704	4206.15384609	4195.38461525	4284.35897443	4181.5384614	4218.4615384	
4219.99999993	4221.92307686	4262.82051282	4218.71794865	4190.25641012	4263.84615385	4237.17948718	4306.92307707	4185.51282038	4216.92307686	4203.4615384	4306.02564117	4189.87179474	4230.7692307	
4221.92307686	4223.20512814	4291.79487187	4222.82051275	4193.46153833	4288.97435905	4265.0	4335.64102585	4196.28205115	4226.15384609	4211.41025634	4335.76923098	4198.71794858	4236.02564103	
4227.05128199	4220.64102558	4317.43589758	4219.35897429	4193.20512807	4311.28205142	4291.15384623	4353.33333355	4200.51282038	4231.92307686	4215.7692307	4352.56410278	4203.97435891	4240.51282052	
4229.99999993	4222.05128199	4333.07692329	4219.99999993	4194.99999986	4332.43589765	4314.3589745	4355.12820534	4201.28205122	4233.07692301	4217.43589737	4352.94871816	4203.07692301	4244.74358975	
4228.58974352	4223.97435891	4339.74358996	4223.4615384	4197.30769217	4343.33333355	4325.38461553	4350.89743611	4198.20512807	4228.84615378	4212.05128199	4348.07692329	4197.30769217	4239.61538462	
4228.71794865	4224.87179481	4346.92307714	4223.71794865	4197.05128192	4347.56410278	4326.1538463	4345.76923098	4195.25641012	4228.20512814	4206.53846147	4343.20512842	4195.76923063	4235.0	
4232.43589737	4227.30769224	4349.4871797	4224.99999993	4198.07692294	4347.56410278	4326.28205142	4339.61538483	4198.46153833	4232.82051275	4207.82051275	4340.64102585	4199.35897422	4241.53846154	
4229.87179481	4221.6666666	4338.07692329	4223.20512814	4197.30769217	4337.30769252	4319.48717963	4325.89743604	4194.74358961	4226.28205122	4199.2307691	4327.17948732	4194.10256397	4240.12820513	
4222.94871788	4213.97435891	4320.51282066	4215.89743583	4189.99999986	4321.92307707	4301.53846168	4308.84615399	4185.12820499	4217.82051275	4188.46153833	4307.43589758	4184.87179474	4228.07692301	
4221.92307686	4218.58974352	4303.20512835	4213.07692301	4184.48717935	4306.1538463	4280.89743597	4297.56410264	4180.12820499	4214.87179481	4187.56410243	4295.64102571	4180.12820499	4220.64102558	
4220.25641019	4219.35897429	4284.10256418	4212.05128199	4184.2307691	4286.923077	4261.66666667	4281.79487187	4169.2307691	4204.35897429	4180.64102551	4279.87179495	4170.89743576	4214.35897429	
4215.51282045	4208.58974352	4267.69230777	4204.74358968	4180.25641012	4266.923077	4245.38461539	4261.02564103	4156.41025621	4192.05128192	4166.41025621	4257.94871795	4159.9999998	4204.74358968	
4215.12820506	4206.15384609	4257.94871795	4202.5641025	4174.35897422	4257.05128206	4233.97435898	4255.25641026	4158.205128	4192.30769217	4168.07692287	4252.43589744	4161.66666646	4202.5641025	
4216.79487173	4212.30769224	4250.8974359	4207.43589737	4176.28205115	4253.46153847	4225.38461532	4259.35897436	4165.38461518	4198.97435884	4182.94871781	4256.7948718	4172.56410243	4208.4615384	
4214.23076917	4209.23076917	4239.23076923	4200.12820499	4176.79487166	4239.87179488	4213.84615378	4253.97435898	4164.23076903	4198.58974345	4185.64102551	4251.02564103	4175.25641012	4209.23076917	
4211.15384609	4199.87179474	4224.23076917	4189.10256397	4168.71794858	4223.58974352	4200.25641012	4243.07692308	4157.3076921	4193.07692294	4179.87179474	4242.94871795	4167.43589723	4202.43589737	
4210.12820506	4200.25641012	4215.12820506	4191.79487166	4163.205128	4216.6666666	4190.76923063	4241.15384616	4153.46153826	4191.28205115	4178.07692294	4241.92307693	4165.76923056	4197.82051269	
4210.25641019	4203.84615378	4213.33333327	4193.71794858	4164.74358954	4212.17948711	4186.92307679	4244.10256411	4154.87179467	4193.20512807	4182.94871781	4242.05128206	4174.74358961	4200.25641012	
4213.20512814	4205.12820506	4214.48717942	4194.10256397	4170.76923063	4209.74358968	4187.4358973	4246.7948718	4161.92307672	4196.02564089	4191.41025628	4244.61538462	4182.69230756	4206.28205122	
4214.10256404	4206.53846147	4214.99999993	4200.89743576	4174.35897422	4214.48717942	4187.82051269	4251.41025641	4168.84615371	4199.99999986	4193.3333332	4251.7948718	4182.56410243	4209.99999993	
4214.10256404	4203.84615378	4211.53846147	4202.17948711	4170.76923063	4212.30769224	4185.25641012	4251.66666667	4171.02564089	4203.84615378	4188.46153833	4250.25641026	4180.89743576	4210.64102558	
4213.33333327	4201.02564096	4200.12820499	4194.10256397	4165.51282031	4199.87179474	4173.97435884	4241.7948718	4163.205128	4196.5384614	4182.05128192	4239.23076923	4176.5384614	4206.28205122	
4209.35897429	4201.15384609	4185.12820499	4190.76923063	4165.25641005	4187.82051269	4159.1025639	4231.15384609	4148.84615364	4182.69230756	4173.20512807	4231.02564096	4163.58974339	4196.79487166	
4208.71794865	4200.12820499	4177.4358973	4191.66666653	4163.97435877	4179.48717935	4151.66666646	4227.69230763	4143.07692287	4176.5384614	4164.74358954	4226.53846147	4154.23076903	4186.79487166	
4211.6666666	4199.99999986	4178.46153833	4189.10256397	4160.89743569	4177.05128192	4151.02564082	4229.23076917	4148.07692287	4178.3333332	4166.66666646	4223.84615378	4157.69230749	4186.15384602	
4209.35897429	4201.28205122	4179.2307691	4190.64102551	4163.07692287	4178.84615371	4152.43589723	4231.53846147	4148.46153826	4179.87179474	4173.46153833	4226.6666666	4163.07692287	4193.58974345	
4204.10256404	4201.41025634	4177.94871781	4193.58974345	4164.87179467	4179.99999986	4152.43589723	4230.51282045	4144.35897415	4181.5384614	4174.2307691	4229.74358968	4162.56410236	4193.46153833	
4205.12820506	4203.58974352	4178.20512807	4192.4358973	4164.61538441	4178.84615371	4151.66666646	4228.97435891	4150.64102544	4187.69230756	4174.74358961	4224.61538455	4165.38461518	4191.5384614	
4207.17948711	4205.12820506	4177.30769217	4191.79487166	4164.35897415	4177.30769217	4148.07692287	4226.28205122	4154.48717928	4188.71794858	4177.56410243	4219.10256404	4170.89743576	4193.84615371	
4204.99999993	4199.10256397	4173.58974345	4190.89743576	4159.87179467	4172.30769217	4142.94871774	4218.20512814	4144.9999998	4181.15384602	4175.64102551	4215.38461532	4167.82051262	4188.07692294	
4201.28205122	4196.15384602	4170.64102551	4186.66666653	4157.69230749	4167.43589723	4141.15384595	4212.82051275	4140.38461518	4177.4358973	4169.74358961	4211.79487173	4161.15384595	4183.20512807	
4201.41025634	4198.97435884	4170.38461525	4183.97435884	4160.12820492	4169.48717935	4141.28205108	4211.41025634	4141.15384595	4176.5384614	4163.84615364	4209.99999993	4159.61538441	4188.3333332	
4205.38461532	4202.30769224	4173.84615371	4187.82051269	4162.17948697	4176.5384614	4145.76923056	4210.25641019	4144.35897415	4180.25641012	4164.61538441	4210.89743583	4166.28205108	4192.4358973	
4207.5641025	4206.79487173	4178.46153833	4192.94871781	4163.205128	4182.30769217	4153.84615364	4213.33333327	4152.56410236	4189.48717935	4171.66666653	4212.82051275	4173.58974345	4194.48717935	
4208.71794865	4206.92307686	4180.76923063	4192.69230756	4163.33333313	4182.30769217	4157.17948697	4216.6666666	4156.28205108	4190.51282038	4169.48717935	4214.35897429	4168.71794858	4197.69230756	
4208.58974352	4202.30769224	4182.30769217	4188.58974345	4161.66666646	4182.30769217	4153.97435877	4216.41025634	4152.43589723	4185.89743576	4161.53846133	4215.89743583	4161.28205108	4197.82051269	
4208.33333327	4201.79487173	4183.71794858	4189.35897422	4161.28205108	4182.94871781	4153.58974339	4214.23076917	4151.02564082	4188.07692294	4162.43589723	4212.5641025	4165.12820492	4195.12820499	
4210.25641019	4204.48717942	4181.66666653	4192.69230756	4161.79487159	4180.38461525	4153.58974339	4206.92307686	4148.205128	4186.02564089	4158.205128	4202.30769224	4165.51282031	4192.94871781	
4209.99999993	4206.02564096	4181.41025628	4192.69230756	4162.69230749	4181.15384602	4154.87179467	4204.23076917	4146.41025621	4178.20512807	4153.46153826	4201.41025634	4161.41025621	4192.17948704	
4205.64102558	4207.5641025	4181.92307679	4193.46153833	4166.28205108	4182.56410243	4154.23076903	4212.69230763	4149.1025639	4179.99999986	4165.76923056	4210.38461532	4167.3076921	4193.07692294	
4201.53846147	4205.12820506	4172.4358973	4194.10256397	4167.05128185	4173.07692294	4142.3076921	4216.53846147	4148.97435877	4185.64102551	4173.84615371	4210.51282045	4172.69230756	4193.58974345	
4200.64102551	4199.35897422	4161.53846133	4190.89743576	4164.48717928	4162.82051262	4132.56410229	4211.6666666	4150.64102544	4186.41025628	4171.5384614	4205.7692307	4174.61538448	4195.89743576	
4201.02564096	4200.51282038	4160.89743569	4188.97435884	4162.43589723	4161.02564082	4133.0769228	4205.12820506	4153.07692287	4185.38461525	4173.71794858	4204.10256404	4178.3333332	4198.58974345	
4201.53846147	4202.69230763	4161.02564082	4185.25641012	4158.33333313	4158.46153826	4129.99999973	4200.12820499	4146.92307672	4180.51282038	4170.12820499	4198.71794858	4174.10256397	4192.94871781	
4201.15384609	4197.30769217	4159.23076903	4178.97435884	4153.33333313	4157.05128185	4126.02564075	4199.61538448	4143.71794851	4178.84615371	4165.25641005	4196.41025628	4169.35897422	4188.97435884	
4202.17948711	4196.15384602	4162.94871774	4180.51282038	4151.28205108	4161.53846133	4133.58974332	4202.43589737	4152.17948697	4186.5384614	4176.5384614	4201.41025634	4177.05128192	4196.5384614	
4202.05128199	4199.61538448	4163.84615364	4183.20512807	4150.76923056	4163.07692287	4138.71794851	4205.12820506	4153.84615364	4187.94871781	4180.25641012	4202.94871788	4177.05128192	4198.20512807	
4199.99999986	4194.10256397	4160.89743569	4179.35897422	4149.1025639	4162.05128185	4133.9743587	4206.53846147	4147.56410236	4180.64102551	4165.76923056	4200.89743576	4166.15384595	4189.74358961	
4201.6666666	4189.87179474	4163.205128	4177.05128192	4148.205128	4161.41025621	4134.35897408	4201.28205122	4141.79487159	4174.48717935	4158.58974339	4198.71794858	4160.89743569	4184.48717935	
4203.58974352	4192.4358973	4165.51282031	4178.3333332	4148.58974339	4161.92307672	4137.43589723	4196.92307679	4129.61538434	4166.02564082	4157.3076921	4197.17948704	4152.69230749	4178.46153833	
4201.41025634	4192.69230756	4160.51282031	4177.4358973	4147.17948697	4161.92307672	4135.12820485	4200.51282038	4123.0769228	4159.74358954	4154.74358954	4200.12820499	4144.35897415	4171.79487166	
4198.58974345	4192.17948704	4157.69230749	4176.28205115	4146.28205108	4159.87179467	4131.53846126	4201.92307686	4129.48717921	4162.43589723	4154.1025639	4200.64102551	4148.205128	4173.84615371	
4201.53846147	4197.30769217	4165.76923056	4181.66666653	4151.79487159	4165.25641005	4138.33333313	4204.23076917	4136.15384595	4170.12820499	4157.3076921	4200.64102551	4155.25641005	4179.35897422	
4211.92307686	4209.10256404	4180.64102551	4190.64102551	4162.69230749	4180.38461525	4153.97435877	4215.7692307	4144.9999998	4181.66666653	4168.46153833	4211.15384609	4166.92307672	4188.3333332	
4217.94871788	4215.25641019	4190.89743576	4198.46153833	4173.20512807	4191.02564089	4164.74358954	4227.5641025	4160.25641005	4193.3333332	4180.76923063	4225.38461532	4187.94871781	4202.17948711	
4216.79487173	4212.82051275	4190.89743576	4203.07692301	4176.5384614	4190.76923063	4163.58974339	4232.43589737	4166.15384595	4196.5384614	4185.51282038	4231.6666666	4196.5384614	4208.97435891	
4216.41025634	4211.28205122	4185.51282038	4200.64102551	4173.84615371	4183.84615371	4157.43589723	4231.79487173	4161.15384595	4195.12820499	4186.02564089	4230.38461532	4190.76923063	4206.53846147	
4214.61538455	4211.6666666	4180.64102551	4195.64102551	4170.38461525	4177.4358973	4155.12820492	4232.05128199	4162.94871774	4198.71794858	4188.97435884	4230.12820506	4194.74358961	4207.5641025	
4210.89743583	4208.4615384	4182.69230756	4194.74358961	4168.58974345	4181.92307679	4156.28205108	4239.61538462	4169.87179474	4203.71794865	4191.41025628	4238.33333334	4203.97435891	4211.41025634	
4210.89743583	4209.35897429	4187.30769217	4196.5384614	4169.74358961	4188.07692294	4157.17948697	4247.17948718	4173.46153833	4206.02564096	4194.74358961	4246.92307693	4205.25641019	4211.6666666	
4213.33333327	4217.43589737	4184.74358961	4198.84615371	4173.46153833	4184.35897422	4157.94871774	4246.66666667	4174.48717935	4209.10256404	4200.89743576	4246.15384616	4207.69230763	4216.53846147	
4212.05128199	4217.82051275	4183.07692294	4200.12820499	4174.2307691	4183.97435884	4159.48717928	4249.74358975	4177.4358973	4212.69230763	4205.38461532	4246.28205129	4214.61538455	4222.17948711	
4211.6666666	4212.17948711	4184.87179474	4197.4358973	4171.79487166	4187.30769217	4158.46153826	4254.48717949	4179.2307691	4211.28205122	4203.33333327	4250.8974359	4213.20512814	4221.53846147	
4214.10256404	4209.99999993	4186.02564089	4194.61538448	4169.35897422	4186.92307679	4155.38461518	4252.56410257	4174.74358961	4205.89743583	4195.38461525	4251.41025641	4205.25641019	4218.33333327	
4213.07692301	4212.05128199	4182.4358973	4193.84615371	4165.76923056	4181.41025628	4151.66666646	4255.0	4171.66666653	4205.89743583	4192.4358973	4254.74358975	4203.84615378	4215.7692307	
4210.7692307	4217.5641025	4172.69230756	4194.10256397	4166.92307672	4171.15384602	4144.74358954	4261.41025641	4175.38461525	4210.7692307	4197.69230756	4259.10256411	4208.84615378	4219.23076917	
4212.94871788	4217.69230763	4168.20512807	4198.97435884	4172.94871781	4168.97435884	4141.28205108	4255.25641026	4176.79487166	4209.74358968	4195.12820499	4252.82051282	4206.53846147	4221.41025634	
4215.51282045	4214.99999993	4169.35897422	4200.76923063	4172.94871781	4171.02564089	4141.15384595	4245.76923077	4171.5384614	4204.61538455	4181.02564089	4245.0	4192.56410243	4214.10256404	
4214.23076917	4216.02564096	4169.61538448	4194.61538448	4167.17948697	4168.58974345	4140.12820492	4249.48717949	4170.64102551	4204.87179481	4176.66666653	4247.82051282	4187.17948704	4208.58974352	
4213.58974352	4216.41025634	4171.02564089	4192.94871781	4166.79487159	4168.84615371	4141.66666646	4252.05128206	4170.25641012	4205.64102558	4182.56410243	4251.41025641	4194.2307691	4212.82051275	
4214.10256404	4210.7692307	4171.66666653	4195.38461525	4168.3333332	4170.89743576	4141.41025621	4241.92307693	4164.35897415	4198.20512807	4180.64102551	4244.48717949	4193.97435884	4211.53846147	
4213.4615384	4209.23076917	4164.74358954	4195.89743576	4165.64102544	4164.48717928	4135.89743569	4238.84615385	4163.07692287	4193.71794858	4177.94871781	4237.05128206	4190.25641012	4204.99999993	
4214.10256404	4212.30769224	4161.66666646	4195.25641012	4166.28205108	4160.89743569	4135.38461518	4242.05128206	4166.41025621	4197.82051269	4182.30769217	4235.8974359	4192.30769217	4208.58974352	
4211.41025634	4207.43589737	4166.53846133	4192.4358973	4167.3076921	4165.89743569	4138.205128	4235.25641026	4163.205128	4197.30769217	4181.5384614	4234.74358975	4192.56410243	4209.87179481	
4207.05128199	4206.15384609	4167.94871774	4191.28205115	4166.28205108	4167.05128185	4138.46153826	4228.4615384	4159.23076903	4191.79487166	4179.35897422	4228.58974352	4186.41025628	4202.43589737	
4209.10256404	4211.79487173	4171.41025628	4196.5384614	4168.58974345	4169.2307691	4141.15384595	4230.25641019	4162.94871774	4192.82051269	4185.12820499	4223.97435891	4184.99999986	4203.20512814	
4209.99999993	4211.6666666	4172.30769217	4198.20512807	4169.48717935	4169.99999986	4142.69230749	4223.71794865	4163.205128	4196.15384602	4184.48717935	4220.38461532	4186.28205115	4206.41025634	
4204.35897429	4205.89743583	4163.71794851	4193.58974345	4166.92307672	4165.38461518	4138.205128	4213.84615378	4157.43589723	4192.82051269	4176.28205115	4215.51282045	4181.02564089	4200.38461525	
4204.35897429	4204.74358968	4161.02564082	4193.07692294	4164.23076903	4163.33333313	4135.25640998	4215.25641019	4156.66666646	4190.51282038	4175.89743576	4214.87179481	4176.15384602	4198.46153833	
4206.6666666	4204.87179481	4166.15384595	4194.87179474	4163.205128	4163.07692287	4134.61538434	4212.05128199	4156.79487159	4192.17948704	4179.35897422	4211.41025634	4177.05128192	4201.6666666	
4206.15384609	4203.33333327	4168.84615371	4195.89743576	4166.53846133	4164.1025639	4135.89743569	4203.71794865	4154.61538441	4191.79487166	4175.51282038	4203.58974352	4177.30769217	4201.28205122	
4208.4615384	4204.61538455	4165.51282031	4198.3333332	4169.87179474	4166.28205108	4137.05128185	4201.15384609	4154.35897415	4191.02564089	4171.15384602	4199.87179474	4173.84615371	4201.02564096	
4208.58974352	4204.99999993	4163.33333313	4198.3333332	4169.10256397	4165.12820492	4136.02564082	4200.38461525	4155.64102544	4192.17948704	4172.17948704	4200.25641012	4175.12820499	4201.6666666	
4203.71794865	4202.82051275	4163.07692287	4193.97435884	4166.41025621	4161.79487159	4135.12820485	4200.38461525	4155.64102544	4191.66666653	4173.3333332	4198.97435884	4179.35897422	4200.38461525	
4205.51282045	4200.51282038	4166.53846133	4191.92307679	4165.64102544	4167.69230749	4138.71794851	4201.6666666	4158.58974339	4192.17948704	4178.71794858	4198.46153833	4182.69230756	4204.35897429	
4211.92307686	4201.92307686	4174.74358961	4195.89743576	4167.05128185	4178.20512807	4146.15384595	4202.82051275	4165.25641005	4198.71794858	4189.74358961	4201.41025634	4189.35897422	4210.38461532	
4209.35897429	4205.38461532	4176.41025628	4198.3333332	4169.35897422	4177.4358973	4147.05128185	4203.20512814	4171.02564089	4206.53846147	4196.5384614	4201.79487173	4197.56410243	4212.5641025	
4204.35897429	4207.17948711	4174.10256397	4198.58974345	4170.51282038	4174.2307691	4146.92307672	4203.71794865	4178.58974345	4211.02564096	4202.17948711	4202.5641025	4203.4615384	4219.35897429	
4207.05128199	4206.79487173	4179.2307691	4199.61538448	4171.66666653	4178.71794858	4153.33333313	4204.48717942	4184.2307691	4209.99999993	4208.07692301	4204.48717942	4201.79487173	4224.61538455	
4207.5641025	4200.38461525	4183.20512807	4198.46153833	4171.41025628	4182.05128192	4154.74358954	4203.97435891	4177.56410243	4206.53846147	4201.6666666	4202.82051275	4195.38461525	4217.5641025	
4202.69230763	4195.25641012	4178.84615371	4193.3333332	4165.64102544	4180.25641012	4149.9999998	4200.89743576	4168.07692287	4205.12820506	4189.99999986	4199.48717935	4189.35897422	4209.87179481	
4204.61538455	4197.94871781	4179.87179474	4189.74358961	4164.23076903	4181.79487166	4153.58974339	4201.15384609	4170.89743576	4207.17948711	4191.79487166	4201.28205122	4191.02564089	4214.48717942	
4211.02564096	4204.23076917	4188.71794858	4193.71794858	4170.38461525	4186.79487166	4160.89743569	4204.87179481	4176.41025628	4208.58974352	4198.3333332	4203.84615378	4196.41025628	4220.25641019	
4209.48717942	4205.25641019	4186.79487166	4196.92307679	4170.38461525	4185.25641012	4157.82051262	4199.2307691	4169.48717935	4204.23076917	4193.3333332	4195.38461525	4191.41025628	4213.84615378	
4207.17948711	4198.46153833	4179.2307691	4194.35897422	4164.74358954	4179.48717935	4152.82051262	4192.69230756	4161.53846133	4197.94871781	4184.74358961	4189.61538448	4180.25641012	4205.89743583	
4207.5641025	4196.92307679	4179.35897422	4193.58974345	4163.97435877	4180.12820499	4152.69230749	4197.94871781	4162.17948697	4196.15384602	4182.4358973	4197.05128192	4177.4358973	4204.74358968	
4204.35897429	4202.05128199	4181.66666653	4195.76923063	4168.58974345	4182.82051269	4154.87179467	4203.07692301	4167.82051262	4201.53846147	4184.61538448	4202.17948711	4184.35897422	4208.97435891	
4205.25641019	4198.84615371	4177.69230756	4193.07692294	4168.3333332	4176.41025628	4152.43589723	4196.92307679	4167.94871774	4201.6666666	4186.28205115	4194.87179474	4183.84615371	4208.4615384	
4202.17948711	4199.35897422	4179.10256397	4194.87179474	4170.76923063	4175.25641012	4152.17948697	4198.97435884	4172.4358973	4204.74358968	4193.46153833	4197.69230756	4184.87179474	4211.92307686	
4178.20512807	4227.43589737	4198.07692294	4218.33333327	4194.74358961	4197.69230756	4169.35897422	4220.64102558	4194.61538448	4228.33333327	4216.02564096	4221.02564096	4212.17948711	4236.28205129	
4154.48717928	4256.66666667	4220.89743583	4244.61538462	4222.17948711	4222.43589737	4192.30769217	4238.71794872	4217.05128199	4250.51282052	4240.51282052	4238.46153847	4242.82051282	4261.28205129	
4153.58974339	4257.05128206	4227.30769224	4247.17948718	4222.82051275	4225.64102558	4198.71794858	4238.33333334	4220.51282045	4252.17948718	4245.0	4237.94871795	4247.05128206	4261.02564103	
4158.33333313	4254.74358975	4223.58974352	4243.71794872	4217.94871788	4222.94871788	4197.17948704	4233.84615385	4221.6666666	4253.58974359	4242.30769231	4234.35897436	4247.56410257	4257.56410257	
4156.28205108	4263.71794872	4228.84615378	4249.61538462	4228.33333327	4230.7692307	4207.30769224	4237.30769231	4231.28205122	4261.92307693	4251.15384616	4236.92307693	4261.15384616	4270.51282059	
4152.43589723	4259.48717949	4233.20512814	4248.97435898	4226.6666666	4234.35897436	4211.02564096	4237.6923077	4230.12820506	4260.25641026	4253.97435898	4234.23076923	4260.38461539	4273.71794879	
4148.46153826	4247.94871795	4227.05128199	4239.35897436	4212.43589737	4225.7692307	4202.05128199	4231.6666666	4220.25641019	4254.10256411	4243.07692308	4228.58974352	4245.64102564	4261.41025641	
4149.35897415	4248.33333334	4224.23076917	4236.28205129	4212.5641025	4222.17948711	4200.89743576	4229.87179481	4219.87179481	4252.56410257	4240.25641026	4228.33333327	4245.64102564	4259.48717949	
4151.66666646	4251.41025641	4226.28205122	4237.6923077	4216.41025634	4226.79487173	4200.76923063	4230.25641019	4222.5641025	4251.66666667	4242.56410257	4229.10256404	4250.0	4261.92307693	
4148.58974339	4246.53846154	4224.99999993	4236.66666667	4208.84615378	4225.38461532	4194.2307691	4225.51282045	4218.84615378	4252.05128206	4238.84615385	4226.41025634	4245.0	4258.97435898	
4150.25641005	4249.61538462	4226.15384609	4237.43589744	4209.10256404	4222.30769224	4196.79487166	4224.48717942	4220.51282045	4256.28205129	4239.74358975	4221.92307686	4244.23076923	4262.30769231	
4155.12820492	4259.48717949	4231.02564096	4243.58974359	4218.71794865	4228.97435891	4206.02564096	4227.43589737	4228.33333327	4258.84615385	4244.87179488	4218.20512814	4249.74358975	4267.94871802	
4152.05128185	4257.56410257	4230.12820506	4248.20512821	4219.61538455	4234.23076923	4203.58974352	4221.92307686	4227.05128199	4256.15384616	4241.53846154	4215.51282045	4246.7948718	4263.84615385	
4150.89743569	4255.0	4227.82051275	4245.76923077	4218.84615378	4230.12820506	4200.51282038	4214.87179481	4220.12820506	4252.30769231	4237.05128206	4217.17948711	4239.87179488	4259.48717949	
4156.41025621	4258.97435898	4228.58974352	4242.94871795	4222.43589737	4225.64102558	4202.5641025	4212.43589737	4212.94871788	4245.8974359	4235.76923077	4213.4615384	4239.10256411	4258.33333334	
4155.12820492	4255.25641026	4225.51282045	4242.43589744	4218.84615378	4223.4615384	4200.12820499	4210.12820506	4207.94871788	4239.35897436	4233.33333327	4203.97435891	4238.97435898	4253.58974359	
4149.48717928	4251.66666667	4224.61538455	4242.05128206	4216.41025634	4223.71794865	4201.28205122	4211.6666666	4213.97435891	4244.61538462	4237.82051282	4205.7692307	4240.76923077	4255.12820513	
4152.56410236	4255.51282052	4228.97435891	4246.28205129	4223.58974352	4226.6666666	4204.74358968	4217.82051275	4226.02564096	4257.6923077	4250.25641026	4216.53846147	4248.84615385	4265.38461539	
4157.05128185	4254.74358975	4229.10256404	4248.46153847	4223.84615378	4228.07692301	4202.82051275	4219.48717942	4225.7692307	4258.07692308	4255.51282052	4220.25641019	4254.10256411	4266.02564103	
4153.205128	4251.28205129	4224.61538455	4244.23076923	4215.89743583	4226.02564096	4200.38461525	4214.87179481	4216.6666666	4248.97435898	4251.02564103	4214.35897429	4252.82051282	4256.41025641	
4150.25641005	4248.07692308	4217.43589737	4237.56410257	4211.92307686	4220.25641019	4196.92307679	4209.61538455	4210.51282045	4243.84615385	4243.46153847	4208.07692301	4243.46153847	4251.28205129	
4147.43589723	4238.84615385	4212.69230763	4229.10256404	4205.51282045	4214.48717942	4188.58974345	4201.15384609	4201.15384609	4233.4615384	4228.4615384	4199.74358961	4227.17948711	4245.8974359	
4144.74358954	4237.05128206	4218.33333327	4227.30769224	4200.76923063	4218.97435891	4191.28205115	4199.35897422	4194.99999986	4226.02564096	4216.41025634	4196.5384614	4217.94871788	4238.58974359	
4153.205128	4247.05128206	4239.23076923	4238.58974359	4210.51282045	4238.71794872	4212.30769224	4215.89743583	4206.15384609	4240.64102564	4231.41025634	4213.71794865	4229.23076917	4246.15384616	
4160.51282031	4250.38461539	4257.6923077	4245.8974359	4221.41025634	4254.61538462	4231.79487173	4233.07692301	4220.51282045	4255.51282052	4251.92307693	4231.79487173	4241.7948718	4260.64102564	
4156.53846133	4243.71794872	4256.28205129	4239.74358975	4217.17948711	4253.84615385	4233.97435898	4234.87179488	4220.64102558	4251.02564103	4248.33333334	4234.23076923	4240.76923077	4260.38461539	
4153.84615364	4239.35897436	4257.30769231	4237.30769231	4209.87179481	4258.46153847	4234.87179488	4236.66666667	4213.4615384	4243.97435898	4237.94871795	4238.20512821	4235.51282052	4252.82051282	
4158.84615364	4243.97435898	4279.2307693	4242.17948718	4213.33333327	4279.74358982	4253.97435898	4252.6923077	4211.15384609	4244.74358975	4236.15384616	4254.48717949	4230.51282045	4252.56410257	
4164.23076903	4249.87179488	4305.64102578	4243.33333334	4222.05128199	4302.94871809	4281.41025648	4278.84615392	4221.6666666	4254.23076923	4242.56410257	4276.0256411	4236.92307693	4262.05128206	
4165.25641005	4247.6923077	4320.2564104	4243.07692308	4222.82051275	4318.84615399	4298.97435905	4299.35897443	4234.23076923	4265.12820513	4249.48717949	4294.35897443	4249.10256411	4271.28205136	
4167.17948697	4246.02564103	4333.33333355	4246.15384616	4220.12820506	4335.00000021	4313.97435912	4310.2564104	4240.12820513	4271.66666674	4253.07692308	4308.84615399	4254.10256411	4277.82051289	
4171.92307679	4251.02564103	4348.20512842	4248.46153847	4223.4615384	4348.97435919	4329.23076937	4319.87179501	4249.35897436	4280.64102571	4264.35897436	4318.4615386	4262.82051282	4289.2307693	
4174.48717935	4252.82051282	4348.84615406	4244.74358975	4221.15384609	4348.46153867	4331.79487194	4324.10256425	4254.23076923	4284.48717956	4273.20512828	4320.51282066	4270.89743597	4293.07692315	
4170.76923063	4247.30769231	4339.87179508	4240.64102564	4214.23076917	4340.00000021	4323.20512835	4313.97435912	4243.07692308	4271.923077	4257.17948718	4311.79487194	4258.58974359	4280.1282052	
4168.84615371	4244.87179488	4338.33333355	4241.28205129	4216.79487173	4338.71794893	4319.10256425	4302.69230784	4236.53846154	4265.38461539	4245.12820513	4301.66666681	4246.92307693	4273.71794879	
4170.76923063	4246.7948718	4339.10256431	4242.05128206	4220.51282045	4337.56410278	4316.79487194	4300.64102578	4239.48717949	4271.0256411	4253.71794872	4298.97435905	4252.82051282	4278.71794879	
4170.25641012	4245.51282052	4326.28205142	4240.25641026	4214.74358968	4325.2564104	4305.2564104	4295.38461546	4234.48717949	4265.76923077	4250.25641026	4292.82051289	4248.46153847	4273.71794879	
4169.87179474	4245.25641026	4314.3589745	4241.15384616	4211.41025634	4315.00000014	4292.69230777	4286.66666674	4228.33333327	4258.58974359	4239.10256411	4285.1282052	4239.35897436	4267.69230777	
4169.61538448	4247.82051282	4311.41025655	4242.6923077	4214.87179481	4308.33333348	4287.94871802	4281.53846161	4231.53846147	4262.05128206	4242.6923077	4280.89743597	4243.84615385	4271.28205136	
4167.3076921	4246.02564103	4296.66666674	4238.71794872	4214.10256404	4293.20512828	4276.53846161	4274.2307693	4229.48717942	4258.84615385	4243.71794872	4273.58974366	4241.53846154	4268.84615392	
4164.48717928	4238.20512821	4277.82051289	4234.10256411	4208.33333327	4276.15384623	4255.76923077	4265.12820513	4216.92307686	4245.64102564	4232.17948711	4263.46153847	4226.28205122	4255.38461539	
4163.71794851	4234.74358975	4268.33333341	4233.58974352	4204.23076917	4264.87179488	4241.7948718	4261.41025641	4208.4615384	4240.64102564	4228.20512814	4259.87179488	4223.33333327	4250.8974359	
4165.51282031	4241.02564103	4256.92307693	4235.38461539	4206.6666666	4256.53846154	4235.38461539	4264.35897436	4210.25641019	4244.61538462	4231.28205122	4261.28205129	4231.28205122	4256.28205129	
4166.15384595	4242.94871795	4242.82051282	4234.35897436	4209.10256404	4246.15384616	4222.5641025	4261.66666667	4209.74358968	4240.8974359	4227.30769224	4256.66666667	4225.12820506	4248.84615385	
4163.58974339	4233.71794865	4236.92307693	4228.84615378	4204.48717942	4235.76923077	4210.12820506	4255.0	4204.87179481	4233.4615384	4221.79487173	4252.94871795	4218.20512814	4239.10256411	
4162.82051262	4229.99999993	4233.20512814	4225.51282045	4201.02564096	4230.51282045	4204.87179481	4253.71794872	4203.97435891	4234.48717949	4223.4615384	4254.74358975	4223.4615384	4244.35897436	
4164.87179467	4233.71794865	4222.17948711	4224.48717942	4199.87179474	4224.35897429	4196.28205115	4250.76923077	4203.84615378	4235.8974359	4224.10256404	4249.23076923	4222.94871788	4245.64102564	
4164.35897415	4230.7692307	4215.7692307	4223.84615378	4198.84615371	4215.7692307	4188.07692294	4244.48717949	4202.30769224	4232.69230763	4221.41025634	4241.92307693	4217.69230763	4237.05128206	
4166.66666646	4229.61538455	4221.41025634	4228.71794865	4204.10256404	4215.64102558	4191.66666653	4245.64102564	4207.30769224	4236.66666667	4227.94871788	4247.05128206	4225.7692307	4245.25641026	
4170.38461525	4234.48717949	4224.48717942	4233.07692301	4208.84615378	4219.74358968	4195.12820499	4248.46153847	4212.5641025	4243.33333334	4231.79487173	4249.74358975	4233.20512814	4257.6923077	
4166.66666646	4230.12820506	4216.41025634	4225.51282045	4200.38461525	4214.23076917	4186.79487166	4241.28205129	4203.07692301	4235.8974359	4220.89743583	4238.58974359	4220.7692307	4246.02564103	
4163.07692287	4222.17948711	4205.64102558	4219.61538455	4193.58974345	4204.35897429	4176.41025628	4232.30769224	4190.89743576	4224.10256404	4212.43589737	4230.12820506	4206.6666666	4232.5641025	
4166.66666646	4226.02564096	4201.6666666	4227.05128199	4201.15384609	4200.51282038	4172.69230756	4229.61538455	4193.58974345	4225.12820506	4216.53846147	4229.74358968	4208.71794865	4235.0	
4169.61538448	4233.07692301	4205.25641019	4231.02564096	4206.15384609	4203.97435891	4174.87179474	4233.4615384	4203.07692301	4235.64102564	4222.69230763	4232.17948711	4219.74358968	4243.46153847	
4169.99999986	4232.17948711	4210.38461532	4231.92307686	4206.02564096	4211.92307686	4184.61538448	4243.46153847	4210.7692307	4244.48717949	4224.23076917	4240.8974359	4227.05128199	4250.25641026	
4171.5384614	4230.7692307	4210.38461532	4234.87179488	4209.48717942	4213.97435891	4190.51282038	4248.97435898	4209.48717942	4242.6923077	4222.43589737	4246.53846154	4223.07692301	4248.58974359	
4169.35897422	4232.30769224	4206.53846147	4230.12820506	4206.15384609	4207.05128199	4181.28205115	4245.12820513	4197.82051269	4232.94871788	4216.02564096	4240.8974359	4212.94871788	4238.07692308	
4167.69230749	4232.17948711	4205.12820506	4223.4615384	4198.58974345	4201.53846147	4174.2307691	4244.61538462	4193.07692294	4228.58974352	4213.20512814	4241.7948718	4211.15384609	4235.38461539	
4169.10256397	4225.7692307	4202.43589737	4222.94871788	4197.05128192	4199.10256397	4175.12820499	4249.23076923	4200.12820499	4230.51282045	4212.30769224	4249.74358975	4212.5641025	4242.30769231	
4167.3076921	4223.58974352	4197.69230756	4223.71794865	4196.66666653	4197.05128192	4171.28205115	4250.8974359	4200.51282038	4230.7692307	4209.74358968	4250.76923077	4207.94871788	4242.17948718	
4169.10256397	4227.5641025	4200.64102551	4224.61538455	4195.12820499	4199.87179474	4171.02564089	4254.23076923	4199.2307691	4233.97435898	4217.05128199	4252.56410257	4211.28205122	4240.51282052	
4173.46153833	4225.7692307	4203.33333327	4225.51282045	4195.51282038	4201.41025634	4175.51282038	4261.7948718	4206.41025634	4240.12820513	4227.17948711	4261.53846154	4223.58974352	4245.64102564	
4168.58974345	4217.05128199	4194.48717935	4220.25641019	4193.3333332	4194.10256397	4167.43589723	4262.6923077	4203.71794865	4236.28205129	4219.35897429	4260.51282052	4217.94871788	4242.6923077	
4164.61538441	4211.53846147	4187.4358973	4217.69230763	4189.61538448	4185.76923063	4158.07692287	4256.53846154	4189.48717935	4223.84615378	4207.05128199	4254.10256411	4199.35897422	4230.51282045	
4168.97435884	4213.84615378	4190.76923063	4220.38461532	4191.92307679	4185.25641012	4160.89743569	4255.25641026	4183.84615371	4216.92307686	4206.92307686	4255.76923077	4195.25641012	4224.23076917	
4168.97435884	4211.92307686	4192.17948704	4218.07692301	4193.71794858	4188.58974345	4162.94871774	4260.38461539	4183.46153833	4216.41025634	4208.20512814	4258.58974359	4198.20512807	4224.87179481	
4165.38461518	4203.20512814	4188.20512807	4216.79487173	4191.02564089	4187.69230756	4159.35897415	4260.0	4176.92307679	4212.30769224	4202.69230763	4258.46153847	4192.94871781	4222.94871788	
4168.71794858	4204.23076917	4190.64102551	4220.12820506	4192.4358973	4187.69230756	4162.3076921	4259.87179488	4175.64102551	4208.33333327	4199.10256397	4260.0	4190.38461525	4222.69230763	
4171.15384602	4209.61538455	4197.4358973	4217.17948711	4192.05128192	4195.12820499	4170.64102551	4269.74358982	4183.71794858	4214.74358968	4203.97435891	4264.87179488	4196.15384602	4226.15384609	
4167.94871774	4208.33333327	4198.46153833	4211.15384609	4185.64102551	4198.84615371	4171.5384614	4276.923077	4185.76923063	4221.79487173	4205.25641019	4270.38461546	4195.25641012	4226.28205122	
4167.69230749	4206.53846147	4193.46153833	4210.7692307	4183.3333332	4193.20512807	4165.76923056	4273.20512828	4180.64102551	4216.6666666	4196.41025628	4272.82051289	4188.20512807	4224.99999993	
4170.51282038	4208.33333327	4189.74358961	4209.87179481	4184.99999986	4190.25641012	4163.84615364	4275.25641033	4182.56410243	4213.71794865	4191.28205115	4275.76923084	4185.89743576	4224.87179481	
4171.92307679	4210.25641019	4194.48717935	4209.87179481	4183.97435884	4195.38461525	4171.02564089	4289.87179495	4190.76923063	4222.05128199	4201.92307686	4286.923077	4193.3333332	4229.10256404	
4171.66666653	4210.64102558	4200.89743576	4212.94871788	4183.97435884	4200.12820499	4175.89743576	4303.84615399	4196.15384602	4228.84615378	4213.20512814	4301.79487194	4206.53846147	4237.94871795	
4172.4358973	4208.33333327	4199.10256397	4209.61538455	4183.58974345	4198.3333332	4170.51282038	4309.10256425	4195.76923063	4228.07692301	4213.33333327	4307.69230784	4208.97435891	4239.48717949	
4171.79487166	4203.71794865	4192.17948704	4204.10256404	4178.20512807	4192.4358973	4162.69230749	4309.48717963	4188.07692294	4221.41025634	4208.71794865	4308.84615399	4199.61538448	4229.74358968	
4168.97435884	4204.74358968	4185.89743576	4206.28205122	4176.02564089	4185.12820499	4157.69230749	4312.56410271	4180.38461525	4213.20512814	4201.28205122	4312.56410271	4193.58974345	4222.5641025	
4167.94871774	4202.5641025	4182.05128192	4204.35897429	4176.41025628	4179.61538448	4154.35897415	4318.4615386	4177.17948704	4209.99999993	4196.28205115	4315.89743604	4190.64102551	4222.43589737	
4168.46153833	4198.20512807	4179.74358961	4198.46153833	4173.3333332	4178.3333332	4151.79487159	4322.17948732	4173.97435884	4210.25641019	4195.89743576	4318.58974373	4184.99999986	4218.84615378	
4170.25641012	4199.48717935	4179.10256397	4201.02564096	4171.79487166	4180.38461525	4151.66666646	4322.43589758	4170.89743576	4205.38461532	4191.28205115	4320.89743604	4179.74358961	4210.7692307	
4169.2307691	4199.61538448	4181.28205115	4205.25641019	4176.28205115	4182.17948704	4153.71794851	4323.4615386	4168.84615371	4198.97435884	4186.28205115	4322.43589758	4177.56410243	4209.48717942	
4168.3333332	4201.92307686	4186.41025628	4207.5641025	4182.4358973	4184.87179474	4157.3076921	4327.94871809	4168.97435884	4200.76923063	4190.76923063	4325.51282066	4179.2307691	4213.97435891	
4172.17948704	4203.07692301	4186.5384614	4205.25641019	4181.15384602	4185.12820499	4154.23076903	4324.23076937	4167.05128185	4200.38461525	4186.15384602	4321.79487194	4176.66666653	4210.51282045	
4171.5384614	4198.58974345	4176.79487166	4195.51282038	4173.07692294	4175.64102551	4146.02564082	4317.30769245	4161.28205108	4194.35897422	4174.10256397	4315.64102578	4167.56410236	4202.17948711	
4168.58974345	4197.94871781	4174.35897422	4195.25641012	4171.41025628	4174.2307691	4149.48717928	4322.17948732	4163.97435877	4199.74358961	4179.35897422	4320.89743604	4169.87179474	4208.33333327	
4171.79487166	4202.69230763	4186.41025628	4207.5641025	4178.97435884	4188.71794858	4161.28205108	4330.38461553	4177.56410243	4212.5641025	4189.10256397	4328.97435912	4181.02564089	4219.99999993	
4174.2307691	4201.53846147	4194.99999986	4206.28205122	4178.58974345	4194.48717935	4164.61538441	4327.69230784	4177.4358973	4209.61538455	4186.92307679	4325.00000014	4179.35897422	4217.05128199	
4173.71794858	4196.5384614	4192.30769217	4197.05128192	4171.02564089	4187.82051269	4162.82051262	4325.76923091	4171.02564089	4203.71794865	4188.07692294	4322.56410271	4176.92307679	4212.69230763	
4174.99999986	4199.10256397	4191.41025628	4201.15384609	4174.48717935	4189.2307691	4165.12820492	4328.71794886	4179.99999986	4212.94871788	4196.15384602	4325.12820527	4188.07692294	4221.41025634	
4173.97435884	4201.41025634	4195.38461525	4204.74358968	4178.58974345	4196.02564089	4166.41025621	4321.1538463	4183.58974345	4217.43589737	4198.46153833	4319.74358989	4194.87179474	4226.79487173	
4173.07692294	4200.89743576	4195.25641012	4203.71794865	4175.12820499	4195.64102551	4168.71794858	4313.97435912	4177.30769217	4214.10256404	4201.02564096	4314.23076937	4192.94871781	4224.23076917	
4178.20512807	4202.82051275	4194.2307691	4206.92307686	4175.12820499	4194.61538448	4171.92307679	4317.82051296	4185.25641012	4219.35897429	4208.07692301	4315.00000014	4194.74358961	4227.43589737	
4180.38461525	4203.71794865	4196.66666653	4207.05128199	4178.46153833	4196.66666653	4170.51282038	4313.84615399	4195.64102551	4225.64102558	4211.6666666	4312.17948732	4198.20512807	4233.58974352	
4175.89743576	4200.25641012	4197.05128192	4204.10256404	4178.20512807	4196.92307679	4169.99999986	4300.51282066	4186.41025628	4220.7692307	4206.15384609	4304.48717963	4193.46153833	4229.99999993	
4176.28205115	4196.92307679	4193.58974345	4203.97435891	4175.51282038	4193.84615371	4169.35897422	4293.58974366	4174.48717935	4210.12820506	4195.25641012	4293.46153853	4182.69230756	4220.64102558	
4180.12820499	4199.10256397	4192.69230756	4203.71794865	4175.76923063	4190.12820499	4163.84615364	4287.43589751	4174.87179474	4206.02564096	4189.2307691	4282.05128212	4175.76923063	4213.33333327	
4179.61538448	4202.5641025	4192.4358973	4204.61538455	4177.05128192	4189.87179474	4160.38461518	4275.00000007	4175.51282038	4207.17948711	4187.94871781	4273.07692315	4175.51282038	4209.99999993	
4179.35897422	4201.6666666	4188.58974345	4205.7692307	4176.79487166	4189.87179474	4161.92307672	4272.82051289	4175.51282038	4208.84615378	4188.3333332	4266.923077	4177.56410243	4214.74358968	
4179.74358961	4198.97435884	4190.25641012	4203.20512814	4173.97435884	4190.51282038	4164.9999998	4274.35897443	4178.58974345	4211.02564096	4194.61538448	4265.38461539	4179.99999986	4221.53846147	
4181.15384602	4199.74358961	4194.35897422	4200.76923063	4174.10256397	4192.17948704	4166.15384595	4267.56410264	4179.48717935	4213.84615378	4201.92307686	4265.51282052	4184.48717935	4221.53846147	
4182.30769217	4203.97435891	4192.82051269	4201.28205122	4175.76923063	4192.4358973	4166.15384595	4263.07692308	4180.12820499	4214.48717942	4204.10256404	4261.92307693	4189.48717935	4220.89743583	
4182.05128192	4199.99999986	4194.87179474	4198.07692294	4173.07692294	4194.87179474	4168.46153833	4269.2307693	4185.12820499	4214.23076917	4208.71794865	4265.76923077	4195.12820499	4226.79487173	
4181.02564089	4190.76923063	4196.79487166	4194.2307691	4171.41025628	4193.71794858	4166.92307672	4265.25641026	4182.05128192	4212.5641025	4208.20512814	4265.64102564	4195.12820499	4225.7692307	
4180.12820499	4192.4358973	4187.82051269	4194.99999986	4169.2307691	4185.12820499	4158.205128	4251.02564103	4170.89743576	4206.53846147	4195.64102551	4250.0	4183.84615371	4212.05128199	
4181.15384602	4196.79487166	4184.2307691	4195.64102551	4164.9999998	4183.71794858	4156.92307672	4250.8974359	4170.38461525	4205.38461532	4193.07692294	4246.15384616	4177.94871781	4210.89743583	
4183.71794858	4195.12820499	4193.58974345	4195.12820499	4167.05128185	4193.97435884	4166.15384595	4263.20512821	4182.94871781	4215.38461532	4207.69230763	4261.7948718	4189.74358961	4225.38461532	
4185.64102551	4195.51282038	4197.4358973	4196.02564089	4173.07692294	4197.30769217	4171.02564089	4271.0256411	4191.28205115	4224.61538455	4215.25641019	4269.48717956	4200.89743576	4232.5641025	
4184.99999986	4198.46153833	4197.4358973	4200.64102551	4174.35897422	4196.15384602	4171.66666653	4275.89743597	4187.94871781	4223.97435891	4208.07692301	4269.2307693	4198.20512807	4229.48717942	
4185.51282038	4196.79487166	4203.71794865	4206.02564096	4174.99999986	4202.30769224	4175.51282038	4278.97435905	4180.89743576	4217.5641025	4202.94871788	4274.48717956	4189.2307691	4223.97435891	
4186.79487166	4195.51282038	4202.69230763	4206.15384609	4178.3333332	4202.94871788	4175.12820499	4278.84615392	4177.56410243	4212.30769224	4203.58974352	4278.33333341	4182.82051269	4218.71794865	
4188.07692294	4200.76923063	4196.41025628	4205.64102558	4180.64102551	4197.82051269	4172.17948704	4281.0256411	4177.56410243	4209.99999993	4205.64102558	4279.2307693	4187.17948704	4217.82051275	
4189.61538448	4203.84615378	4199.87179474	4208.4615384	4181.92307679	4199.61538448	4173.71794858	4282.30769238	4175.89743576	4208.97435891	4202.5641025	4279.61538469	4191.92307679	4218.07692301	
4187.82051269	4200.12820499	4204.87179481	4205.38461532	4176.41025628	4202.5641025	4175.64102551	4280.1282052	4173.46153833	4209.35897429	4199.2307691	4278.33333341	4187.56410243	4217.30769224	
4186.66666653	4194.35897422	4204.74358968	4196.02564089	4168.84615371	4201.28205122	4175.25641012	4286.41025648	4176.79487166	4212.82051275	4203.71794865	4282.05128212	4187.69230756	4221.41025634	
4189.35897422	4195.38461525	4206.79487173	4195.25641012	4170.89743576	4205.51282045	4177.82051269	4296.15384623	4184.87179474	4217.30769224	4209.48717942	4290.76923084	4193.20512807	4227.5641025	
4192.30769217	4201.15384609	4211.02564096	4201.6666666	4175.12820499	4210.12820506	4182.82051269	4298.58974366	4190.76923063	4222.05128199	4213.20512814	4297.05128212	4198.20512807	4232.43589737	
4191.15384602	4201.15384609	4214.10256404	4204.48717942	4176.79487166	4209.87179481	4186.92307679	4295.51282059	4193.97435884	4228.07692301	4216.41025634	4296.53846161	4210.64102558	4238.58974359	
4194.10256397	4202.69230763	4219.74358968	4206.79487173	4180.12820499	4219.35897429	4192.82051269	4298.97435905	4204.35897429	4236.15384616	4222.69230763	4296.0256411	4229.10256404	4245.12820513	
4197.05128192	4204.23076917	4221.6666666	4208.20512814	4179.10256397	4225.25641019	4197.56410243	4304.87179501	4212.30769224	4240.76923077	4229.35897429	4301.1538463	4236.92307693	4249.23076923	
4191.92307679	4200.89743576	4213.33333327	4203.58974352	4174.2307691	4212.94871788	4190.25641012	4301.28205142	4201.6666666	4232.30769224	4223.20512814	4299.2307693	4228.20512814	4245.12820513	
4190.64102551	4199.35897422	4204.35897429	4199.74358961	4174.61538448	4204.23076917	4178.20512807	4291.15384623	4189.74358961	4225.12820506	4208.84615378	4286.79487187	4215.25641019	4236.28205129	
4193.58974345	4200.51282038	4201.6666666	4199.74358961	4175.12820499	4205.89743583	4174.48717935	4286.53846161	4194.61538448	4229.10256404	4207.05128199	4280.64102571	4212.05128199	4234.48717949	
4191.41025628	4201.53846147	4198.58974345	4199.35897422	4172.94871781	4197.17948704	4171.41025628	4281.41025648	4195.38461525	4227.05128199	4210.89743583	4277.94871802	4212.43589737	4231.02564096	
4187.17948704	4199.87179474	4189.74358961	4199.2307691	4173.71794858	4182.05128192	4157.56410236	4267.94871802	4181.92307679	4214.48717942	4200.51282038	4266.41025641	4204.74358968	4221.15384609	
4188.71794858	4199.2307691	4183.07692294	4202.30769224	4174.99999986	4177.56410243	4148.84615364	4260.12820513	4174.74358961	4208.4615384	4193.07692294	4258.07692308	4198.46153833	4218.58974352	
4190.76923063	4200.76923063	4181.02564089	4203.84615378	4174.35897422	4177.30769217	4152.43589723	4260.12820513	4176.02564089	4207.94871788	4198.84615371	4258.71794872	4201.79487173	4222.17948711	
4192.4358973	4201.02564096	4179.99999986	4204.35897429	4176.15384602	4180.51282038	4154.9999998	4261.15384616	4178.46153833	4209.48717942	4204.10256404	4258.71794872	4206.41025634	4224.74358968	
4198.20512807	4203.84615378	4185.38461525	4208.58974352	4179.99999986	4187.05128192	4157.82051262	4262.94871795	4184.61538448	4218.84615378	4207.82051275	4260.38461539	4211.28205122	4229.35897429	
4199.74358961	4204.87179481	4189.48717935	4208.33333327	4181.02564089	4185.51282038	4158.71794851	4261.66666667	4188.3333332	4222.17948711	4210.12820506	4261.53846154	4212.43589737	4228.4615384	
4195.89743576	4200.76923063	4188.3333332	4201.92307686	4178.71794858	4183.46153833	4157.82051262	4259.87179488	4184.61538448	4215.25641019	4207.43589737	4260.12820513	4207.69230763	4224.10256404	
4196.5384614	4198.84615371	4196.92307679	4201.28205122	4177.94871781	4197.69230756	4169.2307691	4270.64102571	4185.89743576	4218.07692301	4206.53846147	4270.76923084	4208.07692301	4229.35897429	
4199.74358961	4201.6666666	4214.61538455	4208.97435891	4178.46153833	4218.33333327	4192.17948704	4291.53846161	4193.46153833	4227.30769224	4212.94871788	4289.2307693	4211.41025634	4235.12820513	
4197.82051269	4200.76923063	4226.6666666	4209.74358968	4177.94871781	4228.4615384	4205.38461532	4304.48717963	4192.56410243	4223.97435891	4212.5641025	4300.64102578	4205.25641019	4231.53846147	
4198.20512807	4200.25641012	4242.82051282	4203.71794865	4178.58974345	4244.48717949	4217.05128199	4320.89743604	4191.02564089	4222.5641025	4206.53846147	4318.71794886	4201.92307686	4232.17948711	
4202.17948711	4204.23076917	4265.64102564	4207.5641025	4180.76923063	4269.74358982	4241.92307693	4345.51282073	4195.76923063	4228.97435891	4205.25641019	4342.56410278	4204.10256404	4239.61538462	
4201.41025634	4202.94871788	4277.69230777	4213.20512814	4180.89743576	4282.17948725	4260.25641026	4357.94871816	4197.94871781	4229.23076917	4204.74358968	4353.33333355	4199.74358961	4239.87179488	
4200.89743576	4203.33333327	4280.00000007	4204.48717942	4178.97435884	4279.48717956	4259.74358975	4360.51282073	4199.35897422	4231.53846147	4207.17948711	4360.64102585	4202.82051275	4238.97435898	
4202.17948711	4201.6666666	4275.1282052	4196.28205115	4176.02564089	4273.07692315	4249.35897436	4357.17948739	4200.64102551	4235.38461539	4210.25641019	4360.00000021	4212.82051275	4243.33333334	
4200.38461525	4192.4358973	4265.64102564	4198.71794858	4172.30769217	4267.43589751	4242.82051282	4341.28205149	4197.05128192	4226.41025634	4202.5641025	4338.97435919	4206.15384609	4240.12820513	
4200.38461525	4194.35897422	4260.51282052	4200.64102551	4172.56410243	4261.92307693	4241.66666667	4325.89743604	4192.17948704	4220.7692307	4194.48717935	4322.05128219	4195.25641012	4232.17948711	
4200.89743576	4197.4358973	4250.64102564	4196.41025628	4169.99999986	4248.46153847	4228.4615384	4320.00000014	4187.4358973	4222.94871788	4194.99999986	4319.74358989	4198.07692294	4227.94871788	
4196.02564089	4185.64102551	4233.58974352	4187.82051269	4161.15384595	4230.7692307	4206.15384609	4311.53846168	4179.99999986	4214.35897429	4192.94871781	4312.17948732	4197.4358973	4223.4615384	
4190.38461525	4179.35897422	4223.07692301	4183.07692294	4155.64102544	4223.07692301	4196.15384602	4302.43589758	4174.99999986	4204.35897429	4188.84615371	4302.56410271	4188.58974345	4217.17948711	
4190.76923063	4185.25641012	4217.5641025	4186.5384614	4155.76923056	4218.33333327	4194.35897422	4301.1538463	4174.87179474	4207.94871788	4187.05128192	4299.87179501	4183.84615371	4216.6666666	
4195.64102551	4183.58974345	4210.25641019	4187.4358973	4156.53846133	4209.61538455	4188.58974345	4298.33333341	4175.25641012	4211.02564096	4184.35897422	4296.41025648	4182.17948704	4219.23076917	
4193.71794858	4176.79487166	4206.28205122	4182.56410243	4158.07692287	4205.25641019	4181.66666653	4294.61538469	4177.94871781	4209.87179481	4184.99999986	4293.71794879	4184.2307691	4218.58974352	
4191.28205115	4182.56410243	4203.20512814	4185.25641012	4159.74358954	4204.48717942	4177.17948704	4296.66666674	4179.48717935	4211.79487173	4191.15384602	4295.76923084	4191.66666653	4219.74358968	
4195.25641012	4185.25641012	4195.38461525	4186.92307679	4158.97435877	4198.58974345	4173.3333332	4294.35897443	4176.79487166	4210.89743583	4193.3333332	4293.58974366	4192.17948704	4219.10256404	
4195.76923063	4176.92307679	4191.5384614	4181.15384602	4157.56410236	4192.69230756	4166.79487159	4284.48717956	4174.2307691	4207.94871788	4189.61538448	4284.74358982	4183.84615371	4213.71794865	
4192.69230756	4177.17948704	4194.99999986	4185.64102551	4159.1025639	4193.71794858	4162.82051262	4281.66666674	4173.20512807	4207.69230763	4189.48717935	4280.38461546	4183.84615371	4212.43589737	
4193.20512807	4184.35897422	4191.5384614	4190.38461525	4160.64102544	4190.64102551	4162.82051262	4280.76923084	4169.10256397	4203.20512814	4190.12820499	4278.97435905	4188.07692294	4210.7692307	
4193.84615371	4182.56410243	4181.28205115	4184.74358961	4158.71794851	4180.38461525	4158.71794851	4269.74358982	4162.3076921	4194.10256397	4185.38461525	4269.10256418	4181.02564089	4204.10256404	
4191.92307679	4178.97435884	4180.89743576	4185.76923063	4159.35897415	4178.97435884	4152.17948697	4260.64102564	4158.97435877	4190.64102551	4183.84615371	4259.87179488	4174.35897422	4202.43589737	
4194.10256397	4185.12820499	4186.66666653	4194.10256397	4165.12820492	4185.25641012	4154.48717928	4263.71794872	4161.66666646	4196.02564089	4191.79487166	4261.41025641	4183.71794858	4207.17948711	
4193.84615371	4188.3333332	4182.56410243	4193.71794858	4165.89743569	4181.92307679	4155.89743569	4263.97435898	4165.25641005	4199.35897422	4198.3333332	4261.53846154	4189.87179474	4208.71794865	
4188.46153833	4182.4358973	4177.69230756	4188.71794858	4160.64102544	4177.17948704	4150.51282031	4255.76923077	4163.33333313	4195.89743576	4195.76923063	4254.35897436	4183.46153833	4207.30769224	
4188.07692294	4180.89743576	4178.20512807	4188.3333332	4157.43589723	4177.4358973	4146.53846133	4249.35897436	4158.84615364	4193.20512807	4193.46153833	4247.82051282	4182.05128192	4206.41025634	
4191.66666653	4182.94871781	4175.76923063	4187.94871781	4158.84615364	4175.89743576	4145.38461518	4247.05128206	4162.69230749	4198.97435884	4192.69230756	4245.51282052	4183.71794858	4205.25641019	
4194.2307691	4182.17948704	4175.12820499	4186.02564089	4158.71794851	4176.41025628	4147.69230749	4248.33333334	4174.61538448	4208.58974352	4197.05128192	4246.7948718	4187.94871781	4214.10256404	
4192.4358973	4181.66666653	4180.25641012	4184.61538448	4155.25641005	4179.61538448	4152.56410236	4246.66666667	4178.07692294	4210.89743583	4202.82051275	4245.64102564	4195.89743576	4223.33333327	
4190.76923063	4181.5384614	4183.58974345	4181.41025628	4153.58974339	4180.89743576	4155.64102544	4240.8974359	4173.3333332	4208.71794865	4201.79487173	4240.76923077	4196.28205115	4217.82051275	
4194.99999986	4178.46153833	4179.35897422	4178.58974345	4155.25641005	4178.07692294	4151.28205108	4233.20512814	4173.71794858	4208.07692301	4196.92307679	4231.53846147	4186.92307679	4212.69230763	
4196.28205115	4178.07692294	4174.99999986	4182.82051269	4155.64102544	4175.51282038	4144.87179467	4222.82051275	4176.15384602	4208.33333327	4195.64102551	4219.74358968	4184.74358961	4217.94871788	
4191.79487166	4185.51282038	4176.02564089	4188.3333332	4158.205128	4176.28205115	4146.66666646	4214.10256404	4173.07692294	4207.82051275	4197.69230756	4212.82051275	4187.94871781	4217.94871788	
4190.51282038	4187.05128192	4175.64102551	4186.15384602	4161.53846133	4176.28205115	4150.64102544	4206.79487173	4167.05128185	4204.23076917	4194.87179474	4206.02564096	4180.51282038	4208.84615378	
4191.41025628	4181.5384614	4173.58974345	4184.48717935	4158.71794851	4173.84615371	4146.53846133	4196.02564089	4165.25641005	4199.61538448	4191.5384614	4192.30769217	4175.89743576	4208.20512814	
4191.15384602	4181.28205115	4173.46153833	4187.82051269	4156.53846133	4171.66666653	4139.74358954	4180.76923063	4164.61538441	4197.05128192	4188.07692294	4176.92307679	4178.97435884	4210.89743583	
4189.99999986	4184.2307691	4170.89743576	4190.25641012	4162.3076921	4169.35897422	4141.28205108	4167.56410236	4156.41025621	4193.20512807	4181.66666653	4167.17948697	4174.2307691	4200.64102551	
4188.46153833	4184.10256397	4170.25641012	4191.02564089	4164.9999998	4171.02564089	4146.15384595	4165.38461518	4153.07692287	4191.15384602	4182.94871781	4166.41025621	4171.41025628	4195.51282038	
4189.99999986	4182.17948704	4176.02564089	4189.48717935	4160.12820492	4177.56410243	4150.38461518	4170.12820499	4163.84615364	4196.41025628	4191.92307679	4169.61538448	4181.79487166	4206.41025634	
4192.4358973	4183.84615371	4179.99999986	4186.41025628	4158.07692287	4179.48717935	4152.94871774	4166.28205108	4172.05128192	4200.38461525	4195.38461525	4164.48717928	4186.66666653	4213.20512814	
4191.79487166	4183.71794858	4179.99999986	4186.28205115	4158.84615364	4177.69230756	4153.71794851	4157.3076921	4171.92307679	4203.20512814	4192.94871781	4156.66666646	4180.64102551	4211.15384609	
4189.2307691	4180.64102551	4181.02564089	4184.10256397	4153.33333313	4180.76923063	4154.9999998	4153.84615364	4170.76923063	4206.53846147	4194.87179474	4150.89743569	4184.48717935	4213.84615378	
4186.41025628	4177.4358973	4176.79487166	4177.17948704	4146.02564082	4179.35897422	4150.38461518	4143.84615364	4163.97435877	4202.69230763	4194.61538448	4138.205128	4184.99999986	4212.69230763	
4186.5384614	4173.97435884	4175.64102551	4176.28205115	4145.89743569	4175.38461525	4145.64102544	4127.56410229	4158.71794851	4197.17948704	4189.99999986	4124.61538434	4175.51282038	4207.05128199	
4190.12820499	4174.35897422	4183.84615371	4178.58974345	4148.07692287	4180.64102551	4150.25641005	4116.92307665	4162.56410236	4199.48717935	4190.64102551	4116.15384588	4175.38461525	4208.07692301	
4191.02564089	4174.87179474	4183.97435884	4174.10256397	4144.61538441	4183.84615371	4154.61538441	4104.74358947	4165.12820492	4200.25641012	4191.02564089	4103.9743587	4176.92307679	4211.15384609	
4189.87179474	4171.28205115	4177.56410243	4171.66666653	4142.05128185	4179.2307691	4149.87179467	4086.79487145	4161.15384595	4196.41025628	4184.61538448	4086.02564068	4169.48717935	4207.94871788	
4189.61538448	4167.82051262	4171.92307679	4174.74358961	4143.97435877	4171.28205115	4141.28205108	4068.84615343	4151.92307672	4187.56410243	4174.74358961	4065.64102523	4159.23076903	4196.28205115	
4187.94871781	4169.2307691	4166.92307672	4175.38461525	4145.89743569	4166.53846133	4138.07692287	4051.410256	4145.38461518	4180.25641012	4171.92307679	4046.410256	4154.9999998	4189.48717935	
4190.51282038	4172.30769217	4170.12820499	4176.28205115	4147.56410236	4170.51282038	4141.28205108	4037.05128164	4149.87179467	4185.38461525	4175.38461525	4034.87179439	4158.33333313	4196.5384614	
4197.69230756	4174.48717935	4175.25641012	4181.5384614	4150.76923056	4175.38461525	4145.76923056	4028.46153798	4153.33333313	4190.76923063	4177.30769217	4026.92307644	4161.02564082	4198.97435884	
4196.66666653	4172.30769217	4171.79487166	4182.82051269	4152.05128185	4171.02564089	4143.205128	4016.66666618	4149.74358954	4185.64102551	4178.07692294	4013.71794824	4161.28205108	4193.84615371	
4192.69230756	4168.58974345	4165.89743569	4174.61538448	4147.43589723	4161.66666646	4136.02564082	4001.02564047	4146.53846133	4180.51282038	4174.99999986	4001.1538456	4158.07692287	4192.30769217	
4192.30769217	4169.74358961	4163.205128	4168.20512807	4141.15384595	4161.41025621	4134.8717946	3989.74358919	4142.3076921	4178.71794858	4169.61538448	3989.35897381	4149.74358954	4189.87179474	
4191.02564089	4170.12820499	4163.97435877	4171.28205115	4139.35897415	4166.53846133	4136.41025621	3981.53846099	4141.02564082	4176.79487166	4170.76923063	3976.1538456	4146.66666646	4188.58974345	
4189.61538448	4169.10256397	4169.99999986	4175.76923063	4143.07692287	4171.15384602	4141.92307672	3975.2564097	4147.69230749	4179.61538448	4174.87179474	3971.66666611	4154.23076903	4194.87179474	
4190.76923063	4169.10256397	4174.48717935	4172.17948704	4144.74358954	4174.35897422	4147.82051262	3973.97435842	4150.76923056	4183.97435884	4176.15384602	3976.66666611	4158.33333313	4196.41025628	
4189.99999986	4168.58974345	4173.3333332	4170.51282038	4143.205128	4174.61538448	4147.56410236	3971.92307637	4145.25641005	4182.30769217	4173.3333332	3970.76923015	4152.17948697	4190.76923063	
4191.15384602	4168.46153833	4176.5384614	4174.87179474	4144.61538441	4177.4358973	4147.43589723	3968.20512758	4144.87179467	4180.76923063	4169.2307691	3961.28205066	4148.97435877	4191.66666653	
4194.35897422	4168.84615371	4180.76923063	4173.07692294	4146.66666646	4180.64102551	4150.12820492	3968.58974297	4147.69230749	4180.64102551	4167.05128185	3964.99999938	4149.48717928	4194.99999986	
4193.07692294	4168.97435884	4176.66666653	4166.15384595	4139.61538441	4176.79487166	4148.07692287	3965.76923015	4143.84615364	4179.35897422	4166.53846133	3964.99999938	4147.82051262	4192.05128192	
4189.74358961	4168.71794858	4170.89743576	4164.23076903	4133.0769228	4169.87179474	4141.79487159	3959.74358912	4140.12820492	4178.3333332	4165.76923056	3957.69230707	4149.61538441	4189.61538448	
4188.46153833	4168.71794858	4171.5384614	4168.71794858	4139.61538441	4171.41025628	4141.15384595	3953.84615322	4138.46153826	4175.89743576	4166.79487159	3954.10256348	4151.02564082	4186.79487166	
4186.79487166	4166.15384595	4170.12820499	4172.05128192	4142.69230749	4170.76923063	4139.35897415	3946.79487117	4133.46153819	4168.71794858	4162.82051262	3947.56410194	4143.46153826	4180.12820499	
4184.61538448	4165.51282031	4159.9999998	4166.92307672	4133.33333306	4159.48717928	4129.23076896	3945.25640963	4123.33333306	4159.74358954	4155.25641005	3943.33333271	4135.76923056	4173.71794858	
4194.61538448	4175.51282038	4174.99999986	4174.35897422	4144.48717928	4174.48717935	4146.02564082	3973.20512765	4133.84615357	4171.92307679	4168.58974345	3974.61538406	4144.23076903	4183.46153833	
4192.17948704	4170.76923063	4165.64102544	4168.3333332	4136.41025621	4167.56410236	4137.05128185	3972.0512815	4126.92307665	4162.82051262	4160.89743569	3967.30769169	4134.99999973	4176.02564089	
4187.94871781	4170.25641012	4162.94871774	4162.43589723	4133.33333306	4165.64102544	4135.64102544	3970.76923015	4130.38461511	4166.53846133	4159.74358954	3967.56410194	4137.05128185	4179.10256397	
4189.2307691	4169.10256397	4171.15384602	4164.35897415	4138.58974339	4170.25641012	4141.92307672	3969.99999938	4137.82051262	4177.56410243	4166.66666646	3971.53846099	4146.79487159	4183.46153833	
4195.25641012	4172.56410243	4178.07692294	4172.56410243	4143.84615364	4178.46153833	4147.17948697	3969.74358912	4141.92307672	4179.48717935	4175.89743576	3965.25640963	4157.43589723	4186.66666653	
4195.38461525	4178.58974345	4174.2307691	4175.76923063	4144.1025639	4177.30769217	4146.41025621	3968.84615322	4141.02564082	4176.41025628	4181.92307679	3959.35897374	4163.07692287	4187.69230756	
4192.56410243	4176.02564089	4171.15384602	4173.58974345	4145.89743569	4172.56410243	4144.35897415	3962.17948656	4135.51282031	4173.07692294	4178.84615371	3961.53846092	4156.41025621	4183.46153833	
4194.2307691	4172.05128192	4174.74358961	4174.10256397	4146.66666646	4176.15384602	4145.89743569	3958.46153784	4136.28205108	4173.84615371	4178.20512807	3959.48717887	4151.92307672	4183.46153833	
4198.58974345	4177.56410243	4182.94871781	4177.82051269	4145.76923056	4185.12820499	4154.74358954	3965.38461476	4147.3076921	4182.82051269	4185.25641012	3957.8205122	4161.53846133	4192.69230756	
4200.89743576	4182.56410243	4187.82051269	4179.99999986	4146.53846133	4186.28205115	4160.12820492	3968.46153784	4152.17948697	4185.89743576	4186.79487166	3962.69230707	4164.35897415	4197.94871781	
4194.61538448	4171.28205115	4176.92307679	4173.3333332	4143.205128	4175.89743576	4146.79487159	3957.8205122	4138.84615364	4174.74358961	4176.5384614	3959.10256348	4146.92307672	4188.07692294	
4191.79487166	4163.46153826	4167.43589723	4169.48717935	4141.28205108	4170.64102551	4137.43589723	3952.94871733	4131.53846126	4170.38461525	4169.99999986	3952.30769169	4141.28205108	4179.87179474	
4200.76923063	4177.69230756	4176.15384602	4179.87179474	4149.35897415	4178.20512807	4147.69230749	3967.8205122	4150.25641005	4186.66666653	4186.15384602	3961.79487117	4163.46153826	4193.97435884	
4204.35897429	4187.82051269	4180.38461525	4185.64102551	4155.12820492	4178.71794858	4151.79487159	3976.92307637	4168.20512807	4198.71794858	4202.43589737	3974.99999945	4180.51282038	4211.92307686	
4196.66666653	4179.35897422	4166.15384595	4177.56410243	4150.51282031	4165.25641005	4139.1025639	3966.15384553	4157.43589723	4192.17948704	4189.99999986	3973.97435842	4168.84615371	4204.99999993	
4194.87179474	4177.94871781	4158.07692287	4176.28205115	4147.56410236	4157.56410236	4128.58974332	3961.9230763	4145.89743569	4187.17948704	4177.30769217	3968.97435835	4154.9999998	4193.20512807	
4197.94871781	4181.79487166	4156.92307672	4183.07692294	4151.92307672	4156.28205108	4124.35897408	3971.92307637	4148.58974339	4181.02564089	4177.94871781	3966.9230763	4157.56410236	4196.28205115	
4196.15384602	4176.02564089	4150.64102544	4181.41025628	4151.79487159	4144.48717928	4121.02564075	3951.66666605	4144.35897415	4180.76923063	4173.20512807	3959.99999938	4156.53846133	4193.97435884	
4193.97435884	4175.64102551	4149.23076903	4178.58974345	4149.1025639	4152.43589723	4121.15384588	3982.17948663	4137.94871774	4194.74358961	4173.20512807	3956.79487117	4152.3076921	4186.79487166	
4194.10256397	4181.79487166	4152.17948697	4184.10256397	4153.205128	4189.99999986	4120.7692305	4158.07692287	4137.69230749	4179.48717935	4174.87179474	3958.07692246	4151.28205108	4184.2307691	
4195.64102551	4180.76923063	4145.25641005	4186.5384614	4156.41025621	4194.99999986	4115.51282024	4229.61538455	4132.30769203	4164.1025639	4170.25641012	3954.99999938	4149.87179467	4179.10256397	
4195.76923063	4178.3333332	4140.12820492	4183.58974345	4152.94871774	4180.38461525	4112.43589716	4161.79487159	4129.23076896	4184.99999986	4179.10256397	3952.43589681	4158.205128	4176.41025628	
4193.71794858	4175.76923063	4143.07692287	4178.3333332	4146.66666646	4188.20512807	4112.05128178	4184.35897422	4135.12820485	4190.12820499	4190.38461525	3953.20512758	4165.25641005	4181.28205115	
4193.84615371	4170.38461525	4145.51282031	4176.92307679	4145.51282031	4186.02564089	4114.48717921	4196.79487166	4134.99999973	4174.99999986	4180.38461525	3954.74358912	4155.12820492	4181.28205115	
4194.99999986	4172.05128192	4149.9999998	4180.38461525	4149.23076903	4180.12820499	4122.94871767	4169.48717935	4134.23076896	4170.51282038	4172.56410243	3958.97435835	4152.3076921	4181.92307679	
4195.38461525	4173.97435884	4153.205128	4182.17948704	4150.38461518	4184.74358961	4127.82051255	4180.51282038	4137.94871774	4177.30769217	4178.58974345	3959.74358912	4158.58974339	4188.71794858	
4194.2307691	4169.10256397	4150.12820492	4179.87179474	4146.92307672	4184.2307691	4124.61538434	4175.76923063	4136.15384595	4179.87179474	4177.4358973	3956.15384553	4153.97435877	4186.92307679	
4193.84615371	4168.20512807	4149.35897415	4174.87179474	4142.69230749	4182.56410243	4121.79487152	4170.89743576	4133.20512793	4174.48717935	4171.02564089	3957.05128143	4154.48717928	4180.38461525	
4196.02564089	4167.94871774	4154.87179467	4171.92307679	4142.69230749	4184.48717935	4127.17948691	4175.38461525	4132.30769203	4173.71794858	4168.20512807	3958.46153784	4157.69230749	4180.64102551	
4196.28205115	4167.94871774	4156.15384595	4171.92307679	4141.79487159	4183.07692294	4128.0769228	4169.74358961	4128.71794844	4172.17948704	4167.3076921	3957.94871733	4143.84615364	4179.35897422	
4191.5384614	4169.35897422	4153.71794851	4173.46153833	4139.1025639	4179.35897422	4122.30769203	4164.1025639	4124.8717946	4169.2307691	4164.23076903	3958.7179481	4137.3076921	4174.10256397	
4188.84615371	4167.94871774	4156.92307672	4173.84615371	4139.35897415	4180.12820499	4123.58974332	4167.69230749	4128.46153819	4173.3333332	4161.41025621	3961.0256404	4148.205128	4176.28205115	
4192.17948704	4167.94871774	4155.51282031	4171.79487166	4141.53846133	4186.92307679	4123.71794844	4169.87179474	4126.53846126	4175.64102551	4158.46153826	3960.38461476	4143.07692287	4176.5384614	
4194.74358961	4168.84615371	4147.94871774	4173.97435884	4145.38461518	4189.10256397	4116.53846126	4165.76923056	4117.94871767	4171.5384614	4154.23076903	3956.66666605	4132.05128178	4172.4358973	
4192.56410243	4169.35897422	4144.23076903	4179.35897422	4147.56410236	4179.74358961	4113.46153819	4165.89743569	4119.35897408	4173.58974345	4157.43589723	3957.30769169	4140.76923056	4173.46153833	
4189.48717935	4169.35897422	4146.41025621	4178.3333332	4145.89743569	4178.71794858	4118.0769228	4168.07692287	4124.61538434	4179.87179474	4164.61538441	3958.7179481	4147.3076921	4173.20512807	
4191.79487166	4171.02564089	4151.28205108	4174.87179474	4144.48717928	4192.56410243	4123.0769228	4171.28205115	4127.30769203	4176.41025628	4166.79487159	3958.58974297	4143.97435877	4173.84615371	
4196.92307679	4171.41025628	4154.1025639	4177.30769217	4146.79487159	4197.30769217	4126.02564075	4173.07692294	4129.23076896	4171.66666653	4165.89743569	3957.17948656	4146.02564082	4178.20512807	
4194.10256397	4168.20512807	4154.35897415	4176.79487166	4143.58974339	4184.99999986	4127.17948691	4171.92307679	4127.43589716	4173.84615371	4164.48717928	3955.12820451	4150.76923056	4176.28205115	
4189.35897422	4166.28205108	4156.41025621	4170.25641012	4136.41025621	4179.99999986	4126.79487152	4172.30769217	4124.99999973	4175.25641012	4166.15384595	3953.84615322	4150.38461518	4173.58974345	
4193.71794858	4171.66666653	4161.92307672	4173.46153833	4143.07692287	4186.66666653	4132.69230742	4178.71794858	4135.51282031	4176.92307679	4175.64102551	3960.76923015	4153.97435877	4183.58974345	
4198.97435884	4176.79487166	4168.20512807	4180.51282038	4151.41025621	4187.17948704	4141.53846133	4182.05128192	4144.61538441	4181.28205115	4179.48717935	3965.76923015	4162.82051262	4193.46153833	
4197.82051269	4171.15384602	4171.79487166	4177.05128192	4144.48717928	4183.3333332	4144.1025639	4178.84615371	4140.51282031	4180.64102551	4172.69230756	3962.43589681	4163.33333313	4190.89743576	
4197.82051269	4169.99999986	4173.46153833	4175.12820499	4141.53846133	4183.3333332	4144.48717928	4181.15384602	4142.05128185	4179.61538448	4172.30769217	3963.7179481	4161.28205108	4190.25641012	
4200.12820499	4176.15384602	4175.89743576	4180.64102551	4149.87179467	4186.5384614	4147.05128185	4186.66666653	4148.46153826	4182.17948704	4179.10256397	3965.89743528	4164.35897415	4194.74358961	
4201.41025634	4178.20512807	4176.92307679	4183.58974345	4153.58974339	4188.20512807	4149.1025639	4185.12820499	4148.33333313	4178.20512807	4175.51282038	3960.89743528	4163.97435877	4195.76923063	
4202.30769224	4180.51282038	4173.58974345	4181.79487166	4151.28205108	4187.69230756	4148.97435877	4177.56410243	4144.61538441	4172.56410243	4167.17948697	3956.15384553	4158.97435877	4193.84615371	
4202.5641025	4181.41025628	4177.05128192	4181.66666653	4150.25641005	4187.4358973	4151.02564082	4175.76923063	4142.3076921	4174.10256397	4163.33333313	3957.43589681	4158.07692287	4191.5384614	
4199.99999986	4179.99999986	4186.79487166	4183.97435884	4151.15384595	4189.10256397	4156.02564082	4180.76923063	4142.82051262	4176.66666653	4164.61538441	3964.74358912	4161.15384595	4191.28205115	
4199.35897422	4182.69230756	4193.20512807	4187.69230756	4156.79487159	4189.61538448	4167.82051262	4182.69230756	4145.89743569	4177.4358973	4171.5384614	3973.07692252	4162.94871774	4194.61538448	
4202.69230763	4183.97435884	4202.69230763	4190.51282038	4161.28205108	4186.28205115	4184.48717935	4182.17948704	4146.41025621	4178.46153833	4176.5384614	3975.76923022	4165.25641005	4195.25641012	
4203.20512814	4180.51282038	4219.99999993	4189.2307691	4157.94871774	4184.2307691	4199.10256397	4184.2307691	4145.64102544	4173.20512807	4176.02564089	3984.61538406	4166.41025621	4192.17948704	
4203.71794865	4181.5384614	4243.97435898	4188.20512807	4155.89743569	4181.28205115	4220.64102558	4192.17948704	4155.89743569	4170.51282038	4182.05128192	4012.30769183	4171.02564089	4202.17948711	
4208.07692301	4185.25641012	4270.1282052	4190.89743576	4159.23076903	4180.12820499	4247.56410257	4203.58974352	4172.94871781	4179.74358961	4198.07692294	4038.58974318	4186.79487166	4221.02564096	
4211.02564096	4184.48717935	4285.51282059	4193.58974345	4161.92307672	4182.56410243	4264.74358975	4208.07692301	4177.82051269	4184.2307691	4203.71794865	4047.94871754	4195.38461525	4223.20512814	
4210.89743583	4182.56410243	4288.07692315	4187.94871781	4158.58974339	4178.84615371	4268.71794879	4205.51282045	4171.66666653	4177.82051269	4195.12820499	4049.23076882	4185.25641012	4216.02564096	
4210.25641019	4181.79487166	4291.28205136	4181.79487166	4154.61538441	4176.5384614	4268.20512828	4205.38461532	4173.20512807	4177.17948704	4193.20512807	4051.53846113	4181.5384614	4220.12820506	
4210.25641019	4181.15384602	4290.64102571	4182.4358973	4153.97435877	4180.12820499	4263.33333334	4207.94871788	4180.51282038	4185.64102551	4199.99999986	4048.97435856	4193.07692294	4227.43589737	
4207.69230763	4177.05128192	4275.64102571	4178.71794858	4149.61538441	4178.84615371	4251.02564103	4207.5641025	4177.82051269	4187.69230756	4198.84615371	4040.64102523	4192.69230756	4222.43589737	
4203.84615378	4169.87179474	4260.76923077	4173.07692294	4142.94871774	4177.56410243	4239.35897436	4201.92307686	4169.2307691	4180.25641012	4191.5384614	4030.76923029	4179.35897422	4213.84615378	
4202.05128199	4171.41025628	4253.58974359	4175.38461525	4143.205128	4182.30769217	4230.12820506	4196.28205115	4167.43589723	4176.92307679	4192.05128192	4020.25640977	4178.46153833	4213.4615384	
4201.53846147	4174.48717935	4240.8974359	4175.25641012	4145.38461518	4182.69230756	4215.25641019	4191.41025628	4160.64102544	4178.97435884	4189.35897422	4006.2820508	4177.82051269	4208.33333327	
4198.3333332	4163.97435877	4224.10256404	4168.97435884	4141.53846133	4177.94871781	4197.82051269	4184.99999986	4146.15384595	4179.48717935	4177.82051269	3994.61538406	4167.82051262	4194.99999986	
4196.66666653	4157.69230749	4212.82051275	4170.89743576	4140.25641005	4178.71794858	4186.02564089	4184.87179474	4141.53846133	4178.71794858	4176.15384602	3988.20512765	4167.17948697	4190.12820499	
4199.99999986	4165.64102544	4206.6666666	4177.05128192	4143.46153826	4181.15384602	4179.48717935	4187.17948704	4143.205128	4182.69230756	4181.15384602	3979.74358919	4169.87179474	4191.5384614	
4200.89743576	4166.28205108	4202.69230763	4174.99999986	4142.82051262	4183.20512807	4176.79487166	4181.5384614	4140.12820492	4185.25641012	4177.94871781	3973.58974304	4163.46153826	4186.28205115	
4198.20512807	4163.07692287	4198.46153833	4174.10256397	4142.94871774	4185.38461525	4173.97435884	4178.58974345	4141.92307672	4186.66666653	4177.69230756	3972.56410201	4162.56410236	4186.28205115	
4198.58974345	4164.9999998	4193.20512807	4175.89743576	4144.87179467	4183.46153833	4167.05128185	4183.46153833	4146.53846133	4192.05128192	4182.56410243	3971.15384553	4168.46153833	4193.46153833	
4200.76923063	4162.82051262	4191.79487166	4171.41025628	4140.51282031	4181.5384614	4166.41025621	4186.5384614	4145.64102544	4195.89743576	4183.07692294	3971.41025586	4171.28205115	4194.48717935	
4201.41025634	4161.15384595	4196.41025628	4170.64102551	4139.35897415	4181.5384614	4173.20512807	4187.82051269	4149.61538441	4196.41025628	4185.38461525	3973.07692252	4175.51282038	4195.89743576	
4200.64102551	4165.76923056	4197.94871781	4176.5384614	4144.87179467	4184.87179474	4168.20512807	4187.05128192	4151.28205108	4192.17948704	4186.02564089	3967.17948656	4174.74358961	4197.30769217	
4202.30769224	4167.94871774	4191.79487166	4175.38461525	4142.17948697	4187.30769217	4156.92307672	4183.84615371	4144.9999998	4186.15384602	4177.94871781	3956.28205066	4166.92307672	4194.61538448	
4204.10256404	4167.43589723	4186.66666653	4169.87179474	4136.41025621	4185.38461525	4158.84615364	4185.64102551	4147.56410236	4187.56410243	4176.28205115	3955.25640963	4169.74358961	4195.64102551	
4203.33333327	4169.35897422	4185.25641012	4169.35897422	4136.92307672	4184.74358961	4162.94871774	4192.05128192	4157.94871774	4194.74358961	4184.10256397	3963.33333271	4176.5384614	4200.12820499	
4200.76923063	4168.84615371	4180.38461525	4169.35897422	4136.02564082	4185.89743576	4153.205128	4188.07692294	4155.51282031	4194.61538448	4180.25641012	3959.74358912	4170.12820499	4198.46153833	
4198.58974345	4167.17948697	4175.25641012	4166.02564082	4134.35897408	4186.66666653	4144.87179467	4179.61538448	4142.3076921	4189.2307691	4171.15384602	3946.41025579	4161.66666646	4190.89743576	
4199.87179474	4169.61538448	4177.4358973	4167.3076921	4139.35897415	4188.58974345	4150.89743569	4184.35897422	4141.15384595	4196.41025628	4180.51282038	3946.28205066	4166.79487159	4190.76923063	
4201.15384609	4167.17948697	4178.07692294	4172.4358973	4143.71794851	4189.99999986	4149.35897415	4186.79487166	4143.07692287	4203.4615384	4191.5384614	3951.0256404	4172.05128192	4192.82051269	
4200.25641012	4159.9999998	4172.17948704	4174.48717935	4142.56410236	4186.41025628	4140.89743569	4177.4358973	4136.92307672	4194.74358961	4181.92307679	3944.10256348	4167.56410236	4188.20512807	
4201.92307686	4159.48717928	4173.71794858	4175.38461525	4144.23076903	4183.84615371	4146.28205108	4178.46153833	4134.99999973	4188.97435884	4174.35897422	3939.23076861	4168.3333332	4184.2307691	
4202.05128199	4164.1025639	4178.07692294	4176.92307679	4148.33333313	4185.12820499	4148.97435877	4184.35897422	4135.12820485	4193.97435884	4180.89743576	3943.33333271	4167.56410236	4182.4358973	
4200.64102551	4165.25641005	4175.76923063	4176.79487166	4148.33333313	4185.38461525	4143.33333313	4180.76923063	4131.66666639	4192.56410243	4182.94871781	3943.97435835	4157.69230749	4183.07692294	
4203.97435891	4167.3076921	4178.84615371	4178.71794858	4147.82051262	4193.20512807	4151.02564082	4184.74358961	4137.56410236	4193.71794858	4180.76923063	3943.33333271	4164.61538441	4191.41025628	
4206.02564096	4171.79487166	4184.35897422	4179.74358961	4147.69230749	4199.87179474	4158.33333313	4192.4358973	4143.84615364	4204.48717942	4180.64102551	3941.53846092	4177.94871781	4194.10256397	
4202.69230763	4169.87179474	4180.12820499	4177.94871781	4147.69230749	4191.02564089	4149.87179467	4185.51282038	4132.82051255	4203.71794865	4177.56410243	3940.76923015	4166.41025621	4181.28205115	
4200.89743576	4169.87179474	4175.51282038	4179.61538448	4149.74358954	4182.69230756	4147.56410236	4178.71794858	4125.89743562	4194.61538448	4177.30769217	3938.97435835	4155.25641005	4175.89743576	
4203.33333327	4172.82051269	4176.5384614	4180.25641012	4148.97435877	4188.84615371	4151.15384595	4183.20512807	4135.89743569	4198.20512807	4179.74358961	3932.05128136	4164.48717928	4184.48717935	
4205.38461532	4170.38461525	4176.15384602	4176.66666653	4146.15384595	4193.3333332	4146.28205108	4187.05128192	4142.3076921	4204.61538455	4179.2307691	3931.41025572	4169.87179474	4187.69230756	
4206.15384609	4172.17948704	4176.92307679	4179.2307691	4149.35897415	4189.48717935	4144.48717928	4183.07692294	4139.1025639	4198.84615371	4178.71794858	3934.74358905	4165.25641005	4185.25641012	
4204.23076917	4172.82051269	4175.51282038	4183.46153833	4151.92307672	4186.28205115	4147.05128185	4174.10256397	4130.38461511	4189.74358961	4171.02564089	3929.74358905	4158.58974339	4178.3333332	
4200.51282038	4167.94871774	4172.17948704	4178.71794858	4147.56410236	4186.92307679	4143.97435877	4171.5384614	4125.89743562	4190.64102551	4164.74358954	3924.61538392	4154.35897415	4174.74358961	
4202.94871788	4168.71794858	4173.71794858	4174.99999986	4146.02564082	4187.82051269	4142.94871774	4182.17948704	4132.94871767	4194.87179474	4170.51282038	3927.30769162	4160.64102544	4182.94871781	
4207.05128199	4173.07692294	4176.79487166	4178.3333332	4146.92307672	4185.76923063	4149.61538441	4189.99999986	4140.64102544	4195.89743576	4178.58974345	3932.56410187	4170.76923063	4191.79487166	
4206.79487173	4172.30769217	4178.3333332	4179.99999986	4148.07692287	4185.51282038	4154.87179467	4188.07692294	4141.66666646	4199.74358961	4185.38461525	3939.99999938	4174.10256397	4192.56410243	
4205.89743583	4170.64102551	4180.76923063	4179.48717935	4152.17948697	4188.71794858	4152.94871774	4191.66666653	4142.17948697	4209.23076917	4190.64102551	3945.38461476	4178.46153833	4192.30769217	
4206.02564096	4171.15384602	4177.82051269	4177.56410243	4148.33333313	4187.69230756	4148.84615364	4194.2307691	4140.51282031	4210.38461532	4184.74358961	3938.58974297	4176.92307679	4191.66666653	
4205.89743583	4171.02564089	4172.56410243	4177.94871781	4143.58974339	4187.4358973	4148.58974339	4186.92307679	4137.43589723	4200.25641012	4176.02564089	3928.84615316	4168.20512807	4188.20512807	
4204.74358968	4171.5384614	4176.5384614	4180.38461525	4149.61538441	4189.61538448	4149.35897415	4183.84615371	4140.76923056	4194.74358961	4179.2307691	3926.41025572	4167.05128185	4189.87179474	
4202.17948711	4167.17948697	4178.97435884	4173.84615371	4145.38461518	4187.56410243	4146.92307672	4184.74358961	4144.61538441	4197.94871781	4176.92307679	3929.4871788	4169.99999986	4193.07692294	
4201.15384609	4162.05128185	4173.46153833	4164.48717928	4130.38461511	4185.12820499	4143.205128	4181.02564089	4141.53846133	4197.17948704	4167.17948697	3928.5897429	4164.48717928	4189.10256397	
4204.61538455	4164.87179467	4174.10256397	4169.48717935	4134.61538434	4186.15384602	4144.35897415	4174.61538448	4138.71794851	4190.12820499	4163.46153826	3924.74358905	4158.97435877	4188.20512807	
4206.02564096	4169.35897422	4178.07692294	4177.17948704	4143.205128	4182.30769217	4147.82051262	4174.2307691	4141.02564082	4189.74358961	4163.33333313	3929.35897367	4163.07692287	4192.05128192	
4203.33333327	4168.3333332	4171.66666653	4166.92307672	4134.10256383	4180.38461525	4145.76923056	4179.61538448	4141.28205108	4191.28205115	4162.56410236	3939.10256348	4161.92307672	4191.92307679	
4203.97435891	4168.07692287	4163.58974339	4160.89743569	4133.20512793	4184.61538448	4141.41025621	4174.74358961	4141.02564082	4188.07692294	4159.48717928	3942.56410194	4159.61538441	4190.12820499	
4207.82051275	4171.28205115	4162.82051262	4173.07692294	4143.97435877	4188.71794858	4135.38461518	4160.51282031	4141.92307672	4191.15384602	4162.56410236	3941.28205066	4164.9999998	4191.79487166	
4208.4615384	4172.17948704	4160.64102544	4176.28205115	4142.17948697	4190.64102551	4129.61538434	4165.76923056	4142.69230749	4200.25641012	4170.89743576	3948.7179481	4168.3333332	4193.84615371	
4209.35897429	4169.10256397	4158.84615364	4171.41025628	4139.61538441	4191.66666653	4131.53846126	4191.02564089	4147.05128185	4208.33333327	4179.2307691	3960.12820451	4177.56410243	4196.41025628	
4208.97435891	4170.89743576	4158.205128	4174.48717935	4144.61538441	4194.74358961	4132.30769203	4191.02564089	4149.74358954	4212.05128199	4180.89743576	3961.41025579	4184.35897422	4194.99999986	
4206.53846147	4177.17948704	4154.74358954	4176.66666653	4145.76923056	4196.15384602	4125.64102537	4176.5384614	4146.53846133	4212.30769224	4179.87179474	3960.64102502	4181.5384614	4191.28205115	
4209.23076917	4175.25641012	4156.02564082	4173.20512807	4144.48717928	4192.94871781	4125.12820485	4190.89743576	4148.84615364	4215.12820506	4184.2307691	3969.23076861	4187.05128192	4196.5384614	
4211.53846147	4167.94871774	4158.84615364	4171.79487166	4142.3076921	4187.4358973	4130.7692305	4202.94871788	4152.56410236	4216.28205122	4185.25641012	3976.53846099	4190.51282038	4200.76923063	
4206.79487173	4165.76923056	4153.07692287	4168.3333332	4135.51282031	4185.64102551	4125.38461511	4184.87179474	4145.64102544	4209.10256404	4175.12820499	3973.97435842	4172.82051269	4191.28205115	
4201.6666666	4164.35897415	4149.74358954	4161.41025621	4130.51282024	4185.76923063	4118.9743587	4173.20512807	4138.07692287	4202.30769224	4162.43589723	3970.51281989	4161.41025621	4184.10256397	
4201.28205122	4164.48717928	4156.41025621	4162.17948697	4132.56410229	4186.5384614	4125.7692305	4183.58974345	4139.87179467	4205.12820506	4162.56410236	3973.84615329	4172.56410243	4188.20512807	
4202.05128199	4169.35897422	4156.66666646	4164.61538441	4132.05128178	4189.99999986	4127.94871767	4185.76923063	4140.89743569	4198.07692294	4167.3076921	3976.92307637	4172.05128192	4189.99999986	
4203.71794865	4168.58974345	4151.92307672	4161.66666646	4128.33333306	4188.3333332	4121.66666639	4174.10256397	4135.12820485	4181.92307679	4159.9999998	3973.84615329	4157.69230749	4181.92307679	
4205.51282045	4164.35897415	4156.02564082	4167.05128185	4135.51282031	4186.02564089	4125.12820485	4169.35897422	4129.8717946	4179.10256397	4148.97435877	3974.35897381	4155.76923056	4176.66666653	
4207.82051275	4174.35897422	4162.05128185	4174.61538448	4143.58974339	4192.05128192	4132.94871767	4174.99999986	4128.46153819	4181.28205115	4149.1025639	3983.97435842	4159.48717928	4178.97435884	
4210.7692307	4182.05128192	4161.53846133	4172.4358973	4141.66666646	4194.74358961	4132.30769203	4179.74358961	4129.74358947	4180.51282038	4154.9999998	3991.41025586	4158.205128	4179.2307691	
4210.12820506	4171.66666653	4161.15384595	4168.71794858	4139.74358954	4191.02564089	4131.92307665	4182.82051269	4134.61538434	4187.69230756	4161.02564082	3995.2564097	4163.97435877	4181.02564089	
4211.15384609	4170.51282038	4165.12820492	4177.56410243	4147.43589723	4193.58974345	4138.205128	4192.94871781	4143.58974339	4205.64102558	4178.3333332	4005.51282003	4181.28205115	4194.74358961	
4215.7692307	4188.97435884	4172.17948704	4186.41025628	4155.38461518	4199.99999986	4143.07692287	4205.89743583	4153.33333313	4220.64102558	4195.89743576	4017.94871747	4196.5384614	4207.17948711	
4218.4615384	4194.99999986	4177.69230756	4180.12820499	4152.56410236	4202.05128199	4147.05128185	4212.17948711	4161.53846133	4221.92307686	4194.2307691	4023.97435849	4203.84615378	4208.84615378	
4215.89743583	4183.97435884	4176.15384602	4176.41025628	4148.46153826	4197.4358973	4148.205128	4209.61538455	4160.89743569	4214.99999993	4190.64102551	4025.89743541	4201.92307686	4205.38461532	
4214.10256404	4179.10256397	4168.46153833	4182.05128192	4149.61538441	4190.12820499	4140.38461518	4204.48717942	4149.74358954	4211.53846147	4195.76923063	4029.487179	4192.82051269	4198.84615371	
4217.17948711	4186.79487166	4165.76923056	4182.69230756	4149.74358954	4193.07692294	4136.53846133	4202.05128199	4143.84615364	4212.82051275	4190.64102551	4032.82051234	4191.79487166	4193.71794858	
4216.53846147	4191.79487166	4171.02564089	4177.4358973	4146.53846133	4195.38461525	4142.05128185	4198.3333332	4143.71794851	4207.17948711	4177.56410243	4030.89743541	4187.17948704	4189.35897422	
4214.87179481	4187.94871781	4175.64102551	4181.02564089	4150.12820492	4188.58974345	4146.41025621	4196.79487166	4145.12820492	4202.94871788	4178.3333332	4037.30769189	4179.10256397	4189.35897422	
4220.64102558	4189.10256397	4179.74358961	4189.87179474	4158.71794851	4193.58974345	4152.17948697	4203.58974352	4153.84615364	4212.43589737	4191.41025628	4056.410256	4187.69230756	4200.12820499	
4220.25641019	4189.99999986	4178.46153833	4188.07692294	4157.43589723	4198.58974345	4153.58974339	4203.97435891	4159.48717928	4212.94871788	4192.17948704	4064.10256369	4196.41025628	4207.17948711	
4212.05128199	4185.51282038	4170.51282038	4184.87179474	4155.25641005	4188.58974345	4144.35897415	4189.74358961	4143.71794851	4190.25641012	4172.05128192	4051.53846113	4175.64102551	4191.41025628	
4215.64102558	4188.46153833	4171.92307679	4187.30769217	4158.46153826	4189.35897422	4142.82051262	4179.10256397	4128.46153819	4174.99999986	4156.41025621	4045.64102523	4153.58974339	4175.64102551	
4221.79487173	4192.17948704	4175.25641012	4187.56410243	4156.41025621	4198.20512807	4147.43589723	4186.15384602	4137.94871774	4186.92307679	4159.61538441	4056.53846113	4158.46153826	4184.35897422	
4215.25641019	4186.92307679	4166.15384595	4189.74358961	4157.82051262	4195.89743576	4138.71794851	4191.15384602	4143.71794851	4193.71794858	4161.79487159	4061.28205087	4162.05128185	4189.61538448	
4212.82051275	4179.99999986	4159.48717928	4197.17948704	4165.89743569	4190.12820499	4129.48717921	4176.92307679	4132.05128178	4184.87179474	4158.33333313	4057.82051241	4156.28205108	4180.89743576	
4217.82051275	4181.79487166	4162.56410236	4191.41025628	4159.61538441	4191.02564089	4132.56410229	4176.92307679	4137.56410236	4194.35897422	4169.2307691	4064.74358933	4175.38461525	4187.4358973	
4217.5641025	4185.25641012	4162.05128185	4181.28205115	4149.1025639	4192.56410243	4136.41025621	4200.64102551	4155.12820492	4213.4615384	4184.74358961	4076.41025607	4195.25641012	4201.15384609	
4214.74358968	4183.46153833	4158.33333313	4187.30769217	4156.79487159	4191.66666653	4133.84615357	4204.61538455	4148.33333313	4210.64102558	4185.51282038	4076.92307658	4184.2307691	4196.15384602	
4214.87179481	4179.48717935	4162.17948697	4194.2307691	4165.76923056	4194.74358961	4132.30769203	4192.17948704	4141.92307672	4208.97435891	4186.41025628	4081.53846119	4181.5384614	4191.02564089	
4216.28205122	4181.79487166	4165.89743569	4190.64102551	4161.15384595	4195.89743576	4135.51282031	4199.10256397	4150.76923056	4217.94871788	4191.15384602	4089.99999966	4195.76923063	4196.15384602	
4217.82051275	4188.84615371	4162.43589723	4190.64102551	4159.1025639	4192.69230756	4134.61538434	4207.94871788	4146.15384595	4212.82051275	4184.99999986	4087.94871761	4191.28205115	4192.56410243	
4216.6666666	4184.10256397	4158.58974339	4191.66666653	4161.41025621	4191.66666653	4129.61538434	4200.51282038	4138.71794851	4206.15384609	4177.4358973	4087.69230735	4181.92307679	4188.71794858	
4216.15384609	4174.87179474	4158.46153826	4190.51282038	4160.51282031	4192.17948704	4128.84615357	4197.05128192	4143.46153826	4209.74358968	4178.97435884	4093.20512786	4180.64102551	4192.94871781	
4216.15384609	4175.89743576	4157.43589723	4193.97435884	4162.82051262	4190.12820499	4127.82051255	4197.56410243	4143.33333313	4202.43589737	4178.3333332	4095.38461504	4175.76923063	4192.82051269	
4216.02564096	4182.56410243	4157.05128185	4195.51282038	4165.12820492	4189.87179474	4128.0769228	4195.76923063	4140.38461518	4195.64102551	4175.89743576	4099.99999966	4176.66666653	4189.74358961	
4217.94871788	4187.17948704	4164.9999998	4198.3333332	4167.82051262	4193.97435884	4139.1025639	4202.05128199	4147.05128185	4207.5641025	4179.48717935	4108.58974332	4184.10256397	4192.05128192	
4218.33333327	4184.99999986	4171.92307679	4206.6666666	4174.48717935	4193.20512807	4146.02564082	4201.28205122	4144.9999998	4208.97435891	4176.02564089	4113.71794844	4176.79487166	4189.99999986	
4219.48717942	4182.69230756	4169.61538448	4208.58974352	4177.4358973	4193.58974345	4138.97435877	4191.5384614	4136.41025621	4193.97435884	4165.38461518	4117.94871767	4166.66666646	4184.99999986	
4223.4615384	4186.92307679	4169.74358961	4204.35897429	4175.64102551	4197.56410243	4139.48717928	4192.4358973	4138.07692287	4190.76923063	4163.205128	4121.79487152	4170.38461525	4186.79487166	
4221.15384609	4191.79487166	4174.74358961	4204.23076917	4174.99999986	4195.51282038	4147.94871774	4193.58974345	4137.56410236	4196.02564089	4165.25641005	4121.02564075	4171.15384602	4187.05128192	
4215.38461532	4188.71794858	4171.66666653	4207.69230763	4176.41025628	4190.76923063	4146.28205108	4188.3333332	4132.30769203	4194.2307691	4161.28205108	4121.92307665	4161.28205108	4179.48717935	
4213.20512814	4181.15384602	4161.79487159	4205.51282045	4174.48717935	4184.61538448	4135.25640998	4189.10256397	4133.20512793	4191.02564089	4158.46153826	4128.20512793	4161.79487159	4176.41025628	
4213.33333327	4179.61538448	4163.71794851	4200.76923063	4171.41025628	4184.87179474	4133.46153819	4197.94871781	4139.48717928	4195.76923063	4168.84615371	4140.12820492	4174.74358961	4184.48717935	
