4195.25641012	4189.2307691	4193.97435884	4191.15384602	4189.61538448	4204.99999993	4206.79487173	4185.12820499	4214.61538455	3983.58974304	4253.84615385	4196.02564089	4200.25641012	4191.92307679	
4193.71794858	4190.64102551	4195.12820499	4185.38461525	4191.15384602	4203.58974352	4204.61538455	4187.56410243	4209.99999993	3955.38461476	4259.10256411	4198.20512807	4197.4358973	4188.97435884	
4199.35897422	4194.2307691	4203.58974352	4202.94871788	4191.66666653	4204.10256404	4207.30769224	4199.35897422	4208.4615384	3974.61538406	4274.10256418	4205.25641019	4196.28205115	4198.07692294	
4195.12820499	4193.71794858	4202.05128199	4199.35897422	4192.94871781	4201.41025634	4202.82051275	4197.30769217	4214.23076917	3977.82051227	4278.46153853	4199.74358961	4195.51282038	4193.3333332	
4184.61538448	4186.02564089	4186.79487166	4188.97435884	4193.58974345	4189.74358961	4193.3333332	4187.69230756	4210.38461532	3982.30769176	4265.0	4187.17948704	4194.35897422	4182.94871781	
4179.48717935	4183.46153833	4178.3333332	4183.71794858	4186.5384614	4187.69230756	4189.35897422	4189.74358961	4198.3333332	3950.12820451	4256.28205129	4181.66666653	4190.38461525	4176.15384602	
4182.05128192	4185.51282038	4182.4358973	4187.17948704	4181.79487166	4186.15384602	4185.12820499	4197.17948704	4198.3333332	3952.56410194	4261.7948718	4183.3333332	4191.02564089	4176.41025628	
4177.30769217	4183.97435884	4183.58974345	4188.20512807	4192.05128192	4182.4358973	4180.12820499	4190.38461525	4203.4615384	3982.56410201	4264.10256411	4181.79487166	4193.46153833	4174.2307691	
4177.94871781	4186.79487166	4183.71794858	4187.69230756	4197.56410243	4197.30769217	4191.15384602	4189.10256397	4198.20512807	3976.41025586	4260.0	4182.4358973	4191.92307679	4174.99999986	
4186.02564089	4189.10256397	4183.3333332	4189.87179474	4190.12820499	4206.02564096	4198.97435884	4197.4358973	4187.69230756	3951.28205066	4254.10256411	4184.2307691	4191.28205115	4177.30769217	
4177.17948704	4183.3333332	4174.99999986	4184.74358961	4186.92307679	4187.4358973	4181.5384614	4192.94871781	4178.71794858	3934.23076854	4253.07692308	4175.51282038	4191.66666653	4166.79487159	
4167.05128185	4180.25641012	4170.89743576	4180.76923063	4190.25641012	4183.3333332	4171.92307679	4184.10256397	4179.99999986	3941.0256404	4261.7948718	4167.3076921	4192.69230756	4159.35897415	
4173.46153833	4183.20512807	4175.38461525	4186.5384614	4188.84615371	4197.05128192	4182.30769217	4185.25641012	4187.30769217	3942.17948656	4267.30769238	4172.17948704	4192.17948704	4162.82051262	
4173.84615371	4182.17948704	4174.35897422	4186.5384614	4187.4358973	4186.41025628	4178.46153833	4193.97435884	4182.17948704	3924.61538392	4261.02564103	4171.41025628	4190.25641012	4159.23076903	
4171.28205115	4183.71794858	4174.2307691	4188.58974345	4189.48717935	4179.10256397	4175.12820499	4200.76923063	4180.76923063	3940.51281989	4259.23076923	4166.53846133	4192.30769217	4157.69230749	
4180.64102551	4190.25641012	4182.69230756	4199.35897422	4191.28205115	4199.10256397	4193.46153833	4192.05128192	4196.15384602	3969.99999938	4265.25641026	4177.17948704	4195.51282038	4168.97435884	
4187.56410243	4191.79487166	4185.64102551	4203.97435891	4192.05128192	4206.02564096	4202.5641025	4184.74358961	4203.71794865	3955.12820451	4264.74358975	4186.15384602	4193.97435884	4177.4358973	
4189.10256397	4194.61538448	4186.02564089	4208.07692301	4188.3333332	4199.87179474	4199.74358961	4198.84615371	4196.02564089	3936.7948711	4265.64102564	4182.4358973	4193.07692294	4179.87179474	
4190.25641012	4196.5384614	4189.61538448	4211.6666666	4187.82051269	4204.61538455	4203.07692301	4202.05128199	4197.17948704	3941.79487117	4267.94871802	4182.69230756	4197.05128192	4182.05128192	
4188.97435884	4194.48717935	4189.48717935	4205.64102558	4193.84615371	4202.94871788	4201.15384609	4191.66666653	4207.17948711	3935.64102495	4263.07692308	4183.20512807	4196.28205115	4177.56410243	
4192.56410243	4197.82051269	4193.58974345	4209.74358968	4189.10256397	4196.28205115	4198.71794858	4196.66666653	4212.82051275	3953.33333271	4267.56410264	4186.15384602	4196.02564089	4177.30769217	
4203.4615384	4206.41025634	4202.94871788	4227.82051275	4180.51282038	4208.84615378	4209.87179481	4196.15384602	4220.51282045	3993.20512765	4284.74358982	4200.38461525	4202.5641025	4190.64102551	
4198.97435884	4203.20512814	4198.20512807	4218.33333327	4185.38461525	4207.5641025	4203.58974352	4188.58974345	4217.43589737	3975.12820458	4279.87179495	4199.10256397	4199.74358961	4189.87179474	
4184.2307691	4191.92307679	4185.25641012	4193.07692294	4194.10256397	4183.46153833	4180.25641012	4197.69230756	4203.84615378	3937.94871726	4260.0	4182.4358973	4195.76923063	4172.94871781	
4190.12820499	4194.35897422	4187.82051269	4199.48717935	4192.05128192	4185.51282038	4185.38461525	4198.84615371	4207.69230763	3952.43589681	4260.76923077	4185.64102551	4200.76923063	4174.61538448	
4200.38461525	4199.48717935	4194.35897422	4217.94871788	4187.69230756	4205.25641019	4201.6666666	4186.02564089	4220.51282045	3962.30769169	4269.74358982	4196.28205115	4199.87179474	4186.28205115	
4193.71794858	4196.92307679	4191.66666653	4213.84615378	4191.41025628	4207.82051275	4200.51282038	4192.05128192	4212.5641025	3937.82051213	4266.53846154	4191.15384602	4194.61538448	4183.20512807	
4182.82051269	4193.07692294	4185.38461525	4200.64102551	4191.79487166	4198.07692294	4192.94871781	4202.82051275	4192.56410243	3937.94871726	4262.6923077	4180.12820499	4196.92307679	4168.58974345	
4178.3333332	4190.51282038	4181.66666653	4199.48717935	4189.35897422	4192.94871781	4188.97435884	4191.92307679	4188.58974345	3952.05128143	4262.05128206	4175.64102551	4195.76923063	4161.53846133	
4181.28205115	4191.15384602	4182.56410243	4201.6666666	4194.61538448	4193.07692294	4191.41025628	4183.84615371	4196.41025628	3939.87179425	4254.74358975	4178.58974345	4191.28205115	4168.20512807	
4184.48717935	4191.66666653	4183.84615371	4199.2307691	4192.69230756	4199.10256397	4199.35897422	4188.07692294	4202.69230763	3934.99999931	4252.17948718	4184.35897422	4193.20512807	4171.02564089	
4181.41025628	4188.46153833	4183.07692294	4191.92307679	4182.17948704	4201.79487173	4198.20512807	4192.4358973	4199.2307691	3950.51281989	4255.76923077	4181.92307679	4195.12820499	4166.02564082	
4173.20512807	4178.20512807	4175.38461525	4174.48717935	4183.58974345	4187.82051269	4181.5384614	4197.4358973	4184.10256397	3931.02564033	4245.76923077	4170.51282038	4193.20512807	4161.02564082	
4167.56410236	4168.84615371	4167.56410236	4160.89743569	4189.61538448	4170.25641012	4169.74358961	4201.53846147	4179.48717935	3901.15384539	4234.74358975	4164.1025639	4190.76923063	4155.51282031	
4181.41025628	4177.30769217	4182.56410243	4172.30769217	4185.38461525	4179.35897422	4183.71794858	4195.89743576	4200.38461525	3937.05128136	4253.97435898	4179.61538448	4193.46153833	4166.92307672	
4202.5641025	4187.17948704	4205.89743583	4184.99999986	4185.25641012	4204.23076917	4211.15384609	4186.5384614	4227.43589737	3993.20512765	4285.38461546	4203.4615384	4199.48717935	4193.46153833	
4197.94871781	4179.48717935	4198.46153833	4173.84615371	4194.35897422	4197.30769217	4205.89743583	4188.46153833	4223.33333327	3976.79487124	4285.51282059	4200.76923063	4198.3333332	4193.97435884	
4180.51282038	4173.46153833	4179.35897422	4163.97435877	4196.41025628	4171.66666653	4178.97435884	4194.74358961	4198.20512807	3938.46153784	4269.61538469	4182.82051269	4194.10256397	4172.69230756	
4175.64102551	4176.41025628	4174.87179474	4169.48717935	4188.07692294	4170.76923063	4176.28205115	4191.5384614	4186.15384602	3943.7179481	4256.28205129	4172.94871781	4192.69230756	4162.3076921	
4175.38461525	4175.12820499	4172.56410243	4171.15384602	4187.17948704	4185.51282038	4185.12820499	4184.48717935	4183.20512807	3931.41025572	4238.71794872	4167.69230749	4191.28205115	4160.51282031	
4172.82051269	4172.17948704	4170.38461525	4168.46153833	4192.56410243	4189.61538448	4179.10256397	4188.20512807	4177.69230756	3909.35897367	4233.07692301	4167.05128185	4190.51282038	4158.33333313	
4169.35897422	4173.46153833	4169.61538448	4167.17948697	4187.17948704	4182.56410243	4170.51282038	4197.82051269	4164.61538441	3920.12820444	4230.25641019	4163.07692287	4192.05128192	4154.1025639	
4166.41025621	4172.56410243	4164.9999998	4164.23076903	4183.46153833	4179.87179474	4169.35897422	4198.58974345	4151.66666646	3923.84615316	4218.07692301	4156.53846133	4192.56410243	4149.23076903	
4169.74358961	4173.07692294	4168.71794858	4169.99999986	4187.4358973	4186.79487166	4173.97435884	4189.10256397	4154.35897415	3911.53846085	4220.25641019	4163.46153826	4191.02564089	4154.23076903	
4177.30769217	4177.17948704	4179.10256397	4176.28205115	4187.17948704	4190.38461525	4185.38461525	4185.12820499	4166.66666646	3910.89743521	4233.84615385	4173.84615371	4192.4358973	4162.82051262	
4178.84615371	4177.94871781	4177.56410243	4173.07692294	4186.79487166	4185.64102551	4190.51282038	4189.48717935	4175.64102551	3922.30769162	4233.71794865	4170.12820499	4194.2307691	4161.28205108	
4183.46153833	4180.64102551	4181.15384602	4182.4358973	4186.79487166	4185.76923063	4187.94871781	4187.82051269	4191.92307679	3945.25640963	4235.76923077	4177.56410243	4193.71794858	4166.41025621	
4197.30769217	4190.38461525	4196.79487166	4203.07692301	4185.76923063	4186.79487166	4190.51282038	4185.12820499	4213.97435891	3971.66666611	4250.64102564	4199.35897422	4195.64102551	4183.97435884	
4197.82051269	4196.41025628	4198.20512807	4207.82051275	4185.64102551	4183.71794858	4188.3333332	4186.15384602	4213.58974352	3971.79487124	4253.58974359	4201.02564096	4195.51282038	4187.82051269	
4191.15384602	4192.94871781	4191.5384614	4200.38461525	4185.38461525	4184.35897422	4181.02564089	4188.46153833	4198.07692294	3960.89743528	4246.66666667	4189.48717935	4194.61538448	4179.48717935	
4193.46153833	4191.02564089	4193.71794858	4201.15384609	4184.74358961	4178.84615371	4181.41025628	4196.02564089	4192.30769217	3950.89743528	4241.02564103	4187.4358973	4195.89743576	4179.87179474	
4193.58974345	4193.20512807	4193.3333332	4203.33333327	4189.2307691	4172.94871781	4185.76923063	4202.43589737	4187.82051269	3937.56410187	4231.92307686	4189.74358961	4194.99999986	4180.76923063	
4187.82051269	4193.20512807	4184.48717935	4198.20512807	4192.56410243	4182.17948704	4190.64102551	4195.64102551	4177.56410243	3943.97435835	4223.97435891	4184.35897422	4194.99999986	4173.58974345	
4178.46153833	4186.92307679	4175.25641012	4188.07692294	4187.94871781	4190.76923063	4195.12820499	4183.20512807	4170.76923063	3936.28205059	4212.05128199	4170.25641012	4195.25641012	4163.58974339	
4168.58974345	4178.58974345	4167.43589723	4177.56410243	4187.56410243	4185.38461525	4192.82051269	4189.61538448	4171.41025628	3905.76923008	4201.28205122	4159.35897415	4191.02564089	4156.02564082	
4168.97435884	4178.46153833	4167.3076921	4175.25641012	4188.20512807	4181.79487166	4186.28205115	4202.05128199	4172.17948704	3906.66666598	4201.15384609	4160.89743569	4187.94871781	4155.64102544	
4175.89743576	4182.30769217	4172.94871781	4182.17948704	4190.64102551	4183.07692294	4179.10256397	4195.25641012	4168.58974345	3931.41025572	4202.43589737	4166.92307672	4188.97435884	4157.56410236	
4182.82051269	4188.58974345	4177.17948704	4193.20512807	4194.2307691	4183.46153833	4177.69230756	4181.92307679	4167.05128185	3929.87179418	4197.69230756	4172.56410243	4191.28205115	4163.205128	
4190.64102551	4196.15384602	4186.41025628	4202.82051275	4190.51282038	4188.58974345	4184.74358961	4186.28205115	4176.92307679	3928.33333264	4199.35897422	4185.25641012	4192.4358973	4174.87179474	
4192.56410243	4197.69230756	4192.94871781	4207.05128199	4188.20512807	4187.69230756	4186.02564089	4197.94871781	4185.12820499	3948.20512758	4205.64102558	4193.07692294	4193.20512807	4180.12820499	
4185.89743576	4195.25641012	4185.25641012	4203.97435891	4190.64102551	4180.76923063	4176.92307679	4200.25641012	4175.64102551	3936.15384546	4196.92307679	4184.2307691	4191.66666653	4174.35897422	
4181.41025628	4190.89743576	4176.41025628	4196.92307679	4192.82051269	4181.41025628	4173.84615371	4194.99999986	4167.56410236	3907.94871726	4184.2307691	4177.56410243	4188.3333332	4167.43589723	
4184.61538448	4187.17948704	4179.99999986	4192.30769217	4190.38461525	4186.28205115	4178.20512807	4185.38461525	4176.15384602	3928.33333264	4186.41025628	4183.71794858	4189.35897422	4165.25641005	
4183.58974345	4185.38461525	4181.41025628	4191.15384602	4189.10256397	4187.4358973	4177.30769217	4183.3333332	4177.4358973	3952.69230707	4188.58974345	4182.4358973	4190.38461525	4163.33333313	
4175.38461525	4184.2307691	4172.82051269	4187.17948704	4191.41025628	4190.51282038	4174.61538448	4194.48717935	4169.2307691	3934.99999931	4177.05128192	4171.92307679	4190.12820499	4158.205128	
4167.94871774	4177.69230756	4165.12820492	4172.4358973	4192.56410243	4189.99999986	4169.48717935	4195.38461525	4170.89743576	3921.53846085	4158.97435877	4162.05128185	4189.2307691	4148.58974339	
4164.35897415	4172.05128192	4164.74358954	4162.56410236	4189.2307691	4181.79487166	4163.97435877	4186.15384602	4169.2307691	3927.05128136	4149.87179467	4157.56410236	4185.76923063	4141.92307672	
4172.4358973	4180.12820499	4174.87179474	4176.41025628	4184.61538448	4181.28205115	4173.3333332	4193.20512807	4167.05128185	3919.74358905	4156.53846133	4167.94871774	4187.56410243	4150.51282031	
4183.46153833	4187.56410243	4182.05128192	4194.74358961	4186.15384602	4184.99999986	4183.07692294	4202.30769224	4176.15384602	3916.02564033	4167.94871774	4183.07692294	4190.51282038	4165.25641005	
4184.10256397	4187.17948704	4183.20512807	4199.2307691	4191.41025628	4181.92307679	4178.71794858	4191.28205115	4178.97435884	3934.87179418	4167.3076921	4184.99999986	4189.61538448	4167.17948697	
4181.66666653	4189.2307691	4185.64102551	4196.28205115	4191.66666653	4180.89743576	4176.5384614	4183.97435884	4168.20512807	3943.97435835	4162.43589723	4181.15384602	4189.10256397	4164.74358954	
4174.61538448	4184.74358961	4175.25641012	4185.38461525	4188.46153833	4184.2307691	4177.69230756	4189.48717935	4156.02564082	3919.10256341	4150.51282031	4170.51282038	4187.69230756	4158.33333313	
4162.94871774	4174.48717935	4160.64102544	4173.07692294	4190.64102551	4184.35897422	4174.61538448	4188.20512807	4152.94871774	3895.12820437	4136.15384595	4156.92307672	4185.25641012	4147.94871774	
4169.2307691	4178.20512807	4171.66666653	4179.35897422	4192.82051269	4185.64102551	4178.58974345	4184.61538448	4169.99999986	3921.41025572	4149.1025639	4165.51282031	4189.35897422	4154.87179467	
4180.64102551	4186.02564089	4183.84615371	4191.28205115	4187.05128192	4189.48717935	4181.02564089	4186.02564089	4188.58974345	3953.07692246	4167.94871774	4180.38461525	4190.76923063	4165.38461518	
4174.74358961	4183.3333332	4172.05128192	4184.2307691	4187.4358973	4185.51282038	4169.48717935	4191.5384614	4178.97435884	3933.33333264	4157.56410236	4172.94871781	4188.71794858	4157.94871774	
4169.99999986	4180.76923063	4166.28205108	4178.58974345	4192.17948704	4181.02564089	4166.66666646	4199.74358961	4162.3076921	3922.43589674	4145.89743569	4166.02564082	4191.92307679	4151.28205108	
4176.92307679	4186.66666653	4175.76923063	4192.4358973	4186.5384614	4189.10256397	4176.28205115	4203.84615378	4171.28205115	3942.8205122	4158.58974339	4177.30769217	4192.56410243	4159.74358954	
4185.89743576	4191.92307679	4184.48717935	4199.61538448	4183.97435884	4199.74358961	4183.3333332	4197.69230756	4187.82051269	3949.10256348	4171.15384602	4187.56410243	4191.66666653	4171.02564089	
4184.74358961	4186.28205115	4186.28205115	4189.10256397	4189.10256397	4192.17948704	4186.15384602	4187.69230756	4186.28205115	3944.23076861	4164.35897415	4186.79487166	4191.79487166	4171.15384602	
4182.82051269	4184.99999986	4182.94871781	4188.58974345	4185.76923063	4183.97435884	4190.76923063	4185.89743576	4179.10256397	3946.66666605	4157.3076921	4182.56410243	4191.15384602	4169.35897422	
4187.4358973	4193.71794858	4185.38461525	4202.43589737	4183.46153833	4193.3333332	4193.84615371	4188.46153833	4182.94871781	3947.8205122	4161.92307672	4182.17948704	4189.99999986	4171.41025628	
4188.46153833	4195.51282038	4191.28205115	4205.38461532	4193.46153833	4203.07692301	4192.4358973	4184.61538448	4189.61538448	3938.07692239	4170.51282038	4187.30769217	4188.84615371	4173.97435884	
4184.61538448	4192.05128192	4187.94871781	4196.28205115	4196.5384614	4200.51282038	4189.87179474	4189.61538448	4185.51282038	3933.84615316	4168.07692287	4184.99999986	4186.28205115	4172.69230756	
4178.71794858	4190.51282038	4176.92307679	4189.99999986	4188.97435884	4192.94871781	4182.56410243	4202.94871788	4172.56410243	3938.46153784	4157.17948697	4173.58974345	4183.97435884	4164.23076903	
4180.51282038	4190.76923063	4177.05128192	4191.41025628	4189.61538448	4195.76923063	4182.94871781	4196.15384602	4166.41025621	3941.53846092	4150.76923056	4173.20512807	4187.17948704	4161.66666646	
4189.10256397	4196.15384602	4188.71794858	4200.38461525	4189.99999986	4207.17948711	4195.64102551	4185.12820499	4180.25641012	3936.92307623	4152.94871774	4186.41025628	4189.48717935	4174.74358961	
4191.28205115	4201.28205122	4193.97435884	4206.6666666	4188.58974345	4210.12820506	4197.05128192	4188.46153833	4198.58974345	3943.7179481	4161.53846133	4192.4358973	4188.58974345	4183.97435884	
4182.56410243	4195.12820499	4185.38461525	4199.61538448	4193.71794858	4196.15384602	4185.51282038	4187.69230756	4195.89743576	3949.99999938	4160.89743569	4182.69230756	4190.12820499	4172.4358973	
4169.74358961	4185.38461525	4168.20512807	4185.76923063	4192.82051269	4178.07692294	4178.46153833	4190.76923063	4182.82051269	3936.53846085	4145.89743569	4169.74358961	4189.35897422	4153.46153826	
4165.64102544	4184.87179474	4164.48717928	4180.64102551	4185.51282038	4178.3333332	4181.79487166	4199.87179474	4183.97435884	3941.79487117	4140.25641005	4165.64102544	4187.82051269	4148.71794851	
4172.56410243	4190.25641012	4173.58974345	4189.99999986	4185.25641012	4190.76923063	4188.97435884	4192.94871781	4191.66666653	3957.43589681	4148.84615364	4169.99999986	4189.48717935	4158.07692287	
4176.02564089	4191.92307679	4176.79487166	4196.79487166	4189.10256397	4194.48717935	4190.38461525	4181.15384602	4186.92307679	3957.8205122	4156.15384595	4172.69230756	4190.12820499	4161.15384595	
4170.64102551	4187.17948704	4173.84615371	4187.94871781	4190.76923063	4188.71794858	4184.2307691	4184.10256397	4173.84615371	3939.61538399	4149.48717928	4169.2307691	4188.46153833	4154.61538441	
4168.84615371	4186.41025628	4173.46153833	4183.71794858	4190.25641012	4185.38461525	4177.56410243	4188.20512807	4166.41025621	3911.66666598	4138.205128	4168.71794858	4186.28205115	4152.56410236	
4170.25641012	4192.17948704	4173.84615371	4193.07692294	4184.99999986	4184.87179474	4172.17948704	4184.2307691	4165.12820492	3924.74358905	4138.46153826	4169.74358961	4187.05128192	4152.05128185	
4173.07692294	4195.12820499	4174.87179474	4199.10256397	4182.4358973	4188.84615371	4174.99999986	4181.02564089	4168.07692287	3957.94871733	4149.9999998	4170.25641012	4192.94871781	4154.87179467	
4176.79487166	4191.02564089	4176.5384614	4198.46153833	4191.02564089	4192.69230756	4180.12820499	4192.17948704	4170.64102551	3943.07692246	4156.53846133	4170.51282038	4192.30769217	4161.15384595	
4177.69230756	4188.97435884	4175.25641012	4198.46153833	4196.15384602	4183.58974345	4176.15384602	4200.38461525	4169.87179474	3923.46153777	4152.05128185	4173.3333332	4187.82051269	4159.23076903	
4181.41025628	4193.07692294	4182.56410243	4200.76923063	4190.25641012	4179.74358961	4178.07692294	4188.58974345	4172.69230756	3942.43589681	4153.205128	4180.89743576	4192.17948704	4164.48717928	
4187.56410243	4195.38461525	4192.69230756	4202.69230763	4189.2307691	4188.20512807	4185.64102551	4187.4358973	4177.82051269	3943.7179481	4158.46153826	4187.4358973	4194.74358961	4181.28205115	
4185.64102551	4191.28205115	4189.61538448	4200.25641012	4194.87179474	4183.84615371	4184.35897422	4196.28205115	4177.56410243	3939.61538399	4158.71794851	4187.82051269	4191.28205115	4181.15384602	
4179.35897422	4187.4358973	4181.15384602	4196.02564089	4191.41025628	4178.46153833	4180.51282038	4194.61538448	4176.15384602	3962.56410194	4152.94871774	4181.15384602	4191.79487166	4167.43589723	
4174.10256397	4187.05128192	4173.84615371	4190.12820499	4183.71794858	4181.02564089	4173.20512807	4194.2307691	4172.17948704	3949.48717887	4141.41025621	4170.25641012	4191.92307679	4160.51282031	
4167.43589723	4182.82051269	4169.48717935	4180.38461525	4185.38461525	4175.76923063	4165.51282031	4194.74358961	4165.38461518	3922.43589674	4140.38461518	4164.9999998	4190.76923063	4159.87179467	
4167.94871774	4177.94871781	4171.79487166	4174.10256397	4193.3333332	4170.38461525	4171.5384614	4184.74358961	4168.71794858	3939.23076861	4153.97435877	4171.02564089	4191.92307679	4160.38461518	
4170.89743576	4178.97435884	4171.79487166	4173.58974345	4194.48717935	4170.51282038	4176.41025628	4183.46153833	4174.99999986	3952.8205122	4155.12820492	4172.69230756	4193.3333332	4158.46153826	
4166.92307672	4179.35897422	4169.48717935	4172.30769217	4189.61538448	4176.66666653	4171.79487166	4190.12820499	4169.99999986	3940.25640963	4143.97435877	4166.41025621	4191.79487166	4150.38461518	
4166.15384595	4177.82051269	4170.89743576	4167.05128185	4189.10256397	4181.66666653	4173.3333332	4186.41025628	4164.61538441	3931.92307623	4147.3076921	4165.76923056	4189.61538448	4148.07692287	
4167.56410236	4174.10256397	4168.97435884	4157.43589723	4190.12820499	4175.25641012	4174.74358961	4185.76923063	4169.10256397	3950.12820451	4156.15384595	4167.56410236	4191.28205115	4150.51282031	
4163.97435877	4170.89743576	4167.94871774	4153.205128	4190.25641012	4173.71794858	4172.4358973	4189.2307691	4173.58974345	3952.94871733	4153.46153826	4166.92307672	4192.82051269	4149.74358954	
4165.64102544	4174.48717935	4173.46153833	4160.64102544	4192.05128192	4181.66666653	4177.30769217	4185.12820499	4168.97435884	3926.15384546	4150.25641005	4166.92307672	4192.17948704	4155.25641005	
4173.97435884	4178.58974345	4176.92307679	4168.46153833	4191.5384614	4181.66666653	4182.4358973	4184.61538448	4169.2307691	3943.84615322	4157.05128185	4174.10256397	4192.4358973	4161.66666646	
4176.5384614	4177.94871781	4178.20512807	4167.43589723	4191.02564089	4179.61538448	4182.30769217	4194.2307691	4181.28205115	3976.92307637	4164.23076903	4184.10256397	4193.97435884	4162.94871774	
4180.76923063	4179.48717935	4183.71794858	4168.58974345	4190.89743576	4184.2307691	4186.02564089	4193.71794858	4186.28205115	3962.8205122	4167.56410236	4187.30769217	4192.82051269	4170.38461525	
4187.4358973	4182.30769217	4191.79487166	4179.2307691	4190.89743576	4178.3333332	4189.10256397	4184.10256397	4183.3333332	3952.69230707	4176.41025628	4189.87179474	4188.97435884	4179.99999986	
4188.71794858	4181.79487166	4196.15384602	4179.2307691	4190.51282038	4169.74358961	4184.61538448	4194.10256397	4185.76923063	3964.74358912	4185.12820499	4194.99999986	4190.76923063	4182.05128192	
4186.66666653	4179.61538448	4193.84615371	4169.99999986	4189.61538448	4176.79487166	4181.02564089	4203.71794865	4187.4358973	3960.25640963	4184.99999986	4192.30769217	4194.61538448	4177.82051269	
4181.02564089	4180.89743576	4187.56410243	4176.41025628	4189.10256397	4183.71794858	4184.35897422	4190.76923063	4187.17948704	3976.66666611	4179.2307691	4187.17948704	4193.71794858	4173.07692294	
4177.82051269	4183.71794858	4186.15384602	4184.74358961	4191.92307679	4188.46153833	4190.25641012	4181.92307679	4191.28205115	3999.10256355	4176.5384614	4187.69230756	4192.69230756	4171.92307679	
4175.64102551	4180.38461525	4181.79487166	4173.3333332	4190.12820499	4190.12820499	4189.61538448	4188.20512807	4189.10256397	3969.61538399	4171.41025628	4179.99999986	4193.20512807	4167.43589723	
4174.35897422	4176.15384602	4177.05128192	4166.53846133	4185.38461525	4186.02564089	4187.05128192	4190.64102551	4187.69230756	3964.35897374	4166.02564082	4175.64102551	4195.25641012	4160.89743569	
4174.2307691	4176.92307679	4180.25641012	4171.79487166	4188.84615371	4187.4358973	4189.2307691	4188.71794858	4191.15384602	3987.9487174	4168.3333332	4179.99999986	4195.64102551	4161.79487159	
4171.5384614	4175.89743576	4179.10256397	4166.66666646	4189.10256397	4187.17948704	4191.28205115	4187.82051269	4180.89743576	3967.43589681	4167.56410236	4174.99999986	4194.99999986	4162.05128185	
4177.17948704	4177.82051269	4178.84615371	4165.38461518	4184.61538448	4185.64102551	4196.66666653	4188.71794858	4176.41025628	3947.8205122	4165.89743569	4173.84615371	4196.41025628	4163.46153826	
4182.17948704	4180.76923063	4185.76923063	4173.3333332	4188.3333332	4185.76923063	4194.10256397	4189.61538448	4188.20512807	3964.99999938	4174.10256397	4184.61538448	4195.51282038	4166.79487159	
4177.30769217	4178.07692294	4187.05128192	4172.69230756	4193.97435884	4183.46153833	4181.28205115	4185.76923063	4189.61538448	3979.10256355	4185.38461525	4186.15384602	4197.69230756	4168.07692287	
4176.15384602	4175.89743576	4184.99999986	4168.71794858	4190.51282038	4179.48717935	4178.20512807	4183.3333332	4189.10256397	3979.99999945	4185.64102551	4181.66666653	4200.38461525	4172.30769217	
4183.46153833	4179.87179474	4189.87179474	4174.35897422	4188.71794858	4181.41025628	4186.02564089	4184.99999986	4199.74358961	3990.38461483	4184.10256397	4188.97435884	4199.48717935	4177.82051269	
4189.35897422	4185.51282038	4195.25641012	4185.12820499	4192.4358973	4187.17948704	4191.02564089	4184.10256397	4198.58974345	3987.69230714	4189.99999986	4197.4358973	4199.48717935	4178.71794858	
4181.66666653	4182.30769217	4186.5384614	4182.69230756	4189.99999986	4181.15384602	4183.3333332	4184.35897422	4181.28205115	3962.05128143	4184.99999986	4187.94871781	4197.94871781	4171.41025628	
4170.76923063	4174.87179474	4171.79487166	4170.51282038	4187.82051269	4168.20512807	4171.66666653	4186.02564089	4172.30769217	3952.05128143	4169.2307691	4172.69230756	4195.25641012	4157.69230749	
4167.82051262	4176.41025628	4166.79487159	4166.53846133	4192.69230756	4167.3076921	4169.99999986	4182.17948704	4173.46153833	3956.41025579	4167.05128185	4168.07692287	4196.41025628	4148.46153826	
4163.33333313	4178.20512807	4164.61538441	4169.48717935	4189.99999986	4180.64102551	4174.2307691	4185.64102551	4164.9999998	3947.94871733	4174.2307691	4164.48717928	4196.02564089	4146.41025621	
4155.38461518	4174.61538448	4156.15384595	4169.35897422	4180.51282038	4182.17948704	4174.74358961	4194.35897422	4153.33333313	3939.87179425	4170.25641012	4154.9999998	4192.56410243	4143.205128	
4153.205128	4175.12820499	4151.41025621	4169.61538448	4184.61538448	4170.76923063	4174.61538448	4190.51282038	4160.12820492	3954.23076861	4169.48717935	4154.23076903	4194.99999986	4137.17948697	
4154.74358954	4179.10256397	4156.02564082	4171.28205115	4196.28205115	4173.3333332	4175.89743576	4184.2307691	4174.87179474	3967.43589681	4183.97435884	4157.94871774	4197.56410243	4138.205128	
4154.87179467	4177.82051269	4157.69230749	4174.99999986	4194.2307691	4175.51282038	4171.92307679	4185.64102551	4172.56410243	3939.23076861	4188.07692294	4153.205128	4192.82051269	4142.43589723	
4156.15384595	4178.20512807	4156.41025621	4181.28205115	4186.92307679	4167.69230749	4168.46153833	4190.64102551	4165.51282031	3918.97435828	4181.5384614	4153.58974339	4191.15384602	4141.41025621	
4163.205128	4187.05128192	4162.69230749	4187.4358973	4190.25641012	4173.84615371	4175.12820499	4194.87179474	4170.25641012	3961.79487117	4193.3333332	4166.15384595	4199.35897422	4145.64102544	
4168.58974345	4189.10256397	4168.71794858	4188.84615371	4192.94871781	4178.07692294	4174.48717935	4192.82051269	4171.28205115	3994.74358919	4212.69230763	4172.4358973	4202.43589737	4156.15384595	
4170.51282038	4184.2307691	4173.20512807	4187.05128192	4189.61538448	4169.87179474	4167.43589723	4184.74358961	4170.38461525	3974.74358919	4220.38461532	4172.94871781	4194.35897422	4162.56410236	
4176.41025628	4189.2307691	4178.58974345	4191.5384614	4189.35897422	4174.2307691	4170.89743576	4184.61538448	4171.28205115	3966.28205066	4215.51282045	4179.35897422	4193.71794858	4164.87179467	
4178.84615371	4194.74358961	4178.3333332	4201.79487173	4191.79487166	4183.20512807	4176.66666653	4189.35897422	4167.17948697	3961.15384553	4207.30769224	4185.25641012	4195.76923063	4166.79487159	
4177.69230756	4192.82051269	4178.58974345	4201.15384609	4193.71794858	4182.69230756	4182.69230756	4186.41025628	4173.46153833	3943.33333271	4211.92307686	4186.5384614	4194.48717935	4170.12820499	
4179.2307691	4188.07692294	4181.41025628	4187.69230756	4191.41025628	4184.74358961	4189.35897422	4184.87179474	4185.64102551	3961.9230763	4216.79487173	4182.30769217	4197.4358973	4169.87179474	
4172.30769217	4185.25641012	4173.71794858	4178.3333332	4190.64102551	4182.4358973	4184.61538448	4186.5384614	4181.15384602	3985.64102509	4203.58974352	4171.15384602	4196.5384614	4161.79487159	
4163.58974339	4183.58974345	4162.69230749	4178.07692294	4193.84615371	4171.79487166	4176.28205115	4187.82051269	4167.17948697	3977.69230714	4192.94871781	4165.12820492	4191.92307679	4153.97435877	
4167.43589723	4180.38461525	4166.02564082	4181.92307679	4192.82051269	4172.17948704	4180.38461525	4190.12820499	4163.46153826	3955.89743528	4198.3333332	4167.82051262	4192.82051269	4154.1025639	
4173.84615371	4181.41025628	4173.07692294	4184.61538448	4189.2307691	4181.15384602	4186.15384602	4188.97435884	4172.30769217	3931.15384546	4203.58974352	4170.12820499	4193.84615371	4157.05128185	
4172.56410243	4185.76923063	4173.71794858	4185.12820499	4188.97435884	4186.28205115	4188.3333332	4186.79487166	4185.25641012	3945.76923015	4205.7692307	4171.92307679	4191.5384614	4159.9999998	
4168.84615371	4183.3333332	4172.82051269	4185.25641012	4190.64102551	4185.12820499	4188.3333332	4188.71794858	4186.92307679	3994.61538406	4207.30769224	4172.30769217	4196.5384614	4159.87179467	
4175.51282038	4184.2307691	4176.92307679	4188.46153833	4191.66666653	4184.87179474	4188.58974345	4189.74358961	4179.99999986	3992.0512815	4212.05128199	4176.02564089	4201.41025634	4164.1025639	
4187.94871781	4192.30769217	4186.28205115	4195.25641012	4192.30769217	4192.05128192	4195.25641012	4187.30769217	4188.3333332	3963.58974297	4230.7692307	4189.35897422	4196.66666653	4177.05128192	
4187.82051269	4192.82051269	4191.28205115	4201.28205122	4190.25641012	4189.2307691	4192.94871781	4192.56410243	4202.30769224	3982.0512815	4245.8974359	4195.51282038	4198.20512807	4179.61538448	
4184.61538448	4192.30769217	4193.84615371	4207.69230763	4188.20512807	4183.3333332	4189.2307691	4202.30769224	4203.4615384	4013.84615336	4247.05128206	4192.30769217	4204.23076917	4176.28205115	
4181.79487166	4192.94871781	4187.69230756	4201.53846147	4189.74358961	4186.5384614	4192.30769217	4198.97435884	4190.76923063	4016.41025593	4241.28205129	4189.74358961	4199.48717935	4173.3333332	
4172.69230756	4187.30769217	4174.74358961	4186.28205115	4192.05128192	4181.28205115	4187.17948704	4187.56410243	4171.66666653	3970.89743528	4227.5641025	4182.30769217	4194.35897422	4162.94871774	
4174.48717935	4188.46153833	4178.58974345	4190.89743576	4191.79487166	4182.4358973	4190.25641012	4184.74358961	4173.71794858	3936.28205059	4219.48717942	4179.48717935	4196.5384614	4160.12820492	
4183.3333332	4193.20512807	4188.07692294	4202.43589737	4185.89743576	4197.30769217	4204.10256404	4187.30769217	4184.48717935	3968.33333271	4221.02564096	4185.51282038	4196.41025628	4167.17948697	
4179.48717935	4192.17948704	4182.69230756	4196.5384614	4184.35897422	4197.30769217	4201.41025634	4187.94871781	4176.66666653	3990.76923022	4217.17948711	4183.58974345	4196.41025628	4167.3076921	
4177.4358973	4191.28205115	4178.46153833	4194.10256397	4188.3333332	4186.15384602	4188.97435884	4185.89743576	4173.71794858	3977.17948663	4219.87179481	4179.10256397	4198.46153833	4167.56410236	
4184.87179474	4193.46153833	4184.87179474	4206.92307686	4189.61538448	4186.5384614	4189.74358961	4186.02564089	4183.07692294	3979.35897381	4229.35897429	4185.38461525	4196.15384602	4171.66666653	
4181.66666653	4193.58974345	4182.56410243	4203.84615378	4189.74358961	4188.84615371	4192.94871781	4193.84615371	4174.10256397	3970.89743528	4224.48717942	4186.79487166	4192.4358973	4165.89743569	
4170.51282038	4189.74358961	4172.30769217	4185.38461525	4186.02564089	4185.38461525	4188.97435884	4197.17948704	4162.69230749	3937.43589674	4212.30769224	4173.71794858	4193.46153833	4155.76923056	
4169.74358961	4186.28205115	4169.48717935	4181.5384614	4185.64102551	4182.82051269	4184.87179474	4188.46153833	4170.76923063	3946.0256404	4208.4615384	4165.38461518	4198.3333332	4155.12820492	
4177.56410243	4189.74358961	4180.25641012	4193.71794858	4189.10256397	4185.89743576	4189.48717935	4184.10256397	4185.38461525	3985.76923022	4218.58974352	4178.07692294	4199.35897422	4166.28205108	
4188.20512807	4198.46153833	4193.3333332	4207.30769224	4187.56410243	4202.82051275	4204.10256404	4188.84615371	4199.61538448	4008.46153798	4238.46153847	4194.61538448	4199.2307691	4182.17948704	
4186.92307679	4197.30769217	4186.66666653	4204.99999993	4184.48717935	4206.6666666	4201.79487173	4186.92307679	4190.51282038	4003.20512765	4241.7948718	4188.46153833	4197.94871781	4178.46153833	
4177.17948704	4192.82051269	4178.58974345	4199.87179474	4189.10256397	4185.89743576	4181.79487166	4187.4358973	4167.17948697	3961.53846092	4228.33333327	4178.71794858	4193.3333332	4163.84615364	
4182.69230756	4200.51282038	4190.38461525	4210.12820506	4192.56410243	4184.87179474	4182.30769217	4197.30769217	4174.10256397	3948.7179481	4231.6666666	4188.84615371	4195.38461525	4170.89743576	
4186.66666653	4202.30769224	4190.89743576	4218.33333327	4188.58974345	4200.76923063	4194.61538448	4202.69230763	4191.41025628	3990.12820458	4234.61538462	4191.79487166	4198.84615371	4176.28205115	
4177.82051269	4196.66666653	4179.10256397	4215.38461532	4191.79487166	4198.58974345	4191.79487166	4198.84615371	4184.10256397	4006.41025593	4224.74358968	4183.84615371	4196.02564089	4166.02564082	
4179.35897422	4198.20512807	4182.94871781	4211.28205122	4192.82051269	4192.94871781	4190.51282038	4190.89743576	4177.05128192	3989.48717894	4224.48717942	4186.79487166	4195.38461525	4167.94871774	
4187.82051269	4200.76923063	4193.07692294	4214.35897429	4188.46153833	4207.43589737	4202.94871788	4185.76923063	4188.20512807	3983.33333278	4224.48717942	4190.64102551	4196.79487166	4177.56410243	
4194.74358961	4204.99999993	4196.5384614	4228.20512814	4189.87179474	4219.99999993	4211.28205122	4187.05128192	4198.46153833	3974.74358919	4227.43589737	4195.76923063	4198.3333332	4184.2307691	
4199.74358961	4211.6666666	4201.79487173	4244.87179488	4191.79487166	4207.69230763	4206.41025634	4188.97435884	4201.6666666	3977.30769176	4243.97435898	4206.6666666	4199.99999986	4191.02564089	
4195.89743576	4214.10256404	4204.61538455	4247.82051282	4191.28205115	4199.48717935	4198.71794858	4187.69230756	4194.87179474	4004.487179	4250.0	4208.71794865	4201.41025634	4189.74358961	
4194.10256397	4216.41025634	4203.33333327	4247.05128206	4189.61538448	4209.48717942	4198.58974345	4188.3333332	4194.10256397	4022.94871747	4246.15384616	4208.97435891	4202.82051275	4187.69230756	
4201.92307686	4220.64102558	4207.94871788	4255.8974359	4191.28205115	4212.69230763	4201.92307686	4189.10256397	4207.94871788	4009.23076875	4254.48717949	4217.5641025	4201.28205122	4195.76923063	
4205.38461532	4220.12820506	4213.07692301	4255.76923077	4194.35897422	4208.97435891	4200.76923063	4186.79487166	4210.38461532	3985.12820458	4266.15384616	4220.64102558	4200.25641012	4200.89743576	
4203.4615384	4218.58974352	4212.69230763	4250.8974359	4192.94871781	4212.05128199	4198.71794858	4186.79487166	4203.84615378	3993.84615329	4272.94871802	4215.89743583	4200.38461525	4197.4358973	
4198.07692294	4215.64102558	4205.12820506	4247.43589744	4188.84615371	4209.99999993	4195.38461525	4187.30769217	4205.51282045	4034.87179439	4274.74358982	4209.99999993	4199.99999986	4191.41025628	
4192.17948704	4208.33333327	4197.4358973	4231.6666666	4187.94871781	4199.35897422	4190.12820499	4186.66666653	4203.84615378	4039.23076882	4269.35897443	4200.25641012	4200.76923063	4184.2307691	
4191.66666653	4205.38461532	4198.20512807	4222.5641025	4190.12820499	4199.74358961	4197.82051269	4186.92307679	4196.28205115	4003.58974304	4269.48717956	4198.58974345	4200.64102551	4181.66666653	
4195.25641012	4206.92307686	4200.76923063	4228.71794865	4191.41025628	4209.10256404	4213.4615384	4188.20512807	4202.43589737	3997.30769176	4272.05128212	4204.10256404	4199.99999986	4187.56410243	
4200.25641012	4206.02564096	4201.02564096	4226.15384609	4191.41025628	4213.07692301	4218.07692301	4188.71794858	4208.71794865	4009.87179439	4265.51282052	4203.4615384	4200.51282038	4192.69230756	
4196.66666653	4199.87179474	4196.66666653	4212.05128199	4189.74358961	4203.97435891	4208.58974352	4187.94871781	4201.92307686	4007.1794867	4261.15384616	4201.15384609	4199.48717935	4185.25641012	
4187.82051269	4194.2307691	4194.35897422	4206.15384609	4191.28205115	4193.58974345	4200.12820499	4186.41025628	4202.94871788	4015.89743541	4271.53846161	4201.28205122	4198.97435884	4176.5384614	
4186.41025628	4193.58974345	4193.58974345	4199.2307691	4192.17948704	4195.64102551	4198.46153833	4185.64102551	4208.58974352	4024.87179439	4274.61538469	4199.61538448	4198.58974345	4176.92307679	
4190.64102551	4193.97435884	4193.20512807	4193.58974345	4187.94871781	4193.07692294	4196.15384602	4186.92307679	4202.30769224	4008.33333285	4267.17948725	4199.35897422	4198.07692294	4179.87179474	
4194.10256397	4193.71794858	4195.64102551	4195.12820499	4186.79487166	4185.76923063	4192.56410243	4188.20512807	4194.87179474	3987.69230714	4272.82051289	4204.48717942	4200.25641012	4183.71794858	
4195.89743576	4192.17948704	4197.17948704	4190.64102551	4189.74358961	4195.64102551	4194.61538448	4188.07692294	4201.41025634	4009.61538413	4282.82051289	4206.28205122	4201.15384609	4186.41025628	
4191.5384614	4191.92307679	4194.2307691	4183.20512807	4192.30769217	4200.89743576	4195.76923063	4187.94871781	4203.20512814	4036.02564054	4273.46153853	4200.38461525	4199.48717935	4178.97435884	
4184.10256397	4189.61538448	4187.94871781	4180.12820499	4191.66666653	4185.12820499	4187.4358973	4187.82051269	4193.58974345	4015.12820465	4259.87179488	4193.20512807	4197.69230756	4170.89743576	
4191.28205115	4188.3333332	4195.76923063	4183.3333332	4187.56410243	4186.79487166	4189.48717935	4186.5384614	4200.89743576	4000.64102509	4270.38461546	4198.84615371	4197.30769217	4178.84615371	
4202.69230763	4192.82051269	4207.17948711	4189.48717935	4188.46153833	4205.38461532	4203.58974352	4186.02564089	4219.23076917	4013.20512772	4281.79487187	4209.48717942	4199.87179474	4191.66666653	
4198.71794858	4194.35897422	4206.53846147	4195.38461525	4189.74358961	4202.94871788	4203.84615378	4186.28205115	4222.17948711	4026.02564054	4279.74358982	4209.99999993	4201.79487173	4193.84615371	
4193.46153833	4191.5384614	4200.76923063	4197.17948704	4184.99999986	4197.56410243	4198.3333332	4186.15384602	4210.64102558	4033.46153798	4271.923077	4205.51282045	4200.64102551	4189.74358961	
4200.76923063	4193.07692294	4202.69230763	4199.87179474	4184.99999986	4213.4615384	4208.84615378	4186.02564089	4211.28205122	4027.05128157	4265.51282052	4205.64102558	4198.84615371	4190.51282038	
4203.58974352	4195.64102551	4207.5641025	4200.76923063	4192.05128192	4219.48717942	4213.33333327	4186.5384614	4219.23076917	4021.15384567	4265.25641026	4206.41025634	4198.20512807	4191.02564089	
4194.99999986	4192.82051269	4195.38461525	4191.66666653	4191.92307679	4203.71794865	4198.84615371	4185.64102551	4205.38461532	4024.74358926	4258.33333334	4198.71794858	4199.61538448	4180.38461525	
4190.64102551	4190.89743576	4185.12820499	4192.05128192	4186.92307679	4204.74358968	4197.17948704	4186.15384602	4186.41025628	4012.1794867	4246.28205129	4194.2307691	4198.3333332	4174.87179474	
4194.74358961	4196.41025628	4193.84615371	4204.35897429	4190.76923063	4217.05128199	4205.25641019	4188.20512807	4191.79487166	3999.74358919	4244.10256411	4200.76923063	4196.66666653	4182.94871781	
4201.79487173	4201.28205122	4206.79487173	4214.10256404	4193.46153833	4219.48717942	4209.35897429	4186.5384614	4213.4615384	4027.82051234	4255.76923077	4210.51282045	4201.41025634	4191.92307679	
4205.51282045	4203.33333327	4209.23076917	4217.69230763	4188.97435884	4215.64102558	4209.87179481	4186.92307679	4218.33333327	4038.58974318	4263.97435898	4218.33333327	4202.94871788	4192.69230756	
4206.02564096	4204.74358968	4208.33333327	4215.12820506	4189.35897422	4209.87179481	4205.51282045	4188.20512807	4207.82051275	4021.02564054	4257.05128206	4217.69230763	4198.20512807	4193.46153833	
4197.4358973	4197.82051269	4201.02564096	4202.5641025	4193.20512807	4197.69230756	4194.61538448	4187.56410243	4197.82051269	4019.61538413	4238.71794872	4205.64102558	4196.02564089	4187.30769217	
4192.69230756	4196.5384614	4194.48717935	4198.3333332	4192.05128192	4196.92307679	4192.94871781	4190.25641012	4199.99999986	4024.23076875	4232.82051275	4201.02564096	4196.41025628	4179.10256397	
4202.94871788	4207.94871788	4204.99999993	4214.61538455	4189.87179474	4215.7692307	4209.48717942	4191.92307679	4211.41025634	4030.3846149	4244.35897436	4214.61538455	4199.48717935	4187.17948704	
4201.53846147	4207.5641025	4208.33333327	4219.10256404	4188.07692294	4219.35897429	4214.48717942	4188.20512807	4204.99999993	4027.1794867	4238.58974359	4215.12820506	4199.10256397	4188.97435884	
4192.30769217	4198.84615371	4196.15384602	4206.79487173	4184.74358961	4208.07692301	4204.99999993	4187.56410243	4188.84615371	4010.3846149	4219.99999993	4201.79487173	4193.46153833	4178.58974345	
4188.71794858	4198.07692294	4187.4358973	4199.99999986	4186.41025628	4203.4615384	4195.89743576	4189.48717935	4185.12820499	4004.74358926	4216.28205122	4195.89743576	4193.84615371	4172.17948704	
4180.12820499	4193.71794858	4180.76923063	4197.4358973	4192.30769217	4200.89743576	4187.94871781	4185.38461525	4183.58974345	3999.99999945	4219.87179481	4188.58974345	4194.61538448	4162.3076921	
4177.17948704	4189.87179474	4176.79487166	4196.15384602	4192.17948704	4197.56410243	4188.97435884	4183.3333332	4179.35897422	3992.82051227	4221.53846147	4181.79487166	4191.28205115	4157.43589723	
4184.74358961	4196.41025628	4185.12820499	4201.41025634	4187.30769217	4199.74358961	4193.71794858	4185.38461525	4178.97435884	4005.3846149	4225.51282045	4188.3333332	4192.4358973	4166.02564082	
4188.3333332	4198.84615371	4192.94871781	4203.84615378	4189.35897422	4200.38461525	4189.48717935	4184.61538448	4178.20512807	4013.20512772	4227.82051275	4194.61538448	4197.94871781	4172.17948704	
4193.20512807	4194.87179474	4194.99999986	4202.05128199	4193.71794858	4196.79487166	4187.56410243	4184.2307691	4181.28205115	4002.0512815	4230.12820506	4198.46153833	4197.94871781	4177.56410243	
4198.71794858	4194.2307691	4196.41025628	4201.6666666	4187.4358973	4197.82051269	4193.46153833	4185.12820499	4193.07692294	4009.99999952	4234.10256411	4204.48717942	4193.58974345	4186.92307679	
4198.20512807	4197.56410243	4197.82051269	4199.2307691	4182.30769217	4200.64102551	4194.10256397	4184.61538448	4193.97435884	4022.56410208	4236.66666667	4203.84615378	4195.25641012	4186.79487166	
4199.74358961	4198.46153833	4203.20512814	4201.15384609	4187.82051269	4202.05128199	4195.25641012	4184.10256397	4189.87179474	4025.12820465	4245.51282052	4204.48717942	4198.84615371	4184.35897422	
4203.07692301	4197.94871781	4205.51282045	4204.10256404	4192.69230756	4204.23076917	4202.82051275	4186.66666653	4192.17948704	4022.82051234	4246.28205129	4207.69230763	4198.71794858	4190.38461525	
4201.79487173	4197.69230756	4201.41025634	4199.74358961	4189.61538448	4202.43589737	4202.17948711	4188.3333332	4190.25641012	4010.51282003	4229.61538455	4204.61538455	4198.46153833	4192.4358973	
4194.35897422	4196.15384602	4194.61538448	4195.76923063	4189.35897422	4192.82051269	4194.10256397	4186.41025628	4185.64102551	4005.76923029	4222.94871788	4198.07692294	4195.38461525	4182.69230756	
4188.58974345	4196.79487166	4190.51282038	4197.30769217	4191.15384602	4185.76923063	4193.46153833	4186.79487166	4178.46153833	4018.46153798	4236.92307693	4195.38461525	4191.02564089	4174.99999986	
4186.15384602	4197.4358973	4188.84615371	4203.07692301	4189.99999986	4187.56410243	4190.89743576	4187.05128192	4169.99999986	4011.79487131	4251.02564103	4194.87179474	4191.02564089	4171.41025628	
4182.4358973	4199.2307691	4184.48717935	4212.17948711	4194.61538448	4183.71794858	4175.76923063	4186.5384614	4163.97435877	3987.0512815	4258.58974359	4194.2307691	4192.94871781	4166.66666646	
4187.05128192	4210.25641019	4189.74358961	4232.5641025	4197.30769217	4179.2307691	4170.89743576	4195.64102551	4168.84615371	4006.79487131	4277.94871802	4206.02564096	4194.99999986	4172.4358973	
4201.02564096	4227.30769224	4209.48717942	4266.15384616	4192.82051269	4187.56410243	4182.82051269	4201.92307686	4179.99999986	4029.61538413	4310.76923091	4232.43589737	4197.05128192	4189.74358961	
4211.28205122	4243.97435898	4226.02564096	4300.12820527	4192.30769217	4188.84615371	4181.41025628	4191.02564089	4174.74358961	4006.53846106	4338.71794893	4257.05128206	4200.12820499	4199.87179474	
4221.41025634	4262.82051282	4235.8974359	4331.1538463	4192.82051269	4185.25641012	4176.79487166	4182.17948704	4165.38461518	4012.43589695	4363.46153867	4277.69230777	4201.53846147	4207.30769224	
4234.74358975	4277.69230777	4252.17948718	4358.97435919	4191.15384602	4196.79487166	4191.02564089	4186.79487166	4178.3333332	4043.33333292	4386.15384644	4299.2307693	4202.69230763	4221.79487173	
4237.17948718	4280.1282052	4261.53846154	4368.07692336	4193.71794858	4202.43589737	4199.99999986	4187.17948704	4198.58974345	4040.64102523	4390.12820541	4308.4615386	4205.25641019	4230.89743583	
4234.10256411	4276.79487187	4255.51282052	4359.4871797	4192.17948704	4197.17948704	4198.20512807	4183.58974345	4200.76923063	4033.07692259	4374.23076951	4301.53846168	4202.69230763	4229.35897429	
4234.74358975	4270.38461546	4250.38461539	4344.4871797	4184.74358961	4201.79487173	4200.76923063	4191.79487166	4193.20512807	4036.02564054	4352.94871816	4288.20512828	4200.64102551	4221.79487173	
4225.7692307	4256.28205129	4241.41025641	4319.23076937	4185.76923063	4202.17948711	4195.76923063	4201.15384609	4182.69230756	4027.05128157	4325.89743604	4267.69230777	4202.82051275	4211.02564096	
4214.87179481	4242.30769231	4226.28205122	4293.58974366	4192.69230756	4190.25641012	4186.92307679	4203.58974352	4175.12820499	4027.05128157	4310.64102578	4252.05128206	4199.99999986	4202.82051275	
4213.58974352	4237.6923077	4221.28205122	4278.97435905	4192.17948704	4187.4358973	4192.4358973	4194.99999986	4173.84615371	4023.84615336	4313.07692322	4247.05128206	4194.35897422	4198.97435884	
4202.82051275	4227.94871788	4213.84615378	4259.61538462	4189.10256397	4187.56410243	4190.89743576	4186.02564089	4168.46153833	4009.99999952	4299.48717963	4231.15384609	4194.10256397	4186.15384602	
4193.46153833	4214.48717942	4199.87179474	4238.46153847	4189.35897422	4184.2307691	4179.61538448	4193.58974345	4168.46153833	4011.02564054	4279.2307693	4215.89743583	4195.76923063	4179.2307691	
4199.2307691	4211.02564096	4198.84615371	4230.25641019	4191.15384602	4187.82051269	4181.28205115	4199.10256397	4174.99999986	4018.33333285	4277.56410264	4218.07692301	4197.56410243	4185.89743576	
4193.20512807	4208.20512814	4196.02564089	4222.05128199	4188.58974345	4187.69230756	4182.05128192	4188.46153833	4172.17948704	4014.99999952	4269.48717956	4211.28205122	4196.79487166	4178.97435884	
4180.64102551	4201.53846147	4181.79487166	4208.71794865	4185.12820499	4180.12820499	4172.69230756	4181.5384614	4165.12820492	3999.48717894	4248.58974359	4195.12820499	4192.82051269	4166.53846133	
4185.25641012	4201.92307686	4182.82051269	4205.64102558	4188.97435884	4182.94871781	4175.12820499	4186.02564089	4171.41025628	4005.3846149	4249.87179488	4198.58974345	4193.97435884	4169.87179474	
4188.84615371	4203.33333327	4189.10256397	4206.28205122	4195.89743576	4183.97435884	4176.92307679	4187.69230756	4176.92307679	4031.02564054	4260.0	4204.35897429	4194.48717935	4170.89743576	
4185.89743576	4197.69230756	4183.07692294	4200.64102551	4192.94871781	4174.74358961	4166.02564082	4185.38461525	4170.38461525	4004.61538413	4246.7948718	4193.07692294	4191.41025628	4165.64102544	
4188.3333332	4196.41025628	4184.99999986	4199.10256397	4189.2307691	4179.10256397	4168.84615371	4183.46153833	4170.76923063	3977.43589688	4237.6923077	4190.89743576	4190.76923063	4173.71794858	
4192.17948704	4201.02564096	4197.17948704	4201.28205122	4193.20512807	4187.94871781	4183.3333332	4190.64102551	4180.25641012	4023.97435849	4246.28205129	4202.30769224	4193.71794858	4184.2307691	
4194.10256397	4201.15384609	4199.48717935	4199.87179474	4192.82051269	4185.12820499	4183.07692294	4196.66666653	4185.51282038	4041.28205087	4248.07692308	4201.92307686	4193.97435884	4184.74358961	
4191.66666653	4197.56410243	4192.56410243	4194.99999986	4191.79487166	4184.61538448	4176.02564089	4191.66666653	4181.15384602	4005.3846149	4239.48717949	4191.28205115	4191.5384614	4180.64102551	
4183.71794858	4193.71794858	4184.35897422	4185.64102551	4194.74358961	4182.82051269	4173.46153833	4188.3333332	4170.51282038	4014.99999952	4236.53846154	4184.2307691	4191.79487166	4173.3333332	
4178.71794858	4191.5384614	4179.48717935	4181.79487166	4191.92307679	4183.84615371	4175.76923063	4190.38461525	4166.79487159	4027.69230721	4234.48717949	4180.25641012	4189.87179474	4168.46153833	
4178.20512807	4190.12820499	4180.51282038	4182.05128192	4192.30769217	4195.12820499	4181.41025628	4188.97435884	4169.87179474	3985.89743535	4224.10256404	4175.64102551	4185.89743576	4168.84615371	
4174.74358961	4185.38461525	4174.99999986	4173.97435884	4193.71794858	4187.17948704	4178.97435884	4186.92307679	4162.56410236	3970.12820451	4212.82051275	4168.20512807	4187.30769217	4163.84615364	
4171.28205115	4181.79487166	4169.74358961	4171.02564089	4190.64102551	4168.07692287	4169.10256397	4186.79487166	4158.58974339	4015.76923029	4216.6666666	4167.3076921	4191.28205115	4159.23076903	
4179.87179474	4190.76923063	4179.35897422	4186.28205115	4191.41025628	4178.07692294	4176.28205115	4185.38461525	4176.5384614	4045.38461497	4231.6666666	4178.58974345	4192.69230756	4170.12820499	
4184.99999986	4198.71794858	4183.3333332	4194.87179474	4193.58974345	4196.5384614	4187.4358973	4187.30769217	4183.97435884	4009.99999952	4235.0	4180.38461525	4189.74358961	4174.35897422	
4175.25641012	4191.79487166	4171.02564089	4183.71794858	4192.69230756	4185.51282038	4176.02564089	4187.30769217	4171.5384614	3983.97435842	4221.28205122	4168.07692287	4187.69230756	4161.92307672	
4167.3076921	4186.92307679	4163.58974339	4174.99999986	4191.28205115	4168.84615371	4163.07692287	4185.64102551	4165.25641005	4011.66666618	4210.64102558	4162.43589723	4189.87179474	4154.61538441	
4174.61538448	4191.66666653	4173.07692294	4182.82051269	4192.4358973	4175.38461525	4170.12820499	4187.17948704	4172.82051269	4038.07692266	4214.23076917	4168.84615371	4192.17948704	4163.58974339	
4184.99999986	4194.10256397	4180.76923063	4191.66666653	4194.35897422	4184.10256397	4179.87179474	4186.92307679	4179.87179474	4031.2820508	4220.12820506	4173.71794858	4192.94871781	4174.48717935	
4179.2307691	4190.51282038	4176.02564089	4184.87179474	4193.97435884	4185.38461525	4182.4358973	4187.30769217	4178.84615371	3996.92307637	4217.94871788	4173.20512807	4192.17948704	4170.89743576	
4172.94871781	4190.76923063	4173.46153833	4179.2307691	4191.15384602	4189.10256397	4187.17948704	4187.17948704	4181.15384602	3991.92307637	4212.30769224	4170.38461525	4191.79487166	4164.61538441	
4182.94871781	4192.30769217	4180.38461525	4186.02564089	4191.28205115	4193.58974345	4192.05128192	4187.17948704	4192.69230756	4036.92307651	4214.35897429	4171.66666653	4195.12820499	4170.89743576	
4185.89743576	4187.05128192	4181.28205115	4187.56410243	4192.17948704	4186.92307679	4182.56410243	4187.69230756	4187.17948704	4048.33333292	4214.87179481	4175.12820499	4193.97435884	4172.82051269	
4180.12820499	4187.4358973	4178.3333332	4186.15384602	4189.48717935	4183.46153833	4176.41025628	4186.92307679	4172.05128192	4012.82051234	4206.41025634	4174.35897422	4190.64102551	4168.58974345	
4184.10256397	4192.56410243	4184.48717935	4188.84615371	4191.28205115	4186.79487166	4178.97435884	4186.92307679	4172.82051269	3998.84615329	4203.20512814	4173.71794858	4192.4358973	4175.12820499	
4186.92307679	4189.99999986	4186.92307679	4188.3333332	4188.97435884	4183.20512807	4177.30769217	4189.10256397	4175.38461525	4014.99999952	4212.43589737	4177.05128192	4194.10256397	4179.48717935	
4189.87179474	4192.69230756	4188.07692294	4192.05128192	4185.12820499	4192.17948704	4184.2307691	4187.82051269	4180.76923063	4031.41025593	4220.7692307	4185.89743576	4195.38461525	4181.79487166	
4191.5384614	4195.25641012	4186.79487166	4189.2307691	4188.71794858	4202.5641025	4191.5384614	4184.74358961	4185.38461525	4032.56410208	4207.05128199	4186.15384602	4194.99999986	4184.35897422	
4177.05128192	4185.38461525	4175.51282038	4171.28205115	4191.28205115	4189.2307691	4180.12820499	4185.25641012	4168.97435884	4017.30769183	4185.89743576	4171.15384602	4193.58974345	4170.38461525	
4172.30769217	4177.4358973	4174.35897422	4162.82051262	4191.28205115	4178.58974345	4172.17948704	4188.58974345	4156.53846133	4008.20512772	4184.2307691	4165.25641005	4192.17948704	4161.92307672	
4182.82051269	4178.58974345	4181.28205115	4164.48717928	4189.87179474	4186.66666653	4178.71794858	4188.71794858	4171.28205115	4017.30769183	4190.51282038	4173.20512807	4190.89743576	4171.02564089	
4179.2307691	4175.76923063	4173.84615371	4153.46153826	4187.69230756	4187.4358973	4172.56410243	4183.46153833	4176.5384614	4025.64102516	4180.12820499	4171.28205115	4191.5384614	4168.20512807	
4169.87179474	4169.35897422	4165.38461518	4141.79487159	4189.48717935	4179.87179474	4162.82051262	4188.46153833	4166.02564082	4023.33333285	4167.69230749	4162.43589723	4193.07692294	4157.05128185	
4178.84615371	4172.82051269	4174.61538448	4148.58974339	4193.58974345	4184.99999986	4173.46153833	4200.12820499	4174.2307691	4019.23076875	4171.28205115	4166.28205108	4193.07692294	4165.38461518	
4191.28205115	4180.38461525	4186.41025628	4164.48717928	4190.76923063	4190.89743576	4185.25641012	4192.94871781	4189.61538448	4036.92307651	4177.05128192	4178.46153833	4194.2307691	4179.35897422	
4190.38461525	4182.30769217	4187.30769217	4172.17948704	4190.38461525	4188.20512807	4182.56410243	4183.3333332	4188.58974345	4049.87179446	4177.17948704	4185.38461525	4195.89743576	4180.89743576	
4187.56410243	4184.48717935	4184.2307691	4165.12820492	4194.99999986	4186.02564089	4177.94871781	4191.92307679	4177.82051269	4024.87179439	4176.41025628	4185.38461525	4192.30769217	4179.2307691	
4189.10256397	4185.51282038	4186.15384602	4164.23076903	4191.41025628	4191.15384602	4181.79487166	4193.97435884	4173.84615371	4021.15384567	4173.58974345	4183.97435884	4190.89743576	4180.51282038	
4189.35897422	4182.30769217	4188.46153833	4171.28205115	4188.58974345	4194.2307691	4181.5384614	4185.12820499	4168.58974345	4037.94871754	4162.17948697	4180.12820499	4193.97435884	4181.02564089	
4181.5384614	4177.05128192	4181.15384602	4161.53846133	4193.46153833	4183.3333332	4174.10256397	4186.41025628	4153.46153826	4025.64102516	4149.1025639	4171.15384602	4187.69230756	4172.30769217	
4172.94871781	4174.48717935	4172.69230756	4151.02564082	4196.28205115	4173.58974345	4171.15384602	4188.46153833	4149.48717928	4010.25640977	4150.38461518	4167.3076921	4180.64102551	4163.46153826	
4172.82051269	4174.2307691	4170.12820499	4154.23076903	4192.56410243	4173.58974345	4170.38461525	4185.25641012	4153.71794851	4006.41025593	4151.53846133	4168.97435884	4185.64102551	4164.87179467	
4172.94871781	4172.30769217	4169.35897422	4155.25641005	4189.61538448	4173.20512807	4168.46153833	4187.30769217	4152.69230749	4004.87179439	4140.76923056	4166.28205108	4186.28205115	4166.66666646	
4173.84615371	4172.05128192	4171.66666653	4153.84615364	4193.07692294	4170.76923063	4170.25641012	4188.20512807	4151.79487159	4014.23076875	4137.82051262	4168.46153833	4182.94871781	4165.25641005	
4172.05128192	4171.02564089	4169.48717935	4154.61538441	4194.61538448	4170.64102551	4172.56410243	4186.02564089	4154.1025639	4020.12820465	4136.92307672	4167.94871774	4185.25641012	4163.46153826	
4162.17948697	4167.17948697	4159.48717928	4152.05128185	4190.25641012	4167.43589723	4167.56410236	4186.92307679	4161.15384595	4023.58974311	4127.56410229	4155.76923056	4185.64102551	4155.89743569	
4163.46153826	4169.48717935	4159.87179467	4152.56410236	4189.48717935	4167.3076921	4167.82051262	4186.41025628	4171.66666653	4024.87179439	4130.12820485	4154.23076903	4185.64102551	4151.79487159	
4174.99999986	4176.15384602	4170.38461525	4162.17948697	4190.89743576	4176.02564089	4181.41025628	4184.48717935	4175.89743576	4011.66666618	4139.1025639	4167.56410236	4188.46153833	4161.15384595	
4176.66666653	4179.61538448	4174.99999986	4170.38461525	4190.89743576	4177.4358973	4181.15384602	4186.02564089	4169.35897422	4016.15384567	4133.84615357	4172.05128192	4187.94871781	4167.3076921	
4174.87179474	4181.41025628	4172.56410243	4173.20512807	4192.05128192	4169.74358961	4167.17948697	4186.28205115	4160.25641005	4032.69230721	4123.58974332	4167.17948697	4188.3333332	4163.205128	
4178.71794858	4185.25641012	4172.69230756	4174.10256397	4190.38461525	4169.87179474	4167.43589723	4187.05128192	4154.9999998	4025.51282003	4129.23076896	4169.10256397	4190.89743576	4162.05128185	
4182.82051269	4187.82051269	4178.71794858	4174.74358961	4188.84615371	4173.20512807	4178.3333332	4193.3333332	4155.89743569	4021.02564054	4137.3076921	4172.94871781	4190.25641012	4165.38461518	
4182.69230756	4184.74358961	4179.87179474	4176.41025628	4191.28205115	4170.51282038	4175.51282038	4192.94871781	4161.41025621	4024.99999952	4130.12820485	4171.5384614	4191.02564089	4164.9999998	
4182.30769217	4182.30769217	4180.25641012	4183.46153833	4191.5384614	4178.71794858	4174.48717935	4186.02564089	4166.28205108	4019.99999952	4126.41025614	4173.20512807	4192.30769217	4166.66666646	
4186.28205115	4186.02564089	4183.20512807	4186.15384602	4189.35897422	4191.79487166	4182.69230756	4186.15384602	4170.25641012	4022.56410208	4134.23076896	4177.82051269	4192.30769217	4174.35897422	
4180.64102551	4182.69230756	4176.41025628	4170.25641012	4190.64102551	4174.87179474	4174.10256397	4188.97435884	4164.9999998	4031.15384567	4129.23076896	4173.07692294	4192.05128192	4168.46153833	
4173.97435884	4174.35897422	4170.76923063	4161.02564082	4191.28205115	4161.41025621	4167.3076921	4187.05128192	4158.71794851	4030.3846149	4120.7692305	4164.9999998	4190.89743576	4162.94871774	
4182.69230756	4177.94871781	4178.3333332	4167.56410236	4190.89743576	4181.02564089	4181.66666653	4188.46153833	4166.66666646	4031.2820508	4129.48717921	4170.51282038	4190.38461525	4174.87179474	
4182.82051269	4178.97435884	4174.48717935	4159.9999998	4191.5384614	4186.02564089	4182.30769217	4189.99999986	4170.38461525	4016.53846106	4123.84615357	4169.74358961	4187.05128192	4170.12820499	
4174.74358961	4175.89743576	4165.76923056	4151.53846133	4189.35897422	4174.10256397	4172.94871781	4186.02564089	4167.3076921	4015.51282003	4110.12820485	4162.17948697	4187.4358973	4157.82051262	
4185.25641012	4181.79487166	4182.69230756	4168.07692287	4188.3333332	4184.87179474	4187.05128192	4186.79487166	4180.76923063	4047.69230728	4128.84615357	4175.25641012	4193.97435884	4175.89743576	
4194.10256397	4183.20512807	4192.4358973	4176.02564089	4191.15384602	4193.46153833	4195.76923063	4189.48717935	4191.66666653	4058.97435856	4146.02564082	4189.48717935	4196.15384602	4189.99999986	
4186.66666653	4178.3333332	4183.3333332	4168.84615371	4192.56410243	4183.3333332	4183.07692294	4188.71794858	4179.2307691	4039.48717907	4130.38461511	4184.87179474	4192.82051269	4179.74358961	
4184.87179474	4182.56410243	4184.10256397	4178.07692294	4189.48717935	4182.17948704	4183.84615371	4187.05128192	4175.64102551	4044.10256369	4124.99999973	4182.4358973	4190.89743576	4176.66666653	
4186.28205115	4189.61538448	4186.15384602	4184.74358961	4189.10256397	4182.56410243	4188.07692294	4186.79487166	4177.82051269	4059.10256369	4138.33333313	4185.12820499	4192.69230756	4177.05128192	
4183.46153833	4185.76923063	4182.05128192	4178.3333332	4191.28205115	4178.97435884	4179.35897422	4186.79487166	4168.84615371	4040.38461497	4141.28205108	4183.46153833	4192.4358973	4172.56410243	
4185.51282038	4182.94871781	4184.10256397	4177.94871781	4187.05128192	4185.76923063	4177.30769217	4186.5384614	4172.17948704	4026.92307644	4141.79487159	4183.84615371	4189.61538448	4177.30769217	
4188.46153833	4188.46153833	4187.94871781	4177.56410243	4184.10256397	4187.69230756	4183.84615371	4187.05128192	4186.41025628	4043.84615343	4151.79487159	4186.41025628	4188.58974345	4183.3333332	
4186.5384614	4191.92307679	4187.82051269	4172.17948704	4186.66666653	4183.20512807	4184.2307691	4187.17948704	4183.46153833	4054.87179446	4154.48717928	4188.84615371	4189.2307691	4182.17948704	
4184.48717935	4189.35897422	4186.15384602	4170.64102551	4191.15384602	4184.87179474	4180.51282038	4186.92307679	4177.82051269	4045.38461497	4143.205128	4187.05128192	4190.38461525	4178.71794858	
4181.66666653	4183.71794858	4178.84615371	4167.17948697	4192.30769217	4182.17948704	4177.30769217	4187.17948704	4182.17948704	4028.71794824	4137.56410236	4177.30769217	4185.89743576	4172.82051269	
4182.94871781	4186.02564089	4179.87179474	4167.17948697	4188.84615371	4181.66666653	4184.74358961	4186.92307679	4185.89743576	4042.17948677	4145.25641005	4179.99999986	4184.74358961	4173.84615371	
4190.76923063	4193.07692294	4189.87179474	4172.17948704	4187.4358973	4192.56410243	4197.17948704	4186.28205115	4189.99999986	4067.17948677	4145.12820492	4189.48717935	4190.25641012	4182.94871781	
4183.07692294	4185.76923063	4178.97435884	4160.25641005	4190.38461525	4191.28205115	4186.79487166	4187.56410243	4184.48717935	4046.15384574	4128.33333306	4176.5384614	4187.56410243	4174.35897422	
4170.12820499	4174.74358961	4164.23076903	4150.76923056	4195.64102551	4182.30769217	4174.35897422	4188.07692294	4172.82051269	4017.69230721	4127.82051255	4164.1025639	4183.07692294	4159.48717928	
4171.15384602	4178.46153833	4168.46153833	4155.76923056	4194.35897422	4184.48717935	4180.51282038	4184.48717935	4169.2307691	4040.5128201	4136.53846133	4166.92307672	4186.02564089	4159.61538441	
4171.15384602	4182.17948704	4170.89743576	4155.38461518	4190.64102551	4183.71794858	4179.10256397	4191.02564089	4174.2307691	4064.74358933	4128.0769228	4166.15384595	4187.4358973	4160.38461518	
4175.89743576	4183.07692294	4172.30769217	4162.94871774	4190.89743576	4179.10256397	4175.12820499	4200.12820499	4180.64102551	4044.87179446	4127.30769203	4171.92307679	4187.69230756	4165.76923056	
4189.35897422	4192.69230756	4186.15384602	4186.79487166	4191.66666653	4185.89743576	4182.69230756	4194.74358961	4181.41025628	4032.30769183	4136.79487159	4186.66666653	4190.64102551	4177.69230756	
4189.48717935	4197.4358973	4192.56410243	4194.35897422	4191.41025628	4191.79487166	4183.58974345	4188.07692294	4181.15384602	4048.97435856	4132.82051255	4188.71794858	4191.66666653	4177.4358973	
4178.71794858	4191.66666653	4180.51282038	4181.79487166	4189.61538448	4182.05128192	4171.15384602	4188.3333332	4182.30769217	4061.410256	4126.02564075	4179.2307691	4189.74358961	4170.12820499	
4180.89743576	4190.25641012	4177.82051269	4188.20512807	4189.74358961	4181.15384602	4171.5384614	4186.41025628	4183.07692294	4059.35897395	4127.82051255	4181.5384614	4186.41025628	4172.82051269	
4190.64102551	4194.99999986	4192.56410243	4204.87179481	4192.69230756	4198.3333332	4187.05128192	4184.61538448	4186.41025628	4066.410256	4133.20512793	4193.46153833	4186.79487166	4182.69230756	
4191.41025628	4194.87179474	4194.99999986	4197.69230756	4193.20512807	4202.43589737	4190.51282038	4188.46153833	4187.56410243	4060.76923036	4132.69230742	4192.82051269	4190.76923063	4184.99999986	
4186.79487166	4191.5384614	4183.71794858	4188.3333332	4191.02564089	4188.3333332	4178.58974345	4185.38461525	4174.48717935	4028.33333285	4124.61538434	4182.82051269	4188.20512807	4178.20512807	
4190.12820499	4192.17948704	4186.28205115	4197.82051269	4192.82051269	4190.89743576	4180.12820499	4183.46153833	4166.92307672	4038.84615343	4122.17948691	4184.2307691	4189.2307691	4178.07692294	
4196.28205115	4196.66666653	4195.89743576	4207.82051275	4191.41025628	4205.51282045	4194.87179474	4196.79487166	4183.3333332	4079.23076889	4121.79487152	4191.02564089	4195.89743576	4185.12820499	
4192.94871781	4199.35897422	4192.30769217	4207.43589737	4183.07692294	4196.66666653	4189.61538448	4202.05128199	4190.38461525	4066.92307651	4110.51282024	4186.66666653	4194.99999986	4180.64102551	
4192.56410243	4199.35897422	4190.76923063	4210.51282045	4184.10256397	4183.58974345	4177.69230756	4189.99999986	4183.20512807	4048.20512779	4114.35897408	4189.48717935	4191.79487166	4176.92307679	
4203.20512814	4206.02564096	4203.97435891	4220.64102558	4192.94871781	4197.4358973	4188.71794858	4182.82051269	4193.84615371	4078.58974325	4141.28205108	4205.25641019	4192.69230756	4190.76923063	
4208.84615378	4212.82051275	4209.74358968	4223.71794865	4196.15384602	4209.87179481	4200.89743576	4187.4358973	4204.61538455	4085.76923043	4148.84615364	4210.25641019	4194.2307691	4199.61538448	
4197.30769217	4204.23076917	4197.17948704	4217.05128199	4190.76923063	4196.66666653	4193.71794858	4188.3333332	4195.12820499	4055.25640984	4131.79487152	4198.97435884	4193.97435884	4187.4358973	
4184.74358961	4196.92307679	4182.94871781	4208.58974352	4184.61538448	4189.35897422	4183.58974345	4187.05128192	4183.3333332	4054.74358933	4122.82051255	4185.38461525	4191.5384614	4173.46153833	
4186.66666653	4201.79487173	4182.82051269	4208.33333327	4184.99999986	4198.97435884	4183.3333332	4187.94871781	4180.25641012	4064.99999959	4120.7692305	4183.46153833	4190.25641012	4173.97435884	
4186.15384602	4201.6666666	4184.74358961	4208.71794865	4189.87179474	4194.74358961	4179.99999986	4185.12820499	4180.12820499	4055.38461497	4113.84615357	4185.64102551	4191.79487166	4172.94871781	
4178.84615371	4195.76923063	4179.61538448	4202.5641025	4192.05128192	4183.97435884	4175.25641012	4184.87179474	4175.51282038	4048.33333292	4103.58974332	4179.48717935	4191.92307679	4163.33333313	
4180.76923063	4197.05128192	4180.38461525	4205.51282045	4190.64102551	4191.79487166	4178.3333332	4187.30769217	4166.92307672	4043.97435856	4099.48717914	4175.38461525	4185.51282038	4163.33333313	
4188.71794858	4201.79487173	4187.17948704	4216.28205122	4191.28205115	4199.48717935	4181.41025628	4186.92307679	4163.33333313	4030.89743541	4103.46153819	4182.4358973	4180.12820499	4172.56410243	
4191.02564089	4202.69230763	4191.15384602	4219.48717942	4191.02564089	4194.99999986	4184.74358961	4188.84615371	4176.66666653	4044.23076882	4110.12820485	4188.20512807	4186.02564089	4176.5384614	
4185.25641012	4198.07692294	4186.92307679	4212.5641025	4192.30769217	4195.25641012	4187.82051269	4188.07692294	4182.4358973	4067.30769189	4110.25640998	4184.99999986	4191.66666653	4171.66666653	
4182.56410243	4198.07692294	4183.3333332	4209.48717942	4194.99999986	4199.48717935	4188.58974345	4185.38461525	4174.48717935	4050.64102523	4103.84615357	4182.05128192	4189.35897422	4169.74358961	
4189.10256397	4206.28205122	4190.76923063	4217.69230763	4191.28205115	4201.15384609	4190.76923063	4193.71794858	4183.58974345	4045.64102523	4107.56410229	4187.94871781	4189.48717935	4178.46153833	
4197.82051269	4209.10256404	4201.79487173	4227.05128199	4189.10256397	4204.48717942	4191.66666653	4199.74358961	4195.76923063	4079.87179453	4122.30769203	4198.58974345	4193.07692294	4188.58974345	
4207.17948711	4212.17948711	4210.7692307	4237.82051282	4193.3333332	4210.64102558	4194.10256397	4188.58974345	4193.07692294	4084.61538427	4128.33333306	4208.71794865	4194.10256397	4198.71794858	
4215.89743583	4223.33333327	4220.64102558	4251.66666667	4190.76923063	4220.89743583	4204.61538455	4179.74358961	4194.87179474	4064.48717907	4126.15384588	4219.61538455	4193.3333332	4208.4615384	
4216.41025634	4226.02564096	4222.43589737	4252.30769231	4183.46153833	4224.10256404	4209.48717942	4192.05128192	4207.30769224	4080.12820478	4127.17948691	4224.87179481	4193.58974345	4207.94871788	
4205.64102558	4213.97435891	4208.4615384	4237.30769231	4186.15384602	4206.53846147	4197.56410243	4197.56410243	4200.89743576	4093.46153812	4120.64102537	4213.97435891	4194.48717935	4195.89743576	
4201.15384609	4206.28205122	4203.07692301	4229.10256404	4191.79487166	4195.76923063	4193.07692294	4190.76923063	4195.89743576	4087.56410222	4111.28205101	4205.12820506	4195.76923063	4192.30769217	
4211.92307686	4213.33333327	4215.64102558	4236.53846154	4191.5384614	4210.64102558	4208.07692301	4190.89743576	4215.7692307	4103.0769228	4124.35897408	4214.74358968	4197.82051269	4205.7692307	
4214.74358968	4216.15384609	4218.84615378	4241.41025641	4187.56410243	4219.87179481	4211.28205122	4189.99999986	4220.38461532	4096.41025607	4144.61538441	4223.58974352	4194.48717935	4210.25641019	
4203.07692301	4207.5641025	4205.89743583	4228.33333327	4189.2307691	4204.61538455	4195.51282038	4186.02564089	4200.64102551	4063.58974318	4138.58974339	4214.48717942	4192.56410243	4197.17948704	
4197.05128192	4200.76923063	4200.25641012	4213.07692301	4193.20512807	4195.64102551	4193.97435884	4186.41025628	4193.3333332	4075.12820478	4122.30769203	4201.92307686	4194.35897422	4190.25641012	
4202.05128199	4199.2307691	4206.6666666	4212.43589737	4189.74358961	4212.94871788	4207.94871788	4187.82051269	4203.4615384	4102.05128171	4123.84615357	4204.48717942	4192.82051269	4193.97435884	
4198.84615371	4195.89743576	4201.41025634	4205.64102558	4187.94871781	4218.58974352	4204.48717942	4184.87179474	4198.20512807	4081.79487145	4123.0769228	4202.30769224	4189.74358961	4186.41025628	
4186.28205115	4190.64102551	4188.20512807	4186.66666653	4190.89743576	4196.79487166	4186.66666653	4185.12820499	4179.61538448	4061.53846113	4110.25640998	4187.56410243	4189.10256397	4170.12820499	
4186.41025628	4190.76923063	4190.25641012	4188.20512807	4191.28205115	4188.46153833	4186.5384614	4186.02564089	4181.41025628	4073.71794837	4103.71794844	4187.82051269	4191.15384602	4173.46153833	
4196.28205115	4193.97435884	4197.05128192	4204.23076917	4189.2307691	4202.43589737	4194.99999986	4184.61538448	4193.97435884	4072.82051248	4107.56410229	4203.58974352	4191.02564089	4186.02564089	
4192.94871781	4192.82051269	4191.5384614	4198.71794858	4190.25641012	4201.28205122	4189.2307691	4186.79487166	4189.99999986	4063.7179483	4113.0769228	4200.89743576	4187.56410243	4181.66666653	
4192.69230756	4195.12820499	4193.20512807	4196.28205115	4189.61538448	4196.02564089	4193.07692294	4187.82051269	4192.69230756	4090.76923043	4121.41025614	4196.66666653	4192.17948704	4181.28205115	
4205.38461532	4199.99999986	4207.43589737	4210.7692307	4187.05128192	4208.07692301	4213.20512814	4187.4358973	4212.69230763	4120.38461511	4129.10256383	4210.64102558	4199.87179474	4196.66666653	
4205.38461532	4199.99999986	4205.25641019	4209.61538455	4190.89743576	4208.58974352	4212.69230763	4187.05128192	4212.94871788	4105.64102537	4126.28205101	4211.28205122	4195.64102551	4198.20512807	
4199.87179474	4198.3333332	4198.20512807	4200.89743576	4193.97435884	4198.20512807	4201.53846147	4186.66666653	4201.53846147	4072.30769196	4121.02564075	4199.10256397	4190.38461525	4189.10256397	
4201.02564096	4198.58974345	4200.76923063	4202.94871788	4191.79487166	4200.25641012	4204.99999993	4187.17948704	4199.99999986	4066.79487138	4124.61538434	4200.25641012	4194.35897422	4188.07692294	
4199.2307691	4198.58974345	4198.84615371	4203.20512814	4191.41025628	4205.7692307	4204.35897429	4187.69230756	4192.69230756	4088.33333299	4130.89743562	4203.20512814	4197.05128192	4188.20512807	
4200.38461525	4197.56410243	4197.05128192	4204.61538455	4193.3333332	4202.30769224	4198.3333332	4187.05128192	4187.30769217	4112.82051255	4137.17948697	4202.5641025	4194.99999986	4189.87179474	
4207.30769224	4201.15384609	4204.74358968	4214.35897429	4192.82051269	4204.23076917	4203.97435891	4186.66666653	4200.64102551	4112.30769203	4148.33333313	4207.94871788	4193.71794858	4198.97435884	
4201.92307686	4202.5641025	4204.74358968	4209.99999993	4191.28205115	4204.35897429	4201.41025634	4187.56410243	4205.38461532	4085.51282017	4149.9999998	4206.41025634	4193.97435884	4195.64102551	
4191.41025628	4196.02564089	4192.94871781	4196.66666653	4194.35897422	4194.48717935	4190.12820499	4188.20512807	4196.66666653	4084.10256376	4137.69230749	4196.5384614	4193.07692294	4181.66666653	
4195.25641012	4192.4358973	4192.94871781	4201.41025634	4194.74358961	4191.02564089	4194.87179474	4187.82051269	4197.82051269	4089.7435894	4132.69230742	4197.4358973	4191.66666653	4184.74358961	
4197.56410243	4196.41025628	4198.46153833	4204.87179481	4189.87179474	4190.38461525	4196.79487166	4187.94871781	4202.05128199	4076.92307658	4138.46153826	4201.28205122	4192.94871781	4192.17948704	
4192.17948704	4197.56410243	4195.89743576	4201.02564096	4189.35897422	4190.51282038	4187.82051269	4188.07692294	4201.41025634	4085.38461504	4146.92307672	4199.99999986	4194.48717935	4187.56410243	
4196.02564089	4196.28205115	4197.56410243	4205.64102558	4194.10256397	4197.56410243	4192.69230756	4187.94871781	4200.89743576	4112.69230742	4148.07692287	4202.94871788	4195.51282038	4188.3333332	
4201.53846147	4196.02564089	4202.30769224	4208.58974352	4195.89743576	4200.12820499	4199.99999986	4187.94871781	4201.41025634	4110.51282024	4143.205128	4206.79487173	4195.76923063	4194.87179474	
4196.28205115	4194.74358961	4202.82051275	4207.69230763	4189.2307691	4193.58974345	4193.84615371	4187.69230756	4199.2307691	4085.25640991	4143.58974339	4203.58974352	4192.94871781	4191.66666653	
4198.46153833	4197.56410243	4204.99999993	4215.89743583	4187.17948704	4198.3333332	4197.17948704	4186.92307679	4202.5641025	4088.71794837	4155.76923056	4203.97435891	4192.30769217	4192.56410243	
4197.94871781	4197.30769217	4199.99999986	4216.15384609	4190.12820499	4199.99999986	4198.20512807	4188.97435884	4205.89743583	4091.79487145	4155.64102544	4202.5641025	4193.20512807	4191.02564089	
4186.41025628	4193.97435884	4191.15384602	4207.30769224	4191.02564089	4185.76923063	4185.76923063	4188.07692294	4198.20512807	4088.46153812	4147.3076921	4197.17948704	4193.3333332	4177.69230756	
4189.99999986	4198.46153833	4196.41025628	4213.33333327	4190.38461525	4190.12820499	4193.58974345	4185.38461525	4200.25641012	4109.35897408	4154.87179467	4201.79487173	4194.35897422	4177.56410243	
4195.51282038	4198.46153833	4196.92307679	4214.10256404	4185.51282038	4199.35897422	4201.28205122	4194.10256397	4201.41025634	4102.69230742	4154.61538441	4200.64102551	4194.2307691	4182.82051269	
4186.28205115	4190.25641012	4186.15384602	4200.25641012	4184.35897422	4184.99999986	4183.46153833	4200.51282038	4181.02564089	4064.10256369	4137.3076921	4187.82051269	4192.4358973	4173.84615371	
4187.30769217	4193.58974345	4191.02564089	4202.30769224	4189.99999986	4179.61538448	4180.12820499	4193.3333332	4172.4358973	4068.7179483	4133.33333306	4191.66666653	4194.48717935	4172.94871781	
4199.87179474	4201.79487173	4204.10256404	4207.82051275	4192.4358973	4192.05128192	4198.3333332	4183.58974345	4184.99999986	4084.7435894	4140.76923056	4204.87179481	4196.5384614	4186.92307679	
4196.41025628	4197.4358973	4200.64102551	4204.10256404	4187.30769217	4191.92307679	4197.56410243	4183.46153833	4184.74358961	4055.89743548	4135.51282031	4199.99999986	4193.58974345	4186.79487166	
4191.02564089	4194.74358961	4195.89743576	4210.12820506	4187.30769217	4190.12820499	4190.51282038	4194.10256397	4179.35897422	4067.69230728	4139.1025639	4194.61538448	4193.07692294	4179.61538448	
4197.4358973	4199.74358961	4196.5384614	4213.20512814	4193.07692294	4195.89743576	4196.79487166	4197.4358973	4180.12820499	4095.6410253	4151.41025621	4196.02564089	4193.46153833	4183.84615371	
4193.97435884	4196.92307679	4191.02564089	4200.89743576	4188.84615371	4187.17948704	4196.15384602	4187.4358973	4175.76923063	4068.7179483	4144.9999998	4187.94871781	4192.17948704	4181.66666653	
4185.38461525	4191.92307679	4190.51282038	4197.69230756	4186.66666653	4178.58974345	4190.25641012	4182.4358973	4177.30769217	4065.12820472	4140.38461518	4182.56410243	4192.69230756	4173.71794858	
4192.82051269	4196.15384602	4195.51282038	4205.25641019	4191.79487166	4194.61538448	4197.82051269	4188.20512807	4189.10256397	4089.35897402	4151.79487159	4188.71794858	4193.97435884	4176.5384614	
4199.48717935	4197.4358973	4193.3333332	4204.74358968	4189.61538448	4205.7692307	4205.7692307	4186.92307679	4190.51282038	4075.89743555	4155.64102544	4191.02564089	4193.71794858	4179.61538448	
4191.28205115	4194.2307691	4190.25641012	4201.15384609	4184.2307691	4191.02564089	4198.97435884	4184.99999986	4184.35897422	4072.94871761	4149.74358954	4185.38461525	4193.20512807	4174.2307691	
4188.07692294	4195.12820499	4194.61538448	4206.28205122	4187.82051269	4184.61538448	4193.3333332	4190.12820499	4185.89743576	4102.56410229	4147.56410236	4188.20512807	4193.71794858	4172.56410243	
4194.87179474	4196.79487166	4197.69230756	4211.15384609	4193.71794858	4193.84615371	4197.4358973	4189.87179474	4187.4358973	4096.79487145	4145.64102544	4196.41025628	4193.84615371	4177.4358973	
4189.74358961	4194.61538448	4192.17948704	4206.41025634	4191.5384614	4186.5384614	4193.20512807	4188.71794858	4177.17948704	4068.07692266	4138.71794851	4191.15384602	4192.17948704	4173.58974345	
4176.79487166	4192.56410243	4186.28205115	4198.07692294	4191.5384614	4170.25641012	4183.58974345	4189.74358961	4168.07692287	4066.410256	4127.17948691	4179.87179474	4187.17948704	4162.82051262	
4182.82051269	4194.35897422	4189.10256397	4201.28205122	4193.97435884	4178.20512807	4189.48717935	4189.35897422	4172.4358973	4075.76923043	4126.15384588	4184.10256397	4186.79487166	4166.66666646	
4190.76923063	4195.12820499	4189.87179474	4204.10256404	4189.74358961	4183.71794858	4192.94871781	4189.35897422	4170.76923063	4075.6410253	4137.05128185	4188.46153833	4191.28205115	4174.48717935	
4186.79487166	4199.2307691	4188.46153833	4202.30769224	4189.99999986	4178.3333332	4186.15384602	4189.35897422	4169.10256397	4079.23076889	4140.51282031	4186.79487166	4192.30769217	4172.05128192	
4194.74358961	4206.6666666	4196.15384602	4211.41025634	4193.71794858	4190.25641012	4197.69230756	4189.35897422	4187.82051269	4087.94871761	4146.66666646	4193.58974345	4192.82051269	4177.94871781	
4201.6666666	4203.07692301	4199.10256397	4214.99999993	4190.51282038	4196.66666653	4205.7692307	4189.35897422	4198.97435884	4088.33333299	4157.17948697	4195.51282038	4194.10256397	4185.64102551	
4191.28205115	4193.20512807	4190.38461525	4201.6666666	4188.58974345	4182.56410243	4186.92307679	4189.35897422	4190.25641012	4090.38461504	4151.53846133	4184.74358961	4194.61538448	4177.69230756	
4185.89743576	4193.58974345	4191.92307679	4199.99999986	4190.89743576	4178.71794858	4180.76923063	4189.35897422	4188.20512807	4102.94871767	4142.82051262	4184.74358961	4195.12820499	4171.41025628	
4186.66666653	4197.94871781	4196.5384614	4205.89743583	4190.51282038	4181.79487166	4191.79487166	4189.35897422	4190.12820499	4087.69230735	4143.58974339	4191.28205115	4194.2307691	4172.94871781	
4175.38461525	4189.35897422	4180.25641012	4191.02564089	4191.28205115	4167.17948697	4181.28205115	4189.35897422	4179.74358961	4065.5128201	4130.64102537	4176.41025628	4191.79487166	4161.66666646	
4172.4358973	4183.97435884	4173.97435884	4182.56410243	4195.38461525	4166.53846133	4173.58974345	4189.35897422	4176.02564089	4080.12820478	4119.99999973	4163.97435877	4192.30769217	4153.58974339	
4186.28205115	4193.71794858	4190.38461525	4200.12820499	4194.99999986	4183.97435884	4190.38461525	4189.35897422	4186.92307679	4096.92307658	4132.30769203	4179.74358961	4196.41025628	4165.64102544	
4189.35897422	4200.12820499	4196.66666653	4208.20512814	4192.69230756	4185.64102551	4194.74358961	4189.35897422	4188.46153833	4093.46153812	4142.3076921	4192.05128192	4196.28205115	4177.17948704	
4182.4358973	4194.87179474	4187.17948704	4202.05128199	4187.94871781	4182.94871781	4183.20512807	4189.48717935	4174.99999986	4088.20512786	4141.15384595	4185.76923063	4192.56410243	4172.82051269	
4181.5384614	4191.92307679	4181.15384602	4199.87179474	4184.74358961	4181.15384602	4180.38461525	4189.48717935	4165.38461518	4076.79487145	4134.61538434	4180.89743576	4193.84615371	4164.35897415	
4181.66666653	4192.82051269	4184.2307691	4198.3333332	4189.2307691	4173.20512807	4182.30769217	4189.10256397	4174.74358961	4063.7179483	4127.94871767	4183.07692294	4195.89743576	4163.58974339	
4184.2307691	4193.07692294	4188.97435884	4200.64102551	4190.76923063	4176.5384614	4186.28205115	4189.99999986	4186.92307679	4076.15384581	4134.23076896	4184.99999986	4194.10256397	4170.64102551	
4188.84615371	4195.12820499	4191.02564089	4208.33333327	4187.17948704	4187.05128192	4194.61538448	4189.2307691	4184.74358961	4096.79487145	4143.07692287	4186.5384614	4194.2307691	4173.71794858	
4185.38461525	4195.76923063	4187.30769217	4206.28205122	4190.89743576	4185.25641012	4193.3333332	4186.41025628	4188.07692294	4098.8461535	4135.51282031	4186.66666653	4194.99999986	4170.25641012	
4181.5384614	4196.15384602	4182.94871781	4200.64102551	4195.76923063	4181.41025628	4184.61538448	4185.76923063	4195.76923063	4093.46153812	4123.71794844	4185.38461525	4192.30769217	4168.84615371	
4181.79487166	4194.87179474	4181.02564089	4203.20512814	4190.89743576	4181.28205115	4181.15384602	4186.66666653	4186.79487166	4085.6410253	4120.12820485	4183.3333332	4189.87179474	4166.79487159	
4189.2307691	4197.17948704	4187.56410243	4212.94871788	4188.71794858	4186.5384614	4189.48717935	4184.99999986	4188.71794858	4091.15384581	4128.84615357	4189.10256397	4191.79487166	4171.15384602	
4201.79487173	4208.71794865	4199.74358961	4223.58974352	4190.25641012	4197.94871781	4202.05128199	4184.35897422	4209.61538455	4112.82051255	4142.3076921	4203.71794865	4196.5384614	4185.89743576	
4198.84615371	4212.30769224	4197.94871781	4222.94871788	4187.69230756	4194.48717935	4199.74358961	4187.4358973	4204.35897429	4123.0769228	4140.51282031	4201.92307686	4195.89743576	4185.76923063	
4187.30769217	4204.61538455	4187.69230756	4211.79487173	4189.74358961	4183.46153833	4192.69230756	4187.94871781	4181.66666653	4105.38461511	4132.30769203	4186.28205115	4191.79487166	4172.56410243	
4191.66666653	4199.10256397	4187.82051269	4210.12820506	4191.02564089	4185.12820499	4192.4358973	4186.02564089	4181.41025628	4081.92307658	4134.35897408	4188.71794858	4189.74358961	4175.38461525	
4199.35897422	4203.97435891	4196.02564089	4218.20512814	4189.48717935	4187.30769217	4191.41025628	4186.66666653	4189.10256397	4091.92307658	4135.12820485	4203.4615384	4190.76923063	4187.05128192	
4197.05128192	4208.33333327	4198.3333332	4219.48717942	4191.41025628	4186.66666653	4192.30769217	4187.17948704	4189.10256397	4114.35897408	4130.12820485	4200.64102551	4191.79487166	4185.64102551	
4191.41025628	4204.10256404	4191.92307679	4215.89743583	4193.20512807	4184.99999986	4190.76923063	4186.28205115	4186.28205115	4097.56410222	4122.17948691	4186.92307679	4189.2307691	4174.35897422	
4182.56410243	4197.4358973	4182.17948704	4211.15384609	4189.2307691	4171.5384614	4178.3333332	4187.30769217	4174.87179474	4076.15384581	4107.94871767	4180.51282038	4189.87179474	4162.43589723	
4181.28205115	4196.5384614	4180.64102551	4208.33333327	4191.02564089	4168.3333332	4178.71794858	4187.82051269	4171.28205115	4090.51282017	4105.25640998	4181.79487166	4190.64102551	4163.33333313	
4189.2307691	4200.64102551	4188.46153833	4213.84615378	4196.79487166	4183.20512807	4190.51282038	4186.79487166	4187.82051269	4094.48717914	4120.25640998	4186.15384602	4186.79487166	4172.17948704	
4190.38461525	4201.15384609	4191.66666653	4214.10256404	4195.12820499	4180.51282038	4184.35897422	4188.20512807	4188.3333332	4083.20512786	4127.82051255	4189.87179474	4188.58974345	4172.94871781	
4186.5384614	4197.69230756	4190.64102551	4206.92307686	4189.87179474	4173.84615371	4181.79487166	4188.58974345	4172.56410243	4100.38461504	4119.74358947	4189.74358961	4192.69230756	4169.61538448	
4185.64102551	4193.3333332	4188.71794858	4200.76923063	4185.51282038	4183.97435884	4189.87179474	4187.05128192	4176.15384602	4103.84615357	4108.9743587	4186.41025628	4189.99999986	4170.51282038	
4183.58974345	4191.28205115	4185.38461525	4193.97435884	4186.15384602	4183.07692294	4179.99999986	4187.05128192	4182.30769217	4080.6410253	4102.17948684	4182.05128192	4186.28205115	4168.46153833	
4181.92307679	4193.20512807	4186.79487166	4196.28205115	4191.66666653	4177.4358973	4175.12820499	4187.05128192	4173.07692294	4089.99999966	4105.89743562	4184.74358961	4189.35897422	4166.92307672	
4188.3333332	4195.89743576	4193.97435884	4202.43589737	4192.94871781	4188.46153833	4192.56410243	4186.02564089	4171.79487166	4102.05128171	4111.41025614	4189.74358961	4191.66666653	4173.07692294	
4186.92307679	4189.87179474	4187.56410243	4187.05128192	4192.69230756	4185.64102551	4189.87179474	4186.02564089	4172.69230756	4072.05128171	4098.07692273	4182.4358973	4188.84615371	4166.79487159	
4175.51282038	4179.99999986	4172.56410243	4167.94871774	4194.99999986	4164.1025639	4170.25641012	4186.28205115	4166.02564082	4065.76923036	4084.48717914	4171.79487166	4187.69230756	4151.66666646	
4182.69230756	4186.92307679	4181.15384602	4178.97435884	4193.97435884	4172.69230756	4182.05128192	4186.15384602	4173.46153833	4098.07692273	4097.94871761	4180.89743576	4192.56410243	4162.3076921	
4190.89743576	4193.3333332	4194.2307691	4191.66666653	4190.38461525	4191.5384614	4192.94871781	4185.89743576	4182.4358973	4091.02564068	4114.61538434	4192.82051269	4192.17948704	4176.92307679	
4175.64102551	4182.69230756	4182.30769217	4176.02564089	4192.05128192	4172.94871781	4173.71794858	4185.38461525	4167.94871774	4069.7435894	4102.69230742	4179.35897422	4188.84615371	4162.43589723	
4169.48717935	4177.05128192	4174.48717935	4169.74358961	4192.4358973	4161.79487159	4174.87179474	4187.4358973	4167.94871774	4087.94871761	4091.92307658	4170.25641012	4192.05128192	4154.61538441	
4182.05128192	4185.76923063	4183.97435884	4183.20512807	4189.87179474	4182.94871781	4193.97435884	4186.02564089	4182.82051269	4100.51282017	4102.69230742	4181.79487166	4192.17948704	4166.79487159	
4184.74358961	4190.12820499	4185.51282038	4185.64102551	4189.2307691	4186.41025628	4187.94871781	4183.3333332	4178.20512807	4088.33333299	4108.33333306	4185.25641012	4188.71794858	4165.38461518	
4180.64102551	4188.3333332	4183.3333332	4183.58974345	4191.92307679	4176.02564089	4181.92307679	4193.84615371	4174.74358961	4093.46153812	4110.12820485	4180.51282038	4192.17948704	4159.1025639	
4187.56410243	4191.41025628	4190.12820499	4192.69230756	4194.10256397	4187.56410243	4197.94871781	4198.3333332	4185.76923063	4093.71794837	4121.66666639	4185.12820499	4194.87179474	4169.99999986	
4188.84615371	4191.92307679	4189.87179474	4194.10256397	4191.5384614	4191.28205115	4201.15384609	4186.15384602	4187.05128192	4082.17948684	4126.79487152	4189.48717935	4192.05128192	4175.64102551	
4179.61538448	4188.58974345	4179.87179474	4183.97435884	4190.38461525	4176.79487166	4187.82051269	4186.66666653	4182.17948704	4100.89743555	4119.99999973	4183.84615371	4192.30769217	4163.58974339	
4182.94871781	4190.38461525	4181.28205115	4187.56410243	4193.46153833	4182.05128192	4190.76923063	4195.38461525	4186.5384614	4110.89743562	4120.38461511	4184.2307691	4196.02564089	4163.97435877	
4185.64102551	4190.12820499	4187.82051269	4190.76923063	4191.5384614	4188.3333332	4195.25641012	4188.46153833	4187.05128192	4090.89743555	4118.33333306	4186.02564089	4193.46153833	4170.25641012	
4179.74358961	4187.94871781	4184.99999986	4183.46153833	4188.46153833	4178.71794858	4185.51282038	4181.92307679	4181.79487166	4094.87179453	4110.25640998	4181.02564089	4190.12820499	4163.07692287	
4186.15384602	4193.46153833	4184.2307691	4189.61538448	4190.51282038	4180.64102551	4189.87179474	4187.17948704	4185.25641012	4101.66666632	4116.02564075	4182.05128192	4192.4358973	4166.79487159	
4192.94871781	4197.30769217	4191.28205115	4203.4615384	4191.02564089	4189.99999986	4203.84615378	4187.17948704	4188.07692294	4084.48717914	4125.12820485	4187.17948704	4193.46153833	4177.17948704	
4190.12820499	4194.35897422	4195.51282038	4204.48717942	4189.48717935	4189.10256397	4202.17948711	4185.38461525	4187.94871781	4090.76923043	4123.71794844	4187.56410243	4193.07692294	4173.46153833	
4188.84615371	4193.46153833	4192.4358973	4200.25641012	4190.25641012	4188.07692294	4197.17948704	4187.05128192	4188.3333332	4110.7692305	4123.71794844	4186.02564089	4193.58974345	4170.51282038	
4189.87179474	4194.35897422	4185.76923063	4200.12820499	4189.87179474	4188.71794858	4204.23076917	4186.66666653	4188.07692294	4099.48717914	4125.51282024	4185.76923063	4193.07692294	4173.97435884	
4189.99999986	4195.38461525	4187.69230756	4201.79487173	4187.82051269	4190.64102551	4211.02564096	4187.05128192	4188.71794858	4085.38461504	4122.17948691	4186.79487166	4190.38461525	4173.97435884	
4184.87179474	4194.74358961	4190.12820499	4201.15384609	4191.02564089	4188.97435884	4199.10256397	4187.30769217	4183.97435884	4101.53846119	4124.61538434	4184.87179474	4188.46153833	4167.43589723	
4178.97435884	4193.71794858	4183.46153833	4198.71794858	4196.15384602	4176.28205115	4185.25641012	4186.92307679	4176.66666653	4107.82051255	4134.35897408	4181.02564089	4190.25641012	4162.05128185	
4181.92307679	4195.12820499	4182.82051269	4200.64102551	4194.48717935	4175.76923063	4191.92307679	4187.17948704	4180.89743576	4081.79487145	4141.15384595	4182.4358973	4190.51282038	4163.84615364	
4185.12820499	4195.51282038	4187.17948704	4203.58974352	4191.15384602	4187.94871781	4200.12820499	4187.17948704	4185.89743576	4079.99999966	4140.64102544	4186.79487166	4191.66666653	4168.07692287	
4182.17948704	4195.38461525	4183.84615371	4202.17948711	4191.5384614	4186.92307679	4194.74358961	4187.05128192	4176.5384614	4109.99999973	4138.33333313	4185.76923063	4190.89743576	4164.1025639	
4181.15384602	4196.66666653	4182.69230756	4203.58974352	4190.76923063	4184.35897422	4193.58974345	4187.17948704	4177.69230756	4106.66666639	4141.53846133	4180.89743576	4184.48717935	4160.38461518	
4177.56410243	4193.84615371	4183.97435884	4198.46153833	4191.5384614	4183.97435884	4192.69230756	4187.17948704	4189.74358961	4085.6410253	4141.79487159	4175.64102551	4185.51282038	4162.17948697	
4172.30769217	4188.46153833	4179.87179474	4185.51282038	4192.30769217	4176.92307679	4183.58974345	4186.92307679	4181.15384602	4095.89743555	4133.58974332	4173.07692294	4188.3333332	4158.97435877	
4179.61538448	4189.10256397	4182.17948704	4189.2307691	4189.48717935	4178.07692294	4188.71794858	4187.17948704	4168.84615371	4111.15384588	4137.56410236	4181.02564089	4186.79487166	4161.66666646	
4189.10256397	4193.58974345	4189.87179474	4202.82051275	4189.35897422	4189.48717935	4201.53846147	4186.41025628	4175.12820499	4099.48717914	4155.25641005	4189.48717935	4187.69230756	4175.38461525	
4182.56410243	4193.07692294	4184.48717935	4201.6666666	4192.30769217	4186.5384614	4197.30769217	4186.15384602	4176.15384602	4077.94871761	4152.43589723	4181.28205115	4185.76923063	4173.3333332	
4177.17948704	4191.15384602	4178.84615371	4196.66666653	4192.17948704	4179.2307691	4184.99999986	4185.51282038	4167.05128185	4075.12820478	4136.79487159	4174.35897422	4184.87179474	4161.79487159	
4182.69230756	4191.5384614	4184.10256397	4200.25641012	4189.87179474	4180.25641012	4184.10256397	4182.94871781	4168.46153833	4098.58974325	4143.97435877	4181.15384602	4191.5384614	4169.74358961	
4185.64102551	4193.46153833	4190.12820499	4211.28205122	4191.92307679	4177.17948704	4187.94871781	4189.48717935	4175.51282038	4109.10256383	4165.51282031	4189.48717935	4193.20512807	4179.99999986	
4187.69230756	4199.74358961	4195.89743576	4220.7692307	4194.2307691	4172.17948704	4184.99999986	4197.4358973	4170.76923063	4095.38461504	4173.97435884	4195.12820499	4189.35897422	4177.05128192	
4188.58974345	4204.48717942	4196.92307679	4219.10256404	4191.92307679	4178.3333332	4184.48717935	4191.15384602	4164.87179467	4091.02564068	4163.205128	4198.07692294	4191.79487166	4174.99999986	
4190.89743576	4206.92307686	4197.82051269	4222.43589737	4191.15384602	4191.28205115	4197.82051269	4182.94871781	4177.4358973	4092.17948684	4158.07692287	4199.61538448	4193.07692294	4183.71794858	
4197.30769217	4211.79487173	4202.69230763	4233.71794865	4193.3333332	4194.35897422	4207.94871788	4185.38461525	4195.38461525	4091.28205094	4169.74358961	4205.25641019	4191.92307679	4190.25641012	
4191.41025628	4206.6666666	4196.15384602	4226.02564096	4193.3333332	4180.51282038	4188.84615371	4187.69230756	4184.87179474	4081.79487145	4169.61538448	4200.89743576	4191.92307679	4179.48717935	
4180.51282038	4196.92307679	4183.58974345	4207.17948711	4193.20512807	4165.76923056	4170.38461525	4185.12820499	4164.23076903	4074.48717914	4155.89743569	4184.61538448	4192.05128192	4169.35897422	
4183.20512807	4199.61538448	4186.79487166	4209.87179481	4192.4358973	4165.76923056	4179.35897422	4182.4358973	4167.82051262	4088.20512786	4161.53846133	4186.15384602	4193.58974345	4174.2307691	
4190.76923063	4208.07692301	4199.35897422	4225.51282045	4185.12820499	4178.07692294	4192.69230756	4187.4358973	4185.38461525	4091.15384581	4180.25641012	4201.28205122	4193.58974345	4182.69230756	
4190.89743576	4208.20512814	4197.4358973	4227.5641025	4183.84615371	4187.69230756	4196.92307679	4196.5384614	4194.74358961	4092.30769196	4189.2307691	4203.20512814	4193.71794858	4186.28205115	
4187.94871781	4203.20512814	4189.74358961	4217.82051275	4189.2307691	4186.28205115	4198.71794858	4192.4358973	4190.89743576	4100.25640991	4185.64102551	4196.66666653	4193.46153833	4185.51282038	
4187.94871781	4203.4615384	4192.56410243	4215.38461532	4190.12820499	4182.69230756	4199.10256397	4184.48717935	4181.28205115	4077.30769196	4174.48717935	4193.58974345	4191.28205115	4180.25641012	
4186.66666653	4207.05128199	4197.69230756	4220.38461532	4189.10256397	4181.92307679	4194.10256397	4186.92307679	4184.10256397	4068.84615343	4171.79487166	4194.2307691	4191.41025628	4178.07692294	
4187.94871781	4208.71794865	4199.61538448	4221.92307686	4190.51282038	4183.71794858	4196.02564089	4188.84615371	4195.64102551	4107.30769203	4185.25641012	4199.74358961	4193.46153833	4183.46153833	
4190.38461525	4207.43589737	4195.12820499	4221.02564096	4190.76923063	4187.69230756	4201.15384609	4185.25641012	4191.66666653	4107.82051255	4186.02564089	4196.66666653	4193.07692294	4182.82051269	
4184.74358961	4206.15384609	4187.4358973	4219.74358968	4188.84615371	4186.28205115	4194.48717935	4185.76923063	4183.84615371	4078.20512786	4168.84615371	4182.82051269	4190.89743576	4173.20512807	
4181.79487166	4208.4615384	4190.64102551	4221.41025634	4190.38461525	4184.48717935	4189.99999986	4187.56410243	4194.35897422	4084.35897402	4169.61538448	4185.89743576	4191.92307679	4173.07692294	
4191.41025628	4209.99999993	4199.61538448	4229.48717942	4190.25641012	4189.61538448	4200.51282038	4186.5384614	4206.15384609	4089.99999966	4187.05128192	4202.05128199	4194.2307691	4185.76923063	
4193.3333332	4207.17948711	4197.69230756	4229.23076917	4190.76923063	4191.28205115	4204.61538455	4186.66666653	4201.15384609	4089.35897402	4191.15384602	4201.92307686	4193.07692294	4186.66666653	
4184.10256397	4205.12820506	4190.89743576	4217.82051275	4193.58974345	4186.66666653	4193.58974345	4186.02564089	4186.28205115	4098.46153812	4179.10256397	4188.3333332	4193.3333332	4176.15384602	
4184.10256397	4204.61538455	4191.15384602	4214.23076917	4193.07692294	4182.05128192	4187.17948704	4185.76923063	4180.76923063	4089.61538427	4171.5384614	4186.41025628	4194.10256397	4176.66666653	
4189.35897422	4204.99999993	4191.79487166	4217.17948711	4189.2307691	4182.17948704	4191.92307679	4185.64102551	4186.41025628	4082.43589709	4175.64102551	4193.84615371	4192.30769217	4183.3333332	
4193.97435884	4209.74358968	4196.5384614	4221.92307686	4187.30769217	4194.74358961	4200.38461525	4186.02564089	4192.82051269	4094.10256376	4180.64102551	4197.4358973	4192.4358973	4186.15384602	
4194.48717935	4210.89743583	4202.30769224	4226.53846147	4191.66666653	4201.28205122	4199.61538448	4186.66666653	4190.25641012	4090.89743555	4183.3333332	4197.17948704	4193.71794858	4187.69230756	
4192.56410243	4208.4615384	4201.6666666	4224.48717942	4194.61538448	4188.3333332	4194.61538448	4187.05128192	4185.25641012	4073.33333299	4189.61538448	4199.35897422	4195.38461525	4191.15384602	
4191.41025628	4207.05128199	4198.20512807	4220.12820506	4192.94871781	4184.2307691	4197.56410243	4188.07692294	4190.38461525	4081.79487145	4201.15384609	4202.17948711	4196.28205115	4191.02564089	
4188.07692294	4206.6666666	4193.46153833	4215.7692307	4193.07692294	4191.66666653	4194.99999986	4188.07692294	4194.61538448	4104.35897408	4202.17948711	4196.15384602	4194.87179474	4183.46153833	
4184.99999986	4204.87179481	4192.94871781	4213.4615384	4193.3333332	4183.71794858	4188.97435884	4187.30769217	4192.30769217	4113.84615357	4197.17948704	4190.51282038	4194.61538448	4177.30769217	
4187.4358973	4208.71794865	4200.38461525	4224.61538455	4192.05128192	4182.56410243	4197.56410243	4188.07692294	4194.35897422	4103.0769228	4207.5641025	4198.84615371	4194.74358961	4184.48717935	
4196.02564089	4218.07692301	4205.51282045	4237.82051282	4192.69230756	4202.17948711	4207.82051275	4188.97435884	4203.84615378	4102.56410229	4222.17948711	4209.10256404	4195.51282038	4198.58974345	
4191.66666653	4210.89743583	4195.51282038	4226.92307686	4194.99999986	4199.48717935	4198.97435884	4185.64102551	4201.15384609	4103.33333306	4210.25641019	4197.69230756	4195.51282038	4190.64102551	
4175.25641012	4198.07692294	4179.61538448	4210.25641019	4194.87179474	4180.12820499	4185.12820499	4187.05128192	4180.76923063	4065.5128201	4187.4358973	4179.74358961	4194.10256397	4166.92307672	
4171.92307679	4204.10256404	4177.56410243	4213.84615378	4194.10256397	4177.4358973	4181.28205115	4193.3333332	4166.41025621	4049.48717907	4187.4358973	4179.48717935	4194.2307691	4164.9999998	
4179.2307691	4211.28205122	4184.99999986	4225.64102558	4192.05128192	4184.74358961	4185.51282038	4190.89743576	4169.10256397	4080.76923043	4202.17948711	4186.41025628	4193.97435884	4174.99999986	
4184.35897422	4207.82051275	4190.64102551	4230.38461532	4189.2307691	4194.87179474	4195.25641012	4184.61538448	4181.5384614	4102.30769196	4212.05128199	4190.51282038	4194.48717935	4175.89743576	
4190.51282038	4209.74358968	4194.99999986	4232.5641025	4189.35897422	4202.43589737	4202.94871788	4186.28205115	4191.15384602	4090.38461504	4216.53846147	4198.46153833	4195.64102551	4181.28205115	
4192.69230756	4213.71794865	4194.35897422	4235.76923077	4191.66666653	4195.12820499	4197.05128192	4188.97435884	4185.25641012	4073.8461535	4216.15384609	4201.02564096	4193.97435884	4186.5384614	
4183.97435884	4206.79487173	4185.12820499	4228.58974352	4193.97435884	4180.76923063	4181.92307679	4186.66666653	4166.02564082	4077.05128171	4206.41025634	4187.30769217	4193.58974345	4175.12820499	
4182.17948704	4203.84615378	4184.74358961	4218.07692301	4192.69230756	4180.64102551	4177.94871781	4185.76923063	4159.35897415	4075.38461504	4196.66666653	4183.97435884	4193.71794858	4169.61538448	
4191.02564089	4209.61538455	4196.5384614	4218.58974352	4189.35897422	4187.69230756	4190.38461525	4185.64102551	4172.17948704	4076.41025607	4201.92307686	4199.35897422	4192.56410243	4182.94871781	
4194.48717935	4207.69230763	4201.28205122	4220.25641019	4190.12820499	4188.71794858	4196.79487166	4184.87179474	4181.15384602	4089.23076889	4213.4615384	4205.38461532	4192.30769217	4191.15384602	
4189.99999986	4199.2307691	4194.99999986	4210.64102558	4193.71794858	4182.4358973	4190.12820499	4187.30769217	4181.79487166	4095.51282017	4215.64102558	4196.15384602	4193.20512807	4187.30769217	
4191.92307679	4202.05128199	4195.51282038	4207.05128199	4196.79487166	4181.79487166	4192.4358973	4187.82051269	4186.02564089	4095.76923043	4213.97435891	4196.41025628	4196.28205115	4187.56410243	
4197.69230756	4207.30769224	4202.82051275	4212.30769224	4193.20512807	4192.82051269	4201.02564096	4185.64102551	4190.89743576	4108.46153819	4219.99999993	4204.35897429	4198.07692294	4190.64102551	
