4242.17948718	4216.15384609	4265.51282052	4263.97435898	4183.97435884	4181.41025628	4185.12820499	4203.33333327	4197.82051269	4218.4615384	4256.7948718	4296.923077	4251.41025641	4261.02564103	
4239.48717949	4219.61538455	4265.38461539	4262.94871795	4182.4358973	4186.92307679	4184.48717935	4194.87179474	4189.99999986	4212.5641025	4248.58974359	4295.89743597	4248.07692308	4256.7948718	
4235.64102564	4213.07692301	4262.6923077	4257.30769231	4191.28205115	4188.3333332	4186.79487166	4193.3333332	4184.74358961	4204.87179481	4245.64102564	4288.84615392	4244.48717949	4256.02564103	
4228.58974352	4206.28205122	4250.38461539	4250.51282052	4199.48717935	4188.97435884	4188.84615371	4189.61538448	4179.99999986	4191.5384614	4234.10256411	4275.25641033	4234.48717949	4247.6923077	
4226.92307686	4208.4615384	4248.58974359	4257.30769231	4194.2307691	4185.76923063	4189.35897422	4180.12820499	4172.17948704	4181.79487166	4219.23076917	4272.30769238	4225.51282045	4239.87179488	
4239.48717949	4209.35897429	4261.02564103	4269.74358982	4188.3333332	4184.10256397	4192.94871781	4185.12820499	4175.25641012	4191.79487166	4226.28205122	4287.69230777	4232.5641025	4250.64102564	
4242.82051282	4211.15384609	4264.10256411	4264.35897436	4189.61538448	4183.46153833	4192.56410243	4191.15384602	4178.07692294	4193.97435884	4232.69230763	4289.10256418	4234.61538462	4256.28205129	
4229.61538455	4216.6666666	4252.94871795	4255.8974359	4189.99999986	4179.48717935	4187.17948704	4185.12820499	4171.79487166	4186.15384602	4223.71794865	4269.87179495	4224.87179481	4240.12820513	
4224.23076917	4215.89743583	4247.82051282	4265.64102564	4187.4358973	4179.35897422	4183.71794858	4179.35897422	4168.71794858	4186.66666653	4215.25641019	4263.97435898	4221.02564096	4229.74358968	
4228.71794865	4211.79487173	4254.61538462	4273.33333341	4191.28205115	4181.79487166	4180.38461525	4173.84615371	4166.15384595	4181.79487166	4210.12820506	4268.97435905	4217.94871788	4235.51282052	
4228.20512814	4216.28205122	4259.35897436	4274.87179495	4197.4358973	4178.3333332	4177.94871781	4168.3333332	4162.17948697	4178.58974345	4210.25641019	4267.43589751	4216.15384609	4238.33333334	
4229.35897429	4224.10256404	4262.30769231	4288.20512828	4199.48717935	4178.07692294	4180.76923063	4175.38461525	4169.74358961	4187.4358973	4218.07692301	4268.84615392	4222.82051275	4237.05128206	
4234.61538462	4225.7692307	4266.53846154	4299.2307693	4202.69230763	4181.92307679	4180.64102551	4188.07692294	4176.92307679	4187.94871781	4214.48717942	4273.07692315	4222.69230763	4238.20512821	
4235.0	4222.94871788	4266.53846154	4301.92307707	4199.74358961	4179.87179474	4179.61538448	4192.4358973	4173.20512807	4177.17948704	4200.12820499	4267.69230777	4214.35897429	4234.87179488	
4228.71794865	4220.12820506	4258.84615385	4306.53846168	4189.35897422	4177.17948704	4182.4358973	4191.02564089	4174.2307691	4167.82051262	4191.79487166	4253.20512821	4207.30769224	4222.30769224	
4223.4615384	4219.48717942	4252.82051282	4305.38461553	4192.56410243	4179.61538448	4181.5384614	4181.66666653	4171.92307679	4155.25641005	4182.05128192	4239.23076923	4195.51282038	4211.02564096	
4227.5641025	4221.53846147	4258.58974359	4305.12820527	4209.74358968	4180.64102551	4183.20512807	4174.87179474	4167.94871774	4159.74358954	4182.69230756	4239.35897436	4193.84615371	4214.23076917	
4227.05128199	4225.51282045	4259.35897436	4311.66666681	4207.30769224	4173.20512807	4182.17948704	4173.71794858	4170.38461525	4174.99999986	4189.61538448	4242.30769231	4199.10256397	4217.94871788	
4218.20512814	4232.5641025	4248.97435898	4313.07692322	4192.30769217	4165.51282031	4172.56410243	4168.3333332	4168.20512807	4165.12820492	4178.20512807	4233.33333327	4190.25641012	4209.61538455	
4218.84615378	4233.33333327	4252.43589744	4312.05128219	4195.76923063	4166.41025621	4168.46153833	4165.89743569	4161.15384595	4155.25641005	4166.92307672	4229.99999993	4185.25641012	4208.97435891	
4225.7692307	4228.4615384	4264.35897436	4318.97435912	4205.64102558	4170.25641012	4174.35897422	4167.69230749	4158.58974339	4162.17948697	4172.56410243	4234.10256411	4190.38461525	4216.79487173	
4226.53846147	4234.48717949	4263.33333334	4325.38461553	4206.02564096	4177.17948704	4178.20512807	4164.35897415	4157.94871774	4160.38461518	4173.71794858	4231.6666666	4187.30769217	4216.02564096	
4223.97435891	4238.97435898	4258.33333334	4321.53846168	4202.43589737	4181.41025628	4176.41025628	4157.3076921	4151.28205108	4146.02564082	4161.41025621	4226.28205122	4176.28205115	4209.61538455	
4224.61538455	4228.58974352	4258.33333334	4317.56410271	4203.84615378	4177.30769217	4176.41025628	4158.07692287	4148.33333313	4143.46153826	4158.205128	4222.17948711	4172.56410243	4208.20512814	
4219.99999993	4223.97435891	4249.74358975	4320.00000014	4202.94871788	4172.94871781	4174.35897422	4159.48717928	4149.35897415	4149.9999998	4160.38461518	4215.25641019	4174.2307691	4205.12820506	
4215.25641019	4237.6923077	4242.94871795	4328.97435912	4201.6666666	4175.38461525	4169.48717935	4158.71794851	4150.38461518	4149.87179467	4152.3076921	4207.5641025	4172.69230756	4198.3333332	
4217.82051275	4246.92307693	4248.20512821	4336.15384637	4202.69230763	4175.12820499	4166.92307672	4159.87179467	4151.53846133	4144.87179467	4142.82051262	4200.12820499	4164.74358954	4193.97435884	
4215.12820506	4236.28205129	4245.38461539	4328.33333348	4194.10256397	4167.3076921	4163.97435877	4155.38461518	4148.07692287	4137.43589723	4138.71794851	4190.38461525	4153.84615364	4186.41025628	
4213.58974352	4233.20512814	4238.58974359	4319.3589745	4196.28205115	4164.87179467	4161.53846133	4152.43589723	4147.56410236	4138.46153826	4139.35897415	4188.71794858	4153.84615364	4179.48717935	
4218.33333327	4234.87179488	4243.33333334	4319.3589745	4206.79487173	4163.97435877	4157.17948697	4150.38461518	4148.84615364	4137.43589723	4133.58974332	4191.28205115	4154.35897415	4183.07692294	
4216.79487173	4232.82051275	4249.61538462	4324.48717963	4202.43589737	4161.28205108	4149.74358954	4140.51282031	4143.46153826	4123.71794844	4122.69230742	4188.58974345	4146.79487159	4182.30769217	
4209.87179481	4238.71794872	4244.35897436	4327.82051296	4200.64102551	4165.12820492	4149.9999998	4130.64102537	4134.10256383	4118.20512793	4121.79487152	4187.17948704	4144.61538441	4178.3333332	
4197.94871781	4236.15384616	4229.87179481	4311.92307707	4207.17948711	4171.02564089	4158.71794851	4124.74358947	4122.30769203	4117.82051255	4117.56410229	4174.35897422	4138.46153826	4175.51282038	
4182.94871781	4219.87179481	4221.6666666	4297.56410264	4204.23076917	4177.4358973	4164.1025639	4118.0769228	4112.56410229	4108.9743587	4103.0769228	4151.41025621	4122.56410229	4162.82051262	
4187.4358973	4213.71794865	4223.71794865	4306.53846168	4200.51282038	4188.3333332	4168.97435884	4122.69230742	4118.20512793	4110.12820485	4102.17948684	4152.17948697	4119.74358947	4159.23076903	
4203.4615384	4230.25641019	4229.35897429	4320.38461553	4207.05128199	4185.89743576	4169.2307691	4136.79487159	4129.74358947	4126.53846126	4117.17948691	4171.15384602	4133.9743587	4173.07692294	
4201.28205122	4235.76923077	4231.41025634	4321.1538463	4210.12820506	4167.05128185	4157.05128185	4137.69230749	4129.23076896	4123.71794844	4117.43589716	4170.89743576	4136.41025621	4174.87179474	
4195.51282038	4228.58974352	4227.82051275	4314.74358989	4206.6666666	4160.76923056	4151.41025621	4136.53846133	4132.69230742	4112.43589716	4111.41025614	4158.205128	4130.12820485	4160.25641005	
4196.92307679	4234.87179488	4224.48717942	4318.84615399	4205.64102558	4168.46153833	4159.61538441	4148.71794851	4151.28205108	4133.9743587	4125.12820485	4156.41025621	4140.12820492	4158.71794851	
4192.94871781	4234.23076923	4223.97435891	4320.00000014	4205.51282045	4168.58974345	4160.25641005	4156.66666646	4161.92307672	4156.41025621	4134.99999973	4155.76923056	4148.46153826	4166.92307672	
4187.82051269	4224.35897429	4221.6666666	4306.92307707	4201.6666666	4162.3076921	4152.05128185	4147.94871774	4148.97435877	4140.64102544	4119.8717946	4149.35897415	4134.74358947	4161.28205108	
4194.61538448	4222.69230763	4221.15384609	4301.1538463	4195.38461525	4164.61538441	4153.07692287	4142.82051262	4133.9743587	4125.64102537	4110.38461511	4149.1025639	4124.48717921	4154.61538441	
4203.58974352	4230.89743583	4226.79487173	4307.56410271	4199.61538448	4168.46153833	4156.53846133	4141.28205108	4127.82051255	4122.69230742	4108.9743587	4151.15384595	4126.41025614	4158.84615364	
4205.7692307	4240.12820513	4228.4615384	4311.02564117	4199.48717935	4163.58974339	4153.46153826	4131.66666639	4117.56410229	4107.30769203	4099.61538427	4153.46153826	4124.48717921	4167.69230749	
4211.53846147	4238.71794872	4226.79487173	4305.64102578	4187.30769217	4162.82051262	4157.05128185	4129.61538434	4109.48717921	4104.61538434	4100.89743555	4163.205128	4125.64102537	4175.89743576	
4216.28205122	4234.35897436	4233.07692301	4305.00000014	4198.07692294	4169.48717935	4160.64102544	4136.79487159	4116.53846126	4126.66666639	4117.56410229	4170.51282038	4136.66666646	4181.02564089	
4218.33333327	4243.07692308	4243.07692308	4303.58974373	4219.87179481	4171.15384602	4157.69230749	4141.92307672	4132.69230742	4143.58974339	4131.15384588	4169.74358961	4144.87179467	4181.92307679	
4219.48717942	4253.58974359	4240.51282052	4296.0256411	4215.51282045	4171.5384614	4158.84615364	4149.35897415	4146.66666646	4149.61538441	4137.3076921	4169.87179474	4146.92307672	4181.5384614	
4210.64102558	4242.56410257	4223.84615378	4293.46153853	4203.33333327	4174.87179474	4161.02564082	4153.84615364	4150.89743569	4154.35897415	4134.74358947	4165.64102544	4144.23076903	4180.38461525	
4194.99999986	4228.33333327	4213.97435891	4299.87179501	4204.35897429	4174.99999986	4158.84615364	4151.15384595	4149.74358954	4153.71794851	4126.15384588	4154.9999998	4140.76923056	4177.94871781	
4193.71794858	4230.38461532	4216.15384609	4305.76923091	4211.28205122	4178.20512807	4164.1025639	4153.46153826	4152.69230749	4138.46153826	4116.66666639	4149.35897415	4136.41025621	4174.74358961	
4200.25641012	4230.7692307	4212.30769224	4280.25641033	4194.99999986	4175.64102551	4164.87179467	4150.38461518	4147.05128185	4115.12820485	4098.8461535	4138.07692287	4117.56410229	4162.94871774	
4192.69230756	4226.79487173	4202.69230763	4251.53846154	4162.94871774	4166.92307672	4151.66666646	4142.56410236	4137.56410236	4122.30769203	4097.17948684	4128.33333306	4112.30769203	4153.205128	
4189.10256397	4224.61538455	4202.43589737	4267.82051289	4171.92307679	4172.69230756	4151.66666646	4150.89743569	4144.23076903	4147.56410236	4119.8717946	4140.25641005	4134.23076896	4160.25641005	
4198.07692294	4220.89743583	4204.23076917	4285.51282059	4210.25641019	4179.48717935	4165.38461518	4152.82051262	4143.33333313	4137.43589723	4119.8717946	4152.82051262	4135.38461518	4167.94871774	
4208.4615384	4226.28205122	4212.82051275	4261.92307693	4197.05128192	4175.25641012	4173.58974345	4141.53846133	4124.99999973	4115.25640998	4102.56410229	4156.02564082	4123.33333306	4175.51282038	
4209.10256404	4232.43589737	4224.10256404	4239.23076923	4156.92307672	4176.02564089	4177.94871781	4139.23076903	4124.48717921	4117.56410229	4107.05128178	4161.53846133	4135.89743569	4181.66666653	
4190.12820499	4223.84615378	4211.41025634	4246.53846154	4171.41025628	4180.76923063	4176.66666653	4136.92307672	4137.56410236	4141.15384595	4133.46153819	4158.71794851	4152.17948697	4169.48717935	
4180.38461525	4212.94871788	4198.07692294	4240.64102564	4194.48717935	4183.46153833	4168.84615371	4134.10256383	4145.51282031	4168.71794858	4152.82051262	4157.17948697	4156.02564082	4164.87179467	
4190.12820499	4206.02564096	4201.02564096	4210.12820506	4171.02564089	4180.76923063	4162.43589723	4141.28205108	4154.35897415	4170.64102551	4149.35897415	4168.97435884	4162.56410236	4179.99999986	
4192.94871781	4195.51282038	4198.97435884	4193.20512807	4161.28205108	4177.30769217	4163.58974339	4153.46153826	4164.48717928	4154.48717928	4148.33333313	4170.25641012	4166.53846133	4182.17948704	
4184.2307691	4195.25641012	4186.79487166	4193.46153833	4191.28205115	4185.89743576	4172.94871781	4174.61538448	4190.38461525	4178.3333332	4173.71794858	4166.15384595	4176.02564089	4180.25641012	
4176.41025628	4199.87179474	4172.94871781	4184.48717935	4196.15384602	4191.15384602	4181.02564089	4193.71794858	4227.05128199	4211.02564096	4189.2307691	4169.2307691	4189.2307691	4185.64102551	
4177.69230756	4190.12820499	4168.97435884	4164.48717928	4155.76923056	4184.99999986	4185.51282038	4193.97435884	4242.05128206	4204.10256404	4186.79487166	4170.51282038	4190.64102551	4185.76923063	
4185.76923063	4184.35897422	4177.94871781	4155.51282031	4150.25641005	4192.05128192	4189.48717935	4192.94871781	4245.12820513	4208.07692301	4204.87179481	4174.10256397	4195.25641012	4190.76923063	
4187.4358973	4183.46153833	4178.07692294	4152.94871774	4185.76923063	4198.97435884	4188.97435884	4194.35897422	4249.87179488	4218.4615384	4210.7692307	4175.89743576	4200.38461525	4199.10256397	
4183.97435884	4174.48717935	4166.92307672	4141.28205108	4189.61538448	4186.02564089	4186.28205115	4181.41025628	4235.64102564	4202.17948711	4188.46153833	4166.66666646	4191.79487166	4195.38461525	
4186.28205115	4172.17948704	4165.64102544	4130.12820485	4174.87179474	4182.82051269	4192.17948704	4173.71794858	4217.94871788	4194.87179474	4191.02564089	4160.64102544	4189.48717935	4192.17948704	
4181.5384614	4177.05128192	4160.64102544	4125.25640998	4181.79487166	4198.46153833	4204.74358968	4182.4358973	4223.20512814	4205.12820506	4209.48717942	4165.51282031	4202.43589737	4198.71794858	
4168.58974345	4176.79487166	4143.205128	4118.71794844	4187.82051269	4204.48717942	4204.87179481	4182.69230756	4218.84615378	4198.71794858	4200.12820499	4159.61538441	4199.74358961	4195.64102551	
4170.25641012	4172.05128192	4140.89743569	4104.8717946	4177.69230756	4199.61538448	4193.97435884	4174.74358961	4209.61538455	4199.2307691	4191.79487166	4149.23076903	4190.51282038	4189.2307691	
4177.30769217	4161.02564082	4143.46153826	4089.99999966	4171.15384602	4196.15384602	4189.61538448	4179.99999986	4221.92307686	4226.28205122	4211.92307686	4147.69230749	4201.28205122	4192.82051269	
4173.46153833	4155.51282031	4135.64102544	4094.10256376	4175.64102551	4192.4358973	4192.82051269	4191.41025628	4229.23076917	4233.97435898	4218.71794865	4142.94871774	4206.79487173	4191.66666653	
4169.74358961	4162.94871774	4132.56410229	4107.56410229	4188.3333332	4191.28205115	4200.12820499	4202.94871788	4228.07692301	4218.58974352	4204.48717942	4135.64102544	4198.97435884	4184.74358961	
4166.79487159	4157.56410236	4128.0769228	4095.12820478	4195.76923063	4196.92307679	4209.61538455	4219.23076917	4238.46153847	4211.28205122	4200.76923063	4128.20512793	4196.79487166	4182.82051269	
4159.9999998	4152.17948697	4117.82051255	4080.12820478	4188.58974345	4202.17948711	4217.05128199	4230.89743583	4247.56410257	4220.89743583	4206.41025634	4124.10256383	4199.74358961	4184.87179474	
4154.74358954	4163.71794851	4116.02564075	4086.66666632	4184.87179474	4201.15384609	4212.94871788	4223.20512814	4242.82051282	4227.5641025	4202.69230763	4124.99999973	4196.28205115	4183.3333332	
4156.41025621	4161.15384595	4117.82051255	4087.17948684	4185.12820499	4198.97435884	4207.94871788	4211.28205122	4235.38461539	4220.51282045	4198.71794858	4126.28205101	4196.02564089	4184.2307691	
4163.07692287	4147.82051262	4114.74358947	4079.10256376	4184.2307691	4198.07692294	4212.43589737	4211.79487173	4227.43589737	4225.7692307	4210.64102558	4126.66666639	4205.12820506	4190.38461525	
4167.69230749	4155.76923056	4118.71794844	4085.6410253	4189.74358961	4198.07692294	4217.17948711	4216.02564096	4222.05128199	4240.25641026	4220.12820506	4127.82051255	4210.64102558	4194.87179474	
4173.07692294	4166.79487159	4128.0769228	4094.99999966	4195.12820499	4203.71794865	4221.02564096	4213.84615378	4224.74358968	4231.15384609	4213.84615378	4134.35897408	4208.84615378	4198.20512807	
4169.74358961	4162.3076921	4122.17948691	4093.71794837	4195.12820499	4208.07692301	4221.41025634	4206.02564096	4221.6666666	4204.74358968	4198.46153833	4134.48717921	4195.76923063	4194.99999986	
4157.17948697	4160.89743569	4114.10256383	4097.56410222	4201.6666666	4205.12820506	4216.28205122	4206.02564096	4217.43589737	4198.46153833	4188.97435884	4126.41025614	4186.92307679	4186.28205115	
4154.74358954	4154.35897415	4117.94871767	4091.79487145	4209.35897429	4202.94871788	4212.69230763	4215.12820506	4223.20512814	4211.02564096	4194.99999986	4120.38461511	4193.46153833	4181.02564089	
4162.56410236	4147.82051262	4120.64102537	4080.89743555	4205.7692307	4207.69230763	4218.20512814	4223.20512814	4234.87179488	4221.79487173	4206.53846147	4119.23076896	4199.87179474	4183.3333332	
4163.71794851	4163.205128	4119.23076896	4097.30769196	4195.51282038	4214.35897429	4228.07692301	4228.97435891	4245.76923077	4230.12820506	4212.94871788	4122.82051255	4201.92307686	4189.10256397	
4158.205128	4171.92307679	4122.56410229	4113.33333306	4198.97435884	4214.99999993	4228.97435891	4232.05128199	4247.17948718	4232.43589737	4211.02564096	4129.99999973	4204.48717942	4193.97435884	
4161.79487159	4161.28205108	4116.92307665	4102.94871767	4215.89743583	4216.79487173	4229.87179481	4232.43589737	4244.48717949	4232.94871788	4213.71794865	4136.02564082	4209.35897429	4198.71794858	
4163.58974339	4155.89743569	4084.23076889	4098.46153812	4215.25641019	4220.64102558	4232.05128199	4227.69230763	4246.28205129	4232.82051275	4214.61538455	4127.94871767	4206.79487173	4193.97435884	
4161.66666646	4160.51282031	4056.92307651	4112.94871767	4205.38461532	4218.58974352	4229.10256404	4224.10256404	4250.76923077	4231.6666666	4208.20512814	4120.38461511	4203.07692301	4183.58974345	
4165.76923056	4167.17948697	4062.30769189	4118.58974332	4209.99999993	4214.35897429	4224.87179481	4222.69230763	4249.35897436	4233.33333327	4210.7692307	4127.69230742	4207.5641025	4185.38461525	
4163.97435877	4162.94871774	4067.17948677	4104.74358947	4201.6666666	4211.92307686	4223.58974352	4217.82051275	4237.43589744	4222.69230763	4211.28205122	4127.56410229	4204.74358968	4191.79487166	
4165.12820492	4153.84615364	4063.33333292	4097.17948684	4187.05128192	4215.25641019	4228.07692301	4217.43589737	4228.33333327	4216.79487173	4208.97435891	4123.58974332	4201.41025634	4196.02564089	
4170.25641012	4161.79487159	4069.87179453	4108.9743587	4203.58974352	4218.20512814	4228.07692301	4220.64102558	4230.12820506	4224.87179481	4208.07692301	4128.58974332	4201.53846147	4193.07692294	
4164.1025639	4167.69230749	4070.12820478	4109.99999973	4221.6666666	4214.23076917	4223.71794865	4222.94871788	4236.28205129	4223.07692301	4204.87179481	4125.51282024	4196.66666653	4183.58974345	
4156.92307672	4156.41025621	4063.07692266	4101.92307658	4212.30769224	4211.02564096	4224.10256404	4223.33333327	4238.07692308	4214.99999993	4205.51282045	4115.51282024	4194.48717935	4177.56410243	
4158.58974339	4154.35897415	4066.53846113	4117.56410229	4199.99999986	4210.12820506	4221.53846147	4217.82051275	4233.58974352	4218.20512814	4206.41025634	4113.9743587	4195.25641012	4176.02564089	
4158.84615364	4161.79487159	4069.35897395	4128.0769228	4198.07692294	4205.38461532	4214.10256404	4213.58974352	4230.89743583	4221.02564096	4202.82051275	4117.43589716	4193.97435884	4176.5384614	
4153.58974339	4159.74358954	4064.10256369	4110.25640998	4201.41025634	4204.48717942	4213.33333327	4217.94871788	4233.20512814	4221.28205122	4205.64102558	4121.41025614	4196.79487166	4178.58974345	
4151.02564082	4149.61538441	4059.6153842	4099.10256376	4199.48717935	4208.97435891	4215.38461532	4216.79487173	4230.7692307	4222.82051275	4209.61538455	4121.53846126	4199.2307691	4177.05128192	
4152.05128185	4150.38461518	4061.53846113	4109.35897408	4190.12820499	4210.25641019	4215.7692307	4212.05128199	4223.71794865	4215.51282045	4199.74358961	4118.33333306	4193.97435884	4172.4358973	
4160.51282031	4164.9999998	4071.28205094	4119.74358947	4201.28205122	4215.89743583	4223.07692301	4218.71794865	4224.87179481	4210.64102558	4191.5384614	4122.30769203	4192.30769217	4176.5384614	
4171.41025628	4172.4358973	4079.23076889	4126.15384588	4224.99999993	4222.94871788	4230.64102558	4222.82051275	4227.69230763	4212.17948711	4194.99999986	4128.20512793	4194.99999986	4184.48717935	
4169.48717935	4169.10256397	4081.15384581	4128.20512793	4221.6666666	4218.58974352	4229.74358968	4216.41025634	4224.61538455	4214.87179481	4202.17948711	4127.94871767	4197.82051269	4188.07692294	
4166.92307672	4165.76923056	4085.76923043	4127.82051255	4209.48717942	4216.28205122	4229.99999993	4219.23076917	4226.02564096	4222.30769224	4209.35897429	4130.64102537	4204.35897429	4192.82051269	
4174.35897422	4162.56410236	4089.48717914	4129.10256383	4211.6666666	4221.41025634	4230.89743583	4231.6666666	4231.92307686	4221.79487173	4204.87179481	4136.79487159	4203.97435891	4196.41025628	
4177.17948704	4164.74358954	4088.8461535	4124.8717946	4219.48717942	4219.87179481	4228.20512814	4232.17948711	4231.41025634	4218.97435891	4199.35897422	4137.43589723	4198.20512807	4197.4358973	
4168.97435884	4178.84615371	4089.23076889	4126.66666639	4220.64102558	4213.20512814	4223.84615378	4224.10256404	4230.51282045	4224.23076917	4204.23076917	4137.05128185	4201.02564096	4195.76923063	
4164.23076903	4173.58974345	4085.51282017	4133.9743587	4208.84615378	4212.30769224	4219.74358968	4222.94871788	4235.12820513	4223.20512814	4204.74358968	4134.23076896	4205.7692307	4189.48717935	
4169.87179474	4153.97435877	4087.69230735	4129.99999973	4201.15384609	4215.51282045	4220.89743583	4225.12820506	4237.94871795	4219.61538455	4202.69230763	4131.28205101	4205.89743583	4188.97435884	
4168.07692287	4156.02564082	4095.12820478	4124.61538434	4212.5641025	4214.35897429	4224.10256404	4221.02564096	4235.25641026	4228.58974352	4207.30769224	4135.51282031	4205.25641019	4195.25641012	
4158.07692287	4164.23076903	4091.92307658	4128.46153819	4216.6666666	4208.58974352	4218.33333327	4216.28205122	4232.05128199	4229.10256404	4202.94871788	4135.51282031	4201.53846147	4189.74358961	
4157.43589723	4161.66666646	4089.48717914	4132.69230742	4204.23076917	4208.20512814	4213.97435891	4216.41025634	4231.02564096	4213.58974352	4189.48717935	4129.48717921	4196.66666653	4179.74358961	
4167.05128185	4158.58974339	4093.58974325	4129.61538434	4205.7692307	4209.35897429	4219.48717942	4214.99999993	4227.94871788	4211.53846147	4189.48717935	4129.10256383	4196.79487166	4184.87179474	
4170.12820499	4159.23076903	4092.05128171	4127.69230742	4212.43589737	4203.84615378	4220.7692307	4213.97435891	4222.82051275	4220.25641019	4197.69230756	4134.48717921	4201.92307686	4195.38461525	
4164.48717928	4159.9999998	4089.48717914	4134.99999973	4204.74358968	4199.99999986	4217.17948711	4212.05128199	4219.48717942	4216.79487173	4194.87179474	4133.20512793	4199.87179474	4193.84615371	
4162.94871774	4158.46153826	4090.51282017	4138.46153826	4204.10256404	4204.48717942	4220.12820506	4207.5641025	4220.25641019	4203.58974352	4184.61538448	4125.12820485	4188.46153833	4185.76923063	
4160.89743569	4155.51282031	4087.05128171	4128.46153819	4216.15384609	4212.94871788	4220.38461532	4206.53846147	4220.38461532	4196.02564089	4177.17948704	4122.30769203	4181.02564089	4180.25641012	
4154.9999998	4151.41025621	4081.66666632	4125.12820485	4215.89743583	4216.28205122	4211.41025634	4205.7692307	4216.79487173	4191.02564089	4168.58974345	4122.43589716	4176.92307679	4175.25641012	
4158.205128	4150.76923056	4081.79487145	4137.43589723	4205.51282045	4215.25641019	4213.07692301	4210.38461532	4222.69230763	4198.07692294	4176.15384602	4126.15384588	4183.58974345	4179.87179474	
4170.51282038	4161.28205108	4092.30769196	4144.35897415	4207.05128199	4212.17948711	4222.30769224	4220.89743583	4231.79487173	4224.35897429	4206.02564096	4138.205128	4205.38461532	4194.10256397	
4178.07692294	4176.41025628	4105.64102537	4149.35897415	4217.5641025	4208.4615384	4221.02564096	4224.61538455	4235.76923077	4241.53846154	4224.23076917	4154.1025639	4222.69230763	4206.92307686	
4176.41025628	4171.02564089	4100.6410253	4152.94871774	4219.23076917	4209.35897429	4223.84615378	4225.38461532	4245.25641026	4251.53846154	4231.02564096	4162.69230749	4231.02564096	4212.69230763	
4169.35897422	4161.02564082	4091.28205094	4153.07692287	4220.38461532	4214.23076917	4230.51282045	4228.84615378	4249.23076923	4256.28205129	4233.20512814	4158.33333313	4231.6666666	4205.89743583	
4170.25641012	4170.38461525	4100.51282017	4162.82051262	4225.64102558	4219.35897429	4228.20512814	4229.99999993	4241.7948718	4238.33333334	4219.10256404	4151.66666646	4218.33333327	4199.2307691	
4176.02564089	4172.94871781	4105.89743562	4170.38461525	4222.43589737	4221.02564096	4226.92307686	4231.53846147	4243.46153847	4227.82051275	4208.58974352	4147.82051262	4211.79487173	4198.07692294	
4170.38461525	4167.56410236	4099.7435894	4162.56410236	4216.53846147	4219.10256404	4230.25641019	4234.74358975	4250.25641026	4236.66666667	4212.43589737	4145.76923056	4220.38461532	4194.61538448	
4163.71794851	4176.28205115	4104.48717921	4152.05128185	4219.35897429	4218.33333327	4229.61538455	4229.35897429	4244.23076923	4232.69230763	4209.35897429	4146.15384595	4217.82051275	4193.97435884	
4168.20512807	4179.2307691	4114.74358947	4153.07692287	4224.48717942	4219.61538455	4227.5641025	4222.05128199	4237.30769231	4224.74358968	4207.17948711	4146.92307672	4210.64102558	4198.20512807	
4172.69230756	4171.28205115	4117.17948691	4162.17948697	4225.25641019	4222.17948711	4226.6666666	4224.23076917	4236.02564103	4239.35897436	4217.94871788	4148.71794851	4217.94871788	4197.05128192	
4176.5384614	4176.41025628	4124.35897408	4173.07692294	4226.92307686	4225.64102558	4225.38461532	4230.64102558	4241.66666667	4256.53846154	4227.94871788	4158.46153826	4230.64102558	4199.74358961	
4185.64102551	4176.02564089	4133.33333306	4173.07692294	4219.10256404	4226.92307686	4227.94871788	4237.56410257	4252.43589744	4257.82051282	4231.41025634	4169.35897422	4235.51282052	4214.10256404	
4189.87179474	4165.25641005	4129.23076896	4161.41025621	4213.33333327	4223.4615384	4231.02564096	4237.94871795	4251.28205129	4242.43589744	4223.4615384	4163.58974339	4225.89743583	4213.58974352	
4182.56410243	4172.69230756	4123.46153819	4154.35897415	4228.71794865	4223.07692301	4230.89743583	4230.38461532	4242.30769231	4231.92307686	4217.5641025	4151.15384595	4215.64102558	4200.25641012	
4169.35897422	4180.38461525	4120.51282024	4151.28205108	4234.23076923	4225.7692307	4226.79487173	4221.28205122	4240.25641026	4240.76923077	4224.61538455	4148.58974339	4217.30769224	4195.38461525	
4161.02564082	4173.97435884	4114.10256383	4154.35897415	4224.48717942	4227.43589737	4223.33333327	4216.6666666	4236.66666667	4236.15384616	4218.33333327	4152.94871774	4214.99999993	4193.46153833	
4165.38461518	4172.82051269	4110.38461511	4155.76923056	4225.12820506	4231.6666666	4229.48717942	4223.07692301	4233.4615384	4225.12820506	4205.7692307	4154.87179467	4209.99999993	4191.66666653	
4173.71794858	4169.87179474	4111.92307665	4149.61538441	4223.33333327	4232.05128199	4235.76923077	4232.94871788	4240.12820513	4235.38461539	4213.07692301	4154.35897415	4216.79487173	4198.84615371	
4169.74358961	4160.64102544	4110.12820485	4142.43589723	4210.38461532	4224.74358968	4229.48717942	4228.97435891	4239.74358975	4231.6666666	4213.33333327	4149.48717928	4213.58974352	4203.4615384	
4157.69230749	4164.87179467	4106.53846126	4143.205128	4207.69230763	4223.84615378	4223.84615378	4218.4615384	4232.94871788	4216.15384609	4201.53846147	4141.41025621	4201.41025634	4197.30769217	
4163.205128	4165.38461518	4111.41025614	4137.94871774	4206.15384609	4224.99999993	4224.61538455	4216.28205122	4232.30769224	4225.38461532	4205.89743583	4144.61538441	4202.82051275	4198.3333332	
4179.74358961	4156.41025621	4120.51282024	4124.8717946	4199.87179474	4218.97435891	4220.51282045	4219.10256404	4233.07692301	4237.94871795	4213.4615384	4159.9999998	4208.84615378	4208.58974352	
4178.20512807	4172.05128192	4128.0769228	4138.84615364	4205.89743583	4218.58974352	4216.28205122	4224.99999993	4232.43589737	4236.28205129	4213.71794865	4166.92307672	4212.30769224	4209.99999993	
4167.94871774	4182.30769217	4129.99999973	4157.94871774	4201.53846147	4219.48717942	4214.35897429	4224.10256404	4228.97435891	4232.05128199	4209.61538455	4159.1025639	4211.92307686	4203.33333327	
4172.56410243	4162.43589723	4125.7692305	4147.56410236	4187.05128192	4210.38461532	4208.58974352	4209.99999993	4219.99999993	4213.20512814	4193.20512807	4155.25641005	4197.4358973	4201.41025634	
4171.41025628	4155.38461518	4119.61538434	4138.205128	4188.58974345	4200.89743576	4200.51282038	4194.35897422	4206.02564096	4194.35897422	4179.87179474	4150.38461518	4181.5384614	4194.74358961	
4158.97435877	4164.35897415	4116.79487152	4136.53846133	4193.46153833	4198.58974345	4196.15384602	4191.41025628	4201.28205122	4204.61538455	4185.25641012	4141.15384595	4182.69230756	4182.17948704	
4159.87179467	4164.1025639	4120.89743562	4127.17948691	4189.2307691	4200.25641012	4196.66666653	4197.56410243	4205.89743583	4221.15384609	4193.3333332	4140.89743569	4188.71794858	4180.12820499	
4166.79487159	4171.5384614	4125.12820485	4132.05128178	4189.87179474	4203.33333327	4200.76923063	4202.30769224	4211.28205122	4215.89743583	4189.74358961	4146.28205108	4186.66666653	4185.76923063	
4170.25641012	4178.71794858	4127.56410229	4148.97435877	4197.30769217	4207.43589737	4208.07692301	4207.43589737	4214.35897429	4199.74358961	4180.76923063	4151.02564082	4186.28205115	4191.79487166	
4176.79487166	4166.28205108	4136.79487159	4151.15384595	4199.87179474	4207.43589737	4212.5641025	4207.94871788	4212.5641025	4203.4615384	4184.74358961	4158.58974339	4192.4358973	4198.84615371	
4183.20512807	4171.15384602	4148.97435877	4152.3076921	4204.61538455	4206.41025634	4212.43589737	4206.41025634	4207.17948711	4225.51282045	4200.38461525	4169.74358961	4201.28205122	4207.94871788	
4184.99999986	4197.4358973	4154.35897415	4158.58974339	4213.33333327	4210.38461532	4212.82051275	4212.17948711	4209.35897429	4233.4615384	4207.82051275	4175.38461525	4208.71794865	4211.79487173	
4184.99999986	4200.64102551	4152.56410236	4161.92307672	4215.51282045	4210.89743583	4214.61538455	4217.05128199	4214.10256404	4224.48717942	4206.15384609	4173.46153833	4213.07692301	4207.69230763	
4185.64102551	4186.5384614	4148.205128	4162.94871774	4211.02564096	4207.94871788	4213.20512814	4211.6666666	4206.92307686	4221.53846147	4204.48717942	4172.05128192	4212.94871788	4204.74358968	
4189.61538448	4182.30769217	4148.97435877	4157.94871774	4205.64102558	4207.82051275	4209.74358968	4203.97435891	4200.76923063	4220.25641019	4197.4358973	4172.30769217	4205.12820506	4205.12820506	
4189.35897422	4186.15384602	4151.66666646	4151.79487159	4204.87179481	4207.43589737	4208.07692301	4202.17948711	4203.20512814	4211.15384609	4190.25641012	4169.61538448	4196.92307679	4202.43589737	
4186.5384614	4191.02564089	4150.51282031	4156.79487159	4201.53846147	4205.64102558	4208.71794865	4204.99999993	4203.97435891	4217.43589737	4197.05128192	4169.35897422	4201.6666666	4202.5641025	
4189.87179474	4195.76923063	4154.48717928	4164.1025639	4201.92307686	4209.10256404	4210.51282045	4212.17948711	4205.51282045	4228.4615384	4205.38461532	4174.48717935	4209.10256404	4207.30769224	
4186.15384602	4184.99999986	4155.12820492	4152.82051262	4208.58974352	4210.64102558	4210.89743583	4214.35897429	4208.20512814	4218.33333327	4196.5384614	4166.92307672	4200.89743576	4203.84615378	
4176.66666653	4172.05128192	4144.1025639	4142.3076921	4209.10256404	4207.69230763	4208.71794865	4208.58974352	4203.33333327	4201.41025634	4178.71794858	4153.71794851	4187.17948704	4194.74358961	
4183.3333332	4180.89743576	4148.205128	4156.53846133	4212.05128199	4215.51282045	4213.97435891	4211.41025634	4202.5641025	4204.74358968	4183.07692294	4159.87179467	4193.46153833	4199.2307691	
4195.12820499	4193.97435884	4164.48717928	4168.97435884	4215.25641019	4222.17948711	4222.05128199	4221.41025634	4213.20512814	4227.5641025	4210.64102558	4176.41025628	4211.79487173	4214.10256404	
4191.5384614	4189.74358961	4159.87179467	4164.35897415	4215.25641019	4215.64102558	4217.82051275	4222.94871788	4219.87179481	4241.28205129	4220.51282045	4182.56410243	4216.53846147	4218.97435891	
4185.38461525	4182.4358973	4149.74358954	4161.92307672	4209.99999993	4207.5641025	4206.53846147	4214.87179481	4216.28205122	4235.51282052	4211.53846147	4177.69230756	4208.84615378	4212.17948711	
4183.97435884	4183.58974345	4149.35897415	4159.23076903	4190.76923063	4204.35897429	4201.15384609	4205.12820506	4210.25641019	4220.64102558	4201.02564096	4167.82051262	4200.89743576	4202.69230763	
4178.07692294	4177.4358973	4141.66666646	4152.05128185	4188.07692294	4210.64102558	4202.82051275	4200.38461525	4209.23076917	4209.23076917	4189.99999986	4156.92307672	4194.2307691	4196.92307679	
4172.30769217	4169.10256397	4135.12820485	4155.51282031	4219.87179481	4216.02564096	4204.10256404	4196.79487166	4203.07692301	4207.05128199	4189.48717935	4151.79487159	4191.28205115	4192.94871781	
4176.5384614	4169.87179474	4144.35897415	4162.94871774	4239.61538462	4211.15384609	4203.97435891	4196.15384602	4193.58974345	4217.69230763	4204.99999993	4157.17948697	4197.69230756	4195.76923063	
4185.51282038	4175.25641012	4152.3076921	4163.58974339	4223.71794865	4208.84615378	4207.69230763	4199.87179474	4195.51282038	4226.41025634	4212.43589737	4162.94871774	4205.51282045	4201.02564096	
4181.66666653	4180.64102551	4145.38461518	4166.28205108	4211.41025634	4216.28205122	4212.17948711	4201.41025634	4203.71794865	4216.6666666	4203.58974352	4158.84615364	4202.69230763	4194.99999986	
4172.69230756	4179.61538448	4142.05128185	4164.48717928	4216.28205122	4216.6666666	4209.10256404	4201.6666666	4204.61538455	4210.25641019	4200.76923063	4154.9999998	4197.30769217	4190.25641012	
4180.89743576	4172.69230756	4154.74358954	4158.33333313	4218.4615384	4204.99999993	4204.87179481	4205.51282045	4201.53846147	4215.89743583	4207.69230763	4163.33333313	4202.82051275	4200.51282038	
4191.28205115	4174.35897422	4159.48717928	4163.07692287	4206.02564096	4201.79487173	4208.71794865	4209.87179481	4207.94871788	4220.64102558	4217.69230763	4169.74358961	4212.17948711	4209.87179481	
4183.71794858	4182.94871781	4149.9999998	4168.58974345	4191.15384602	4211.15384609	4211.02564096	4209.74358968	4214.74358968	4219.23076917	4218.84615378	4166.28205108	4211.15384609	4206.28205122	
4182.56410243	4174.61538448	4155.64102544	4164.35897415	4208.71794865	4214.35897429	4207.82051275	4207.82051275	4210.51282045	4216.92307686	4218.4615384	4167.69230749	4212.17948711	4207.5641025	
4193.84615371	4168.07692287	4166.66666646	4167.82051262	4232.94871788	4205.7692307	4205.25641019	4207.05128199	4199.87179474	4214.99999993	4226.28205122	4171.15384602	4215.7692307	4212.82051275	
4194.61538448	4184.61538448	4158.07692287	4174.99999986	4225.7692307	4203.71794865	4207.05128199	4205.89743583	4196.02564089	4215.12820506	4229.35897429	4168.84615371	4211.6666666	4209.48717942	
4189.61538448	4194.61538448	4153.71794851	4171.41025628	4212.5641025	4210.51282045	4208.71794865	4202.05128199	4195.38461525	4222.30769224	4233.07692301	4167.94871774	4213.84615378	4204.23076917	
4186.79487166	4181.66666653	4161.28205108	4170.12820499	4212.82051275	4207.05128199	4206.41025634	4192.94871781	4194.48717935	4212.94871788	4228.97435891	4166.15384595	4214.87179481	4202.17948711	
4181.5384614	4175.25641012	4160.12820492	4170.89743576	4217.69230763	4199.2307691	4201.92307686	4187.4358973	4195.25641012	4192.17948704	4215.7692307	4160.12820492	4205.25641019	4200.89743576	
4182.69230756	4182.82051269	4157.43589723	4168.07692287	4214.35897429	4199.2307691	4198.58974345	4191.41025628	4191.15384602	4202.82051275	4224.23076917	4164.1025639	4208.58974352	4202.94871788	
4197.17948704	4185.89743576	4165.64102544	4173.3333332	4207.82051275	4207.30769224	4204.74358968	4203.4615384	4193.07692294	4232.5641025	4249.10256411	4179.48717935	4227.82051275	4210.89743583	
4206.41025634	4191.66666653	4171.41025628	4177.05128192	4215.38461532	4213.20512814	4214.48717942	4215.51282045	4207.69230763	4233.4615384	4250.12820513	4185.38461525	4232.82051275	4217.94871788	
4204.87179481	4202.69230763	4169.10256397	4169.99999986	4232.82051275	4211.79487173	4216.79487173	4217.17948711	4209.87179481	4218.4615384	4237.6923077	4179.48717935	4223.71794865	4218.4615384	
4202.17948711	4197.05128192	4168.58974345	4165.89743569	4234.23076923	4210.51282045	4214.48717942	4211.02564096	4205.38461532	4219.74358968	4242.82051282	4179.35897422	4225.12820506	4215.64102558	
4195.64102551	4183.07692294	4173.20512807	4167.05128185	4222.69230763	4212.30769224	4216.02564096	4209.61538455	4215.38461532	4224.48717942	4249.48717949	4187.4358973	4236.02564103	4220.25641019	
4192.05128192	4192.94871781	4177.82051269	4168.07692287	4223.33333327	4215.51282045	4220.64102558	4219.99999993	4222.69230763	4236.28205129	4259.61538462	4194.99999986	4246.15384616	4226.41025634	
4196.5384614	4201.02564096	4174.10256397	4172.30769217	4232.05128199	4219.61538455	4223.20512814	4227.82051275	4220.12820506	4256.02564103	4272.82051289	4194.48717935	4250.51282052	4223.97435891	
4201.41025634	4189.74358961	4171.79487166	4173.07692294	4231.53846147	4219.48717942	4221.41025634	4223.4615384	4221.02564096	4255.12820513	4268.71794879	4190.12820499	4253.20512821	4222.17948711	
4204.10256404	4197.30769217	4178.84615371	4169.87179474	4219.87179481	4217.5641025	4218.58974352	4219.48717942	4219.23076917	4235.76923077	4256.15384616	4191.41025628	4249.74358975	4227.69230763	
4201.15384609	4208.84615378	4181.15384602	4162.43589723	4221.79487173	4217.5641025	4216.6666666	4215.89743583	4213.07692301	4230.25641019	4252.82051282	4189.87179474	4238.84615385	4227.82051275	
4190.89743576	4190.38461525	4174.48717935	4153.07692287	4237.05128206	4215.89743583	4210.7692307	4203.07692301	4208.20512814	4242.17948718	4253.07692308	4182.05128192	4236.7948718	4217.69230763	
4187.05128192	4186.92307679	4173.3333332	4162.05128185	4239.87179488	4214.61538455	4204.87179481	4196.02564089	4202.82051275	4244.61538462	4249.48717949	4182.94871781	4241.28205129	4213.71794865	
4196.79487166	4206.41025634	4180.76923063	4176.02564089	4232.30769224	4213.97435891	4203.4615384	4204.48717942	4204.87179481	4235.38461539	4246.7948718	4187.56410243	4237.6923077	4215.64102558	
4199.99999986	4200.89743576	4182.69230756	4174.74358961	4227.5641025	4209.87179481	4205.7692307	4210.7692307	4212.05128199	4235.0	4244.61538462	4182.82051269	4234.87179488	4214.10256404	
4194.61538448	4188.71794858	4178.71794858	4165.25641005	4228.07692301	4206.92307686	4212.69230763	4211.92307686	4211.02564096	4241.53846154	4247.17948718	4181.5384614	4242.17948718	4214.61538455	
4193.3333332	4192.17948704	4177.69230756	4157.43589723	4221.28205122	4206.6666666	4214.87179481	4214.10256404	4212.30769224	4243.33333334	4247.43589744	4186.02564089	4244.23076923	4217.69230763	
4186.28205115	4193.20512807	4175.89743576	4159.23076903	4208.4615384	4204.23076917	4207.17948711	4211.79487173	4210.89743583	4248.46153847	4242.6923077	4179.99999986	4236.15384616	4212.5641025	
4185.64102551	4196.92307679	4177.82051269	4171.15384602	4219.48717942	4208.20512814	4207.69230763	4215.7692307	4206.41025634	4256.28205129	4249.74358975	4183.58974345	4237.6923077	4211.6666666	
4202.94871788	4201.15384609	4183.84615371	4177.82051269	4245.0	4217.30769224	4217.82051275	4227.05128199	4214.61538455	4244.61538462	4245.76923077	4197.56410243	4243.58974359	4221.41025634	
4202.82051275	4189.74358961	4176.66666653	4158.84615364	4240.38461539	4212.5641025	4209.87179481	4216.02564096	4211.02564096	4218.4615384	4212.5641025	4182.30769217	4225.64102558	4209.99999993	
4180.25641012	4176.66666653	4161.41025621	4132.05128178	4220.7692307	4208.58974352	4196.28205115	4188.3333332	4184.99999986	4197.30769217	4182.30769217	4153.46153826	4192.17948704	4186.41025628	
4174.48717935	4182.30769217	4165.64102544	4134.48717921	4221.41025634	4217.94871788	4203.84615378	4184.10256397	4177.30769217	4200.64102551	4192.30769217	4155.51282031	4190.76923063	4186.15384602	
4189.48717935	4196.02564089	4183.46153833	4159.87179467	4227.05128199	4218.07692301	4213.20512814	4197.82051269	4194.74358961	4232.82051275	4223.58974352	4176.41025628	4220.12820506	4202.30769224	
4198.84615371	4204.48717942	4193.20512807	4169.74358961	4227.5641025	4205.7692307	4206.6666666	4200.64102551	4201.28205122	4239.61538462	4229.99999993	4184.2307691	4228.07692301	4208.20512814	
4206.79487173	4209.35897429	4196.28205115	4166.02564082	4228.84615378	4204.35897429	4205.25641019	4203.07692301	4200.64102551	4220.7692307	4219.61538455	4187.56410243	4221.15384609	4213.20512814	
4211.28205122	4214.10256404	4193.71794858	4169.48717935	4223.58974352	4213.4615384	4213.4615384	4213.84615378	4209.10256404	4237.05128206	4232.82051275	4195.12820499	4233.84615385	4225.38461532	
4205.64102558	4206.53846147	4187.94871781	4163.71794851	4218.58974352	4211.6666666	4208.58974352	4214.10256404	4210.51282045	4259.48717949	4252.05128206	4192.94871781	4241.28205129	4226.28205122	
4202.69230763	4189.10256397	4186.92307679	4152.56410236	4225.89743583	4204.99999993	4197.82051269	4206.79487173	4203.84615378	4240.51282052	4236.15384616	4185.64102551	4225.64102558	4216.79487173	
4199.10256397	4188.46153833	4186.02564089	4156.15384595	4231.15384609	4206.92307686	4198.58974345	4209.99999993	4209.23076917	4226.15384609	4218.97435891	4184.10256397	4217.30769224	4214.74358968	
4191.15384602	4202.69230763	4182.4358973	4167.17948697	4233.20512814	4211.41025634	4205.38461532	4214.87179481	4219.99999993	4238.33333334	4226.92307686	4182.30769217	4223.58974352	4217.43589737	
4191.15384602	4208.20512814	4184.35897422	4167.3076921	4230.89743583	4211.02564096	4207.05128199	4210.64102558	4213.20512814	4246.28205129	4234.74358975	4182.05128192	4228.84615378	4214.87179481	
4202.5641025	4202.17948711	4190.12820499	4160.89743569	4221.41025634	4208.84615378	4203.4615384	4206.02564096	4205.25641019	4247.05128206	4233.97435898	4186.92307679	4228.84615378	4214.48717942	
4206.41025634	4196.15384602	4187.69230756	4164.48717928	4222.30769224	4209.10256404	4200.89743576	4204.99999993	4209.99999993	4234.74358975	4225.51282045	4186.66666653	4221.41025634	4218.07692301	
4196.92307679	4198.71794858	4183.84615371	4173.07692294	4225.12820506	4211.02564096	4200.38461525	4202.94871788	4205.89743583	4224.99999993	4223.4615384	4185.51282038	4218.71794865	4218.4615384	
4192.69230756	4203.33333327	4187.4358973	4166.79487159	4217.17948711	4213.33333327	4199.99999986	4202.43589737	4200.38461525	4239.35897436	4231.53846147	4191.02564089	4225.89743583	4218.4615384	
4194.2307691	4204.10256404	4186.5384614	4157.69230749	4218.71794865	4210.51282045	4197.82051269	4206.6666666	4212.94871788	4244.35897436	4232.17948711	4187.30769217	4225.12820506	4214.74358968	
4194.2307691	4199.10256397	4181.15384602	4156.79487159	4223.4615384	4204.23076917	4193.71794858	4206.15384609	4213.33333327	4230.12820506	4223.20512814	4176.02564089	4219.74358968	4203.58974352	
4192.69230756	4187.82051269	4182.05128192	4151.92307672	4209.48717942	4199.48717935	4190.51282038	4197.4358973	4195.89743576	4228.33333327	4217.5641025	4174.35897422	4217.94871788	4197.82051269	
4188.20512807	4189.35897422	4186.79487166	4157.82051262	4203.97435891	4194.35897422	4187.56410243	4191.41025628	4196.92307679	4235.76923077	4215.25641019	4175.51282038	4211.15384609	4200.89743576	
4184.74358961	4204.23076917	4192.4358973	4177.05128192	4217.43589737	4195.89743576	4185.38461525	4192.05128192	4205.51282045	4227.94871788	4213.33333327	4174.35897422	4203.4615384	4201.53846147	
4189.74358961	4205.38461532	4197.05128192	4177.4358973	4216.41025634	4204.74358968	4188.46153833	4192.82051269	4198.71794858	4222.5641025	4216.15384609	4177.30769217	4209.10256404	4200.89743576	
4191.79487166	4198.20512807	4193.84615371	4157.94871774	4203.71794865	4205.38461532	4188.46153833	4187.4358973	4192.56410243	4223.84615378	4211.53846147	4175.38461525	4212.30769224	4198.46153833	
4188.3333332	4192.30769217	4191.41025628	4149.1025639	4197.05128192	4200.64102551	4185.76923063	4186.41025628	4196.92307679	4213.97435891	4198.3333332	4172.94871781	4202.82051275	4198.46153833	
4194.48717935	4186.28205115	4198.07692294	4157.17948697	4193.46153833	4200.64102551	4192.69230756	4192.30769217	4199.99999986	4213.20512814	4200.76923063	4180.64102551	4202.94871788	4204.61538455	
4197.05128192	4196.66666653	4201.15384609	4167.82051262	4190.51282038	4197.69230756	4195.12820499	4189.35897422	4195.89743576	4225.64102558	4210.89743583	4183.71794858	4208.97435891	4206.53846147	
4186.79487166	4213.07692301	4199.61538448	4172.17948704	4194.48717935	4192.05128192	4181.15384602	4181.66666653	4191.28205115	4227.43589737	4207.05128199	4176.5384614	4204.99999993	4200.51282038	
4184.87179474	4209.10256404	4202.05128199	4165.12820492	4200.64102551	4192.05128192	4174.74358961	4182.56410243	4189.48717935	4218.20512814	4199.35897422	4176.92307679	4199.35897422	4195.25641012	
4194.61538448	4194.74358961	4200.38461525	4158.46153826	4193.97435884	4191.28205115	4184.10256397	4186.79487166	4191.41025628	4223.97435891	4207.69230763	4182.4358973	4207.30769224	4194.99999986	
4195.76923063	4189.61538448	4192.69230756	4155.12820492	4182.05128192	4185.38461525	4187.17948704	4188.46153833	4192.94871781	4227.94871788	4207.94871788	4175.51282038	4211.6666666	4196.79487166	
4187.56410243	4192.69230756	4191.02564089	4154.35897415	4187.82051269	4186.79487166	4183.84615371	4189.48717935	4194.10256397	4210.51282045	4188.3333332	4167.94871774	4198.07692294	4199.99999986	
4189.2307691	4198.58974345	4200.76923063	4160.76923056	4199.99999986	4193.3333332	4187.4358973	4186.28205115	4195.76923063	4209.74358968	4189.10256397	4173.20512807	4194.35897422	4201.92307686	
4199.74358961	4206.92307686	4207.43589737	4164.1025639	4196.28205115	4191.15384602	4190.12820499	4183.97435884	4194.74358961	4228.58974352	4205.64102558	4181.92307679	4204.99999993	4204.61538455	
4200.25641012	4205.64102558	4201.92307686	4158.07692287	4184.10256397	4188.58974345	4188.84615371	4186.41025628	4192.82051269	4224.87179481	4201.6666666	4184.99999986	4206.28205122	4207.43589737	
4194.74358961	4192.94871781	4196.41025628	4153.71794851	4179.74358961	4190.64102551	4186.28205115	4183.20512807	4190.51282038	4211.15384609	4194.35897422	4181.79487166	4202.5641025	4205.38461532	
4197.82051269	4190.51282038	4197.82051269	4160.76923056	4183.58974345	4190.25641012	4182.69230756	4181.92307679	4190.12820499	4223.97435891	4202.43589737	4182.4358973	4208.33333327	4208.58974352	
4197.82051269	4203.33333327	4199.74358961	4163.71794851	4190.38461525	4191.15384602	4180.12820499	4182.05128192	4191.15384602	4230.89743583	4199.99999986	4185.51282038	4210.25641019	4211.41025634	
4192.56410243	4205.89743583	4202.17948711	4154.9999998	4190.89743576	4193.97435884	4179.35897422	4175.25641012	4193.07692294	4212.82051275	4186.92307679	4185.89743576	4199.74358961	4208.20512814	
4199.87179474	4187.17948704	4205.51282045	4149.1025639	4183.3333332	4194.35897422	4181.15384602	4173.84615371	4193.3333332	4206.02564096	4188.07692294	4190.25641012	4194.35897422	4209.61538455	
4203.71794865	4179.87179474	4202.30769224	4149.61538441	4181.5384614	4192.4358973	4183.20512807	4177.17948704	4185.51282038	4213.58974352	4192.4358973	4190.25641012	4198.46153833	4206.6666666	
4190.12820499	4191.15384602	4193.58974345	4157.17948697	4186.92307679	4190.89743576	4185.64102551	4177.94871781	4186.28205115	4221.15384609	4191.41025628	4179.99999986	4204.10256404	4198.3333332	
4187.17948704	4204.87179481	4194.10256397	4160.89743569	4187.4358973	4192.94871781	4191.15384602	4186.02564089	4199.99999986	4225.51282045	4190.38461525	4183.20512807	4207.30769224	4206.53846147	
4203.97435891	4206.02564096	4202.82051275	4154.23076903	4183.97435884	4196.92307679	4193.71794858	4193.46153833	4205.12820506	4229.61538455	4193.71794858	4200.38461525	4208.97435891	4221.79487173	
4206.53846147	4188.84615371	4202.05128199	4151.92307672	4185.12820499	4193.71794858	4187.69230756	4182.4358973	4191.5384614	4216.41025634	4191.5384614	4193.58974345	4201.15384609	4210.89743583	
4192.56410243	4183.07692294	4196.5384614	4159.23076903	4190.38461525	4192.69230756	4185.51282038	4175.64102551	4182.82051269	4202.82051275	4184.87179474	4176.28205115	4188.3333332	4194.48717935	
4192.56410243	4194.61538448	4200.25641012	4162.69230749	4195.64102551	4203.4615384	4192.82051269	4190.25641012	4197.17948704	4222.43589737	4191.41025628	4185.89743576	4197.56410243	4202.17948711	
4199.99999986	4205.89743583	4205.38461532	4156.02564082	4194.2307691	4204.99999993	4192.69230756	4196.28205115	4209.10256404	4233.84615385	4193.58974345	4199.2307691	4209.10256404	4212.82051275	
4198.20512807	4199.61538448	4203.58974352	4151.53846133	4178.71794858	4195.25641012	4188.97435884	4191.28205115	4205.7692307	4214.23076917	4183.20512807	4193.07692294	4200.38461525	4211.28205122	
4193.07692294	4178.71794858	4195.76923063	4152.17948697	4171.02564089	4194.87179474	4195.51282038	4193.97435884	4206.79487173	4217.69230763	4192.05128192	4186.5384614	4199.10256397	4204.74358968	
4187.94871781	4179.99999986	4189.74358961	4154.9999998	4184.74358961	4198.71794858	4198.3333332	4196.66666653	4211.92307686	4232.69230763	4201.53846147	4188.20512807	4204.99999993	4199.99999986	
4183.20512807	4196.79487166	4188.97435884	4157.17948697	4195.64102551	4195.76923063	4188.46153833	4189.99999986	4203.07692301	4214.74358968	4181.66666653	4186.79487166	4194.99999986	4199.61538448	
4185.12820499	4194.61538448	4191.92307679	4156.41025621	4194.10256397	4188.84615371	4181.41025628	4183.97435884	4193.58974345	4200.64102551	4168.46153833	4185.89743576	4186.15384602	4202.05128199	
4191.15384602	4183.46153833	4197.05128192	4149.1025639	4190.25641012	4188.07692294	4186.15384602	4185.89743576	4201.41025634	4208.4615384	4177.4358973	4193.07692294	4192.4358973	4207.82051275	
4199.87179474	4191.5384614	4207.69230763	4146.41025621	4188.46153833	4193.84615371	4192.82051269	4193.3333332	4211.6666666	4220.38461532	4189.74358961	4202.05128199	4202.05128199	4216.92307686	
4204.35897429	4196.92307679	4213.58974352	4159.61538441	4189.87179474	4198.20512807	4192.17948704	4200.64102551	4215.25641019	4228.97435891	4200.64102551	4206.28205122	4208.07692301	4221.28205122	
4200.25641012	4194.35897422	4211.53846147	4171.41025628	4191.41025628	4199.35897422	4190.64102551	4202.82051275	4217.05128199	4223.58974352	4201.02564096	4207.94871788	4211.02564096	4220.7692307	
4200.64102551	4210.51282045	4216.15384609	4168.58974345	4191.15384602	4198.46153833	4194.74358961	4203.71794865	4219.10256404	4222.94871788	4198.07692294	4213.4615384	4212.17948711	4226.6666666	
4206.28205122	4215.51282045	4218.84615378	4164.9999998	4197.69230756	4200.38461525	4198.46153833	4204.99999993	4216.41025634	4235.8974359	4204.61538455	4212.17948711	4212.30769224	4227.05128199	
4201.53846147	4194.2307691	4211.79487173	4164.9999998	4203.71794865	4205.38461532	4201.28205122	4200.76923063	4210.64102558	4232.17948711	4200.38461525	4200.38461525	4206.53846147	4215.64102558	
4190.89743576	4187.69230756	4206.79487173	4159.1025639	4194.74358961	4205.51282045	4202.5641025	4194.10256397	4212.5641025	4216.15384609	4189.2307691	4192.82051269	4197.82051269	4208.58974352	
4186.41025628	4198.58974345	4206.53846147	4156.66666646	4185.51282038	4201.6666666	4194.99999986	4188.97435884	4213.20512814	4214.87179481	4191.66666653	4193.3333332	4194.99999986	4209.10256404	
4186.92307679	4200.12820499	4209.87179481	4158.58974339	4191.92307679	4199.2307691	4183.97435884	4184.10256397	4201.79487173	4211.92307686	4187.4358973	4195.51282038	4191.92307679	4207.5641025	
4192.56410243	4199.74358961	4213.4615384	4158.33333313	4195.12820499	4196.92307679	4183.58974345	4182.82051269	4200.25641012	4210.25641019	4183.20512807	4196.02564089	4192.94871781	4204.74358968	
4195.12820499	4202.94871788	4210.12820506	4161.53846133	4185.64102551	4190.64102551	4186.02564089	4184.35897422	4209.61538455	4214.61538455	4189.48717935	4190.89743576	4197.17948704	4201.53846147	
4190.12820499	4196.66666653	4206.79487173	4162.94871774	4184.74358961	4190.25641012	4186.41025628	4188.20512807	4207.30769224	4205.25641019	4185.12820499	4186.28205115	4193.84615371	4202.17948711	
4194.10256397	4194.48717935	4216.28205122	4164.87179467	4197.30769217	4199.74358961	4193.97435884	4199.48717935	4209.35897429	4209.74358968	4186.92307679	4194.35897422	4200.25641012	4213.71794865	
4202.43589737	4204.35897429	4223.20512814	4158.58974339	4199.48717935	4203.20512814	4195.25641012	4203.84615378	4218.20512814	4230.25641019	4200.38461525	4199.48717935	4211.79487173	4219.48717942	
4196.02564089	4207.30769224	4216.6666666	4148.71794851	4191.41025628	4197.69230756	4186.92307679	4196.15384602	4213.4615384	4222.5641025	4194.74358961	4193.58974345	4200.76923063	4210.12820506	
4180.76923063	4196.15384602	4208.97435891	4152.43589723	4190.76923063	4193.3333332	4181.5384614	4192.94871781	4205.25641019	4190.12820499	4171.92307679	4186.28205115	4181.41025628	4196.41025628	
4171.79487166	4183.07692294	4202.5641025	4158.33333313	4186.79487166	4193.84615371	4180.89743576	4192.17948704	4206.41025634	4187.69230756	4170.12820499	4177.4358973	4184.10256397	4188.20512807	
4169.48717935	4182.4358973	4196.92307679	4153.33333313	4185.76923063	4196.79487166	4184.74358961	4188.58974345	4207.94871788	4214.10256404	4188.58974345	4178.20512807	4196.66666653	4193.20512807	
4177.05128192	4193.46153833	4202.30769224	4151.02564082	4197.69230756	4201.53846147	4191.92307679	4192.56410243	4208.84615378	4221.02564096	4196.28205115	4190.89743576	4200.38461525	4205.38461532	
4192.82051269	4199.74358961	4218.07692301	4159.48717928	4197.17948704	4202.17948711	4192.05128192	4199.48717935	4212.69230763	4215.12820506	4196.66666653	4198.97435884	4201.79487173	4211.15384609	
4199.10256397	4199.48717935	4222.5641025	4164.9999998	4185.89743576	4196.66666653	4187.82051269	4197.69230756	4214.35897429	4209.23076917	4191.41025628	4196.92307679	4196.79487166	4208.97435891	
4192.82051269	4197.4358973	4213.84615378	4165.38461518	4188.20512807	4195.64102551	4189.99999986	4195.76923063	4211.6666666	4197.69230756	4182.17948704	4193.3333332	4191.66666653	4205.64102558	
4188.84615371	4199.61538448	4214.61538455	4166.92307672	4198.97435884	4199.35897422	4191.92307679	4195.25641012	4207.69230763	4190.76923063	4180.51282038	4190.25641012	4195.51282038	4204.87179481	
4188.20512807	4204.99999993	4216.53846147	4162.94871774	4199.61538448	4196.5384614	4187.4358973	4190.76923063	4209.10256404	4201.6666666	4188.71794858	4182.82051269	4195.38461525	4201.92307686	
4185.51282038	4197.82051269	4210.64102558	4156.02564082	4191.92307679	4191.66666653	4184.99999986	4189.2307691	4212.43589737	4212.17948711	4190.76923063	4180.76923063	4190.51282038	4198.84615371	
4185.25641012	4181.79487166	4210.38461532	4148.07692287	4187.17948704	4197.4358973	4188.97435884	4192.4358973	4204.99999993	4194.61538448	4172.56410243	4183.20512807	4185.25641012	4198.07692294	
4182.82051269	4179.48717935	4207.17948711	4145.12820492	4184.48717935	4203.71794865	4188.58974345	4189.87179474	4195.38461525	4178.58974345	4159.61538441	4176.5384614	4179.87179474	4193.07692294	
4179.48717935	4189.2307691	4199.10256397	4154.74358954	4177.94871781	4198.97435884	4182.05128192	4189.2307691	4200.38461525	4193.58974345	4168.84615371	4169.99999986	4179.48717935	4187.82051269	
4192.56410243	4196.5384614	4209.87179481	4159.74358954	4180.38461525	4198.07692294	4186.41025628	4204.10256404	4216.53846147	4208.84615378	4182.69230756	4183.20512807	4188.3333332	4202.43589737	
4207.17948711	4192.82051269	4223.58974352	4159.1025639	4189.74358961	4202.69230763	4190.89743576	4208.58974352	4221.79487173	4199.35897422	4184.10256397	4195.51282038	4192.30769217	4217.05128199	
4191.5384614	4188.20512807	4211.92307686	4155.89743569	4183.71794858	4198.07692294	4180.89743576	4191.5384614	4209.23076917	4184.99999986	4170.64102551	4183.97435884	4179.74358961	4203.07692301	
4174.48717935	4183.84615371	4197.94871781	4143.58974339	4175.76923063	4195.76923063	4176.41025628	4181.5384614	4196.66666653	4175.76923063	4154.35897415	4171.02564089	4167.05128185	4185.76923063	
4175.38461525	4176.5384614	4194.74358961	4148.71794851	4186.5384614	4202.5641025	4184.61538448	4180.38461525	4193.97435884	4160.64102544	4140.25641005	4164.74358954	4158.205128	4181.92307679	
4173.71794858	4175.51282038	4192.56410243	4149.48717928	4195.12820499	4206.15384609	4189.35897422	4177.30769217	4195.12820499	4156.41025621	4139.74358954	4158.97435877	4150.76923056	4181.79487166	
4176.28205115	4179.74358961	4198.71794858	4124.35897408	4192.82051269	4199.99999986	4188.46153833	4180.64102551	4197.05128192	4168.07692287	4150.12820492	4163.33333313	4154.61538441	4187.30769217	
4182.69230756	4177.69230756	4207.43589737	4129.61538434	4186.66666653	4191.15384602	4181.79487166	4181.02564089	4194.2307691	4175.64102551	4159.1025639	4174.48717935	4166.66666646	4191.92307679	
4176.15384602	4182.17948704	4207.43589737	4170.12820499	4179.61538448	4186.41025628	4172.69230756	4172.56410243	4187.30769217	4179.48717935	4162.82051262	4177.82051269	4173.58974345	4190.51282038	
4174.99999986	4201.41025634	4211.53846147	4169.35897422	4180.64102551	4187.4358973	4174.99999986	4178.71794858	4192.82051269	4183.58974345	4162.43589723	4177.56410243	4176.92307679	4193.71794858	
4192.4358973	4199.48717935	4221.92307686	4146.02564082	4188.3333332	4194.35897422	4186.92307679	4193.3333332	4205.25641019	4182.56410243	4163.84615364	4184.35897422	4182.69230756	4203.97435891	
4197.05128192	4183.84615371	4218.71794865	4158.84615364	4191.5384614	4200.12820499	4192.69230756	4191.15384602	4206.6666666	4174.74358961	4162.05128185	4183.84615371	4177.69230756	4204.48717942	
4184.35897422	4188.3333332	4208.84615378	4162.43589723	4188.07692294	4198.20512807	4186.66666653	4176.5384614	4197.56410243	4167.94871774	4155.38461518	4173.46153833	4166.15384595	4193.97435884	
4185.12820499	4191.66666653	4212.5641025	4148.58974339	4189.61538448	4193.71794858	4180.89743576	4171.41025628	4192.69230756	4175.12820499	4161.28205108	4173.58974345	4171.66666653	4190.25641012	
4190.38461525	4189.74358961	4213.97435891	4152.94871774	4191.41025628	4189.61538448	4181.79487166	4175.64102551	4194.35897422	4184.99999986	4167.94871774	4179.2307691	4178.58974345	4193.97435884	
4183.46153833	4191.41025628	4204.74358968	4154.9999998	4182.4358973	4184.99999986	4181.5384614	4175.51282038	4190.64102551	4172.82051269	4154.61538441	4176.15384602	4167.82051262	4192.56410243	
4179.61538448	4186.41025628	4205.51282045	4148.97435877	4179.99999986	4186.02564089	4180.12820499	4175.25641012	4189.61538448	4155.51282031	4146.53846133	4173.46153833	4164.74358954	4188.20512807	
4182.82051269	4184.10256397	4211.79487173	4153.71794851	4186.15384602	4195.12820499	4182.05128192	4180.51282038	4197.69230756	4169.10256397	4165.89743569	4174.87179474	4176.28205115	4187.69230756	
4177.05128192	4194.2307691	4209.35897429	4161.28205108	4188.07692294	4200.12820499	4182.17948704	4182.94871781	4202.05128199	4193.58974345	4177.4358973	4171.41025628	4177.94871781	4189.2307691	
4171.28205115	4201.28205122	4210.12820506	4162.69230749	4192.30769217	4199.48717935	4183.07692294	4180.89743576	4200.89743576	4187.94871781	4164.87179467	4171.28205115	4175.76923063	4192.82051269	
4185.25641012	4201.15384609	4220.12820506	4165.76923056	4191.41025628	4203.20512814	4190.76923063	4187.17948704	4205.89743583	4172.82051269	4164.1025639	4183.71794858	4184.74358961	4198.46153833	
4202.82051275	4201.41025634	4232.05128199	4163.07692287	4179.35897422	4204.35897429	4195.89743576	4196.66666653	4212.5641025	4175.64102551	4171.02564089	4194.61538448	4184.35897422	4204.61538455	
4203.4615384	4195.89743576	4234.35897436	4165.25641005	4185.12820499	4199.48717935	4193.71794858	4197.94871781	4210.7692307	4185.51282038	4168.58974345	4194.10256397	4179.87179474	4211.41025634	
4194.48717935	4193.20512807	4227.5641025	4174.74358961	4196.92307679	4199.87179474	4190.12820499	4196.02564089	4209.87179481	4191.28205115	4172.05128192	4193.46153833	4185.89743576	4213.20512814	
4196.92307679	4206.92307686	4230.89743583	4173.3333332	4192.94871781	4204.48717942	4190.12820499	4195.51282038	4214.10256404	4191.79487166	4177.69230756	4200.25641012	4187.05128192	4214.99999993	
4209.48717942	4223.07692301	4243.20512821	4175.38461525	4193.46153833	4205.7692307	4192.17948704	4193.20512807	4215.64102558	4189.74358961	4173.97435884	4208.20512814	4185.51282038	4220.12820506	
4206.41025634	4213.33333327	4236.92307693	4177.94871781	4186.92307679	4200.12820499	4190.12820499	4186.02564089	4205.64102558	4177.56410243	4161.66666646	4201.79487173	4184.2307691	4215.7692307	
4193.84615371	4187.69230756	4223.20512814	4163.97435877	4172.30769217	4199.35897422	4189.2307691	4185.12820499	4199.61538448	4172.17948704	4159.9999998	4189.99999986	4182.4358973	4208.4615384	
4190.64102551	4185.38461525	4227.05128199	4158.97435877	4176.02564089	4205.64102558	4191.79487166	4186.79487166	4207.94871788	4180.51282038	4167.94871774	4189.61538448	4179.2307691	4206.53846147	
4189.99999986	4202.5641025	4232.94871788	4168.3333332	4186.02564089	4212.5641025	4193.07692294	4183.71794858	4213.84615378	4187.4358973	4173.3333332	4196.66666653	4183.20512807	4205.12820506	
4187.69230756	4212.69230763	4231.28205122	4173.97435884	4186.66666653	4214.35897429	4195.25641012	4189.35897422	4212.17948711	4189.2307691	4172.17948704	4199.48717935	4188.20512807	4205.25641019	
4190.51282038	4209.35897429	4230.38461532	4177.94871781	4184.87179474	4209.48717942	4198.58974345	4199.2307691	4210.89743583	4184.2307691	4165.89743569	4198.3333332	4183.46153833	4207.5641025	
4202.05128199	4192.94871781	4231.41025634	4167.56410236	4180.51282038	4207.17948711	4200.38461525	4202.05128199	4216.79487173	4186.02564089	4170.51282038	4200.51282038	4188.07692294	4211.02564096	
4202.82051275	4186.66666653	4230.12820506	4157.56410236	4178.84615371	4205.51282045	4198.20512807	4200.38461525	4221.02564096	4194.99999986	4182.05128192	4201.28205122	4197.05128192	4212.69230763	
4190.76923063	4201.15384609	4229.10256404	4173.84615371	4182.4358973	4205.12820506	4195.12820499	4197.56410243	4216.53846147	4191.92307679	4181.28205115	4198.07692294	4191.28205115	4208.97435891	
4183.07692294	4199.99999986	4226.92307686	4175.25641012	4181.92307679	4209.35897429	4194.87179474	4192.4358973	4211.02564096	4174.48717935	4163.46153826	4192.82051269	4178.97435884	4199.74358961	
4182.05128192	4191.02564089	4222.69230763	4154.61538441	4181.02564089	4207.43589737	4194.2307691	4191.28205115	4209.87179481	4171.5384614	4154.9999998	4189.48717935	4179.2307691	4194.2307691	
4188.20512807	4202.5641025	4222.82051275	4154.23076903	4177.4358973	4200.51282038	4191.5384614	4194.61538448	4211.28205122	4185.89743576	4167.17948697	4194.61538448	4184.35897422	4201.15384609	
4201.53846147	4198.71794858	4227.30769224	4164.74358954	4173.3333332	4199.74358961	4191.79487166	4196.66666653	4213.97435891	4188.3333332	4174.35897422	4201.28205122	4184.10256397	4210.25641019	
4199.61538448	4184.35897422	4223.33333327	4165.12820492	4183.84615371	4206.41025634	4194.99999986	4195.38461525	4215.7692307	4179.2307691	4164.48717928	4193.07692294	4179.35897422	4203.4615384	
4178.84615371	4192.05128192	4209.61538455	4166.02564082	4191.15384602	4209.48717942	4196.28205115	4190.51282038	4212.94871788	4171.5384614	4152.69230749	4180.51282038	4169.74358961	4189.48717935	
4176.66666653	4199.74358961	4210.89743583	4164.74358954	4183.58974345	4210.51282045	4202.69230763	4197.30769217	4215.12820506	4176.79487166	4159.35897415	4186.15384602	4176.02564089	4193.84615371	
4191.02564089	4194.74358961	4223.4615384	4158.205128	4184.35897422	4212.94871788	4211.15384609	4218.71794865	4224.35897429	4192.17948704	4176.41025628	4199.10256397	4196.92307679	4207.05128199	
4193.84615371	4190.89743576	4220.38461532	4154.23076903	4187.69230756	4212.5641025	4211.02564096	4227.5641025	4231.6666666	4204.10256404	4179.61538448	4198.71794858	4203.71794865	4212.17948711	
4189.48717935	4188.71794858	4213.33333327	4161.66666646	4180.76923063	4207.5641025	4204.23076917	4212.82051275	4228.20512814	4198.07692294	4167.69230749	4190.76923063	4189.35897422	4210.64102558	
4190.89743576	4194.48717935	4220.64102558	4172.94871781	4184.2307691	4204.87179481	4198.71794858	4196.41025628	4215.51282045	4179.74358961	4161.41025621	4190.76923063	4178.46153833	4207.43589737	
4195.51282038	4202.94871788	4223.4615384	4167.69230749	4192.17948704	4208.20512814	4197.94871781	4196.28205115	4215.12820506	4178.84615371	4165.64102544	4198.58974345	4184.87179474	4211.15384609	
4201.79487173	4202.69230763	4220.7692307	4165.25641005	4183.58974345	4212.69230763	4200.38461525	4201.6666666	4220.12820506	4189.99999986	4166.92307672	4206.02564096	4191.79487166	4217.94871788	
4206.02564096	4204.87179481	4228.4615384	4172.4358973	4179.10256397	4212.5641025	4201.02564096	4201.02564096	4216.53846147	4188.71794858	4168.20512807	4203.97435891	4190.76923063	4213.33333327	
4197.69230756	4198.71794858	4224.10256404	4169.99999986	4186.28205115	4206.6666666	4193.84615371	4193.46153833	4214.61538455	4191.5384614	4175.76923063	4196.41025628	4191.15384602	4204.10256404	
4192.30769217	4192.17948704	4214.10256404	4173.20512807	4188.3333332	4204.87179481	4191.41025628	4192.82051269	4218.20512814	4201.92307686	4178.07692294	4199.10256397	4193.20512807	4207.94871788	
4192.94871781	4207.82051275	4218.71794865	4184.10256397	4188.58974345	4212.94871788	4199.99999986	4203.07692301	4223.84615378	4204.23076917	4178.58974345	4203.71794865	4195.12820499	4211.28205122	
4189.35897422	4208.20512814	4225.12820506	4186.66666653	4190.51282038	4214.10256404	4198.84615371	4207.05128199	4228.58974352	4201.02564096	4179.2307691	4201.28205122	4197.30769217	4205.25641019	
4242.6923077	4225.25641019	4320.76923091	4278.33333341	4175.89743576	4194.35897422	4191.79487166	4194.99999986	4204.87179481	4172.17948704	4192.17948704	4294.74358982	4209.74358968	4252.56410257	
4247.94871795	4247.82051282	4327.94871809	4276.15384623	4181.15384602	4201.41025634	4200.64102551	4204.10256404	4217.17948711	4197.82051269	4207.94871788	4304.3589745	4220.51282045	4261.66666667	
4236.02564103	4242.6923077	4321.92307707	4291.15384623	4175.25641012	4198.71794858	4195.76923063	4201.79487173	4213.33333327	4195.89743576	4200.51282038	4295.76923084	4210.25641019	4249.87179488	
4227.94871788	4228.58974352	4310.12820527	4291.41025648	4174.99999986	4196.28205115	4187.69230756	4196.02564089	4202.30769224	4167.17948697	4185.76923063	4284.35897443	4192.05128192	4240.38461539	
4233.71794865	4238.84615385	4304.23076937	4274.87179495	4188.07692294	4200.25641012	4192.69230756	4202.69230763	4207.94871788	4179.10256397	4197.17948704	4294.35897443	4207.43589737	4252.6923077	
4242.30769231	4240.76923077	4302.69230784	4262.30769231	4198.20512807	4199.87179474	4198.84615371	4207.5641025	4215.51282045	4203.20512814	4207.94871788	4303.4615386	4228.07692301	4263.46153847	
4235.38461539	4232.5641025	4295.1282052	4252.82051282	4190.25641012	4194.48717935	4197.05128192	4198.46153833	4206.92307686	4186.5384614	4195.25641012	4286.53846161	4212.94871788	4252.17948718	
4212.5641025	4224.87179481	4280.00000007	4243.58974359	4170.12820499	4191.28205115	4193.97435884	4185.64102551	4194.87179474	4166.02564082	4180.76923063	4263.97435898	4189.35897422	4236.41025641	
4200.89743576	4209.61538455	4270.25641033	4239.10256411	4176.15384602	4193.46153833	4197.05128192	4184.10256397	4194.35897422	4172.94871781	4177.56410243	4256.41025641	4189.74358961	4232.94871788	
4204.99999993	4201.41025634	4269.74358982	4229.74358968	4196.28205115	4196.41025628	4197.94871781	4191.41025628	4198.58974345	4180.38461525	4178.97435884	4254.35897436	4196.5384614	4232.82051275	
4208.20512814	4210.25641019	4270.89743597	4216.28205122	4182.17948704	4195.25641012	4192.30769217	4191.28205115	4199.2307691	4175.25641012	4179.10256397	4247.30769231	4191.79487166	4226.6666666	
4212.69230763	4211.02564096	4270.25641033	4217.05128199	4164.35897415	4196.66666653	4192.4358973	4190.76923063	4204.23076917	4176.28205115	4181.02564089	4246.7948718	4193.58974345	4227.69230763	
4208.20512814	4202.69230763	4258.71794872	4217.82051275	4181.5384614	4199.2307691	4192.82051269	4194.2307691	4208.58974352	4176.66666653	4178.20512807	4243.84615385	4197.17948704	4228.4615384	
4194.74358961	4207.05128199	4243.97435898	4209.23076917	4191.15384602	4204.35897429	4193.71794858	4198.71794858	4213.58974352	4177.82051269	4176.15384602	4234.87179488	4193.58974345	4224.10256404	
4196.79487166	4204.35897429	4240.25641026	4201.15384609	4180.64102551	4211.15384609	4198.20512807	4202.30769224	4218.58974352	4189.48717935	4182.56410243	4232.69230763	4195.64102551	4226.6666666	
4203.58974352	4196.28205115	4240.12820513	4197.69230756	4192.05128192	4208.58974352	4193.58974345	4199.99999986	4214.61538455	4193.07692294	4184.99999986	4232.94871788	4200.38461525	4230.25641019	
4198.3333332	4197.69230756	4232.5641025	4196.92307679	4204.35897429	4201.41025634	4189.2307691	4194.61538448	4211.02564096	4182.82051269	4181.02564089	4222.82051275	4193.71794858	4228.4615384	
4197.17948704	4196.28205115	4227.17948711	4197.94871781	4188.20512807	4200.51282038	4197.69230756	4191.41025628	4208.4615384	4174.48717935	4175.76923063	4211.02564096	4186.66666653	4226.41025634	
4195.64102551	4189.87179474	4226.92307686	4196.15384602	4177.94871781	4199.74358961	4203.20512814	4190.12820499	4202.30769224	4169.99999986	4168.46153833	4210.38461532	4187.30769217	4223.84615378	
4183.84615371	4194.10256397	4223.33333327	4182.56410243	4184.74358961	4198.46153833	4197.4358973	4188.3333332	4199.48717935	4162.05128185	4159.61538441	4206.28205122	4178.20512807	4213.58974352	
4184.74358961	4195.76923063	4220.89743583	4180.38461525	4184.99999986	4206.92307686	4198.97435884	4197.05128192	4206.15384609	4163.46153826	4164.23076903	4200.38461525	4176.28205115	4206.79487173	
4191.66666653	4185.25641012	4215.64102558	4186.92307679	4183.58974345	4213.58974352	4206.41025634	4209.35897429	4216.6666666	4180.76923063	4178.3333332	4201.02564096	4193.58974345	4211.53846147	
4188.84615371	4190.89743576	4210.64102558	4187.05128192	4193.71794858	4210.25641019	4203.97435891	4208.4615384	4221.15384609	4188.20512807	4179.10256397	4204.23076917	4197.4358973	4218.58974352	
4194.10256397	4196.41025628	4219.23076917	4191.66666653	4198.07692294	4209.74358968	4202.5641025	4210.64102558	4229.35897429	4195.51282038	4184.2307691	4210.7692307	4197.17948704	4228.58974352	
4204.10256404	4188.46153833	4227.17948711	4188.97435884	4188.97435884	4209.48717942	4204.99999993	4219.10256404	4238.33333334	4209.35897429	4199.2307691	4215.12820506	4209.10256404	4233.71794865	
4195.25641012	4194.2307691	4217.30769224	4182.82051269	4192.82051269	4206.92307686	4203.4615384	4216.15384609	4231.79487173	4197.4358973	4191.92307679	4207.17948711	4204.35897429	4222.94871788	
4183.71794858	4200.76923063	4203.4615384	4185.12820499	4206.41025634	4208.84615378	4201.41025634	4204.87179481	4214.61538455	4161.41025621	4162.82051262	4194.10256397	4179.48717935	4212.5641025	
4182.56410243	4191.15384602	4197.30769217	4182.05128192	4196.79487166	4211.28205122	4202.05128199	4196.5384614	4205.64102558	4143.46153826	4146.53846133	4185.51282038	4170.25641012	4211.6666666	
4183.58974345	4172.94871781	4193.3333332	4165.64102544	4178.46153833	4208.20512814	4201.02564096	4188.84615371	4200.64102551	4149.35897415	4149.1025639	4177.05128192	4172.82051269	4203.58974352	
4182.94871781	4162.56410236	4192.69230756	4152.17948697	4183.58974345	4203.97435891	4200.64102551	4189.10256397	4197.94871781	4154.74358954	4149.23076903	4172.30769217	4162.94871774	4198.3333332	
4176.79487166	4172.56410243	4190.89743576	4159.35897415	4191.92307679	4200.25641012	4205.64102558	4196.79487166	4209.10256404	4160.38461518	4153.07692287	4174.2307691	4162.3076921	4205.12820506	
4172.82051269	4187.82051269	4189.10256397	4178.58974345	4184.99999986	4197.30769217	4208.84615378	4197.17948704	4216.92307686	4174.61538448	4173.46153833	4181.92307679	4185.64102551	4204.35897429	
4181.28205115	4184.48717935	4196.66666653	4179.74358961	4185.38461525	4201.02564096	4206.53846147	4198.84615371	4213.4615384	4176.79487166	4177.05128192	4191.66666653	4193.46153833	4203.4615384	
4184.99999986	4184.99999986	4198.71794858	4166.28205108	4195.25641012	4204.87179481	4199.2307691	4194.99999986	4212.17948711	4157.56410236	4150.25641005	4184.74358961	4168.46153833	4206.41025634	
4177.82051269	4195.76923063	4190.51282038	4181.02564089	4195.12820499	4200.64102551	4188.07692294	4177.30769217	4205.64102558	4146.66666646	4139.35897415	4166.41025621	4153.58974339	4193.84615371	
4180.12820499	4184.48717935	4193.97435884	4196.41025628	4193.46153833	4199.99999986	4190.89743576	4179.2307691	4202.5641025	4168.20512807	4162.94871774	4165.76923056	4171.79487166	4182.56410243	
4177.82051269	4172.56410243	4194.48717935	4174.99999986	4202.30769224	4210.51282045	4207.43589737	4205.89743583	4217.94871788	4190.76923063	4179.87179474	4171.15384602	4186.28205115	4184.74358961	
4161.53846133	4187.4358973	4180.76923063	4169.10256397	4204.23076917	4214.48717942	4214.35897429	4216.28205122	4226.41025634	4181.66666653	4170.64102551	4163.58974339	4181.28205115	4181.41025628	
4172.05128192	4196.5384614	4190.38461525	4184.10256397	4197.82051269	4208.97435891	4212.94871788	4209.99999993	4219.74358968	4168.58974345	4167.82051262	4172.4358973	4185.51282038	4190.64102551	
4198.3333332	4186.41025628	4212.5641025	4177.30769217	4197.4358973	4210.25641019	4217.5641025	4216.02564096	4225.64102558	4182.56410243	4182.17948704	4199.99999986	4200.76923063	4221.02564096	
4187.17948704	4185.89743576	4202.94871788	4174.61538448	4205.12820506	4214.35897429	4215.12820506	4216.15384609	4228.07692301	4191.66666653	4182.05128192	4200.25641012	4197.30769217	4223.07692301	
4162.82051262	4191.92307679	4183.84615371	4187.4358973	4210.51282045	4211.02564096	4201.02564096	4204.23076917	4213.84615378	4185.38461525	4174.48717935	4179.87179474	4187.30769217	4196.02564089	
4174.74358961	4188.71794858	4192.94871781	4189.10256397	4200.89743576	4208.20512814	4198.84615371	4206.15384609	4214.35897429	4186.28205115	4181.41025628	4182.30769217	4190.76923063	4190.89743576	
4192.56410243	4190.12820499	4204.74358968	4191.02564089	4189.48717935	4208.84615378	4202.69230763	4210.38461532	4222.17948711	4184.74358961	4179.99999986	4190.64102551	4190.64102551	4199.87179474	
4193.20512807	4198.07692294	4204.35897429	4187.56410243	4194.2307691	4209.35897429	4204.99999993	4203.97435891	4218.58974352	4174.99999986	4168.3333332	4181.79487166	4185.89743576	4200.12820499	
4202.82051275	4199.10256397	4212.94871788	4178.07692294	4204.48717942	4214.61538455	4216.02564096	4209.99999993	4221.28205122	4179.61538448	4174.48717935	4184.74358961	4190.76923063	4208.71794865	
4205.25641019	4197.4358973	4217.5641025	4191.79487166	4195.76923063	4216.15384609	4222.69230763	4220.51282045	4229.48717942	4185.51282038	4177.69230756	4193.58974345	4189.2307691	4213.71794865	
4180.51282038	4198.71794858	4203.97435891	4203.4615384	4185.38461525	4209.23076917	4214.99999993	4214.10256404	4223.58974352	4178.20512807	4168.97435884	4184.35897422	4182.4358973	4196.15384602	
4164.9999998	4191.92307679	4194.74358961	4189.48717935	4201.02564096	4211.02564096	4210.64102558	4212.5641025	4215.7692307	4183.3333332	4174.99999986	4177.56410243	4189.2307691	4186.28205115	
4176.02564089	4181.28205115	4199.35897422	4184.61538448	4213.07692301	4220.25641019	4214.87179481	4222.30769224	4221.53846147	4192.05128192	4182.30769217	4186.02564089	4194.35897422	4201.41025634	
4177.17948704	4183.07692294	4196.28205115	4190.76923063	4199.10256397	4216.79487173	4211.79487173	4215.51282045	4219.48717942	4173.84615371	4170.12820499	4184.74358961	4180.25641012	4205.38461532	
4165.12820492	4187.56410243	4188.07692294	4182.82051269	4189.35897422	4207.05128199	4203.71794865	4203.84615378	4210.64102558	4155.89743569	4157.82051262	4172.17948704	4166.79487159	4191.41025628	
4167.3076921	4183.84615371	4186.92307679	4172.30769217	4200.12820499	4210.38461532	4201.79487173	4209.99999993	4211.28205122	4164.23076903	4158.07692287	4168.3333332	4168.58974345	4187.94871781	
4179.35897422	4183.84615371	4187.82051269	4173.58974345	4199.74358961	4216.02564096	4205.51282045	4218.58974352	4213.71794865	4178.3333332	4162.3076921	4174.2307691	4177.4358973	4195.89743576	
4191.66666653	4191.41025628	4195.25641012	4179.35897422	4182.69230756	4208.33333327	4208.97435891	4217.30769224	4215.25641019	4178.20512807	4163.33333313	4178.84615371	4179.99999986	4198.84615371	
4198.07692294	4193.58974345	4203.33333327	4187.05128192	4177.30769217	4198.20512807	4206.6666666	4215.89743583	4217.69230763	4172.17948704	4161.15384595	4174.61538448	4176.79487166	4193.3333332	
4198.84615371	4186.02564089	4204.35897429	4191.66666653	4174.87179474	4198.46153833	4204.74358968	4219.35897429	4216.28205122	4173.07692294	4164.87179467	4179.35897422	4178.71794858	4199.48717935	
4200.25641012	4183.46153833	4204.61538455	4190.89743576	4173.07692294	4202.05128199	4205.12820506	4219.61538455	4213.4615384	4175.51282038	4167.94871774	4193.3333332	4178.84615371	4211.92307686	
4191.5384614	4189.99999986	4196.28205115	4180.76923063	4178.3333332	4201.53846147	4202.94871788	4211.41025634	4211.92307686	4170.64102551	4163.07692287	4187.17948704	4171.79487166	4204.23076917	
4173.46153833	4190.51282038	4178.46153833	4172.05128192	4183.84615371	4203.4615384	4200.38461525	4210.25641019	4209.10256404	4170.76923063	4164.23076903	4172.17948704	4174.61538448	4188.58974345	
4168.71794858	4178.20512807	4171.15384602	4174.35897422	4179.74358961	4204.61538455	4202.69230763	4213.71794865	4206.02564096	4170.12820499	4161.53846133	4171.92307679	4173.97435884	4188.84615371	
4180.25641012	4171.79487166	4177.94871781	4171.15384602	4171.92307679	4198.46153833	4204.10256404	4207.69230763	4202.5641025	4157.05128185	4142.05128185	4172.30769217	4158.07692287	4195.38461525	
4177.05128192	4184.35897422	4177.82051269	4164.48717928	4178.46153833	4196.92307679	4199.74358961	4196.92307679	4192.69230756	4148.07692287	4135.12820485	4159.61538441	4152.3076921	4185.64102551	
4170.64102551	4188.07692294	4179.48717935	4172.30769217	4184.10256397	4197.17948704	4198.71794858	4194.99999986	4184.61538448	4151.79487159	4147.69230749	4158.46153826	4160.25641005	4179.87179474	
4189.61538448	4176.66666653	4197.69230756	4183.07692294	4178.58974345	4193.3333332	4205.64102558	4204.10256404	4193.58974345	4161.92307672	4157.69230749	4176.15384602	4167.43589723	4194.61538448	
4205.51282045	4183.3333332	4209.74358968	4184.10256397	4179.35897422	4192.82051269	4209.74358968	4216.28205122	4211.02564096	4174.61538448	4169.87179474	4187.30769217	4180.51282038	4207.30769224	
4196.41025628	4195.64102551	4204.35897429	4182.4358973	4185.25641012	4191.79487166	4205.7692307	4219.87179481	4215.38461532	4181.79487166	4186.02564089	4184.87179474	4189.2307691	4206.41025634	
4187.30769217	4189.61538448	4201.41025634	4181.15384602	4182.4358973	4190.25641012	4206.79487173	4215.12820506	4205.7692307	4176.5384614	4184.99999986	4185.12820499	4180.64102551	4204.48717942	
4193.46153833	4180.89743576	4206.02564096	4182.56410243	4182.94871781	4195.89743576	4214.48717942	4219.74358968	4208.07692301	4177.30769217	4180.12820499	4196.28205115	4182.17948704	4211.28205122	
4198.97435884	4184.87179474	4208.07692301	4181.66666653	4187.30769217	4207.43589737	4217.94871788	4231.53846147	4219.35897429	4185.89743576	4187.30769217	4203.4615384	4192.17948704	4215.64102558	
4195.51282038	4191.41025628	4206.92307686	4180.64102551	4183.20512807	4212.30769224	4219.23076917	4235.0	4218.20512814	4187.30769217	4190.51282038	4198.3333332	4189.74358961	4213.84615378	
4189.48717935	4183.84615371	4199.99999986	4187.4358973	4186.79487166	4208.58974352	4219.74358968	4230.25641019	4218.84615378	4191.79487166	4191.92307679	4189.99999986	4191.66666653	4206.28205122	
4188.20512807	4172.30769217	4193.97435884	4192.69230756	4193.71794858	4205.51282045	4215.64102558	4223.84615378	4224.48717942	4195.25641012	4193.46153833	4188.20512807	4194.10256397	4200.25641012	
4188.71794858	4180.64102551	4197.4358973	4191.41025628	4192.94871781	4204.74358968	4211.92307686	4216.15384609	4220.25641019	4190.38461525	4189.61538448	4186.28205115	4182.30769217	4199.99999986	
4181.79487166	4196.28205115	4197.69230756	4191.28205115	4192.30769217	4199.61538448	4210.51282045	4206.92307686	4208.20512814	4189.2307691	4188.84615371	4181.02564089	4177.94871781	4197.56410243	
4179.99999986	4191.5384614	4194.61538448	4188.58974345	4189.48717935	4192.69230756	4205.64102558	4202.30769224	4200.51282038	4178.46153833	4179.48717935	4181.28205115	4179.10256397	4194.99999986	
4192.30769217	4186.92307679	4202.05128199	4191.28205115	4188.07692294	4195.64102551	4203.4615384	4203.84615378	4201.6666666	4159.61538441	4165.89743569	4187.69230756	4171.28205115	4200.38461525	
4200.12820499	4193.3333332	4209.61538455	4204.87179481	4195.25641012	4198.20512807	4207.94871788	4209.61538455	4209.23076917	4169.48717935	4178.20512807	4190.38461525	4178.07692294	4206.92307686	
4193.46153833	4190.51282038	4202.43589737	4204.48717942	4193.46153833	4193.71794858	4207.05128199	4210.51282045	4211.79487173	4197.05128192	4199.10256397	4183.58974345	4193.07692294	4202.69230763	
4187.05128192	4188.58974345	4195.76923063	4196.5384614	4185.89743576	4194.48717935	4203.97435891	4207.05128199	4208.07692301	4197.17948704	4196.28205115	4181.28205115	4186.02564089	4197.82051269	
4190.76923063	4184.2307691	4198.46153833	4199.10256397	4186.15384602	4197.17948704	4205.51282045	4205.12820506	4209.10256404	4181.92307679	4184.10256397	4187.94871781	4175.64102551	4202.17948711	
4194.2307691	4175.12820499	4199.2307691	4198.20512807	4180.64102551	4196.02564089	4204.87179481	4205.12820506	4208.07692301	4181.02564089	4180.89743576	4188.46153833	4179.35897422	4201.02564096	
4194.74358961	4189.2307691	4201.92307686	4206.53846147	4181.66666653	4194.99999986	4203.07692301	4209.35897429	4204.99999993	4179.99999986	4180.89743576	4187.69230756	4181.02564089	4199.87179474	
4208.71794865	4210.51282045	4217.69230763	4223.4615384	4199.61538448	4196.02564089	4207.94871788	4213.07692301	4208.84615378	4175.12820499	4183.07692294	4199.61538448	4183.97435884	4215.12820506	
4225.51282045	4213.20512814	4232.69230763	4221.41025634	4204.23076917	4197.69230756	4215.64102558	4214.74358968	4210.89743583	4185.64102551	4191.79487166	4208.20512814	4193.46153833	4230.64102558	
4222.30769224	4212.43589737	4231.15384609	4219.10256404	4197.30769217	4202.30769224	4214.61538455	4217.17948711	4210.38461532	4201.15384609	4202.5641025	4205.25641019	4196.41025628	4227.5641025	
4214.74358968	4211.6666666	4224.87179481	4227.5641025	4205.64102558	4203.58974352	4206.41025634	4218.58974352	4214.74358968	4205.38461532	4207.17948711	4207.82051275	4196.66666653	4220.38461532	
4214.35897429	4199.35897422	4220.7692307	4217.43589737	4201.79487173	4195.12820499	4200.12820499	4208.33333327	4209.74358968	4192.30769217	4195.76923063	4206.53846147	4194.74358961	4214.99999993	
4210.25641019	4194.99999986	4213.97435891	4204.74358968	4179.10256397	4188.71794858	4197.94871781	4193.3333332	4194.61538448	4173.58974345	4182.82051269	4192.4358973	4183.46153833	4206.79487173	
4200.25641012	4193.97435884	4205.12820506	4207.05128199	4185.51282038	4189.99999986	4194.74358961	4187.4358973	4188.84615371	4166.92307672	4179.87179474	4183.3333332	4169.87179474	4198.58974345	
4191.15384602	4180.89743576	4198.58974345	4201.15384609	4207.82051275	4193.97435884	4194.10256397	4190.38461525	4193.58974345	4172.4358973	4180.25641012	4183.71794858	4169.10256397	4193.07692294	
4188.58974345	4183.3333332	4201.28205122	4199.48717935	4211.02564096	4202.30769224	4202.05128199	4201.53846147	4202.17948711	4188.07692294	4189.10256397	4187.94871781	4182.30769217	4196.15384602	
4193.46153833	4196.92307679	4206.15384609	4210.64102558	4202.5641025	4207.69230763	4207.30769224	4212.82051275	4211.15384609	4197.17948704	4196.5384614	4192.82051269	4190.25641012	4203.07692301	
4199.2307691	4197.17948704	4206.41025634	4213.07692301	4197.82051269	4202.82051275	4206.41025634	4215.51282045	4213.97435891	4190.38461525	4194.87179474	4194.99999986	4188.84615371	4205.51282045	
4199.10256397	4192.05128192	4205.38461532	4210.51282045	4199.48717935	4197.94871781	4205.89743583	4210.12820506	4212.05128199	4187.69230756	4195.64102551	4194.48717935	4189.2307691	4206.79487173	
4199.35897422	4188.58974345	4206.15384609	4211.92307686	4208.58974352	4198.20512807	4204.74358968	4202.05128199	4208.97435891	4196.79487166	4202.17948711	4192.69230756	4189.99999986	4207.17948711	
4197.56410243	4186.15384602	4211.28205122	4212.30769224	4213.33333327	4198.3333332	4202.43589737	4198.46153833	4202.30769224	4196.79487166	4201.28205122	4187.82051269	4182.56410243	4202.43589737	
4190.51282038	4192.94871781	4213.07692301	4210.38461532	4206.92307686	4198.97435884	4201.53846147	4195.89743576	4193.58974345	4178.07692294	4189.10256397	4181.02564089	4174.87179474	4194.74358961	
4191.5384614	4191.79487166	4208.33333327	4210.7692307	4203.58974352	4197.56410243	4200.76923063	4191.79487166	4192.17948704	4168.97435884	4185.76923063	4186.5384614	4178.46153833	4193.84615371	
4198.07692294	4181.02564089	4210.38461532	4211.53846147	4199.10256397	4192.30769217	4198.84615371	4192.94871781	4199.87179474	4180.89743576	4202.17948711	4200.38461525	4191.79487166	4199.87179474	
4198.97435884	4183.84615371	4218.71794865	4209.10256404	4191.41025628	4191.02564089	4203.58974352	4201.53846147	4206.28205122	4194.48717935	4216.92307686	4203.20512814	4199.61538448	4206.6666666	
4195.12820499	4184.35897422	4212.05128199	4203.33333327	4189.99999986	4191.79487166	4206.15384609	4204.74358968	4206.02564096	4194.87179474	4211.41025634	4196.66666653	4193.07692294	4206.92307686	
4197.4358973	4173.97435884	4205.25641019	4202.17948711	4193.3333332	4190.64102551	4201.15384609	4202.94871788	4209.23076917	4197.69230756	4211.79487173	4198.07692294	4193.46153833	4205.7692307	
4209.74358968	4183.20512807	4219.74358968	4209.87179481	4198.20512807	4193.07692294	4198.97435884	4207.94871788	4212.94871788	4203.97435891	4222.5641025	4208.4615384	4203.4615384	4215.64102558	
4210.12820506	4196.28205115	4224.87179481	4218.33333327	4199.87179474	4196.15384602	4197.30769217	4207.94871788	4206.02564096	4188.97435884	4211.15384609	4206.15384609	4197.94871781	4219.87179481	
4203.71794865	4188.84615371	4214.10256404	4226.53846147	4202.17948711	4197.56410243	4195.51282038	4204.74358968	4206.79487173	4189.87179474	4206.79487173	4201.15384609	4196.92307679	4217.5641025	
4207.5641025	4186.5384614	4215.89743583	4228.58974352	4203.07692301	4197.17948704	4198.97435884	4205.89743583	4214.87179481	4209.74358968	4222.43589737	4204.99999993	4208.07692301	4220.25641019	
4207.82051275	4190.12820499	4222.94871788	4218.58974352	4200.12820499	4193.3333332	4200.25641012	4199.10256397	4207.94871788	4203.4615384	4223.20512814	4201.92307686	4202.17948711	4217.43589737	
4197.05128192	4192.69230756	4217.82051275	4214.10256404	4203.20512814	4191.66666653	4196.15384602	4189.2307691	4198.07692294	4188.71794858	4211.79487173	4194.74358961	4190.38461525	4206.92307686	
4194.2307691	4192.69230756	4209.87179481	4219.74358968	4210.7692307	4197.94871781	4196.79487166	4191.41025628	4195.76923063	4187.17948704	4202.94871788	4193.71794858	4188.46153833	4202.05128199	
4202.82051275	4177.82051269	4207.43589737	4213.33333327	4216.15384609	4209.87179481	4205.89743583	4196.5384614	4191.28205115	4183.3333332	4193.20512807	4193.97435884	4182.4358973	4204.23076917	
4203.84615378	4173.84615371	4205.7692307	4202.05128199	4219.61538455	4219.23076917	4213.20512814	4195.51282038	4192.30769217	4179.87179474	4191.66666653	4185.89743576	4178.20512807	4200.89743576	
4196.79487166	4191.66666653	4204.35897429	4206.92307686	4211.79487173	4211.79487173	4210.89743583	4197.82051269	4202.17948711	4185.76923063	4199.48717935	4177.69230756	4183.58974345	4194.61538448	
4189.87179474	4197.82051269	4204.10256404	4216.6666666	4202.05128199	4197.82051269	4202.69230763	4199.35897422	4204.35897429	4195.12820499	4206.6666666	4183.3333332	4191.92307679	4196.15384602	
4193.20512807	4186.15384602	4208.97435891	4214.23076917	4203.71794865	4196.28205115	4198.84615371	4195.12820499	4197.69230756	4196.66666653	4209.48717942	4194.48717935	4193.3333332	4200.76923063	
4204.23076917	4187.69230756	4213.58974352	4211.28205122	4205.89743583	4200.51282038	4200.38461525	4195.38461525	4195.12820499	4186.28205115	4202.05128199	4200.64102551	4187.94871781	4205.25641019	
4204.74358968	4195.38461525	4208.84615378	4223.58974352	4207.82051275	4201.92307686	4201.92307686	4198.46153833	4201.02564096	4186.5384614	4198.84615371	4202.30769224	4192.56410243	4210.25641019	
4204.74358968	4193.07692294	4208.07692301	4227.69230763	4214.35897429	4201.41025634	4201.41025634	4200.64102551	4211.15384609	4203.20512814	4212.17948711	4203.4615384	4204.99999993	4213.58974352	
4215.51282045	4189.61538448	4217.94871788	4214.99999993	4214.61538455	4200.89743576	4201.79487173	4203.84615378	4214.48717942	4209.48717942	4220.89743583	4205.25641019	4207.43589737	4217.94871788	
4212.05128199	4187.4358973	4213.71794865	4210.51282045	4208.97435891	4198.20512807	4199.35897422	4200.76923063	4206.79487173	4205.7692307	4217.69230763	4199.48717935	4201.79487173	4215.7692307	
4195.76923063	4196.15384602	4199.61538448	4217.05128199	4207.30769224	4196.28205115	4192.94871781	4192.30769217	4201.6666666	4206.79487173	4212.43589737	4188.97435884	4199.10256397	4205.7692307	
4196.66666653	4205.89743583	4204.35897429	4218.4615384	4204.35897429	4198.71794858	4191.28205115	4190.51282038	4203.33333327	4201.28205122	4204.10256404	4193.71794858	4195.38461525	4208.97435891	
4209.10256404	4198.58974345	4214.74358968	4216.6666666	4206.6666666	4204.23076917	4196.92307679	4194.61538448	4198.97435884	4191.28205115	4197.05128192	4205.38461532	4191.92307679	4220.25641019	
4209.23076917	4195.38461525	4210.64102558	4226.28205122	4218.4615384	4209.23076917	4199.87179474	4194.99999986	4192.94871781	4189.48717935	4202.69230763	4201.79487173	4194.87179474	4216.28205122	
4202.05128199	4199.35897422	4205.51282045	4230.51282045	4219.35897429	4203.58974352	4192.94871781	4186.92307679	4196.92307679	4191.5384614	4209.74358968	4195.51282038	4194.87179474	4207.5641025	
4203.20512814	4196.02564089	4213.33333327	4217.69230763	4214.61538455	4195.76923063	4187.82051269	4182.17948704	4200.12820499	4193.71794858	4204.23076917	4199.74358961	4188.20512807	4211.41025634	
4207.17948711	4190.64102551	4218.71794865	4211.6666666	4210.25641019	4192.56410243	4186.92307679	4186.15384602	4196.5384614	4196.15384602	4199.2307691	4200.51282038	4189.87179474	4213.20512814	
4204.23076917	4190.12820499	4211.15384609	4216.92307686	4202.5641025	4190.12820499	4187.69230756	4188.58974345	4212.94871788	4197.05128192	4203.71794865	4198.58974345	4197.05128192	4212.69230763	
4201.15384609	4193.97435884	4207.05128199	4223.33333327	4204.35897429	4193.20512807	4191.66666653	4189.2307691	4243.84615385	4197.94871781	4207.30769224	4200.51282038	4194.99999986	4216.6666666	
4204.23076917	4200.12820499	4212.82051275	4222.30769224	4208.84615378	4199.2307691	4196.02564089	4187.4358973	4251.66666667	4202.05128199	4207.5641025	4198.20512807	4193.3333332	4212.17948711	
4204.23076917	4203.71794865	4213.07692301	4216.79487173	4205.7692307	4199.35897422	4200.38461525	4184.99999986	4243.97435898	4198.46153833	4206.53846147	4198.58974345	4196.15384602	4207.43589737	
4197.4358973	4194.99999986	4205.12820506	4217.69230763	4201.28205122	4193.58974345	4198.97435884	4183.3333332	4236.92307693	4182.82051269	4192.69230756	4197.17948704	4186.28205115	4205.89743583	
4193.07692294	4181.28205115	4202.30769224	4210.25641019	4193.3333332	4188.46153833	4192.69230756	4179.2307691	4218.84615378	4179.61538448	4181.5384614	4187.17948704	4177.17948704	4196.28205115	
4197.56410243	4185.38461525	4207.30769224	4200.64102551	4188.97435884	4188.97435884	4191.92307679	4181.79487166	4208.71794865	4193.97435884	4193.07692294	4187.30769217	4183.46153833	4195.25641012	
4203.20512814	4192.4358973	4211.15384609	4208.58974352	4194.10256397	4191.66666653	4195.12820499	4192.05128192	4220.25641019	4201.02564096	4204.74358968	4193.20512807	4190.25641012	4207.30769224	
4201.41025634	4186.92307679	4213.4615384	4218.97435891	4181.66666653	4189.2307691	4192.30769217	4191.02564089	4219.10256404	4198.58974345	4205.51282045	4192.30769217	4193.58974345	4211.41025634	
4201.53846147	4193.58974345	4216.28205122	4217.94871788	4165.51282031	4184.2307691	4189.2307691	4183.71794858	4206.41025634	4203.71794865	4208.97435891	4199.2307691	4198.20512807	4211.15384609	
4202.82051275	4201.02564096	4210.12820506	4209.99999993	4179.74358961	4185.25641012	4190.64102551	4186.92307679	4206.79487173	4206.79487173	4207.17948711	4207.5641025	4196.5384614	4212.17948711	
4200.51282038	4187.94871781	4200.12820499	4198.58974345	4190.51282038	4185.25641012	4190.12820499	4188.07692294	4206.41025634	4197.17948704	4195.12820499	4197.4358973	4187.4358973	4205.89743583	
4197.69230756	4185.89743576	4201.28205122	4194.61538448	4180.89743576	4181.5384614	4188.46153833	4180.89743576	4200.12820499	4186.28205115	4185.38461525	4188.3333332	4179.61538448	4200.12820499	
4194.99999986	4187.82051269	4204.23076917	4205.12820506	4183.71794858	4186.5384614	4189.99999986	4177.56410243	4197.69230756	4181.02564089	4182.94871781	4192.30769217	4175.12820499	4205.7692307	
4192.17948704	4175.51282038	4199.10256397	4209.35897429	4191.02564089	4198.46153833	4194.87179474	4178.97435884	4196.92307679	4185.12820499	4185.76923063	4194.2307691	4175.12820499	4207.69230763	
4188.58974345	4177.17948704	4196.28205115	4196.28205115	4180.51282038	4196.92307679	4192.82051269	4183.07692294	4197.94871781	4202.82051275	4198.46153833	4192.69230756	4183.07692294	4196.92307679	
4187.17948704	4193.07692294	4198.46153833	4189.99999986	4176.41025628	4186.28205115	4188.71794858	4192.30769217	4204.10256404	4212.5641025	4207.30769224	4194.48717935	4192.82051269	4192.94871781	
4186.66666653	4192.69230756	4197.56410243	4200.64102551	4186.15384602	4185.25641012	4190.76923063	4195.89743576	4202.5641025	4200.38461525	4199.35897422	4192.82051269	4191.02564089	4194.61538448	
4184.74358961	4182.05128192	4193.07692294	4212.30769224	4184.35897422	4186.02564089	4187.4358973	4184.2307691	4191.28205115	4184.35897422	4182.05128192	4182.30769217	4173.84615371	4186.15384602	
4184.35897422	4183.07692294	4190.89743576	4212.82051275	4177.17948704	4181.66666653	4181.92307679	4171.15384602	4185.76923063	4184.2307691	4176.41025628	4175.89743576	4166.66666646	4177.69230756	
4188.84615371	4191.15384602	4193.71794858	4205.7692307	4177.05128192	4182.56410243	4184.61538448	4172.56410243	4188.84615371	4194.87179474	4184.87179474	4179.87179474	4173.97435884	4184.61538448	
4191.28205115	4194.99999986	4197.4358973	4204.74358968	4174.2307691	4186.79487166	4185.38461525	4176.79487166	4191.15384602	4192.82051269	4184.74358961	4184.99999986	4173.84615371	4190.12820499	
4187.69230756	4184.74358961	4196.02564089	4203.71794865	4172.05128192	4186.92307679	4181.15384602	4173.20512807	4187.56410243	4181.28205115	4176.41025628	4183.3333332	4168.84615371	4185.51282038	
4190.25641012	4176.66666653	4194.87179474	4201.53846147	4181.79487166	4187.56410243	4182.82051269	4174.74358961	4186.02564089	4185.51282038	4179.87179474	4182.30769217	4172.4358973	4184.10256397	
4191.66666653	4188.20512807	4194.87179474	4204.48717942	4186.92307679	4189.99999986	4186.15384602	4181.02564089	4188.58974345	4198.07692294	4191.02564089	4184.48717935	4178.58974345	4182.69230756	
4189.74358961	4192.30769217	4195.12820499	4204.23076917	4179.10256397	4185.76923063	4186.5384614	4179.2307691	4185.89743576	4191.28205115	4187.17948704	4187.05128192	4174.48717935	4186.79487166	
4191.92307679	4177.94871781	4196.02564089	4194.99999986	4174.2307691	4176.5384614	4182.69230756	4172.56410243	4178.20512807	4175.89743576	4174.74358961	4187.82051269	4167.43589723	4193.3333332	
4189.35897422	4180.12820499	4193.46153833	4187.56410243	4174.2307691	4172.17948704	4176.15384602	4172.56410243	4177.05128192	4178.84615371	4178.58974345	4185.64102551	4167.94871774	4185.89743576	
4186.92307679	4194.2307691	4192.82051269	4196.79487166	4173.46153833	4182.94871781	4179.48717935	4180.51282038	4184.74358961	4191.92307679	4193.07692294	4188.20512807	4174.87179474	4180.51282038	
4193.20512807	4175.76923063	4197.82051269	4207.5641025	4174.99999986	4191.79487166	4185.89743576	4185.51282038	4189.10256397	4192.69230756	4193.58974345	4188.3333332	4174.99999986	4185.64102551	
4198.3333332	4165.25641005	4197.69230756	4205.12820506	4180.64102551	4186.79487166	4186.66666653	4187.56410243	4194.87179474	4177.94871781	4178.46153833	4181.41025628	4166.92307672	4188.3333332	
4192.56410243	4191.5384614	4188.71794858	4195.76923063	4182.17948704	4184.2307691	4182.4358973	4183.71794858	4195.38461525	4174.2307691	4176.5384614	4178.58974345	4170.25641012	4186.66666653	
4186.41025628	4196.92307679	4188.46153833	4196.41025628	4184.35897422	4191.92307679	4181.02564089	4177.69230756	4189.10256397	4201.79487173	4198.97435884	4187.56410243	4185.89743576	4194.10256397	
4189.87179474	4183.97435884	4196.66666653	4205.38461532	4194.48717935	4197.30769217	4187.69230756	4182.56410243	4193.71794858	4221.41025634	4214.35897429	4196.92307679	4192.82051269	4200.89743576	
4193.20512807	4191.5384614	4197.69230756	4208.58974352	4196.02564089	4192.56410243	4191.41025628	4185.76923063	4196.15384602	4202.43589737	4199.48717935	4191.66666653	4182.82051269	4193.97435884	
4194.87179474	4199.74358961	4198.46153833	4213.58974352	4188.58974345	4189.48717935	4190.64102551	4183.71794858	4188.20512807	4189.48717935	4188.46153833	4189.2307691	4179.35897422	4192.05128192	
4196.02564089	4187.82051269	4202.82051275	4216.6666666	4185.64102551	4189.2307691	4190.51282038	4182.69230756	4185.89743576	4195.89743576	4194.99999986	4195.51282038	4184.99999986	4195.51282038	
4195.12820499	4181.15384602	4201.79487173	4207.94871788	4186.5384614	4182.4358973	4187.30769217	4176.5384614	4188.46153833	4197.17948704	4197.17948704	4196.02564089	4185.38461525	4193.58974345	
4194.2307691	4194.48717935	4201.28205122	4206.41025634	4189.35897422	4178.97435884	4180.51282038	4171.41025628	4187.94871781	4198.20512807	4194.48717935	4198.07692294	4185.76923063	4198.71794858	
4188.97435884	4196.66666653	4202.5641025	4214.74358968	4188.71794858	4185.12820499	4177.4358973	4175.64102551	4186.28205115	4199.48717935	4195.38461525	4201.92307686	4187.94871781	4201.41025634	
4179.74358961	4181.92307679	4192.05128192	4207.43589737	4179.10256397	4187.94871781	4178.3333332	4178.58974345	4186.15384602	4197.05128192	4196.79487166	4193.84615371	4186.92307679	4187.4358973	
4181.15384602	4177.4358973	4185.89743576	4199.87179474	4181.66666653	4188.07692294	4183.84615371	4184.74358961	4197.17948704	4201.6666666	4199.35897422	4188.20512807	4188.71794858	4185.89743576	
4195.25641012	4184.99999986	4201.92307686	4206.41025634	4199.48717935	4192.30769217	4193.07692294	4198.84615371	4211.53846147	4210.51282045	4204.23076917	4199.48717935	4193.71794858	4207.17948711	
4196.15384602	4193.07692294	4209.74358968	4205.12820506	4194.87179474	4187.56410243	4189.10256397	4194.99999986	4203.4615384	4208.4615384	4202.94871788	4201.53846147	4189.35897422	4207.5641025	
4187.56410243	4195.51282038	4200.25641012	4197.82051269	4177.05128192	4178.46153833	4179.2307691	4182.82051269	4190.64102551	4197.4358973	4192.94871781	4191.41025628	4178.46153833	4190.76923063	
4193.46153833	4192.69230756	4201.28205122	4201.92307686	4182.05128192	4179.48717935	4179.74358961	4190.25641012	4194.61538448	4193.3333332	4186.79487166	4194.87179474	4178.97435884	4195.12820499	
4202.30769224	4201.15384609	4211.41025634	4218.4615384	4193.71794858	4185.76923063	4186.66666653	4199.35897422	4197.82051269	4203.71794865	4192.30769217	4208.20512814	4192.17948704	4209.74358968	
4198.84615371	4204.87179481	4206.15384609	4223.4615384	4183.07692294	4188.3333332	4191.02564089	4191.66666653	4194.74358961	4202.43589737	4193.97435884	4206.15384609	4193.3333332	4206.92307686	
