4068.46153805	4095.38461504	4104.23076896	4110.25640998	4134.48717921	4106.79487152	4102.69230742	4095.76923043	4089.87179453	4102.69230742	4075.38461504	4009.10256362	4093.46153812	4104.23076896	
4068.46153805	4092.05128171	4104.99999973	4118.0769228	4103.71794844	4105.12820485	4104.48717921	4101.02564068	4097.69230735	4110.7692305	4082.56410222	4011.2820508	4101.41025607	4103.58974332	
4069.10256369	4095.51282017	4110.12820485	4121.41025614	4061.92307651	4105.25640998	4099.35897402	4098.46153812	4095.38461504	4103.9743587	4086.02564068	4011.2820508	4101.79487145	4101.92307658	
4063.07692266	4091.92307658	4104.35897408	4113.20512793	4092.43589709	4107.05128178	4096.79487145	4084.87179453	4082.43589709	4084.10256376	4073.33333299	4000.12820458	4085.25640991	4094.23076889	
4064.10256369	4086.53846119	4100.89743555	4115.89743562	4130.89743562	4106.92307665	4104.10256383	4089.23076889	4088.46153812	4089.7435894	4077.17948684	3997.82051227	4085.25640991	4095.25640991	
4069.7435894	4093.71794837	4110.12820485	4120.64102537	4102.69230742	4106.92307665	4104.61538434	4101.66666632	4099.87179453	4108.71794844	4091.41025607	4007.1794867	4095.89743555	4103.20512793	
4065.25640984	4095.25640991	4110.25640998	4113.46153819	4075.51282017	4108.46153819	4098.07692273	4090.6410253	4091.28205094	4104.48717921	4084.61538427	4003.46153791	4087.82051248	4098.33333299	
4057.94871754	4082.56410222	4102.05128171	4112.69230742	4088.97435863	4102.43589709	4096.53846119	4080.6410253	4083.97435863	4094.10256376	4076.02564068	3996.1538456	4079.61538427	4092.94871761	
4053.7179483	4073.58974325	4096.28205094	4113.58974332	4093.58974325	4089.87179453	4092.94871761	4083.8461535	4085.89743555	4086.92307658	4070.89743555	3995.89743535	4075.51282017	4092.94871761	
4046.53846113	4070.89743555	4087.30769196	4098.58974325	4082.56410222	4090.76923043	4087.17948684	4082.82051248	4082.17948684	4079.87179453	4060.76923036	3990.38461483	4066.410256	4087.17948684	
4045.12820472	4068.33333292	4083.33333299	4097.56410222	4077.30769196	4096.15384581	4085.89743555	4077.43589709	4077.94871761	4081.79487145	4060.38461497	3988.84615329	4067.30769189	4086.28205094	
4050.64102523	4072.30769196	4088.58974325	4111.15384588	4068.33333292	4088.46153812	4082.05128171	4070.51282017	4074.48717914	4076.02564068	4063.20512779	3993.46153791	4069.10256369	4088.97435863	
4046.53846113	4072.30769196	4084.61538427	4105.64102537	4071.02564068	4078.20512786	4077.69230735	4068.20512779	4069.35897395	4066.92307651	4054.10256369	3989.48717894	4059.6153842	4081.79487145	
4032.94871747	4055.64102523	4069.35897395	4091.28205094	4071.28205094	4074.23076889	4077.43589709	4067.56410215	4066.02564061	4070.51282017	4044.48717907	3978.58974304	4052.30769189	4075.38461504	
4028.84615336	4041.02564061	4063.46153805	4086.28205094	4039.74358933	4068.46153805	4071.66666632	4062.43589702	4063.33333292	4066.92307651	4042.05128164	3973.33333278	4052.05128164	4076.41025607	
4026.66666618	4037.43589702	4063.7179483	4081.92307658	4041.410256	4058.7179483	4058.7179483	4050.25640984	4055.12820472	4052.17948677	4033.33333285	3971.28205073	4044.99999959	4070.6410253	
4010.64102516	4026.2820508	4051.66666625	4071.66666632	4062.30769189	4056.28205087	4052.17948677	4035.64102516	4042.56410215	4045.76923036	4015.3846149	3957.05128143	4028.33333285	4056.28205087	
4003.33333278	4012.43589695	4040.76923036	4063.46153805	4030.25640977	4058.07692266	4054.6153842	4032.82051234	4039.35897395	4040.64102523	4008.71794824	3945.25640963	4019.487179	4051.15384574	
4008.84615336	4008.20512772	4040.5128201	4061.53846113	4015.12820465	4050.38461497	4052.82051241	4034.487179	4040.38461497	4024.35897388	4007.82051234	3947.69230707	4017.1794867	4051.92307651	
4007.1794867	4002.30769176	4042.43589702	4064.87179446	4045.76923036	4043.97435856	4046.79487138	4029.10256362	4036.66666618	4020.76923029	4004.99999952	3952.94871733	4016.79487131	4050.25640984	
4003.58974304	3997.43589688	4046.15384574	4066.410256	4039.10256369	4045.64102523	4043.97435856	4025.25640977	4036.02564054	4033.07692259	4010.51282003	3955.38461476	4023.20512772	4051.53846113	
4004.23076875	3997.30769176	4046.66666625	4062.82051241	4004.74358926	4039.35897395	4041.28205087	4027.56410208	4036.66666618	4033.71794824	4013.84615336	3955.64102502	4023.46153798	4052.56410215	
4006.53846106	3999.61538406	4047.69230728	4071.53846119	4019.87179439	4039.48717907	4044.99999959	4030.76923029	4038.07692266	4030.89743541	4012.05128157	3960.51281989	4020.64102516	4052.94871754	
4011.79487131	4006.92307644	4053.97435856	4081.53846119	4061.92307651	4058.58974318	4053.84615343	4033.07692259	4040.25640984	4038.33333292	4017.56410208	3967.8205122	4027.1794867	4057.82051241	
4021.41025593	4013.71794824	4063.46153805	4084.87179453	4067.05128164	4067.43589702	4060.89743548	4041.15384574	4049.99999959	4050.25640984	4030.3846149	3976.53846099	4039.6153842	4067.30769189	
4031.66666618	4021.15384567	4074.48717914	4094.99999966	4047.82051241	4068.46153805	4073.46153812	4058.46153805	4067.56410215	4066.410256	4045.12820472	3992.17948663	4050.25640984	4079.87179453	
4038.84615343	4034.35897388	4082.94871761	4106.41025614	4054.23076882	4075.6410253	4081.15384581	4066.66666625	4073.20512786	4077.94871761	4054.35897395	4003.84615329	4056.410256	4087.17948684	
4043.33333292	4047.17948677	4089.23076889	4115.51282024	4095.12820478	4081.79487145	4078.46153812	4063.58974318	4065.38461497	4077.69230735	4058.58974318	4009.487179	4065.12820472	4091.02564068	
4047.82051241	4048.20512779	4093.97435863	4121.41025614	4103.33333306	4089.35897402	4082.17948684	4071.02564068	4068.84615343	4076.41025607	4063.97435856	4016.02564054	4072.43589709	4097.94871761	
4051.92307651	4042.94871754	4096.53846119	4122.05128178	4067.05128164	4093.33333299	4090.51282017	4083.71794837	4081.66666632	4086.02564068	4071.53846119	4023.58974311	4074.87179453	4103.71794844	
4055.89743548	4051.53846113	4102.17948684	4129.74358947	4071.41025607	4095.89743555	4097.30769196	4089.7435894	4087.05128171	4099.61538427	4079.10256376	4028.33333285	4081.66666632	4107.30769203	
4059.6153842	4063.33333292	4106.53846126	4139.1025639	4111.28205101	4107.30769203	4105.89743562	4093.8461535	4090.6410253	4102.69230742	4084.87179453	4031.15384567	4086.28205094	4107.82051255	
4070.38461504	4070.51282017	4114.23076896	4146.92307672	4132.56410229	4124.48717921	4119.99999973	4108.58974332	4103.20512793	4114.99999973	4097.43589709	4043.97435856	4094.99999966	4116.15384588	
4086.53846119	4079.10256376	4128.20512793	4160.38461518	4142.05128185	4133.33333306	4133.20512793	4127.56410229	4116.15384588	4139.9999998	4110.64102537	4062.17948677	4113.71794844	4133.0769228	
4092.05128171	4083.58974325	4132.56410229	4169.10256397	4142.82051262	4133.20512793	4137.82051262	4132.94871767	4119.35897408	4141.92307672	4109.8717946	4067.56410215	4120.7692305	4135.64102544	
4089.10256376	4086.92307658	4130.38461511	4171.28205115	4122.56410229	4138.205128	4140.76923056	4132.94871767	4119.8717946	4133.0769228	4109.99999973	4066.28205087	4115.51282024	4131.66666639	
4088.20512786	4087.43589709	4131.92307665	4171.66666653	4113.84615357	4142.82051262	4142.82051262	4132.56410229	4119.23076896	4139.61538441	4114.61538434	4069.99999966	4116.92307665	4135.38461518	
4087.17948684	4083.07692273	4128.46153819	4166.02564082	4134.8717946	4140.89743569	4139.35897415	4126.41025614	4114.10256383	4142.82051262	4112.17948691	4070.89743555	4119.48717921	4135.38461518	
4083.8461535	4081.15384581	4117.82051255	4157.69230749	4158.33333313	4135.38461518	4132.56410229	4120.51282024	4110.64102537	4134.48717921	4106.79487152	4063.84615343	4114.74358947	4127.17948691	
4082.30769196	4079.99999966	4112.82051255	4157.82051262	4144.74358954	4127.05128178	4127.30769203	4119.10256383	4108.46153819	4126.79487152	4105.12820485	4058.97435856	4110.12820485	4123.58974332	
4087.69230735	4081.02564068	4122.69230742	4169.87179474	4109.61538434	4127.17948691	4131.53846126	4124.10256383	4112.82051255	4128.58974332	4107.94871767	4067.82051241	4115.12820485	4130.38461511	
4091.66666632	4087.94871761	4128.71794844	4173.3333332	4125.51282024	4134.48717921	4134.10256383	4126.28205101	4113.84615357	4134.99999973	4111.02564075	4076.92307658	4119.99999973	4136.28205108	
4094.48717914	4098.58974325	4129.48717921	4168.71794858	4155.76923056	4132.43589716	4129.61538434	4124.99999973	4111.02564075	4139.48717928	4115.25640998	4079.23076889	4122.17948691	4138.84615364	
4107.17948691	4107.43589716	4138.97435877	4181.15384602	4141.28205108	4134.48717921	4137.3076921	4137.43589723	4120.7692305	4149.9999998	4126.28205101	4092.30769196	4133.84615357	4147.43589723	
4117.69230742	4116.02564075	4146.79487159	4197.05128192	4142.05128185	4149.48717928	4152.43589723	4147.3076921	4127.94871767	4153.58974339	4131.92307665	4104.35897408	4140.25641005	4153.84615364	
4119.61538434	4125.38461511	4151.28205108	4194.2307691	4175.25641012	4161.02564082	4158.97435877	4148.58974339	4130.64102537	4151.41025621	4131.66666639	4107.05128178	4138.205128	4156.28205108	
4126.53846126	4131.41025614	4161.66666646	4193.58974345	4181.02564089	4165.51282031	4162.3076921	4159.9999998	4142.94871774	4164.48717928	4142.3076921	4113.71794844	4147.94871774	4163.46153826	
4133.84615357	4138.71794851	4170.64102551	4202.94871788	4164.87179467	4169.99999986	4167.17948697	4169.2307691	4149.48717928	4178.71794858	4154.48717928	4121.66666639	4160.25641005	4168.07692287	
4135.12820485	4147.69230749	4173.97435884	4210.89743583	4167.43589723	4176.66666653	4173.71794858	4169.99999986	4149.48717928	4183.71794858	4160.12820492	4128.46153819	4163.84615364	4168.58974345	
4139.61538441	4152.82051262	4178.58974345	4221.28205122	4174.48717935	4180.51282038	4182.05128192	4177.82051269	4157.3076921	4186.28205115	4161.66666646	4133.71794844	4166.79487159	4172.94871781	
4146.53846133	4158.46153826	4184.2307691	4234.74358975	4211.28205122	4180.38461525	4183.71794858	4183.20512807	4162.3076921	4184.61538448	4157.56410236	4136.15384595	4168.46153833	4175.89743576	
4147.56410236	4158.97435877	4186.15384602	4234.35897436	4220.7692307	4177.56410243	4181.28205115	4181.02564089	4159.61538441	4185.25641012	4161.02564082	4142.56410236	4171.02564089	4176.79487166	
4144.35897415	4147.94871774	4181.02564089	4219.10256404	4161.15384595	4182.69230756	4185.25641012	4186.92307679	4162.43589723	4196.15384602	4169.48717935	4147.82051262	4175.25641012	4178.20512807	
4140.25641005	4143.84615364	4171.02564089	4212.30769224	4181.28205115	4187.94871781	4184.10256397	4188.07692294	4162.94871774	4201.79487173	4163.205128	4141.41025621	4171.02564089	4174.2307691	
4138.84615364	4150.89743569	4169.10256397	4220.89743583	4240.38461539	4175.12820499	4175.76923063	4176.66666653	4160.25641005	4193.84615371	4154.61538441	4137.43589723	4165.12820492	4169.2307691	
4143.07692287	4159.23076903	4175.76923063	4229.99999993	4194.61538448	4170.89743576	4177.56410243	4174.74358961	4160.89743569	4189.2307691	4162.69230749	4145.89743569	4171.41025628	4174.10256397	
4147.05128185	4169.61538448	4178.20512807	4230.12820506	4162.17948697	4183.84615371	4186.92307679	4181.15384602	4161.41025621	4194.87179474	4169.61538448	4149.87179467	4178.97435884	4178.3333332	
4149.61538441	4172.56410243	4177.17948704	4226.02564096	4212.05128199	4191.15384602	4193.97435884	4187.17948704	4164.74358954	4199.87179474	4167.43589723	4148.84615364	4179.87179474	4182.30769217	
4157.43589723	4166.28205108	4184.99999986	4228.33333327	4223.20512814	4198.97435884	4203.07692301	4202.94871788	4177.17948704	4203.97435891	4171.02564089	4159.1025639	4184.99999986	4193.07692294	
4160.25641005	4164.87179467	4188.20512807	4229.23076917	4195.64102551	4201.28205122	4203.84615378	4209.35897429	4182.69230756	4206.79487173	4167.56410236	4163.58974339	4182.82051269	4193.07692294	
4152.3076921	4166.92307672	4175.38461525	4221.92307686	4197.30769217	4186.92307679	4190.38461525	4189.74358961	4169.61538448	4194.74358961	4152.69230749	4149.87179467	4165.64102544	4178.07692294	
4147.94871774	4166.92307672	4170.12820499	4221.6666666	4191.5384614	4179.2307691	4182.69230756	4178.3333332	4162.43589723	4181.41025628	4152.94871774	4146.53846133	4160.89743569	4174.10256397	
4149.87179467	4160.51282031	4175.25641012	4228.20512814	4175.76923063	4180.64102551	4183.71794858	4184.74358961	4169.74358961	4187.4358973	4162.94871774	4156.28205108	4169.74358961	4178.58974345	
4148.84615364	4152.94871774	4174.2307691	4223.20512814	4184.2307691	4174.48717935	4179.74358961	4182.56410243	4170.89743576	4193.46153833	4161.53846133	4156.92307672	4168.58974345	4175.38461525	
4142.05128185	4152.17948697	4164.87179467	4208.07692301	4189.87179474	4173.58974345	4176.02564089	4168.3333332	4156.92307672	4178.20512807	4147.43589723	4145.51282031	4156.41025621	4166.66666646	
4134.8717946	4151.79487159	4156.41025621	4204.99999993	4169.74358961	4171.28205115	4172.56410243	4156.66666646	4141.53846133	4165.76923056	4135.76923056	4138.205128	4148.97435877	4160.64102544	
4133.84615357	4149.61538441	4153.84615364	4207.69230763	4156.66666646	4159.87179467	4166.02564082	4158.33333313	4140.89743569	4172.56410243	4135.51282031	4138.71794851	4149.9999998	4162.69230749	
4135.25640998	4145.89743569	4151.02564082	4199.48717935	4170.51282038	4158.84615364	4164.9999998	4162.69230749	4142.17948697	4171.5384614	4136.28205108	4137.3076921	4148.71794851	4164.1025639	
4136.41025621	4140.64102544	4150.38461518	4202.5641025	4179.48717935	4163.97435877	4167.05128185	4160.64102544	4138.33333313	4160.51282031	4135.38461518	4138.07692287	4147.05128185	4160.89743569	
4143.71794851	4144.9999998	4155.38461518	4218.07692301	4156.92307672	4160.25641005	4165.89743569	4161.53846133	4141.79487159	4165.64102544	4141.28205108	4142.94871774	4153.46153826	4164.48717928	
4156.15384595	4157.05128185	4162.56410236	4217.30769224	4150.25641005	4163.33333313	4168.97435884	4168.07692287	4148.33333313	4179.2307691	4150.64102544	4150.51282031	4163.71794851	4174.87179474	
4169.61538448	4166.92307672	4176.15384602	4219.61538455	4178.07692294	4177.30769217	4181.79487166	4178.46153833	4153.46153826	4186.5384614	4158.58974339	4166.41025621	4174.99999986	4186.41025628	
4176.5384614	4169.99999986	4186.5384614	4235.0	4186.66666653	4180.64102551	4186.66666653	4188.3333332	4158.97435877	4193.07692294	4159.61538441	4176.5384614	4183.07692294	4192.4358973	
4180.51282038	4177.17948704	4189.35897422	4242.94871795	4191.5384614	4182.82051269	4188.71794858	4191.66666653	4163.84615364	4195.25641012	4153.71794851	4174.10256397	4182.17948704	4191.5384614	
4190.64102551	4191.41025628	4197.05128192	4248.84615385	4211.28205122	4194.87179474	4202.43589737	4194.87179474	4169.87179474	4199.99999986	4154.74358954	4179.74358961	4184.48717935	4195.51282038	
4196.15384602	4195.51282038	4203.07692301	4255.64102564	4204.61538455	4194.99999986	4205.25641019	4199.48717935	4173.46153833	4211.79487173	4159.9999998	4188.97435884	4191.02564089	4202.05128199	
4198.3333332	4196.66666653	4202.69230763	4253.58974359	4185.25641012	4196.66666653	4203.97435891	4204.48717942	4173.84615371	4214.35897429	4159.35897415	4191.41025628	4193.84615371	4204.87179481	
4203.20512814	4206.15384609	4207.43589737	4252.43589744	4199.87179474	4208.84615378	4210.89743583	4205.89743583	4171.79487166	4202.5641025	4156.92307672	4194.2307691	4190.89743576	4206.53846147	
4202.82051275	4209.99999993	4210.12820506	4261.53846154	4227.43589737	4210.89743583	4212.17948711	4204.23076917	4169.48717935	4196.28205115	4155.76923056	4193.20512807	4187.4358973	4205.51282045	
4198.07692294	4204.99999993	4205.64102558	4261.92307693	4232.43589737	4207.05128199	4210.51282045	4208.07692301	4174.61538448	4209.10256404	4160.89743569	4192.94871781	4195.89743576	4208.4615384	
4199.74358961	4208.97435891	4207.5641025	4255.76923077	4217.82051275	4208.33333327	4211.79487173	4212.82051275	4181.5384614	4219.35897429	4166.02564082	4195.89743576	4202.94871788	4213.4615384	
4208.97435891	4226.28205122	4220.25641019	4273.84615392	4208.07692301	4214.87179481	4217.5641025	4219.23076917	4186.02564089	4223.07692301	4166.66666646	4197.4358973	4202.5641025	4213.97435891	
4217.30769224	4239.48717949	4232.5641025	4299.10256418	4224.23076917	4222.05128199	4226.41025634	4228.07692301	4193.71794858	4233.97435898	4169.61538448	4203.07692301	4214.48717942	4220.38461532	
4219.35897429	4245.0	4238.58974359	4294.74358982	4235.38461539	4225.38461532	4229.10256404	4227.94871788	4195.38461525	4243.46153847	4172.05128192	4210.7692307	4230.64102558	4229.87179481	
4218.71794865	4249.35897436	4241.53846154	4281.66666674	4234.10256411	4232.5641025	4228.71794865	4226.79487173	4192.4358973	4242.05128206	4173.3333332	4212.82051275	4232.69230763	4231.15384609	
4221.92307686	4247.94871795	4243.97435898	4291.15384623	4255.0	4236.92307693	4232.17948711	4232.69230763	4199.2307691	4240.8974359	4175.89743576	4205.89743583	4228.58974352	4227.94871788	
4226.53846147	4251.66666667	4249.10256411	4303.84615399	4267.69230777	4233.97435898	4234.87179488	4235.51282052	4204.10256404	4247.43589744	4174.35897422	4198.71794858	4230.7692307	4227.43589737	
4228.4615384	4258.46153847	4253.20512821	4301.79487194	4241.41025641	4237.43589744	4236.02564103	4236.28205129	4201.15384609	4247.6923077	4172.4358973	4199.74358961	4232.5641025	4228.71794865	
4228.33333327	4253.46153847	4249.10256411	4294.74358982	4234.61538462	4241.53846154	4239.48717949	4242.17948718	4203.4615384	4246.7948718	4177.30769217	4203.20512814	4231.92307686	4231.02564096	
4227.5641025	4253.33333334	4245.76923077	4295.1282052	4269.2307693	4239.74358975	4239.23076923	4245.25641026	4207.17948711	4252.6923077	4180.64102551	4202.30769224	4231.28205122	4233.4615384	
4223.97435891	4259.35897436	4242.6923077	4297.30769238	4269.10256418	4241.02564103	4233.84615385	4237.30769231	4200.38461525	4244.10256411	4171.66666653	4193.71794858	4222.5641025	4225.51282045	
4222.5641025	4252.82051282	4240.8974359	4298.33333341	4234.87179488	4238.33333334	4232.69230763	4235.8974359	4200.12820499	4235.25641026	4169.2307691	4189.74358961	4219.35897429	4219.74358968	
4220.51282045	4240.0	4238.33333334	4293.58974366	4216.79487173	4225.12820506	4227.5641025	4236.28205129	4202.43589737	4237.56410257	4170.25641012	4186.92307679	4220.25641019	4220.12820506	
4211.02564096	4232.17948711	4223.97435891	4275.76923084	4222.43589737	4219.87179481	4215.25641019	4221.15384609	4188.46153833	4224.99999993	4155.64102544	4174.74358961	4206.15384609	4212.30769224	
4209.23076917	4232.5641025	4218.4615384	4269.61538469	4239.87179488	4226.79487173	4215.51282045	4213.97435891	4183.97435884	4213.71794865	4149.48717928	4173.07692294	4199.10256397	4208.07692301	
4212.17948711	4232.82051275	4222.82051275	4272.56410264	4238.07692308	4225.12820506	4220.7692307	4219.10256404	4189.48717935	4217.17948711	4155.76923056	4177.30769217	4203.97435891	4208.97435891	
4208.4615384	4227.82051275	4217.43589737	4267.05128212	4221.6666666	4220.51282045	4218.71794865	4216.92307686	4185.12820499	4209.87179481	4152.05128185	4170.76923063	4197.82051269	4205.25641019	
4209.10256404	4228.97435891	4215.12820506	4268.33333341	4216.79487173	4220.51282045	4218.71794865	4216.92307686	4183.46153833	4209.10256404	4149.35897415	4169.48717935	4193.58974345	4206.15384609	
4218.20512814	4240.12820513	4222.69230763	4274.48717956	4224.35897429	4220.7692307	4222.69230763	4223.20512814	4188.58974345	4224.10256404	4157.69230749	4179.2307691	4202.82051275	4214.48717942	
4229.48717942	4248.33333334	4231.02564096	4280.76923084	4229.61538455	4231.15384609	4230.25641019	4232.94871788	4194.87179474	4231.79487173	4169.35897422	4192.82051269	4215.25641019	4224.74358968	
4231.6666666	4249.48717949	4234.10256411	4287.82051289	4238.71794872	4236.53846154	4234.61538462	4238.07692308	4198.46153833	4228.97435891	4172.17948704	4197.30769217	4220.12820506	4229.87179481	
4226.6666666	4256.28205129	4231.79487173	4283.97435905	4247.05128206	4230.64102558	4232.82051275	4232.43589737	4196.02564089	4224.74358968	4164.23076903	4188.97435884	4213.20512814	4226.15384609	
4230.12820506	4267.05128212	4232.30769224	4278.84615392	4243.20512821	4236.66666667	4237.6923077	4231.6666666	4194.35897422	4223.97435891	4164.87179467	4188.20512807	4210.25641019	4224.99999993	
4239.10256411	4260.76923077	4240.51282052	4286.0256411	4237.94871795	4247.17948718	4246.15384616	4242.6923077	4201.02564096	4234.48717949	4179.2307691	4203.4615384	4224.10256404	4234.61538462	
4243.33333334	4252.94871795	4250.12820513	4299.10256418	4242.43589744	4246.53846154	4248.58974359	4249.23076923	4208.58974352	4248.33333334	4192.05128192	4215.89743583	4237.82051282	4244.35897436	
4238.58974359	4256.02564103	4243.07692308	4293.84615392	4260.38461539	4242.56410257	4243.71794872	4236.53846154	4200.51282038	4238.84615385	4185.25641012	4206.15384609	4226.15384609	4235.8974359	
4233.4615384	4254.48717949	4229.23076917	4277.82051289	4262.30769231	4237.6923077	4236.28205129	4223.71794865	4189.35897422	4222.05128199	4169.10256397	4192.17948704	4208.84615378	4221.6666666	
4235.76923077	4250.64102564	4231.28205122	4278.58974366	4251.02564103	4237.05128206	4237.43589744	4229.61538455	4193.20512807	4226.53846147	4173.07692294	4196.15384602	4215.51282045	4225.7692307	
4235.25641026	4247.43589744	4234.48717949	4287.05128212	4239.87179488	4240.8974359	4240.76923077	4236.92307693	4198.07692294	4232.17948711	4183.58974345	4203.07692301	4224.10256404	4231.6666666	
4233.97435898	4245.51282052	4232.05128199	4290.00000007	4239.74358975	4237.94871795	4238.20512821	4236.66666667	4200.51282038	4230.89743583	4184.10256397	4204.48717942	4222.43589737	4230.51282045	
4240.64102564	4247.94871795	4236.15384616	4293.07692315	4270.64102571	4240.64102564	4242.94871795	4243.71794872	4211.02564096	4239.61538462	4190.25641012	4212.82051275	4227.43589737	4236.7948718	
4242.94871795	4249.10256411	4239.87179488	4296.79487187	4281.79487187	4247.30769231	4248.84615385	4251.53846154	4216.02564096	4251.28205129	4202.43589737	4217.43589737	4239.23076923	4242.05128206	
4238.58974359	4251.66666667	4238.20512821	4295.89743597	4262.6923077	4248.97435898	4250.8974359	4249.87179488	4212.69230763	4252.05128206	4202.05128199	4212.94871788	4243.84615385	4240.51282052	
4246.53846154	4265.0	4241.66666667	4293.20512828	4274.2307693	4265.0	4267.17948725	4257.94871795	4220.64102558	4252.43589744	4200.25641012	4217.43589737	4242.30769231	4246.28205129	
4257.43589744	4273.84615392	4250.25641026	4302.05128219	4299.74358989	4276.15384623	4278.71794879	4269.10256418	4232.17948711	4260.25641026	4214.23076917	4228.20512814	4245.76923077	4253.20512821	
4247.82051282	4261.92307693	4244.74358975	4311.66666681	4291.66666674	4255.38461539	4257.94871795	4255.0	4222.5641025	4256.41025641	4213.71794865	4221.6666666	4242.56410257	4241.92307693	
4233.20512814	4249.87179488	4229.35897429	4306.53846168	4268.46153853	4240.25641026	4241.15384616	4235.38461539	4208.20512814	4237.30769231	4193.07692294	4204.10256404	4228.71794865	4229.74358968	
4228.33333327	4248.71794872	4220.89743583	4295.00000007	4248.20512821	4244.61538462	4243.20512821	4232.05128199	4205.38461532	4228.07692301	4184.61538448	4196.66666653	4219.35897429	4227.69230763	
4218.07692301	4237.82051282	4209.10256404	4277.30769238	4241.66666667	4236.28205129	4233.84615385	4222.05128199	4194.99999986	4219.35897429	4177.82051269	4188.20512807	4207.82051275	4218.4615384	
4216.92307686	4229.48717942	4206.41025634	4271.79487187	4271.66666674	4226.92307686	4229.48717942	4215.38461532	4191.5384614	4213.97435891	4175.12820499	4187.4358973	4206.02564096	4217.69230763	
4230.64102558	4239.74358975	4223.07692301	4288.97435905	4280.1282052	4236.41025641	4242.05128206	4233.71794865	4211.41025634	4232.30769224	4193.07692294	4202.82051275	4225.38461532	4233.33333327	
4225.25641019	4235.38461539	4218.58974352	4285.25641033	4253.97435898	4240.38461539	4239.61538462	4237.94871795	4214.74358968	4237.82051282	4196.15384602	4198.20512807	4223.97435891	4228.71794865	
4214.48717942	4222.69230763	4200.38461525	4261.02564103	4256.92307693	4234.23076923	4231.41025634	4224.35897429	4199.61538448	4219.10256404	4179.10256397	4182.30769217	4207.05128199	4214.61538455	
4228.07692301	4228.33333327	4209.23076917	4272.94871802	4261.66666667	4230.89743583	4241.53846154	4232.69230763	4205.7692307	4224.23076917	4184.10256397	4189.35897422	4216.79487173	4226.02564096	
4237.94871795	4231.15384609	4220.12820506	4298.33333341	4239.23076923	4229.23076917	4246.7948718	4246.02564103	4218.4615384	4243.07692308	4198.07692294	4198.3333332	4229.61538455	4237.43589744	
4234.23076923	4230.12820506	4212.30769224	4292.17948725	4258.46153847	4234.87179488	4242.05128206	4238.84615385	4212.30769224	4234.48717949	4195.64102551	4194.48717935	4225.25641019	4231.79487173	
4239.23076923	4237.17948718	4209.99999993	4288.58974366	4300.51282066	4243.33333334	4247.82051282	4233.84615385	4208.58974352	4221.6666666	4192.56410243	4197.17948704	4222.69230763	4232.05128199	
4250.12820513	4238.84615385	4218.4615384	4303.4615386	4286.28205136	4246.02564103	4258.07692308	4246.15384616	4219.35897429	4233.4615384	4200.38461525	4206.6666666	4226.02564096	4240.76923077	
4257.17948718	4238.33333334	4228.33333327	4311.28205142	4247.17948718	4251.15384616	4261.41025641	4258.97435898	4229.35897429	4251.41025641	4215.89743583	4216.53846147	4237.05128206	4249.61538462	
4256.28205129	4238.33333334	4224.99999993	4305.76923091	4260.25641026	4252.6923077	4255.51282052	4254.87179488	4224.87179481	4247.94871795	4214.99999993	4214.35897429	4240.51282052	4245.38461539	
4251.15384616	4228.4615384	4211.41025634	4302.30769245	4306.79487194	4245.51282052	4248.46153847	4243.33333334	4217.69230763	4234.87179488	4196.28205115	4200.25641012	4225.12820506	4235.38461539	
4251.02564103	4222.5641025	4209.48717942	4301.28205142	4287.43589751	4234.35897436	4244.35897436	4240.76923077	4218.97435891	4229.35897429	4193.84615371	4196.15384602	4217.43589737	4237.56410257	
4252.17948718	4224.74358968	4212.30769224	4291.66666674	4234.23076923	4240.12820513	4245.76923077	4240.51282052	4216.28205122	4226.41025634	4205.25641019	4198.84615371	4219.61538455	4241.53846154	
4252.05128206	4221.28205122	4212.94871788	4296.923077	4255.76923077	4250.38461539	4248.46153847	4237.56410257	4211.02564096	4228.07692301	4211.92307686	4201.28205122	4219.48717942	4240.0	
4249.35897436	4222.43589737	4208.84615378	4313.33333348	4280.89743597	4230.64102558	4237.6923077	4226.79487173	4205.12820506	4219.35897429	4200.76923063	4196.15384602	4212.17948711	4232.94871788	
4245.76923077	4219.74358968	4201.28205122	4309.3589745	4243.58974359	4222.94871788	4235.51282052	4222.82051275	4205.51282045	4210.89743583	4190.76923063	4190.25641012	4207.30769224	4228.71794865	
4249.74358975	4200.64102551	4204.48717942	4296.28205136	4238.71794872	4246.15384616	4247.94871795	4235.25641026	4213.20512814	4226.28205122	4204.35897429	4199.35897422	4218.20512814	4237.94871795	
4259.23076923	4203.58974352	4215.25641019	4305.89743604	4284.10256418	4242.30769231	4242.82051282	4236.7948718	4213.20512814	4234.48717949	4218.71794865	4211.15384609	4227.94871788	4246.66666667	
4259.23076923	4220.25641019	4215.25641019	4328.58974373	4267.43589751	4225.25641019	4230.89743583	4227.17948711	4211.15384609	4224.61538455	4217.17948711	4209.10256404	4224.23076917	4242.30769231	
4253.58974359	4207.30769224	4206.6666666	4318.4615386	4210.7692307	4237.6923077	4240.25641026	4229.61538455	4216.41025634	4226.92307686	4217.69230763	4202.05128199	4221.92307686	4237.56410257	
4263.97435898	4202.69230763	4214.74358968	4311.92307707	4253.07692308	4253.71794872	4258.33333334	4247.43589744	4228.71794865	4244.87179488	4234.74358975	4212.94871788	4239.61538462	4251.53846154	
4275.89743597	4230.51282045	4227.94871788	4344.10256431	4352.56410278	4246.15384616	4260.64102564	4258.20512821	4236.66666667	4253.84615385	4246.28205129	4224.23076917	4251.66666667	4262.56410257	
4265.8974359	4232.43589737	4219.99999993	4358.97435919	4332.05128219	4244.48717949	4253.58974359	4248.07692308	4230.25641019	4249.10256411	4235.8974359	4209.99999993	4237.94871795	4249.10256411	
4256.7948718	4213.20512814	4209.61538455	4345.12820534	4237.94871795	4252.43589744	4251.41025641	4238.20512821	4222.94871788	4240.51282052	4227.43589737	4201.02564096	4227.43589737	4239.74358975	
4260.12820513	4219.35897429	4211.53846147	4340.3846156	4242.43589744	4247.94871795	4252.05128206	4237.6923077	4221.6666666	4229.87179481	4229.48717942	4210.25641019	4230.12820506	4246.02564103	
4261.92307693	4224.35897429	4216.41025634	4355.25641047	4300.51282066	4239.10256411	4248.46153847	4242.6923077	4224.23076917	4233.33333327	4240.0	4217.17948711	4235.25641026	4249.23076923	
4257.56410257	4209.35897429	4210.51282045	4371.41025669	4278.20512828	4230.12820506	4235.8974359	4237.94871795	4220.7692307	4241.02564103	4244.61538462	4210.89743583	4231.79487173	4242.30769231	
4249.74358975	4200.64102551	4198.71794858	4372.56410285	4237.94871795	4235.51282052	4228.07692301	4224.61538455	4213.4615384	4232.94871788	4236.53846154	4201.41025634	4226.41025634	4235.76923077	
4245.12820513	4204.87179481	4197.94871781	4360.89743611	4262.05128206	4257.43589744	4235.25641026	4222.94871788	4212.82051275	4227.43589737	4233.84615385	4200.76923063	4226.15384609	4236.02564103	
4246.92307693	4202.94871788	4203.71794865	4364.74358996	4292.69230777	4255.38461539	4242.17948718	4232.17948711	4218.84615378	4235.51282052	4243.20512821	4206.6666666	4227.05128199	4238.07692308	
4247.30769231	4198.20512807	4201.28205122	4379.48717977	4269.10256418	4240.12820513	4241.02564103	4234.74358975	4221.53846147	4237.43589744	4243.33333334	4208.58974352	4226.15384609	4238.33333334	
4249.23076923	4204.61538455	4201.6666666	4374.48717977	4238.97435898	4252.6923077	4244.87179488	4238.84615385	4224.61538455	4237.30769231	4236.66666667	4210.12820506	4227.5641025	4244.35897436	
4257.05128206	4211.15384609	4213.20512814	4375.76923105	4276.79487187	4264.10256411	4251.7948718	4251.53846154	4234.35897436	4247.94871795	4244.61538462	4219.48717942	4235.38461539	4254.87179488	
4263.97435898	4219.87179481	4222.5641025	4397.56410285	4326.02564117	4263.97435898	4257.6923077	4259.23076923	4243.07692308	4257.05128206	4261.53846154	4230.64102558	4247.94871795	4260.76923077	
4263.71794872	4223.97435891	4224.35897429	4409.61538497	4294.2307693	4274.74358982	4263.97435898	4257.6923077	4242.56410257	4256.41025641	4267.17948725	4236.53846154	4255.38461539	4265.38461539	
4261.15384616	4219.48717942	4226.53846147	4413.20512856	4259.87179488	4268.46153853	4262.17948718	4257.94871795	4239.23076923	4256.92307693	4266.28205129	4240.38461539	4255.8974359	4270.00000007	
4269.10256418	4229.87179481	4234.23076923	4417.30769266	4292.43589751	4256.66666667	4262.94871795	4271.15384623	4250.38461539	4269.2307693	4276.66666674	4248.84615385	4265.64102564	4276.0256411	
4281.15384623	4244.10256411	4244.48717949	4421.66666702	4305.00000014	4274.35897443	4272.69230777	4283.33333341	4263.46153847	4282.17948725	4289.48717956	4259.10256411	4278.97435905	4283.20512828	
4279.35897443	4246.66666667	4249.87179488	4432.30769273	4291.79487187	4283.97435905	4273.71794879	4273.71794879	4253.71794872	4279.61538469	4285.38461546	4259.87179488	4275.89743597	4281.0256411	
4267.30769238	4248.07692308	4244.35897436	4434.35897478	4306.28205142	4268.97435905	4258.46153847	4253.46153847	4236.66666667	4265.0	4270.64102571	4250.25641026	4263.20512821	4271.923077	
4266.66666674	4243.97435898	4238.97435898	4420.51282086	4291.0256411	4269.10256418	4251.66666667	4248.58974359	4235.64102564	4257.6923077	4266.79487187	4245.76923077	4259.87179488	4270.00000007	
4278.20512828	4242.56410257	4249.10256411	4418.97435933	4261.28205129	4282.05128212	4264.35897436	4262.82051282	4250.12820513	4267.43589751	4279.10256418	4261.15384616	4273.58974366	4277.82051289	
4278.33333341	4254.48717949	4252.6923077	4421.66666702	4281.28205136	4292.56410264	4269.74358982	4264.87179488	4252.30769231	4267.94871802	4275.38461546	4265.12820513	4278.33333341	4279.10256418	
4274.87179495	4259.87179488	4246.66666667	4416.79487215	4313.07692322	4306.1538463	4268.46153853	4262.6923077	4249.10256411	4266.66666674	4266.66666674	4256.41025641	4277.17948725	4280.38461546	
4283.33333341	4251.7948718	4253.84615385	4419.87179522	4307.69230784	4312.43589758	4277.43589751	4277.82051289	4260.51282052	4283.20512828	4282.94871802	4268.46153853	4289.87179495	4291.15384623	
4287.17948725	4246.66666667	4259.23076923	4416.41025676	4293.84615392	4308.4615386	4284.2307693	4285.1282052	4267.30769238	4290.51282059	4291.79487187	4281.923077	4293.07692315	4292.82051289	
4281.66666674	4257.82051282	4252.43589744	4411.02564138	4292.17948725	4311.79487194	4281.15384623	4280.1282052	4261.7948718	4283.97435905	4278.58974366	4274.48717956	4281.66666674	4284.87179495	
4281.79487187	4270.76923084	4251.66666667	4419.48717984	4300.89743604	4325.38461553	4282.43589751	4283.84615392	4259.35897436	4281.53846161	4272.82051289	4269.74358982	4279.61538469	4283.84615392	
4284.87179495	4268.07692315	4256.66666667	4416.92307727	4331.92307707	4325.89743604	4287.69230777	4289.35897443	4262.56410257	4282.17948725	4277.69230777	4276.923077	4283.33333341	4289.2307693	
4279.2307693	4258.46153847	4251.41025641	4399.74359009	4337.82051303	4315.64102578	4281.923077	4281.66666674	4263.97435898	4280.89743597	4272.30769238	4274.87179495	4280.51282059	4287.82051289	
4270.25641033	4256.02564103	4240.64102564	4391.41025669	4277.05128212	4313.4615386	4271.15384623	4272.17948725	4260.38461539	4274.35897443	4259.23076923	4265.38461539	4274.2307693	4282.17948725	
4262.17948718	4260.64102564	4231.92307686	4383.33333362	4247.6923077	4318.07692322	4267.30769238	4261.53846154	4244.87179488	4258.33333334	4241.53846154	4252.17948718	4261.41025641	4274.48717956	
4256.02564103	4258.71794872	4226.02564096	4365.64102592	4310.89743604	4313.71794886	4263.58974359	4246.92307693	4228.07692301	4247.17948718	4227.05128199	4238.97435898	4248.07692308	4262.82051282	
4258.07692308	4254.23076923	4229.74358968	4368.07692336	4325.64102578	4305.89743604	4259.23076923	4247.17948718	4232.82051275	4246.53846154	4231.79487173	4240.51282052	4251.66666667	4263.84615385	
4265.12820513	4252.6923077	4236.02564103	4387.05128233	4261.02564103	4305.76923091	4260.64102564	4257.43589744	4243.71794872	4247.94871795	4240.51282052	4246.66666667	4259.35897436	4274.48717956	
4263.71794872	4259.87179488	4233.97435898	4379.48717977	4269.61538469	4295.25641033	4257.17948718	4251.92307693	4237.94871795	4251.02564103	4234.23076923	4242.17948718	4255.38461539	4269.48717956	
4257.6923077	4273.46153853	4233.84615385	4357.05128226	4311.53846168	4291.15384623	4253.20512821	4242.30769231	4230.38461532	4251.92307693	4232.43589737	4237.94871795	4255.38461539	4262.43589744	
4260.8974359	4274.10256418	4240.76923077	4359.61538483	4284.74358982	4309.74358989	4262.94871795	4249.74358975	4237.56410257	4255.12820513	4238.84615385	4244.23076923	4265.51282052	4271.79487187	
4268.97435905	4268.97435905	4245.0	4369.35897464	4257.82051282	4323.58974373	4272.43589751	4256.53846154	4245.25641026	4263.33333334	4225.89743583	4247.82051282	4268.07692315	4275.38461546	
4270.25641033	4275.38461546	4247.05128206	4367.43589772	4288.71794879	4321.66666681	4270.38461546	4255.38461539	4244.87179488	4267.56410264	4207.69230763	4247.43589744	4265.8974359	4271.41025648	
4269.61538469	4283.84615392	4250.0	4371.53846182	4325.2564104	4305.64102578	4264.23076923	4263.58974359	4249.10256411	4270.1282052	4214.48717942	4251.66666667	4273.20512828	4277.94871802	
4275.1282052	4284.2307693	4249.35897436	4373.717949	4313.4615386	4298.20512828	4264.23076923	4269.74358982	4253.20512821	4271.15384623	4223.4615384	4254.10256411	4276.28205136	4281.28205136	
4273.20512828	4277.82051289	4243.84615385	4358.33333355	4269.10256418	4321.1538463	4268.33333341	4261.92307693	4245.25641026	4268.58974366	4213.71794865	4248.97435898	4266.79487187	4273.33333341	
4264.87179488	4270.76923084	4239.74358975	4342.94871816	4260.8974359	4330.64102578	4265.8974359	4253.58974359	4238.84615385	4263.97435898	4203.07692301	4244.23076923	4261.92307693	4269.74358982	
4270.38461546	4274.61538469	4248.07692308	4348.07692329	4301.28205142	4305.64102578	4265.0	4261.28205129	4246.7948718	4264.74358975	4210.25641019	4255.0	4271.66666674	4277.30769238	
4281.28205136	4289.35897443	4262.05128206	4362.43589765	4317.82051296	4299.61538476	4271.28205136	4270.25641033	4252.30769231	4269.2307693	4220.89743583	4265.64102564	4278.20512828	4283.84615392	
4286.15384623	4297.94871802	4272.43589751	4370.12820541	4299.74358989	4321.53846168	4277.82051289	4273.07692315	4256.66666667	4279.10256418	4227.30769224	4270.89743597	4281.923077	4290.1282052	
4292.17948725	4300.2564104	4284.2307693	4379.48717977	4306.79487194	4324.23076937	4279.10256418	4280.76923084	4269.74358982	4294.74358982	4237.6923077	4284.87179495	4296.79487187	4299.61538476	
4293.58974366	4298.97435905	4287.17948725	4381.15384644	4312.94871809	4315.51282066	4279.2307693	4283.58974366	4270.89743597	4296.66666674	4240.64102564	4287.30769238	4301.41025655	4300.38461553	
4285.00000007	4297.56410264	4275.25641033	4368.84615413	4302.69230784	4317.43589758	4277.82051289	4274.74358982	4257.05128206	4281.28205136	4223.84615378	4269.61538469	4285.00000007	4289.35897443	
4283.33333341	4303.84615399	4271.66666674	4361.92307714	4310.89743604	4314.74358989	4275.00000007	4273.07692315	4256.02564103	4275.00000007	4214.35897429	4262.17948718	4278.58974366	4286.53846161	
4288.20512828	4304.61538476	4277.82051289	4361.92307714	4313.71794886	4316.92307707	4276.15384623	4279.10256418	4260.8974359	4283.46153853	4220.51282045	4267.82051289	4285.1282052	4292.17948725	
4286.28205136	4300.76923091	4274.74358982	4354.35897457	4302.30769245	4325.51282066	4277.43589751	4278.46153853	4257.82051282	4283.07692315	4218.71794865	4265.51282052	4282.30769238	4288.58974366	
4281.53846161	4298.20512828	4268.20512828	4346.15384637	4276.41025648	4329.87179501	4276.923077	4278.20512828	4258.97435898	4276.53846161	4212.17948711	4262.05128206	4278.84615392	4283.33333341	
4279.35897443	4291.0256411	4269.35897443	4347.30769252	4272.56410264	4335.51282073	4276.28205136	4281.28205136	4263.84615385	4279.48717956	4215.64102558	4265.0	4285.89743597	4287.05128212	
4270.00000007	4282.30769238	4263.46153847	4336.53846175	4304.61538476	4315.38461553	4262.43589744	4267.82051289	4252.43589744	4269.35897443	4207.94871788	4256.28205129	4275.64102571	4281.923077	
4249.35897436	4260.38461539	4242.6923077	4308.33333348	4285.89743597	4278.20512828	4238.84615385	4239.74358975	4230.12820506	4239.35897436	4181.66666653	4232.94871788	4244.61538462	4257.82051282	
4232.5641025	4234.61538462	4227.82051275	4297.05128212	4235.0	4260.8974359	4224.10256404	4224.61538455	4219.48717942	4223.71794865	4167.69230749	4218.71794865	4229.87179481	4242.17948718	
4221.41025634	4224.10256404	4214.99999993	4292.56410264	4226.02564096	4262.56410257	4216.53846147	4219.23076917	4212.94871788	4217.69230763	4161.41025621	4209.48717942	4224.61538455	4238.20512821	
4212.5641025	4225.64102558	4203.33333327	4276.15384623	4223.71794865	4258.97435898	4210.38461532	4211.79487173	4206.79487173	4204.23076917	4150.89743569	4198.07692294	4211.79487173	4230.38461532	
4208.07692301	4223.71794865	4201.15384609	4268.07692315	4210.12820506	4243.20512821	4202.5641025	4199.99999986	4200.25641012	4192.4358973	4145.89743569	4192.4358973	4203.07692301	4221.92307686	
4200.12820499	4218.33333327	4192.30769217	4263.71794872	4228.20512814	4239.10256411	4193.71794858	4188.97435884	4190.25641012	4183.3333332	4134.74358947	4183.71794858	4194.87179474	4214.48717942	
4196.66666653	4213.97435891	4186.41025628	4255.25641026	4229.35897429	4246.28205129	4192.56410243	4195.76923063	4195.12820499	4184.74358961	4130.89743562	4179.87179474	4194.2307691	4216.15384609	
4194.61538448	4202.5641025	4187.05128192	4247.82051282	4176.92307679	4242.05128206	4191.28205115	4196.5384614	4199.10256397	4182.56410243	4138.97435877	4181.41025628	4194.2307691	4213.84615378	
4184.10256397	4194.35897422	4180.38461525	4239.87179488	4180.64102551	4224.23076917	4179.10256397	4178.46153833	4182.30769217	4165.76923056	4134.23076896	4174.10256397	4180.51282038	4202.17948711	
4177.69230756	4188.58974345	4172.69230756	4224.61538455	4223.84615378	4225.89743583	4174.35897422	4168.97435884	4171.15384602	4157.69230749	4126.02564075	4167.17948697	4173.3333332	4199.87179474	
4188.20512807	4186.15384602	4181.41025628	4218.20512814	4206.92307686	4237.6923077	4183.84615371	4178.07692294	4181.15384602	4165.38461518	4141.53846133	4176.79487166	4186.92307679	4212.5641025	
4199.48717935	4200.51282038	4197.4358973	4238.33333334	4194.10256397	4233.97435898	4189.48717935	4189.99999986	4193.58974345	4179.87179474	4167.17948697	4196.02564089	4203.20512814	4223.4615384	
4187.17948704	4207.05128199	4185.76923063	4234.35897436	4182.17948704	4245.25641026	4188.97435884	4182.82051269	4189.10256397	4170.12820499	4156.15384595	4188.20512807	4187.94871781	4210.89743583	
4183.07692294	4196.79487166	4181.15384602	4224.87179481	4162.69230749	4252.94871795	4191.66666653	4183.3333332	4188.3333332	4166.92307672	4146.79487159	4178.97435884	4181.66666653	4205.12820506	
4198.84615371	4196.02564089	4199.61538448	4245.0	4213.97435891	4235.38461539	4194.99999986	4197.17948704	4196.79487166	4192.17948704	4166.28205108	4192.94871781	4204.10256404	4218.71794865	
4193.46153833	4203.71794865	4193.97435884	4235.76923077	4253.58974359	4229.48717942	4187.94871781	4184.10256397	4185.76923063	4178.20512807	4158.07692287	4185.76923063	4193.84615371	4211.92307686	
4183.58974345	4203.20512814	4179.61538448	4210.38461532	4208.58974352	4249.35897436	4182.17948704	4168.3333332	4175.12820499	4145.38461518	4140.51282031	4168.84615371	4170.64102551	4197.05128192	
4199.99999986	4203.97435891	4197.05128192	4232.30769224	4189.10256397	4245.8974359	4186.28205115	4188.3333332	4192.69230756	4169.10256397	4162.94871774	4186.92307679	4189.74358961	4211.92307686	
4206.28205122	4201.28205122	4208.71794865	4257.43589744	4216.6666666	4219.87179481	4186.15384602	4201.41025634	4203.58974352	4195.64102551	4180.25641012	4203.84615378	4208.07692301	4225.64102558	
4187.30769217	4194.87179474	4188.3333332	4221.28205122	4196.15384602	4235.25641026	4186.79487166	4181.5384614	4186.41025628	4163.58974339	4155.64102544	4183.3333332	4182.82051269	4208.58974352	
4191.28205115	4201.92307686	4187.05128192	4204.35897429	4198.46153833	4251.15384616	4190.76923063	4177.82051269	4182.17948704	4154.35897415	4151.28205108	4180.38461525	4174.87179474	4205.12820506	
4205.25641019	4214.48717942	4205.12820506	4235.76923077	4237.43589744	4235.25641026	4191.28205115	4190.51282038	4194.74358961	4182.56410243	4172.69230756	4200.76923063	4194.35897422	4216.79487173	
4198.3333332	4210.64102558	4207.05128199	4241.66666667	4216.28205122	4239.23076923	4193.20512807	4193.71794858	4198.07692294	4178.07692294	4172.82051269	4199.48717935	4192.69230756	4213.07692301	
4198.84615371	4206.6666666	4208.58974352	4237.6923077	4202.30769224	4249.87179488	4196.5384614	4198.20512807	4200.76923063	4169.87179474	4172.82051269	4197.05128192	4190.76923063	4212.69230763	
4211.02564096	4216.6666666	4219.10256404	4250.0	4218.71794865	4227.94871788	4193.46153833	4202.30769224	4207.5641025	4187.56410243	4186.15384602	4211.15384609	4204.99999993	4223.33333327	
4208.33333327	4212.5641025	4218.84615378	4243.84615385	4204.99999993	4224.87179481	4191.66666653	4197.69230756	4207.43589737	4195.25641012	4188.71794858	4211.79487173	4207.30769224	4223.97435891	
4199.99999986	4202.30769224	4212.69230763	4231.53846147	4202.30769224	4244.61538462	4195.51282038	4196.28205115	4204.10256404	4183.20512807	4183.71794858	4201.41025634	4197.4358973	4218.97435891	
4196.02564089	4210.64102558	4207.82051275	4220.89743583	4208.71794865	4237.6923077	4194.87179474	4193.97435884	4198.84615371	4172.69230756	4177.17948704	4198.3333332	4190.89743576	4214.10256404	
4190.76923063	4212.05128199	4202.82051275	4208.4615384	4191.66666653	4222.94871788	4185.76923063	4181.28205115	4190.12820499	4173.46153833	4175.12820499	4198.3333332	4189.2307691	4209.48717942	
4194.10256397	4199.61538448	4207.82051275	4222.69230763	4201.15384609	4216.15384609	4176.02564089	4176.41025628	4187.94871781	4176.92307679	4184.87179474	4203.97435891	4195.12820499	4213.4615384	
4199.99999986	4203.33333327	4211.15384609	4238.20512821	4216.41025634	4207.69230763	4174.61538448	4183.58974345	4191.79487166	4172.82051269	4181.92307679	4206.53846147	4196.92307679	4217.5641025	
4191.66666653	4208.84615378	4198.3333332	4214.48717942	4181.66666653	4212.82051275	4179.61538448	4179.35897422	4186.41025628	4161.41025621	4162.05128185	4192.30769217	4180.51282038	4208.4615384	
4182.4358973	4192.17948704	4191.02564089	4197.82051269	4178.97435884	4225.89743583	4180.25641012	4166.28205108	4177.56410243	4154.35897415	4160.38461518	4181.92307679	4170.12820499	4199.2307691	
4185.51282038	4183.58974345	4198.3333332	4203.07692301	4195.51282038	4214.99999993	4173.84615371	4165.12820492	4177.05128192	4158.97435877	4180.89743576	4192.30769217	4182.4358973	4202.30769224	
4190.89743576	4191.79487166	4201.79487173	4197.05128192	4162.94871774	4194.35897422	4170.12820499	4174.2307691	4182.82051269	4169.87179474	4198.58974345	4204.48717942	4194.99999986	4210.7692307	
4188.3333332	4194.99999986	4199.99999986	4201.41025634	4164.61538441	4185.38461525	4166.28205108	4173.58974345	4183.20512807	4172.69230756	4187.05128192	4203.20512814	4192.69230756	4209.48717942	
4187.82051269	4199.48717935	4199.74358961	4211.02564096	4203.71794865	4200.38461525	4169.10256397	4167.17948697	4179.35897422	4168.46153833	4154.74358954	4197.94871781	4187.17948704	4201.53846147	
4196.28205115	4206.02564096	4204.48717942	4209.61538455	4202.94871788	4227.94871788	4185.64102551	4178.58974345	4186.5384614	4173.58974345	4148.97435877	4199.35897422	4190.38461525	4205.64102558	
4201.53846147	4203.71794865	4213.4615384	4222.30769224	4194.48717935	4222.43589737	4190.89743576	4192.56410243	4197.56410243	4180.51282038	4169.10256397	4206.6666666	4198.58974345	4217.05128199	
4199.2307691	4203.84615378	4215.89743583	4227.69230763	4196.92307679	4213.4615384	4187.17948704	4186.5384614	4196.15384602	4176.5384614	4169.48717935	4211.41025634	4201.28205122	4215.51282045	
4200.51282038	4212.43589737	4214.61538455	4212.05128199	4191.41025628	4224.48717942	4189.2307691	4184.35897422	4192.69230756	4177.69230756	4160.38461518	4212.30769224	4201.53846147	4211.92307686	
4203.84615378	4207.69230763	4215.12820506	4211.15384609	4211.92307686	4226.6666666	4192.56410243	4196.15384602	4197.69230756	4181.79487166	4161.92307672	4211.28205122	4203.33333327	4216.92307686	
4204.48717942	4200.89743576	4219.48717942	4230.38461532	4233.97435898	4226.15384609	4198.84615371	4207.5641025	4206.79487173	4184.87179474	4164.9999998	4215.12820506	4207.94871788	4222.5641025	
4203.4615384	4208.84615378	4218.97435891	4225.89743583	4212.94871788	4227.43589737	4201.28205122	4202.69230763	4205.38461532	4186.66666653	4162.43589723	4214.23076917	4205.12820506	4219.10256404	
4195.38461525	4202.69230763	4208.71794865	4203.84615378	4193.07692294	4213.4615384	4187.30769217	4185.12820499	4192.94871781	4178.3333332	4151.53846133	4198.84615371	4189.35897422	4209.61538455	
4182.56410243	4177.30769217	4194.74358961	4195.12820499	4188.71794858	4195.12820499	4170.64102551	4171.66666653	4181.02564089	4161.02564082	4138.205128	4184.87179474	4173.97435884	4199.74358961	
4174.99999986	4171.79487166	4186.02564089	4186.92307679	4167.3076921	4200.12820499	4168.46153833	4163.33333313	4173.97435884	4146.02564082	4132.30769203	4181.66666653	4166.92307672	4193.71794858	
4176.02564089	4185.89743576	4189.10256397	4182.4358973	4159.35897415	4209.35897429	4169.99999986	4160.64102544	4176.66666653	4149.1025639	4138.205128	4185.89743576	4170.76923063	4194.99999986	
4173.46153833	4176.41025628	4185.51282038	4175.51282038	4168.3333332	4192.94871781	4163.33333313	4156.02564082	4173.46153833	4150.38461518	4133.9743587	4179.48717935	4169.2307691	4189.87179474	
4173.84615371	4159.23076903	4182.4358973	4177.05128192	4168.07692287	4175.38461525	4159.61538441	4159.74358954	4172.05128192	4150.64102544	4134.74358947	4180.25641012	4172.4358973	4191.5384614	
4187.05128192	4175.51282038	4195.38461525	4195.64102551	4167.43589723	4186.66666653	4165.76923056	4173.20512807	4184.10256397	4165.51282031	4155.38461518	4200.38461525	4190.38461525	4207.43589737	
4187.56410243	4192.56410243	4196.41025628	4189.87179474	4183.71794858	4196.66666653	4168.46153833	4165.38461518	4179.48717935	4159.74358954	4149.61538441	4195.76923063	4181.41025628	4200.76923063	
4176.92307679	4178.3333332	4187.17948704	4177.56410243	4193.71794858	4191.41025628	4169.48717935	4153.71794851	4164.1025639	4140.89743569	4131.41025614	4177.69230756	4161.41025621	4187.05128192	
4180.76923063	4153.46153826	4189.48717935	4186.41025628	4165.25641005	4185.76923063	4167.43589723	4161.15384595	4167.94871774	4150.12820492	4139.1025639	4183.20512807	4171.02564089	4194.74358961	
4184.10256397	4146.15384595	4187.56410243	4184.48717935	4129.74358947	4177.69230756	4154.61538441	4159.23076903	4172.05128192	4161.92307672	4142.43589723	4183.46153833	4176.02564089	4194.87179474	
4171.15384602	4148.205128	4173.46153833	4167.56410236	4133.9743587	4168.46153833	4145.76923056	4141.41025621	4158.97435877	4141.53846133	4123.33333306	4166.79487159	4155.38461518	4180.25641012	
4158.97435877	4133.9743587	4158.97435877	4147.56410236	4140.12820492	4153.84615364	4138.07692287	4128.58974332	4145.51282031	4113.71794844	4110.12820485	4156.66666646	4139.48717928	4171.41025628	
4152.05128185	4107.43589716	4144.1025639	4123.71794844	4108.33333306	4145.12820492	4124.23076896	4118.33333306	4136.66666646	4101.79487145	4100.76923043	4146.79487159	4130.7692305	4160.89743569	
4140.51282031	4091.28205094	4128.71794844	4115.64102537	4098.20512786	4147.94871774	4116.66666639	4104.8717946	4125.7692305	4095.76923043	4084.61538427	4128.71794844	4115.25640998	4146.02564082	
4133.33333306	4077.69230735	4123.9743587	4125.89743562	4132.05128178	4133.58974332	4110.64102537	4098.71794837	4121.79487152	4090.76923043	4079.10256376	4120.89743562	4107.05128178	4140.64102544	
4130.64102537	4060.64102523	4118.9743587	4115.7692305	4115.38461511	4112.05128178	4098.58974325	4094.7435894	4118.46153819	4079.99999966	4077.69230735	4117.82051255	4103.84615357	4137.56410236	
4125.25640998	4054.10256369	4107.05128178	4102.43589709	4068.46153805	4106.41025614	4090.25640991	4086.79487145	4111.92307665	4076.66666632	4072.17948684	4110.51282024	4096.41025607	4131.15384588	
4119.35897408	4045.76923036	4099.99999966	4103.0769228	4067.69230728	4106.41025614	4086.92307658	4082.05128171	4110.7692305	4084.23076889	4069.48717907	4104.48717921	4090.51282017	4125.89743562	
4112.05128178	4029.35897388	4093.33333299	4092.69230735	4094.7435894	4104.74358947	4078.8461535	4074.99999966	4104.35897408	4070.6410253	4062.82051241	4096.41025607	4080.38461504	4115.89743562	
4103.20512793	4019.487179	4080.12820478	4072.43589709	4085.76923043	4105.89743562	4075.51282017	4070.25640991	4095.76923043	4050.64102523	4052.82051241	4084.99999966	4068.7179483	4106.79487152	
4099.7435894	4010.25640977	4073.97435863	4065.12820472	4051.66666625	4093.07692273	4077.43589709	4073.33333299	4099.7435894	4059.74358933	4052.43589702	4079.7435894	4068.33333292	4109.35897408	
4099.87179453	3993.33333278	4079.10256376	4075.6410253	4052.43589702	4079.10256376	4071.41025607	4067.69230728	4098.71794837	4062.94871754	4053.07692266	4079.48717914	4068.84615343	4108.58974332	
4101.02564068	3988.71794817	4082.82051248	4078.20512786	4056.02564061	4093.20512786	4071.28205094	4055.76923036	4084.48717914	4044.48717907	4044.35897395	4076.41025607	4062.05128164	4098.97435863	
4106.41025614	4003.07692252	4089.7435894	4083.71794837	4046.02564061	4101.41025607	4074.48717914	4057.05128164	4084.10256376	4041.92307651	4045.25640984	4079.23076889	4063.07692266	4100.38461504	
4110.38461511	4005.76923029	4100.51282017	4104.8717946	4076.79487145	4084.99999966	4066.66666625	4058.20512779	4088.46153812	4046.53846113	4051.28205087	4087.17948684	4062.94871754	4106.53846126	
4114.8717946	4001.1538456	4111.15384588	4116.41025614	4114.48717921	4078.07692273	4064.35897395	4055.64102523	4085.38461504	4050.12820472	4052.94871754	4093.46153812	4061.66666625	4107.30769203	
4124.61538434	4010.51282003	4124.99999973	4121.15384588	4084.48717914	4091.15384581	4077.56410222	4070.25640991	4097.82051248	4070.12820478	4067.17948677	4106.92307665	4079.61538427	4116.02564075	
4129.99999973	4023.20512772	4132.82051255	4130.51282024	4053.84615343	4100.76923043	4086.41025607	4084.7435894	4112.05128178	4081.79487145	4082.30769196	4117.43589716	4096.53846119	4128.58974332	
4130.38461511	4027.69230721	4130.7692305	4130.7692305	4089.7435894	4097.94871761	4086.41025607	4082.05128171	4109.35897408	4075.38461504	4082.30769196	4116.92307665	4093.97435863	4132.05128178	
4135.38461518	4031.2820508	4133.20512793	4127.69230742	4100.89743555	4094.7435894	4089.99999966	4086.28205094	4111.79487152	4083.07692273	4084.48717914	4120.89743562	4098.33333299	4134.8717946	
4146.79487159	4043.33333292	4145.89743569	4143.46153826	4097.05128171	4104.35897408	4099.99999966	4105.12820485	4126.15384588	4101.53846119	4096.15384581	4134.35897408	4114.23076896	4144.61538441	
4157.05128185	4057.43589702	4155.89743569	4162.3076921	4133.71794844	4126.02564075	4116.15384588	4120.89743562	4137.56410236	4112.43589716	4108.9743587	4145.76923056	4122.82051255	4155.38461518	
4164.61538441	4067.69230728	4160.25641005	4167.43589723	4144.23076903	4135.25640998	4127.94871767	4128.46153819	4144.61538441	4122.82051255	4120.38461511	4152.05128185	4131.02564075	4162.69230749	
4168.71794858	4077.82051248	4167.94871774	4168.97435884	4129.99999973	4131.92307665	4128.84615357	4137.69230749	4151.02564082	4134.48717921	4128.9743587	4158.97435877	4145.51282031	4169.61538448	
4168.20512807	4080.89743555	4172.17948704	4168.58974345	4138.205128	4134.8717946	4129.35897408	4141.92307672	4149.9999998	4136.41025621	4132.94871767	4163.71794851	4151.02564082	4174.61538448	
4164.9999998	4079.10256376	4167.17948697	4168.71794858	4151.66666646	4137.17948697	4133.20512793	4137.17948697	4147.94871774	4134.35897408	4136.79487159	4163.205128	4148.71794851	4172.30769217	
4158.33333313	4077.30769196	4158.58974339	4158.58974339	4126.79487152	4149.9999998	4138.33333313	4133.46153819	4146.28205108	4129.61538434	4132.17948691	4151.66666646	4141.28205108	4162.17948697	
4154.23076903	4079.48717914	4155.76923056	4142.69230749	4108.0769228	4165.12820492	4141.53846133	4132.94871767	4143.46153826	4123.20512793	4119.61538434	4141.66666646	4129.8717946	4155.89743569	
4161.66666646	4087.56410222	4160.89743569	4149.61538441	4143.33333313	4157.43589723	4142.94871774	4140.76923056	4149.61538441	4133.33333306	4123.33333306	4151.66666646	4132.82051255	4164.1025639	
4168.84615371	4093.97435863	4165.89743569	4167.17948697	4166.79487159	4143.205128	4142.43589723	4149.1025639	4154.1025639	4142.94871774	4132.56410229	4161.41025621	4145.38461518	4173.20512807	
4164.23076903	4092.43589709	4161.02564082	4158.97435877	4144.9999998	4143.97435877	4142.05128185	4140.38461518	4144.23076903	4128.9743587	4123.9743587	4155.64102544	4141.66666646	4172.17948704	
4159.74358954	4084.61538427	4152.56410236	4141.53846133	4123.33333306	4139.48717928	4138.07692287	4129.23076896	4138.205128	4120.64102537	4115.25640998	4151.79487159	4130.12820485	4167.69230749	
4158.84615364	4083.58974325	4150.25641005	4144.61538441	4125.12820485	4129.48717921	4127.05128178	4128.71794844	4138.84615364	4126.28205101	4119.35897408	4153.33333313	4128.33333306	4162.17948697	
4157.94871774	4093.58974325	4156.15384595	4154.1025639	4126.53846126	4133.71794844	4124.8717946	4128.33333306	4138.71794851	4125.89743562	4124.8717946	4154.1025639	4132.30769203	4160.64102544	
4158.71794851	4097.94871761	4157.82051262	4148.71794851	4130.38461511	4140.12820492	4131.92307665	4126.92307665	4141.79487159	4123.84615357	4125.12820485	4155.12820492	4133.20512793	4163.58974339	
4163.84615364	4092.56410222	4158.58974339	4146.15384595	4152.17948697	4141.02564082	4135.76923056	4133.84615357	4147.3076921	4132.17948691	4130.7692305	4162.94871774	4139.61538441	4169.2307691	
4170.89743576	4099.10256376	4173.20512807	4160.64102544	4149.87179467	4140.89743569	4138.33333313	4140.12820492	4149.23076903	4141.53846133	4143.97435877	4175.64102551	4154.48717928	4178.58974345	
4171.28205115	4114.10256383	4183.3333332	4168.97435884	4123.33333306	4133.9743587	4137.3076921	4138.33333313	4148.205128	4142.56410236	4149.23076903	4179.74358961	4159.23076903	4180.51282038	
4167.94871774	4111.79487152	4176.79487166	4162.69230749	4120.7692305	4134.61538434	4137.94871774	4142.94871774	4151.28205108	4140.64102544	4146.15384595	4174.10256397	4151.79487159	4174.99999986	
4167.82051262	4102.69230742	4170.38461525	4153.97435877	4142.3076921	4149.74358954	4147.43589723	4149.87179467	4154.87179467	4135.38461518	4139.87179467	4169.10256397	4145.89743569	4171.41025628	
4167.56410236	4110.64102537	4172.69230756	4143.84615364	4144.61538441	4163.58974339	4155.64102544	4145.89743569	4152.69230749	4130.7692305	4133.9743587	4166.79487159	4141.53846133	4170.76923063	
4173.71794858	4128.84615357	4184.10256397	4152.17948697	4143.71794851	4164.87179467	4156.41025621	4149.23076903	4158.58974339	4144.87179467	4143.58974339	4175.89743576	4148.97435877	4176.66666653	
4184.35897422	4131.41025614	4195.76923063	4174.99999986	4167.17948697	4160.12820492	4157.17948697	4162.69230749	4171.02564089	4161.15384595	4163.205128	4191.92307679	4167.43589723	4189.10256397	
4184.2307691	4126.15384588	4196.41025628	4177.94871781	4187.69230756	4157.17948697	4163.07692287	4166.02564082	4170.12820499	4154.9999998	4169.2307691	4194.87179474	4172.4358973	4193.84615371	
4185.38461525	4129.61538434	4194.61538448	4173.58974345	4174.87179474	4163.71794851	4170.38461525	4169.48717935	4170.76923063	4161.02564082	4173.46153833	4194.10256397	4173.58974345	4193.46153833	
4196.02564089	4137.69230749	4200.25641012	4183.58974345	4144.9999998	4174.61538448	4172.56410243	4179.10256397	4182.94871781	4182.30769217	4184.10256397	4203.20512814	4183.3333332	4197.82051269	
4200.51282038	4150.76923056	4208.58974352	4190.51282038	4150.64102544	4174.35897422	4174.10256397	4179.74358961	4182.30769217	4177.56410243	4183.97435884	4209.61538455	4186.92307679	4201.28205122	
4197.4358973	4156.15384595	4208.07692301	4182.4358973	4182.17948704	4172.17948704	4180.76923063	4171.79487166	4171.15384602	4162.17948697	4178.07692294	4204.61538455	4178.3333332	4201.92307686	
4204.23076917	4154.23076903	4210.64102558	4181.79487166	4190.38461525	4183.46153833	4189.99999986	4181.5384614	4180.89743576	4177.30769217	4188.07692294	4207.94871788	4184.2307691	4209.48717942	
4213.58974352	4161.41025621	4222.94871788	4198.46153833	4183.97435884	4185.64102551	4191.79487166	4198.07692294	4195.12820499	4195.64102551	4201.6666666	4221.15384609	4200.51282038	4218.07692301	
4207.82051275	4168.46153833	4224.10256404	4208.33333327	4185.25641012	4184.2307691	4190.51282038	4193.46153833	4188.97435884	4187.94871781	4199.10256397	4219.87179481	4197.69230756	4213.97435891	
4205.64102558	4170.38461525	4222.43589737	4214.10256404	4200.12820499	4196.15384602	4194.99999986	4192.05128192	4189.99999986	4190.38461525	4200.25641012	4217.17948711	4197.4358973	4213.4615384	
4209.35897429	4174.10256397	4224.74358968	4217.5641025	4206.53846147	4193.84615371	4194.87179474	4198.97435884	4196.02564089	4198.84615371	4203.71794865	4222.43589737	4204.10256404	4218.58974352	
4205.89743583	4175.51282038	4221.15384609	4214.87179481	4192.94871781	4184.48717935	4191.15384602	4193.07692294	4189.10256397	4188.97435884	4197.94871781	4222.69230763	4199.35897422	4213.58974352	
4198.20512807	4170.64102551	4211.41025634	4207.94871788	4189.35897422	4185.64102551	4189.48717935	4181.92307679	4184.35897422	4180.12820499	4192.4358973	4215.64102558	4189.99999986	4204.61538455	
4195.89743576	4173.58974345	4209.35897429	4203.4615384	4196.92307679	4180.12820499	4185.38461525	4182.82051269	4187.05128192	4183.07692294	4191.92307679	4209.87179481	4188.71794858	4203.84615378	
4199.35897422	4187.05128192	4217.43589737	4212.69230763	4183.71794858	4180.64102551	4188.71794858	4188.97435884	4188.46153833	4188.3333332	4194.35897422	4214.87179481	4192.56410243	4211.28205122	
4200.89743576	4194.48717935	4219.10256404	4219.99999993	4189.10256397	4193.20512807	4195.89743576	4190.51282038	4187.05128192	4187.17948704	4193.07692294	4220.51282045	4189.74358961	4215.51282045	
4202.82051275	4192.94871781	4216.02564096	4214.74358968	4217.17948711	4193.84615371	4197.05128192	4192.4358973	4189.2307691	4187.17948704	4195.51282038	4222.05128199	4191.28205115	4214.10256404	
4205.38461532	4193.84615371	4221.02564096	4214.87179481	4207.69230763	4189.2307691	4197.69230756	4198.20512807	4197.69230756	4201.41025634	4206.79487173	4229.74358968	4203.84615378	4217.17948711	
4205.51282045	4199.10256397	4226.92307686	4223.97435891	4176.79487166	4188.97435884	4199.99999986	4207.43589737	4207.17948711	4218.97435891	4216.79487173	4238.07692308	4214.23076917	4223.20512814	
4203.33333327	4206.53846147	4221.6666666	4221.15384609	4184.87179474	4191.02564089	4197.69230756	4205.89743583	4202.17948711	4206.28205122	4212.94871788	4233.07692301	4206.79487173	4220.64102558	
4201.41025634	4212.30769224	4215.89743583	4206.28205122	4216.79487173	4203.33333327	4201.15384609	4196.92307679	4193.20512807	4183.58974345	4205.51282045	4227.17948711	4197.05128192	4217.94871788	
4210.7692307	4222.82051275	4231.02564096	4219.74358968	4241.7948718	4213.71794865	4217.43589737	4215.12820506	4213.33333327	4209.10256404	4222.82051275	4246.66666667	4218.33333327	4236.02564103	
4219.99999993	4232.94871788	4245.38461539	4244.23076923	4226.6666666	4213.33333327	4225.89743583	4240.0	4232.05128199	4242.05128206	4241.7948718	4262.43589744	4238.46153847	4249.10256411	
4209.87179481	4229.35897429	4233.33333327	4235.38461539	4195.64102551	4216.79487173	4219.74358968	4223.33333327	4215.7692307	4221.15384609	4225.38461532	4242.94871795	4217.43589737	4231.79487173	
4205.7692307	4235.64102564	4228.84615378	4224.61538455	4217.94871788	4225.64102558	4221.53846147	4208.33333327	4207.30769224	4205.25641019	4213.07692301	4235.38461539	4207.43589737	4225.89743583	
4219.48717942	4251.66666667	4244.87179488	4235.8974359	4248.20512821	4217.94871788	4226.6666666	4222.82051275	4219.10256404	4221.6666666	4232.94871788	4254.87179488	4231.02564096	4242.6923077	
4227.69230763	4254.87179488	4255.0	4253.46153847	4235.38461539	4202.05128199	4222.30769224	4232.30769224	4224.74358968	4230.38461532	4249.10256411	4267.56410264	4243.20512821	4250.12820513	
4219.23076917	4254.35897436	4246.7948718	4243.97435898	4209.74358968	4214.23076917	4223.71794865	4227.69230763	4219.35897429	4224.87179481	4236.66666667	4259.23076923	4228.97435891	4242.05128206	
4211.28205122	4256.53846154	4236.41025641	4213.97435891	4214.74358968	4233.58974352	4233.58974352	4222.17948711	4212.82051275	4217.94871788	4220.7692307	4247.30769231	4216.6666666	4235.12820513	
4220.25641019	4257.17948718	4245.64102564	4225.64102558	4243.07692308	4228.97435891	4236.53846154	4230.12820506	4222.05128199	4224.61538455	4233.20512814	4257.43589744	4230.25641019	4245.12820513	
4225.89743583	4261.02564103	4256.53846154	4255.51282052	4245.8974359	4224.35897429	4233.4615384	4238.58974359	4232.17948711	4237.94871795	4245.51282052	4271.0256411	4242.56410257	4253.33333334	
4221.6666666	4273.46153853	4256.53846154	4246.92307693	4227.69230763	4227.17948711	4232.5641025	4232.94871788	4223.97435891	4232.30769224	4238.84615385	4268.07692315	4232.5641025	4247.05128206	
4219.23076917	4276.28205136	4254.87179488	4233.97435898	4227.69230763	4218.58974352	4232.17948711	4229.99999993	4217.82051275	4216.41025634	4238.46153847	4264.87179488	4227.05128199	4242.43589744	
4215.7692307	4264.23076923	4251.02564103	4245.12820513	4238.33333334	4208.97435891	4224.74358968	4229.99999993	4219.99999993	4213.07692301	4241.66666667	4263.58974359	4229.48717942	4240.8974359	
4211.41025634	4260.8974359	4248.84615385	4248.84615385	4224.74358968	4209.48717942	4217.43589737	4222.30769224	4214.23076917	4219.23076917	4240.64102564	4260.64102564	4227.17948711	4239.23076923	
4210.25641019	4265.38461539	4249.74358975	4236.66666667	4207.5641025	4214.10256404	4219.61538455	4217.17948711	4208.97435891	4217.82051275	4242.05128206	4258.58974359	4226.92307686	4237.82051282	
4214.23076917	4270.76923084	4251.28205129	4237.43589744	4218.84615378	4220.51282045	4225.12820506	4228.07692301	4215.64102558	4218.58974352	4248.20512821	4262.6923077	4235.64102564	4241.41025641	
4220.64102558	4277.56410264	4256.53846154	4248.58974359	4234.35897436	4221.02564096	4227.43589737	4237.6923077	4223.20512814	4230.25641019	4258.33333334	4273.46153853	4245.25641026	4251.53846154	
4218.84615378	4268.71794879	4257.30769231	4246.15384616	4212.82051275	4211.02564096	4223.58974352	4228.58974352	4219.61538455	4231.6666666	4261.53846154	4276.0256411	4243.84615385	4252.82051282	
4208.58974352	4257.56410257	4249.35897436	4236.15384616	4204.74358968	4206.6666666	4216.28205122	4216.15384609	4210.25641019	4218.4615384	4252.56410257	4266.02564103	4233.33333327	4242.30769231	
4205.25641019	4262.05128206	4245.12820513	4236.02564103	4222.69230763	4205.38461532	4208.33333327	4217.94871788	4210.38461532	4215.7692307	4249.23076923	4261.41025641	4230.7692307	4237.17948718	
4198.07692294	4254.23076923	4234.87179488	4218.20512814	4186.41025628	4199.10256397	4200.89743576	4210.12820506	4209.10256404	4212.05128199	4240.8974359	4252.17948718	4224.23076917	4231.15384609	
4183.3333332	4234.35897436	4220.12820506	4198.58974345	4169.87179474	4188.07692294	4191.92307679	4187.56410243	4195.51282038	4194.2307691	4227.30769224	4238.71794872	4208.58974352	4218.33333327	
4175.76923063	4223.84615378	4214.99999993	4208.84615378	4207.5641025	4170.38461525	4177.05128192	4180.25641012	4184.48717935	4184.87179474	4225.89743583	4236.41025641	4202.17948711	4212.05128199	
4167.82051262	4218.4615384	4202.05128199	4196.92307679	4189.87179474	4166.53846133	4169.35897422	4181.15384602	4182.05128192	4181.5384614	4210.25641019	4221.15384609	4193.20512807	4204.35897429	
4156.79487159	4213.84615378	4186.66666653	4168.71794858	4130.7692305	4170.76923063	4168.84615371	4170.51282038	4177.94871781	4167.82051262	4191.92307679	4202.43589737	4177.82051269	4192.30769217	
4149.74358954	4206.79487173	4183.58974345	4174.35897422	4137.82051262	4145.76923056	4154.1025639	4157.69230749	4169.61538448	4157.94871774	4202.17948711	4205.89743583	4175.51282038	4187.17948704	
4146.41025621	4197.69230756	4180.12820499	4174.35897422	4177.30769217	4130.38461511	4143.46153826	4154.74358954	4164.1025639	4160.76923056	4210.38461532	4206.53846147	4179.10256397	4187.17948704	
4144.87179467	4189.99999986	4172.69230756	4146.92307672	4157.43589723	4163.71794851	4158.07692287	4154.87179467	4162.69230749	4160.51282031	4198.07692294	4194.87179474	4172.94871781	4186.02564089	
4149.9999998	4193.97435884	4179.2307691	4151.92307672	4111.15384588	4186.41025628	4171.5384614	4157.17948697	4167.43589723	4156.41025621	4199.61538448	4196.79487166	4173.46153833	4186.66666653	
4158.71794851	4214.48717942	4195.25641012	4184.35897422	4127.56410229	4167.82051262	4165.38461518	4165.64102544	4175.76923063	4162.17948697	4216.15384609	4206.53846147	4185.76923063	4191.41025628	
4160.76923056	4227.17948711	4197.4358973	4188.46153833	4183.71794858	4151.41025621	4157.82051262	4167.94871774	4176.5384614	4170.12820499	4216.02564096	4204.61538455	4189.48717935	4194.99999986	
4157.82051262	4222.43589737	4192.05128192	4176.92307679	4175.12820499	4161.79487159	4163.84615364	4164.87179467	4173.58974345	4170.76923063	4211.6666666	4200.89743576	4184.87179474	4192.69230756	
4155.64102544	4219.61538455	4194.48717935	4176.41025628	4131.92307665	4181.66666653	4171.79487166	4166.92307672	4174.99999986	4167.3076921	4214.48717942	4201.79487173	4183.07692294	4189.61538448	
4154.61538441	4227.82051275	4195.12820499	4172.69230756	4165.89743569	4182.17948704	4167.82051262	4162.69230749	4169.87179474	4159.35897415	4206.92307686	4198.97435884	4178.20512807	4188.3333332	
4160.38461518	4237.05128206	4200.38461525	4179.35897422	4222.17948711	4163.97435877	4164.1025639	4162.3076921	4169.48717935	4169.87179474	4209.35897429	4204.48717942	4184.61538448	4194.2307691	
4166.15384595	4236.7948718	4213.58974352	4205.25641019	4188.71794858	4158.84615364	4170.12820499	4177.69230756	4182.4358973	4189.99999986	4228.33333327	4215.89743583	4201.53846147	4203.58974352	
4158.46153826	4228.58974352	4213.4615384	4201.79487173	4133.71794844	4176.02564089	4173.84615371	4178.97435884	4182.05128192	4182.30769217	4226.28205122	4211.02564096	4196.5384614	4200.76923063	
4154.23076903	4225.25641019	4205.64102558	4181.28205115	4153.205128	4179.2307691	4171.41025628	4170.12820499	4174.2307691	4169.74358961	4214.87179481	4204.87179481	4186.15384602	4197.05128192	
4164.35897415	4231.92307686	4211.53846147	4193.46153833	4175.12820499	4163.71794851	4171.02564089	4178.58974345	4182.4358973	4181.41025628	4225.38461532	4216.41025634	4199.2307691	4204.87179481	
4167.82051262	4239.74358975	4218.58974352	4202.30769224	4168.3333332	4172.56410243	4177.17948704	4186.92307679	4192.82051269	4194.99999986	4233.58974352	4220.7692307	4208.33333327	4207.05128199	
4161.15384595	4238.71794872	4213.71794865	4182.4358973	4167.3076921	4194.10256397	4183.3333332	4183.20512807	4191.66666653	4192.4358973	4227.17948711	4209.87179481	4201.92307686	4201.28205122	
4162.05128185	4232.30769224	4214.74358968	4184.10256397	4177.05128192	4188.20512807	4183.46153833	4187.56410243	4193.97435884	4193.3333332	4229.48717942	4212.94871788	4205.38461532	4204.99999993	
4166.79487159	4240.0	4223.71794865	4204.99999993	4193.71794858	4184.61538448	4183.71794858	4194.99999986	4200.51282038	4199.74358961	4235.38461539	4225.51282045	4213.07692301	4211.53846147	
4165.12820492	4246.15384616	4222.30769224	4199.99999986	4185.76923063	4193.07692294	4183.71794858	4190.12820499	4196.79487166	4197.69230756	4231.02564096	4219.74358968	4206.92307686	4206.02564096	
4159.1025639	4231.79487173	4211.6666666	4181.79487166	4155.64102544	4180.25641012	4177.05128192	4181.02564089	4187.69230756	4190.76923063	4224.10256404	4205.89743583	4196.92307679	4198.3333332	
4154.74358954	4223.20512814	4205.7692307	4177.94871781	4152.17948697	4161.53846133	4168.07692287	4173.58974345	4182.69230756	4186.41025628	4217.5641025	4203.97435891	4192.05128192	4193.97435884	
4153.97435877	4228.84615378	4207.43589737	4186.79487166	4160.25641005	4154.9999998	4160.25641005	4167.56410236	4180.64102551	4178.58974345	4212.94871788	4207.05128199	4188.46153833	4191.41025628	
4148.205128	4221.6666666	4201.6666666	4185.38461525	4148.71794851	4152.3076921	4156.02564082	4161.66666646	4175.64102551	4167.56410236	4208.33333327	4200.64102551	4183.20512807	4186.41025628	
4138.07692287	4207.43589737	4190.38461525	4170.25641012	4150.38461518	4149.48717928	4152.43589723	4154.23076903	4167.17948697	4165.64102544	4201.53846147	4191.41025628	4177.69230756	4178.07692294	
4134.23076896	4209.74358968	4186.79487166	4162.94871774	4156.02564082	4147.69230749	4146.92307672	4147.3076921	4159.48717928	4162.17948697	4194.61538448	4188.3333332	4171.79487166	4173.84615371	
4132.05128178	4209.48717942	4178.84615371	4154.23076903	4137.05128185	4145.12820492	4142.05128185	4138.71794851	4152.94871774	4146.66666646	4183.84615371	4179.10256397	4159.48717928	4168.97435884	
4129.8717946	4202.30769224	4172.94871781	4152.69230749	4128.0769228	4143.46153826	4142.69230749	4138.46153826	4154.1025639	4142.69230749	4178.84615371	4173.58974345	4154.87179467	4168.84615371	
4133.9743587	4201.79487173	4182.30769217	4165.76923056	4134.23076896	4142.56410236	4146.66666646	4149.48717928	4161.28205108	4153.205128	4185.89743576	4182.30769217	4163.205128	4176.15384602	
4131.66666639	4199.87179474	4180.25641012	4159.61538441	4128.0769228	4136.53846133	4138.58974339	4140.51282031	4151.02564082	4143.71794851	4175.89743576	4173.46153833	4152.82051262	4168.97435884	
4123.46153819	4201.79487173	4167.3076921	4143.97435877	4127.56410229	4138.71794851	4128.9743587	4122.30769203	4136.66666646	4126.66666639	4159.1025639	4158.33333313	4137.3076921	4158.205128	
4129.8717946	4208.4615384	4176.15384602	4157.43589723	4143.71794851	4144.48717928	4136.41025621	4129.99999973	4144.9999998	4131.79487152	4170.89743576	4173.58974345	4150.12820492	4170.12820499	
4141.66666646	4208.20512814	4191.92307679	4170.89743576	4144.1025639	4144.9999998	4149.48717928	4146.28205108	4157.56410236	4140.51282031	4182.05128192	4189.87179474	4162.82051262	4183.3333332	
4146.92307672	4213.4615384	4196.92307679	4167.17948697	4150.51282031	4150.38461518	4158.46153826	4156.15384595	4164.61538441	4153.07692287	4179.61538448	4191.66666653	4163.205128	4186.66666653	
4148.33333313	4231.15384609	4199.61538448	4169.2307691	4168.84615371	4147.3076921	4157.05128185	4158.33333313	4168.46153833	4167.82051262	4188.97435884	4197.69230756	4170.12820499	4190.12820499	
4146.79487159	4225.7692307	4199.10256397	4171.92307679	4153.46153826	4148.07692287	4153.58974339	4153.07692287	4166.15384595	4164.35897415	4204.23076917	4200.64102551	4181.15384602	4189.35897422	
4145.51282031	4207.43589737	4197.94871781	4168.97435884	4133.46153819	4167.94871774	4159.35897415	4155.12820492	4168.46153833	4159.87179467	4208.4615384	4202.43589737	4187.56410243	4190.89743576	
4146.92307672	4219.48717942	4201.79487173	4170.38461525	4149.61538441	4169.61538448	4162.56410236	4161.79487159	4176.02564089	4171.15384602	4207.43589737	4209.35897429	4186.15384602	4197.94871781	
4148.58974339	4235.38461539	4205.12820506	4180.89743576	4167.05128185	4146.79487159	4156.92307672	4163.205128	4178.20512807	4178.07692294	4210.64102558	4210.25641019	4187.17948704	4198.71794858	
4146.79487159	4224.10256404	4199.74358961	4180.51282038	4149.1025639	4146.15384595	4155.51282031	4162.3076921	4176.02564089	4173.58974345	4210.12820506	4202.69230763	4190.38461525	4192.69230756	
4147.69230749	4216.15384609	4199.87179474	4174.2307691	4157.17948697	4167.3076921	4162.05128185	4165.76923056	4176.66666653	4176.41025628	4210.64102558	4205.25641019	4190.25641012	4193.84615371	
4150.25641005	4225.7692307	4211.15384609	4181.28205115	4199.48717935	4162.94871774	4163.84615364	4167.56410236	4177.94871781	4179.2307691	4213.97435891	4212.05128199	4190.25641012	4198.20512807	
4143.97435877	4223.20512814	4204.35897429	4171.92307679	4181.41025628	4151.15384595	4156.66666646	4159.48717928	4172.17948704	4164.9999998	4205.51282045	4201.6666666	4183.58974345	4188.84615371	
4141.79487159	4212.69230763	4194.2307691	4159.61538441	4127.05128178	4155.76923056	4157.3076921	4160.89743569	4171.41025628	4165.89743569	4203.4615384	4198.20512807	4181.5384614	4187.69230756	
4150.64102544	4215.25641019	4206.79487173	4178.3333332	4137.82051262	4150.64102544	4165.12820492	4176.79487166	4182.69230756	4187.30769217	4218.33333327	4213.84615378	4194.99999986	4204.23076917	
4150.25641005	4219.87179481	4213.07692301	4187.05128192	4188.97435884	4145.76923056	4165.12820492	4178.20512807	4185.25641012	4188.20512807	4219.87179481	4216.92307686	4198.58974345	4204.61538455	
4146.53846133	4228.58974352	4208.71794865	4177.82051269	4188.58974345	4160.38461518	4162.17948697	4171.66666653	4178.84615371	4178.84615371	4210.51282045	4211.02564096	4191.28205115	4193.46153833	
4148.33333313	4229.48717942	4211.79487173	4185.25641012	4161.41025621	4165.64102544	4165.64102544	4175.64102551	4180.25641012	4182.94871781	4213.58974352	4215.38461532	4192.94871781	4195.12820499	
4140.76923056	4209.99999993	4203.07692301	4175.89743576	4149.74358954	4155.25641005	4166.53846133	4172.56410243	4179.99999986	4180.38461525	4208.20512814	4209.23076917	4188.71794858	4192.05128192	
4125.89743562	4195.51282038	4184.2307691	4147.94871774	4139.9999998	4145.89743569	4153.71794851	4160.38461518	4172.94871781	4168.84615371	4188.46153833	4188.84615371	4173.20512807	4175.89743576	
4120.7692305	4193.20512807	4180.51282038	4149.48717928	4145.51282031	4136.92307672	4141.02564082	4156.92307672	4168.58974345	4159.1025639	4179.87179474	4181.92307679	4164.61538441	4167.3076921	
4123.71794844	4184.61538448	4183.84615371	4160.51282031	4152.05128185	4143.33333313	4145.51282031	4157.56410236	4167.94871774	4155.38461518	4184.99999986	4187.05128192	4163.33333313	4170.25641012	
4112.82051255	4160.12820492	4170.76923063	4146.79487159	4133.46153819	4137.56410236	4138.71794851	4142.94871774	4157.82051262	4146.66666646	4177.94871781	4175.76923063	4154.48717928	4162.3076921	
4082.69230735	4120.64102537	4137.05128185	4107.30769203	4089.23076889	4098.33333299	4103.58974332	4104.99999973	4127.94871767	4112.43589716	4140.64102544	4138.97435877	4120.25640998	4130.89743562	
4054.87179446	4075.51282017	4102.05128171	4069.7435894	4054.6153842	4075.12820478	4074.35897402	4069.23076882	4098.33333299	4072.43589709	4101.02564068	4103.9743587	4078.07692273	4099.48717914	
4041.66666625	4044.74358933	4083.97435863	4055.38461497	4048.20512779	4064.10256369	4060.89743548	4054.35897395	4086.53846119	4055.76923036	4086.28205094	4087.05128171	4062.05128164	4085.89743555	
4036.02564054	4032.82051234	4079.99999966	4056.53846113	4048.7179483	4032.82051234	4045.12820472	4048.84615343	4082.30769196	4052.94871754	4086.15384581	4083.20512786	4065.89743548	4082.56410222	
4029.99999952	4018.58974311	4072.82051248	4043.20512779	4029.487179	4024.23076875	4036.79487131	4039.99999959	4073.33333299	4044.74358933	4074.35897402	4077.82051248	4055.89743548	4077.94871761	
4034.487179	4012.1794867	4071.15384581	4032.1794867	4016.02564054	4053.07692266	4048.07692266	4039.74358933	4071.92307658	4040.25640984	4066.15384574	4076.79487145	4047.43589702	4076.79487145	
4050.12820472	4026.53846106	4089.87179453	4056.66666625	4047.17948677	4065.12820472	4064.23076882	4056.79487138	4084.35897402	4053.46153805	4083.58974325	4091.92307658	4066.92307651	4088.58974325	
4059.87179446	4037.05128164	4106.53846126	4079.99999966	4074.10256376	4069.87179453	4076.28205094	4069.87179453	4092.43589709	4073.33333299	4102.94871767	4108.58974332	4087.82051248	4103.46153819	
4070.12820478	4049.48717907	4115.25640998	4087.30769196	4072.56410222	4085.12820478	4085.38461504	4076.28205094	4100.89743555	4090.76923043	4114.61538434	4124.35897408	4098.33333299	4115.38461511	
4084.10256376	4069.10256369	4126.53846126	4093.97435863	4078.20512786	4090.12820478	4090.51282017	4086.28205094	4112.69230742	4096.15384581	4124.74358947	4138.07692287	4106.79487152	4123.46153819	
4084.10256376	4069.10256369	4126.53846126	4093.97435863	4078.20512786	4090.12820478	4090.51282017	4086.28205094	4112.69230742	4096.15384581	4124.74358947	4138.07692287	4106.79487152	4123.46153819	
4088.8461535	4072.30769196	4137.69230749	4103.9743587	4100.6410253	4094.61538427	4099.35897402	4095.51282017	4118.20512793	4098.33333299	4133.71794844	4144.9999998	4113.33333306	4128.58974332	
4090.51282017	4077.69230735	4145.64102544	4115.38461511	4116.28205101	4104.99999973	4107.94871767	4103.0769228	4121.02564075	4109.48717921	4142.3076921	4151.53846133	4122.82051255	4135.64102544	
4094.23076889	4097.43589709	4148.84615364	4117.30769203	4110.51282024	4103.84615357	4107.69230742	4103.0769228	4121.02564075	4113.33333306	4141.53846133	4154.74358954	4124.35897408	4138.205128	
4098.58974325	4103.84615357	4155.76923056	4131.53846126	4111.66666639	4106.53846126	4112.94871767	4104.8717946	4124.23076896	4113.9743587	4142.17948697	4159.87179467	4124.74358947	4140.12820492	
4098.97435863	4095.38461504	4158.97435877	4150.51282031	4113.71794844	4126.15384588	4124.8717946	4110.12820485	4124.10256383	4110.64102537	4145.64102544	4167.56410236	4127.69230742	4141.92307672	
4098.20512786	4100.51282017	4161.28205108	4161.53846133	4104.10256383	4119.23076896	4121.02564075	4110.25640998	4119.23076896	4103.33333306	4147.43589723	4174.74358961	4131.28205101	4143.97435877	
4100.89743555	4115.12820485	4171.92307679	4176.5384614	4092.82051248	4094.10256376	4106.41025614	4101.79487145	4113.9743587	4101.28205094	4146.53846133	4179.99999986	4131.53846126	4146.02564082	
4100.51282017	4114.23076896	4178.71794858	4195.12820499	4079.7435894	4083.46153812	4093.97435863	4081.41025607	4097.82051248	4086.79487145	4133.84615357	4179.35897422	4115.25640998	4138.97435877	
4097.69230735	4106.53846126	4184.61538448	4210.12820506	4073.33333299	4071.28205094	4081.41025607	4064.48717907	4081.92307658	4063.7179483	4122.56410229	4180.25641012	4096.79487145	4130.12820485	
4096.79487145	4109.35897408	4196.5384614	4219.99999993	4053.97435856	4059.87179446	4074.87179453	4059.74358933	4081.66666632	4060.38461497	4128.46153819	4187.17948704	4097.56410222	4128.0769228	
4100.38461504	4117.94871767	4206.53846147	4226.28205122	4034.99999952	4064.99999959	4074.87179453	4060.89743548	4085.25640991	4068.84615343	4140.51282031	4194.99999986	4108.9743587	4131.28205101	
4108.84615357	4124.74358947	4214.74358968	4222.5641025	4070.76923043	4075.12820478	4076.92307658	4065.25640984	4083.97435863	4070.12820478	4150.76923056	4205.7692307	4116.79487152	4138.84615364	
4116.92307665	4126.79487152	4225.12820506	4221.28205122	4101.79487145	4066.15384574	4082.05128171	4075.76923043	4091.41025607	4077.94871761	4165.25641005	4220.89743583	4126.79487152	4150.76923056	
4115.51282024	4124.99999973	4227.17948711	4223.4615384	4069.23076882	4056.79487138	4084.23076889	4084.87179453	4098.58974325	4085.12820478	4166.66666646	4220.12820506	4129.74358947	4153.33333313	
4104.99999973	4122.82051255	4215.7692307	4211.02564096	4052.05128164	4072.05128171	4085.12820478	4082.43589709	4092.30769196	4078.71794837	4151.15384595	4203.97435891	4118.9743587	4142.94871774	
4098.8461535	4119.99999973	4205.25641019	4195.25641012	4083.33333299	4082.69230735	4086.79487145	4079.61538427	4092.94871761	4080.51282017	4148.84615364	4199.99999986	4118.46153819	4139.87179467	
4097.94871761	4118.71794844	4199.35897422	4189.74358961	4087.30769196	4074.99999966	4086.79487145	4084.7435894	4106.28205101	4091.79487145	4154.61538441	4202.94871788	4127.56410229	4145.25641005	
4099.35897402	4123.20512793	4196.5384614	4191.92307679	4072.30769196	4076.28205094	4090.6410253	4094.87179453	4115.7692305	4100.6410253	4152.3076921	4199.35897422	4131.53846126	4148.07692287	
4100.38461504	4131.53846126	4192.82051269	4189.2307691	4078.97435863	4086.92307658	4097.30769196	4097.82051248	4112.30769203	4099.23076889	4141.79487159	4191.79487166	4122.30769203	4142.05128185	
4099.61538427	4136.15384595	4193.58974345	4187.30769217	4102.94871767	4082.05128171	4097.82051248	4093.20512786	4108.20512793	4092.94871761	4139.23076903	4190.25641012	4115.38461511	4138.71794851	
4095.76923043	4127.17948691	4191.15384602	4179.87179474	4107.05128178	4089.87179453	4099.7435894	4088.46153812	4107.05128178	4092.17948684	4141.92307672	4189.74358961	4115.38461511	4141.02564082	
4096.92307658	4126.41025614	4184.48717935	4170.12820499	4085.89743555	4117.69230742	4115.89743562	4098.71794837	4112.94871767	4102.82051255	4143.71794851	4190.38461525	4121.92307665	4145.12820492	
4112.82051255	4154.1025639	4198.58974345	4189.35897422	4112.43589716	4116.66666639	4131.15384588	4128.33333306	4133.20512793	4123.71794844	4159.61538441	4206.41025634	4142.94871774	4160.38461518	
4125.12820485	4180.38461525	4216.28205122	4206.53846147	4161.15384595	4113.9743587	4138.33333313	4145.12820492	4148.58974339	4142.69230749	4176.15384602	4222.17948711	4157.82051262	4174.99999986	
4129.61538434	4188.71794858	4219.23076917	4199.35897422	4163.33333313	4143.07692287	4152.43589723	4152.56410236	4155.51282031	4163.33333313	4185.64102551	4226.02564096	4165.51282031	4183.46153833	
4137.69230749	4196.28205115	4225.7692307	4205.12820506	4156.53846133	4155.76923056	4164.48717928	4171.28205115	4170.76923063	4181.28205115	4199.61538448	4231.02564096	4181.92307679	4193.46153833	
4139.1025639	4204.99999993	4229.99999993	4210.38461532	4156.41025621	4152.94871774	4167.43589723	4176.02564089	4177.05128192	4179.10256397	4206.02564096	4233.20512814	4188.97435884	4194.99999986	
4137.82051262	4214.23076917	4227.5641025	4201.53846147	4159.87179467	4162.56410236	4171.66666653	4170.12820499	4171.79487166	4177.69230756	4203.97435891	4231.53846147	4184.87179474	4193.07692294	
4141.79487159	4221.28205122	4233.58974352	4210.7692307	4190.12820499	4166.02564082	4174.99999986	4179.87179474	4177.05128192	4192.69230756	4210.12820506	4234.87179488	4190.51282038	4200.76923063	
4143.71794851	4222.30769224	4242.05128206	4224.99999993	4217.05128199	4162.69230749	4178.07692294	4191.79487166	4187.69230756	4200.12820499	4216.6666666	4239.48717949	4199.74358961	4207.30769224	
4141.15384595	4224.74358968	4235.8974359	4203.84615378	4196.02564089	4165.89743569	4182.30769217	4185.64102551	4182.82051269	4187.4358973	4203.97435891	4232.82051275	4192.94871781	4200.51282038	
4145.12820492	4233.20512814	4232.94871788	4194.61538448	4181.02564089	4172.56410243	4184.61538448	4181.92307679	4177.94871781	4184.10256397	4201.28205122	4230.38461532	4191.28205115	4202.5641025	
4150.89743569	4237.05128206	4243.84615385	4223.20512814	4191.66666653	4183.71794858	4187.82051269	4191.41025628	4188.97435884	4199.87179474	4218.4615384	4242.17948718	4204.74358968	4213.84615378	
4146.02564082	4234.87179488	4244.10256411	4225.51282045	4201.41025634	4186.5384614	4190.38461525	4191.5384614	4192.56410243	4202.82051275	4219.61538455	4241.7948718	4205.12820506	4209.61538455	
4143.58974339	4239.87179488	4238.33333334	4208.84615378	4219.74358968	4176.66666653	4189.61538448	4191.15384602	4189.74358961	4202.30769224	4215.89743583	4235.64102564	4202.05128199	4204.87179481	
4147.3076921	4246.7948718	4240.64102564	4211.92307686	4219.74358968	4173.58974345	4186.79487166	4199.61538448	4194.2307691	4210.51282045	4224.48717942	4238.97435898	4205.25641019	4209.61538455	
4146.79487159	4242.6923077	4242.56410257	4210.64102558	4191.79487166	4174.35897422	4186.02564089	4203.20512814	4198.07692294	4209.87179481	4228.07692301	4240.12820513	4204.61538455	4211.02564096	
4142.05128185	4232.69230763	4238.07692308	4194.35897422	4185.25641012	4176.28205115	4189.35897422	4201.28205122	4198.46153833	4209.74358968	4222.5641025	4235.8974359	4206.6666666	4208.33333327	
4136.66666646	4234.48717949	4229.23076917	4188.97435884	4191.66666653	4182.69230756	4187.69230756	4197.05128192	4195.64102551	4213.07692301	4219.99999993	4232.05128199	4207.30769224	4204.10256404	
4135.51282031	4235.8974359	4224.10256404	4195.76923063	4190.25641012	4178.46153833	4182.4358973	4193.20512807	4192.56410243	4203.4615384	4220.25641019	4229.99999993	4199.10256397	4201.28205122	
4130.12820485	4219.99999993	4217.17948711	4188.97435884	4177.4358973	4167.69230749	4178.20512807	4187.4358973	4186.15384602	4191.66666653	4209.99999993	4219.61538455	4187.05128192	4195.76923063	
4121.79487152	4211.79487173	4205.12820506	4175.25641012	4173.71794858	4166.41025621	4171.79487166	4184.2307691	4184.61538448	4198.07692294	4201.02564096	4207.30769224	4184.2307691	4188.71794858	
4119.48717921	4219.23076917	4197.69230756	4169.61538448	4186.28205115	4171.41025628	4168.3333332	4184.99999986	4189.74358961	4202.69230763	4203.33333327	4205.38461532	4186.79487166	4186.41025628	
4115.12820485	4212.69230763	4189.10256397	4161.02564082	4174.74358961	4168.07692287	4168.58974345	4176.02564089	4182.69230756	4184.99999986	4195.38461525	4200.76923063	4178.58974345	4180.51282038	
4107.05128178	4199.10256397	4180.64102551	4148.84615364	4154.61538441	4156.92307672	4166.66666646	4164.74358954	4168.84615371	4171.28205115	4180.51282038	4191.02564089	4167.56410236	4170.64102551	
4106.15384588	4200.89743576	4181.66666653	4146.15384595	4159.74358954	4160.25641005	4165.76923056	4169.48717935	4168.84615371	4174.61538448	4179.87179474	4187.69230756	4166.53846133	4171.41025628	
4109.8717946	4201.6666666	4181.92307679	4149.23076903	4167.56410236	4166.41025621	4167.43589723	4174.10256397	4172.30769217	4176.5384614	4178.58974345	4187.4358973	4164.61538441	4174.99999986	
4107.05128178	4192.94871781	4174.74358961	4145.51282031	4161.02564082	4154.9999998	4164.61538441	4166.66666646	4167.94871774	4172.56410243	4169.2307691	4183.58974345	4157.3076921	4171.15384602	
4098.97435863	4186.41025628	4171.02564089	4137.43589723	4159.61538441	4147.43589723	4158.84615364	4162.82051262	4167.43589723	4171.15384602	4169.2307691	4178.84615371	4157.17948697	4168.20512807	
4096.53846119	4185.51282038	4173.3333332	4137.17948697	4158.46153826	4149.23076903	4156.41025621	4166.02564082	4169.35897422	4173.20512807	4173.20512807	4179.61538448	4162.82051262	4168.20512807	
4101.66666632	4191.79487166	4176.92307679	4146.92307672	4152.56410236	4144.1025639	4155.64102544	4166.15384595	4169.35897422	4176.15384602	4176.02564089	4188.58974345	4167.43589723	4171.15384602	
4106.92307665	4195.76923063	4177.94871781	4145.51282031	4157.94871774	4136.92307672	4154.61538441	4164.87179467	4169.99999986	4176.02564089	4179.87179474	4194.35897422	4169.48717935	4176.66666653	
4107.94871767	4196.41025628	4178.20512807	4140.64102544	4165.76923056	4148.33333313	4161.28205108	4169.61538448	4172.17948704	4176.92307679	4179.35897422	4192.94871781	4169.10256397	4176.92307679	
4111.02564075	4201.79487173	4182.82051269	4154.9999998	4170.51282038	4162.69230749	4170.51282038	4175.38461525	4175.64102551	4184.48717935	4181.28205115	4197.56410243	4171.92307679	4176.15384602	
4113.71794844	4201.02564096	4183.58974345	4154.23076903	4151.15384595	4160.25641005	4172.69230756	4174.10256397	4177.69230756	4183.97435884	4182.69230756	4200.89743576	4173.84615371	4178.3333332	
4110.51282024	4195.89743576	4177.56410243	4132.17948691	4129.61538434	4158.46153826	4172.05128192	4171.02564089	4174.87179474	4172.94871781	4174.35897422	4193.71794858	4166.15384595	4176.92307679	
4110.64102537	4203.33333327	4182.56410243	4142.94871774	4161.79487159	4170.38461525	4176.02564089	4177.17948704	4174.99999986	4178.07692294	4171.92307679	4196.15384602	4165.25641005	4177.94871781	
4118.58974332	4216.79487173	4197.56410243	4169.87179474	4213.71794865	4177.17948704	4182.4358973	4188.71794858	4185.38461525	4194.99999986	4186.02564089	4212.17948711	4182.69230756	4189.10256397	
4119.48717921	4214.99999993	4194.48717935	4158.07692287	4195.38461525	4167.17948697	4182.17948704	4184.48717935	4186.41025628	4193.20512807	4187.56410243	4209.23076917	4184.10256397	4186.79487166	
4114.74358947	4211.79487173	4184.48717935	4144.48717928	4142.69230749	4167.56410236	4182.05128192	4174.99999986	4178.07692294	4184.48717935	4177.82051269	4195.89743576	4168.58974345	4175.64102551	
4117.30769203	4217.17948711	4192.69230756	4162.3076921	4163.33333313	4183.71794858	4187.69230756	4180.64102551	4180.51282038	4189.99999986	4183.46153833	4203.58974352	4175.12820499	4180.25641012	
4116.53846126	4212.5641025	4196.66666653	4168.20512807	4199.61538448	4179.99999986	4181.41025628	4179.48717935	4179.48717935	4185.89743576	4184.61538448	4208.07692301	4182.4358973	4181.02564089	
4115.25640998	4211.53846147	4192.69230756	4163.07692287	4176.92307679	4162.94871774	4172.05128192	4170.25641012	4173.3333332	4179.2307691	4180.25641012	4201.28205122	4174.87179474	4175.25641012	
4116.92307665	4217.17948711	4191.28205115	4162.05128185	4159.61538441	4161.79487159	4173.58974345	4173.20512807	4175.38461525	4189.10256397	4184.74358961	4200.76923063	4174.10256397	4177.94871781	
4110.89743562	4215.7692307	4187.69230756	4152.82051262	4179.74358961	4172.69230756	4174.74358961	4174.48717935	4176.02564089	4186.66666653	4181.15384602	4201.02564096	4174.10256397	4176.41025628	
4114.8717946	4221.6666666	4193.84615371	4161.79487159	4187.82051269	4179.99999986	4176.5384614	4177.82051269	4180.76923063	4183.46153833	4182.56410243	4210.12820506	4178.20512807	4178.46153833	
4129.23076896	4228.33333327	4204.74358968	4181.28205115	4178.3333332	4181.15384602	4182.17948704	4185.12820499	4189.35897422	4195.25641012	4194.74358961	4220.89743583	4187.82051269	4189.87179474	
4132.82051255	4223.71794865	4205.7692307	4179.99999986	4187.30769217	4177.05128192	4183.46153833	4186.66666653	4189.48717935	4207.30769224	4200.76923063	4225.64102558	4194.48717935	4195.25641012	
4126.02564075	4215.64102558	4201.02564096	4166.66666646	4197.17948704	4171.66666653	4179.74358961	4184.35897422	4185.51282038	4207.5641025	4198.3333332	4226.79487173	4194.61538448	4192.69230756	
4123.84615357	4215.51282045	4198.07692294	4160.25641005	4182.05128192	4172.56410243	4178.58974345	4184.10256397	4185.12820499	4197.05128192	4196.41025628	4223.4615384	4191.92307679	4191.92307679	
4125.64102537	4226.92307686	4200.12820499	4166.28205108	4172.82051269	4176.41025628	4179.74358961	4186.5384614	4187.17948704	4194.35897422	4197.56410243	4222.69230763	4191.41025628	4191.5384614	
4123.71794844	4231.41025634	4201.92307686	4176.28205115	4187.56410243	4170.38461525	4176.02564089	4185.76923063	4187.4358973	4200.89743576	4198.84615371	4225.64102558	4193.84615371	4190.89743576	
4123.20512793	4222.43589737	4201.15384609	4181.15384602	4183.71794858	4161.66666646	4169.61538448	4182.94871781	4187.17948704	4203.97435891	4201.15384609	4227.82051275	4199.10256397	4193.3333332	
4122.82051255	4219.35897429	4198.20512807	4171.02564089	4172.17948704	4174.48717935	4170.25641012	4179.61538448	4182.4358973	4196.41025628	4199.48717935	4224.99999993	4197.69230756	4192.69230756	
4126.66666639	4223.84615378	4202.69230763	4168.97435884	4195.89743576	4187.69230756	4178.97435884	4183.20512807	4183.58974345	4197.30769217	4201.6666666	4227.5641025	4197.82051269	4194.74358961	
4136.28205108	4229.61538455	4216.15384609	4180.76923063	4209.74358968	4180.25641012	4183.71794858	4192.17948704	4193.97435884	4206.28205122	4210.38461532	4236.53846154	4205.51282045	4202.94871788	
4139.35897415	4241.28205129	4224.23076917	4187.82051269	4185.51282038	4175.38461525	4181.79487166	4194.48717935	4196.66666653	4209.61538455	4215.25641019	4243.07692308	4212.30769224	4207.5641025	
4140.89743569	4246.41025641	4227.94871788	4197.94871781	4188.71794858	4194.35897422	4189.2307691	4201.15384609	4198.3333332	4222.05128199	4221.92307686	4250.38461539	4219.35897429	4212.69230763	
4147.94871774	4244.48717949	4231.79487173	4202.69230763	4223.4615384	4203.07692301	4197.94871781	4208.20512814	4204.87179481	4227.17948711	4225.89743583	4251.7948718	4220.38461532	4215.89743583	
4148.07692287	4244.10256411	4227.82051275	4190.51282038	4230.25641019	4187.05128192	4192.82051269	4203.20512814	4205.25641019	4216.53846147	4222.05128199	4245.25641026	4215.38461532	4210.89743583	
4144.87179467	4246.41025641	4227.94871788	4193.20512807	4210.38461532	4186.92307679	4192.17948704	4206.02564096	4207.5641025	4223.71794865	4227.43589737	4250.12820513	4223.20512814	4214.23076917	
4150.89743569	4251.92307693	4237.6923077	4214.61538455	4203.71794865	4198.84615371	4203.20512814	4218.20512814	4214.87179481	4242.30769231	4238.58974359	4263.58974359	4235.51282052	4224.10256404	
4159.74358954	4261.02564103	4244.10256411	4218.20512814	4225.38461532	4203.20512814	4209.23076917	4219.48717942	4217.05128199	4241.41025641	4241.28205129	4266.79487187	4234.10256411	4225.12820506	
4161.28205108	4265.12820513	4244.87179488	4206.15384609	4236.92307693	4219.61538455	4213.71794865	4218.4615384	4220.89743583	4237.56410257	4240.8974359	4265.76923077	4232.5641025	4226.41025634	
4157.3076921	4256.7948718	4240.8974359	4202.43589737	4226.28205122	4224.61538455	4214.87179481	4223.71794865	4224.61538455	4240.76923077	4240.8974359	4264.61538462	4234.48717949	4227.30769224	
4158.205128	4253.33333334	4240.38461539	4213.71794865	4230.64102558	4200.51282038	4208.33333327	4224.74358968	4222.30769224	4239.10256411	4239.87179488	4263.58974359	4231.92307686	4223.84615378	
4153.205128	4248.07692308	4233.84615385	4206.6666666	4223.71794865	4191.28205115	4200.64102551	4213.84615378	4212.17948711	4226.92307686	4228.84615378	4253.58974359	4220.12820506	4216.6666666	
4138.58974339	4234.74358975	4216.6666666	4171.92307679	4191.92307679	4198.58974345	4194.74358961	4194.61538448	4197.17948704	4209.35897429	4211.6666666	4236.53846154	4205.12820506	4205.7692307	
4136.28205108	4227.5641025	4211.28205122	4167.82051262	4187.4358973	4181.15384602	4187.30769217	4190.76923063	4193.84615371	4206.28205122	4214.35897429	4235.76923077	4206.6666666	4203.97435891	
4138.205128	4218.84615378	4210.51282045	4183.07692294	4188.07692294	4151.28205108	4177.30769217	4194.2307691	4195.51282038	4202.17948711	4217.30769224	4234.87179488	4207.43589737	4202.94871788	
4127.56410229	4211.92307686	4198.3333332	4168.97435884	4163.33333313	4155.12820492	4173.3333332	4178.46153833	4185.12820499	4178.58974345	4198.71794858	4216.28205122	4187.4358973	4187.56410243	
4117.69230742	4206.92307686	4183.3333332	4146.15384595	4168.84615371	4172.94871781	4174.10256397	4157.82051262	4168.84615371	4157.3076921	4179.48717935	4200.12820499	4168.84615371	4173.84615371	
4116.15384588	4196.79487166	4174.10256397	4130.89743562	4172.69230756	4165.89743569	4171.79487166	4154.87179467	4161.92307672	4153.46153826	4171.79487166	4193.71794858	4164.87179467	4173.3333332	
4115.25640998	4189.99999986	4174.99999986	4131.41025614	4146.79487159	4158.97435877	4175.25641012	4164.74358954	4167.94871774	4159.87179467	4174.87179474	4193.71794858	4166.41025621	4176.15384602	
4118.20512793	4197.30769217	4183.20512807	4157.43589723	4150.38461518	4155.25641005	4175.12820499	4168.84615371	4172.17948704	4166.79487159	4179.87179474	4199.87179474	4168.20512807	4175.51282038	
4124.35897408	4210.12820506	4186.41025628	4174.10256397	4175.25641012	4159.23076903	4172.56410243	4165.76923056	4169.87179474	4166.53846133	4176.02564089	4205.7692307	4171.79487166	4176.66666653	
4132.30769203	4219.10256404	4192.56410243	4173.07692294	4191.66666653	4167.17948697	4176.15384602	4168.84615371	4172.17948704	4165.38461518	4181.41025628	4213.58974352	4178.84615371	4183.3333332	
4133.58974332	4218.84615378	4198.07692294	4174.10256397	4189.2307691	4168.84615371	4174.74358961	4169.61538448	4171.92307679	4167.17948697	4187.56410243	4216.15384609	4178.58974345	4183.3333332	
4127.05128178	4208.84615378	4190.38461525	4170.38461525	4164.74358954	4177.69230756	4174.35897422	4168.71794858	4169.48717935	4170.76923063	4178.58974345	4210.12820506	4174.35897422	4177.05128192	
4131.53846126	4209.99999993	4190.89743576	4168.46153833	4158.97435877	4178.20512807	4180.64102551	4174.35897422	4176.15384602	4177.94871781	4181.41025628	4214.74358968	4181.28205115	4183.20512807	
4142.56410236	4222.5641025	4205.25641019	4180.76923063	4192.69230756	4166.79487159	4180.38461525	4180.51282038	4183.07692294	4186.02564089	4194.48717935	4224.99999993	4188.46153833	4193.58974345	
4138.84615364	4222.17948711	4206.6666666	4184.61538448	4200.64102551	4166.15384595	4173.58974345	4178.46153833	4179.10256397	4184.87179474	4186.79487166	4218.20512814	4180.38461525	4187.82051269	
4127.30769203	4211.53846147	4191.41025628	4171.66666653	4177.94871781	4164.9999998	4169.35897422	4168.20512807	4170.12820499	4171.15384602	4171.5384614	4202.82051275	4167.56410236	4175.12820499	
4131.15384588	4211.02564096	4189.2307691	4168.71794858	4178.84615371	4160.51282031	4171.66666653	4166.15384595	4168.46153833	4171.66666653	4175.89743576	4206.79487173	4169.35897422	4177.94871781	
4138.58974339	4216.02564096	4197.82051269	4173.97435884	4192.17948704	4173.58974345	4175.51282038	4170.12820499	4170.25641012	4182.05128192	4180.51282038	4214.99999993	4174.35897422	4185.25641012	
4137.82051262	4219.87179481	4197.4358973	4174.74358961	4200.25641012	4186.92307679	4181.5384614	4171.02564089	4171.41025628	4175.25641012	4176.15384602	4209.87179481	4169.48717935	4182.56410243	
4146.28205108	4240.76923077	4203.97435891	4185.89743576	4214.61538455	4180.51282038	4190.12820499	4183.71794858	4179.87179474	4175.25641012	4185.12820499	4214.10256404	4175.38461525	4189.87179474	
4160.38461518	4257.94871795	4218.33333327	4207.5641025	4225.7692307	4183.20512807	4198.07692294	4203.33333327	4194.48717935	4196.41025628	4202.05128199	4230.25641019	4193.07692294	4204.87179481	
4161.79487159	4244.87179488	4219.99999993	4211.28205122	4212.5641025	4206.02564096	4203.20512814	4209.87179481	4201.92307686	4209.35897429	4207.43589737	4232.82051275	4197.82051269	4205.7692307	
