3183.20512592	2734.61538142	2995.38461275	3034.99999743	3142.43589508	3200.51281829	3192.8205106	3157.94871566	3277.43589536	3192.43589522	3161.53845925	2970.64102293	3124.358972	3256.53845946	
3194.48717727	2739.99999681	3002.94871531	3042.69230513	3149.74358738	3208.20512599	3194.6153824	3160.89743361	3282.43589542	3198.97435675	3168.07692079	2980.38461268	3127.69230533	3261.15384407	
3198.20512599	2758.58974047	3007.69230506	3046.79486923	3154.61538233	3236.02563888	3207.43589522	3168.46153617	3285.12820312	3195.89743368	3167.17948489	2980.51281781	3126.1538438	3266.79486971	
3189.10256188	2757.69230457	3000.51281788	3047.94871538	3129.87179251	3233.8461517	3211.28204906	3175.51281822	3284.10256209	3196.15384393	3157.05127976	2968.84615114	3119.358972	3259.10256202	
3192.17948496	2751.53845835	3006.15384352	3074.9999975	3153.20512592	3227.69230554	3213.84615163	3185.38461316	3294.10256209	3217.43589529	3167.43589515	2978.33333063	3125.64102328	3257.94871587	
3212.94871573	2775.25640713	3027.30768974	3098.07692065	3212.56410034	3252.1794851	3234.99999785	3204.74358752	3312.43589542	3242.56410041	3198.58974137	3006.41025377	3153.46153617	3279.74358766	
3241.41025426	2817.69230464	3059.23076673	3118.07692072	3214.35897214	3279.74358766	3267.30769023	3238.8461517	3336.5384596	3272.56410048	3234.35897221	3042.17948461	3195.89743368	3313.84615183	
3257.94871587	2843.46153548	3083.71794622	3145.12820277	3202.56410034	3293.97435696	3284.23076722	3257.94871587	3349.48717761	3292.69230568	3244.74358759	3063.58974109	3213.07692086	3327.69230575	
3260.3846133	2852.69230471	3091.53845911	3157.6923054	3227.43589529	3304.35897235	3286.28204927	3255.76922869	3349.10256223	3293.46153645	3243.07692093	3068.71794622	3208.46153624	3325.51281857	
3268.20512612	2865.5128176	3101.66666424	3166.02563874	3261.02563894	3309.74358773	3293.84615183	3269.74358766	3360.64102377	3309.10256209	3263.076921	3083.46153596	3226.66666452	3338.58974165	
3273.71794664	2872.17948426	3109.10256167	3181.79486951	3257.1794851	3304.6153826	3296.4102544	3280.76922869	3369.99999813	3325.6410237	3272.94871587	3090.89743347	3237.56410041	3344.10256216	
3266.41025433	2873.07692016	3102.05127962	3185.64102342	3227.69230554	3307.82051081	3291.79486978	3266.41025433	3361.28204941	3313.33333132	3254.61538253	3079.48717699	3217.17948503	3328.07692114	
3264.99999792	2880.38461247	3102.43589501	3180.25640797	3239.87179272	3311.53845953	3292.17948517	3260.64102356	3357.56410069	3310.76922876	3250.12820305	3080.38461289	3216.92307477	3328.33333139	
3272.56410048	2890.12820228	3117.43589501	3195.12820291	3272.56410048	3307.82051081	3297.3076903	3272.1794851	3364.99999813	3327.17948524	3264.10256202	3095.1282027	3239.61538247	3342.94871601	
3281.02563894	2902.82050998	3134.10256174	3229.23076708	3273.58974151	3317.56410062	3306.02563901	3285.25640825	3373.71794685	3334.48717755	3276.15384407	3108.58974116	3251.53845946	3350.25640838	
3289.6153826	2917.05127921	3142.17948482	3238.97435682	3253.71794664	3333.46153652	3313.84615183	3293.20512619	3378.9743571	3338.58974165	3282.05128004	3116.53845911	3250.89743382	3353.58974172	
3300.25640825	2933.46153569	3150.12820277	3232.56410041	3281.15384407	3350.7692289	3329.48717755	3304.74358773	3386.92307512	3356.66666479	3290.89743389	3126.41025405	3259.99999792	3363.0769212	
3309.10256209	2948.20512543	3162.17948489	3248.97435682	3339.23076729	3361.28204941	3350.12820326	3324.48717755	3402.3076905	3373.58974172	3299.87179286	3139.99999764	3274.48717741	3373.20512633	
3315.6410237	2957.17948447	3173.84615156	3269.61538253	3333.33333139	3361.79486992	3361.15384428	3339.7435878	3415.38461365	3377.56410069	3304.74358773	3147.56410021	3275.12820305	3376.92307505	
3326.92307498	2974.1025614	3189.10256188	3274.23076715	3300.12820312	3377.82051095	3369.74358787	3346.66666472	3421.79487006	3387.94871615	3316.02563908	3158.97435669	3280.89743382	3385.38461358	
3332.94871601	2982.94871524	3196.79486958	3276.15384407	3308.97435696	3391.02563922	3375.38461351	3351.79486992	3425.12820339	3401.92307512	3327.82051088	3171.02563874	3299.48717748	3393.71794692	
3329.87179293	2967.82051011	3195.89743368	3281.02563894	3333.46153652	3380.76922897	3369.10256223	3350.7692289	3420.38461365	3396.02563922	3327.94871601	3169.4871772	3304.87179286	3391.28204948	
3331.28204934	2960.51281781	3199.74358752	3283.71794671	3334.99999806	3376.92307505	3362.05128018	3339.61538267	3412.56410076	3387.05128025	3325.76922883	3167.43589515	3295.64102363	3385.89743409	
3344.48717755	2984.35897165	3213.46153624	3299.35897235	3336.66666472	3387.94871615	3372.56410069	3341.15384421	3419.10256237	3397.69230589	3338.07692114	3182.94871566	3304.74358773	3392.94871615	
3368.71794685	3019.8717923	3241.28204913	3335.89743396	3358.84615197	3407.94871615	3401.92307512	3377.05128018	3445.25640852	3428.3333316	3367.05128018	3213.07692086	3338.97435703	3418.46153673	
3386.02563922	3041.15384359	3262.69230561	3356.41025454	3379.35897249	3434.61538288	3422.69230596	3406.92307512	3463.33333167	3454.87179321	3387.43589563	3233.71794657	3358.0769212	3439.48717775	
3399.48717768	3064.61538212	3282.69230568	3372.05128018	3400.76922897	3448.58974193	3429.87179314	3414.48717775	3469.87179321	3472.05128039	3403.07692127	3252.56410048	3370.64102377	3451.28204962	
3420.25640852	3098.84615142	3311.4102544	3403.71794692	3427.17948545	3449.23076757	3442.94871622	3429.10256237	3481.66666507	3487.6923061	3428.20512647	3280.64102356	3399.1025623	3468.97435731	
3430.89743416	3112.05127962	3324.10256216	3415.12820339	3448.71794705	3459.74358808	3456.15384449	3444.10256237	3491.28204969	3498.84615225	3443.07692134	3295.64102363	3416.28204955	3483.20512661	
3437.4358957	3110.89743347	3331.92307498	3423.3333316	3463.33333167	3476.41025475	3465.64102398	3458.4615368	3505.38461379	3517.43589591	3454.87179321	3307.43589542	3429.48717775	3495.12820353	
3439.61538288	3115.1282027	3333.46153652	3427.94871622	3441.79487006	3476.15384449	3469.61538295	3462.94871628	3508.46153687	3521.28204976	3454.23076757	3308.46153645	3430.51281878	3493.07692148	
3431.79487006	3129.48717713	3323.46153652	3411.41025461	3420.76922904	3474.87179321	3468.20512654	3451.02563936	3493.07692148	3504.61538302	3437.69230596	3294.23076722	3411.66666486	3478.97435738	
3433.20512647	3135.51281815	3332.82051088	3422.56410083	3435.64102391	3480.64102405	3471.666665	3459.48717782	3500.12820353	3511.02563943	3446.53845987	3302.69230568	3418.07692134	3486.92307533	
3432.82051109	3116.15384373	3336.02563908	3434.35897263	3438.71794698	3470.25640859	3465.51281885	3460.25640859	3503.20512661	3511.9230754	3448.97435731	3306.02563901	3422.4358957	3488.71794712	
3427.4358957	3107.43589501	3327.69230575	3411.41025461	3437.94871622	3470.12820346	3458.71794705	3440.12820339	3483.589742	3497.82051123	3432.05128032	3288.97435696	3405.51281871	3474.3589727	
3438.71794698	3125.89743354	3347.82051095	3425.89743416	3451.92307526	3489.61538302	3471.53845987	3453.20512654	3491.41025482	3514.74358822	3447.43589577	3303.33333132	3418.20512647	3486.92307533	
3458.4615368	3147.30768995	3375.25640838	3468.58974193	3452.30769064	3497.30769071	3486.15384456	3484.23076764	3519.74358822	3535.89743437	3472.5641009	3334.7435878	3441.66666493	3510.38461379	
3467.43589577	3167.05127976	3380.51281871	3471.02563936	3466.666665	3500.64102405	3493.07692148	3490.76922917	3524.61538309	3534.48717796	3472.82051116	3340.76922883	3440.76922904	3516.0256395	
3473.97435731	3183.84615163	3389.87179307	3474.3589727	3509.61538302	3515.51281899	3504.35897276	3494.61538302	3524.48717796	3549.48717803	3480.8974343	3347.94871608	3451.53845987	3525.38461386	
3490.64102405	3203.07692086	3415.89743416	3507.05128046	3524.48717796	3537.05128053	3523.84615232	3519.35897283	3545.12820367	3583.20512682	3511.53845994	3377.56410069	3486.02563943	3547.17948572	
3497.82051123	3225.12820298	3424.2307675	3510.76922917	3502.05128046	3548.97435752	3534.48717796	3529.35897283	3551.79487034	3587.82051143	3519.48717796	3385.38461358	3493.97435738	3551.1538447	
3500.12820353	3237.9487158	3428.97435724	3512.30769078	3517.69230617	3550.64102419	3537.17948565	3528.20512668	3550.2564088	3585.76922938	3519.10256258	3380.89743409	3491.92307533	3550.38461393	
3518.20512668	3251.41025433	3458.4615368	3553.20512675	3577.43589605	3565.76922931	3553.84615239	3554.48717803	3575.51281906	3618.46153715	3552.30769085	3410.51281871	3523.33333181	3575.38461393	
3530.51281899	3264.23076715	3473.4615368	3571.41025495	3607.17948579	3581.79487041	3568.46153701	3571.92307547	3590.89743451	3639.48717817	3569.99999854	3430.38461365	3538.20512668	3589.23076784	
3528.84615232	3275.51281843	3472.17948552	3560.2564088	3580.76922938	3588.46153708	3570.51281906	3565.12820367	3584.4871781	3631.66666535	3556.66666521	3418.97435724	3524.74358822	3580.76922938	
3530.89743437	3286.92307491	3482.94871635	3562.43589598	3554.48717803	3593.33333195	3573.20512675	3569.48717803	3585.384614	3628.84615253	3559.74358829	3420.51281878	3527.94871642	3581.02563964	
3532.8205113	3286.4102544	3488.33333174	3570.38461393	3557.56410111	3589.61538323	3575.89743444	3575.38461393	3586.15384477	3635.25640894	3570.76922931	3431.28204955	3535.51281899	3585.51281913	
3537.69230617	3298.20512619	3493.589742	3584.74358836	3598.71794733	3597.69230631	3583.20512682	3574.87179342	3587.94871656	3645.89743465	3573.58974213	3435.89743416	3538.71794719	3590.12820374	
3554.61538316	3325.89743396	3520.89743437	3607.30769092	3643.58974234	3620.38461407	3597.94871656	3593.33333195	3605.64102426	3662.82051157	3589.99999861	3451.15384449	3558.20512675	3608.33333195	
3574.48717803	3342.56410062	3545.76922931	3617.56410125	3634.35897304	3632.05128073	3618.33333202	3623.97435766	3625.12820381	3685.38461421	3616.02563971	3477.94871628	3583.5897422	3630.64102432	
3584.10256272	3354.48717761	3551.79487034	3624.48717817	3609.87179349	3635.76922945	3633.7179474	3635.89743458	3633.20512689	3701.66666549	3624.35897304	3489.61538302	3590.76922938	3636.79487048	
3587.05128067	3367.69230582	3559.74358829	3643.97435773	3628.07692176	3645.51281927	3635.64102432	3636.66666535	3636.66666535	3706.41025523	3623.97435766	3491.28204969	3593.20512682	3637.69230638	
3596.15384477	3377.56410069	3578.07692169	3658.58974234	3661.41025516	3658.20512696	3643.71794747	3647.43589619	3641.66666535	3712.17948607	3637.69230638	3505.8974343	3606.53846015	3648.97435773	
3602.17948579	3379.871793	3585.25640887	3657.82051157	3657.82051157	3660.64102439	3654.23076798	3652.56410132	3643.46153721	3713.71794761	3644.99999875	3514.74358822	3611.41025509	3653.58974234	
3604.99999861	3384.74358794	3587.94871656	3662.0512808	3661.79487055	3663.46153721	3657.43589619	3655.76922952	3648.71794747	3716.66666556	3644.10256286	3515.89743437	3612.30769099	3654.35897311	
3618.58974227	3409.48717768	3608.07692169	3683.46153728	3701.41025523	3672.0512808	3665.64102439	3676.41025523	3666.02563978	3740.64102453	3660.64102439	3534.99999848	3631.92307561	3671.79487055	
3624.99999868	3423.84615211	3618.84615253	3686.92307575	3693.58974241	3683.46153728	3674.35897311	3683.58974241	3669.61538337	3749.35897332	3669.10256286	3546.53846008	3640.76922945	3677.69230651	
3630.89743458	3427.82051109	3626.66666535	3691.79487062	3669.7435885	3701.15384498	3684.48717831	3687.69230651	3674.7435885	3749.74358871	3679.35897318	3557.0512806	3646.15384491	3677.94871677	
3647.30769106	3443.97435724	3647.82051157	3722.43589633	3695.51281934	3701.79487062	3696.2820501	3711.92307582	3697.94871677	3778.97435801	3709.87179376	3584.74358836	3676.2820501	3700.12820395	
3652.9487167	3455.64102398	3654.48717824	3734.61538351	3729.10256299	3689.48717831	3696.41025523	3717.3076912	3699.23076805	3791.79487083	3715.38461428	3592.30769092	3687.94871677	3710.12820402	
3653.46153721	3454.10256244	3653.97435773	3727.17948607	3743.97435794	3707.82051164	3701.2820501	3706.92307575	3689.23076805	3775.89743493	3701.79487062	3588.84615246	3674.23076798	3703.33333216	
3658.97435773	3453.07692141	3657.9487167	3723.71794761	3728.46153735	3728.07692197	3713.46153735	3709.87179376	3696.2820501	3772.17948614	3700.38461421	3595.12820374	3670.64102439	3704.10256293	
3670.25640901	3466.79487013	3670.64102439	3733.58974248	3699.48717831	3718.2051271	3720.5128194	3728.71794761	3712.3076912	3797.43589647	3717.3076912	3610.76922945	3688.9743578	3718.46153735	
3686.92307575	3493.20512661	3695.51281934	3765.38461435	3736.92307582	3726.02563992	3732.82051171	3750.6410246	3726.53846043	3822.94871705	3743.20512717	3632.94871663	3713.33333223	3737.94871684	
3696.53846036	3509.61538302	3707.82051164	3788.97435801	3781.28205031	3758.71794768	3749.35897332	3757.30769127	3731.53846043	3819.48717859	3751.15384512	3638.46153715	3716.4102553	3743.71794768	
3708.33333216	3522.94871642	3716.53846043	3793.46153749	3759.23076819	3773.71794768	3762.56410153	3767.94871691	3740.76922966	3825.38461449	3756.5384605	3647.82051157	3723.58974248	3749.74358871	
3723.84615274	3541.53846001	3734.48717838	3798.33333236	3767.69230665	3772.4358964	3772.56410153	3789.61538365	3757.82051178	3852.94871712	3776.6666657	3672.17948593	3745.51281947	3766.66666563	
3733.07692197	3549.10256265	3748.46153742	3816.92307602	3843.58974276	3789.48717852	3790.51281954	3808.84615295	3773.97435794	3877.82051206	3795.38461442	3690.51281934	3766.92307588	3783.84615288	
3742.05128101	3551.53846008	3759.61538358	3842.17948635	3863.3333325	3813.84615295	3806.79487083	3820.25640936	3783.33333236	3893.84615309	3805.51281954	3703.0769219	3783.20512724	3792.5641016	
3747.05128101	3553.07692162	3767.69230665	3851.66666584	3800.7692298	3808.33333243	3797.30769134	3812.05128115	3777.05128108	3882.17948642	3803.58974262	3707.94871677	3778.58974262	3788.46153749	
3750.76922973	3557.56410111	3773.07692204	3855.25640943	3779.10256313	3793.07692211	3784.74358877	3802.17948621	3767.69230665	3866.79487096	3799.23076826	3709.35897325	3770.25640922	3789.61538365	
3753.97435794	3562.30769085	3773.58974255	3858.07692225	3805.38461442	3794.10256313	3789.8717939	3806.02564006	3766.28205024	3870.1282043	3796.92307595	3711.28205017	3772.56410153	3795.64102467	
3756.79487076	3562.43589598	3776.02564006	3861.53846071	3821.02564013	3805.25640929	3804.74358877	3814.87179397	3774.61538365	3876.66666591	3800.38461442	3717.05128094	3783.46153749	3796.41025544	
3767.4358964	3576.66666521	3789.61538365	3878.33333257	3842.56410173	3824.74358884	3822.43589654	3829.61538372	3787.69230672	3887.05128129	3812.94871705	3731.66666556	3795.12820416	3806.28205031	
3775.7692298	3596.92307554	3794.99999903	3883.84615309	3870.76922994	3838.71794782	3832.56410166	3838.46153756	3792.69230672	3901.15384539	3818.84615295	3739.99999889	3797.17948621	3816.92307602	
3784.35897339	3613.07692176	3806.15384518	3888.97435821	3877.05128129	3838.33333243	3835.25640936	3849.10256327	3806.6666657	3923.71794803	3830.76922987	3750.51281947	3811.7948709	3825.38461449	
3794.10256313	3617.17948586	3820.76922987	3906.66666598	3860.89743507	3832.30769141	3834.74358884	3862.43589661	3821.92307602	3934.35897367	3848.20512738	3766.28205024	3828.20512731	3833.58974269	
3793.71794775	3612.43589612	3815.64102474	3905.51281975	3846.79487096	3832.56410166	3832.69230679	3850.89743507	3805.51281954	3914.35897367	3843.07692225	3766.28205024	3818.97435807	3833.33333243	
3797.05128108	3627.43589612	3817.56410166	3900.2564095	3861.41025558	3852.43589661	3844.99999917	3847.05128122	3798.97435801	3916.41025572	3839.23076833	3766.5384605	3819.23076833	3836.28205038	
3804.48717852	3641.41025509	3830.51281961	3913.71794803	3885.38461462	3857.82051199	3852.17948635	3864.35897353	3817.56410166	3937.56410187	3849.61538379	3777.05128108	3833.58974269	3840.76922994	
3804.48717852	3633.20512689	3831.92307602	3925.51281982	3885.89743514	3848.20512738	3845.51281968	3864.61538379	3819.9999991	3931.41025572	3856.28205045	3779.8717939	3831.92307602	3837.05128115	
3820.76922987	3641.53846022	3849.35897353	3939.87179425	3889.48717873	3877.69230693	3873.07692232	3882.69230693	3835.64102474	3948.84615322	3881.79487103	3795.7692298	3851.53846071	3854.61538379	
3862.17948635	3693.0769219	3896.28205052	3979.10256355	3940.38461476	3922.43589674	3921.28205059	3935.51281982	3881.28205052	4006.53846106	3926.7948711	3840.64102481	3902.43589668	3894.10256334	
3895.64102488	3751.15384512	3935.51281982	4024.61538413	3992.82051227	3950.38461476	3948.84615322	3972.0512815	3909.23076854	4037.94871754	3959.61538399	3882.05128129	3935.25640957	3921.92307623	
3904.99999924	3773.58974255	3946.66666605	4041.02564061	3998.84615329	3971.53846099	3963.46153784	3978.07692252	3910.25640957	4046.15384574	3972.69230714	3894.61538385	3942.56410194	3932.82051213	
3921.28205059	3778.20512724	3959.35897374	4054.99999959	4017.82051234	3986.79487124	3983.84615329	3997.43589688	3927.56410187	4074.61538427	3991.53846099	3910.25640957	3960.25640963	3948.84615322	
3947.8205122	3796.79487083	3986.79487124	4082.56410222	4060.38461497	3999.74358919	4005.64102516	4031.66666618	3957.30769169	4103.9743587	4023.58974311	3944.48717887	3995.76923022	3974.74358919	
3948.7179481	3819.48717859	3995.89743535	4089.7435894	4062.69230728	4001.1538456	4001.92307637	4031.66666618	3955.25640963	4095.76923043	4026.41025593	3947.94871733	4000.64102509	3977.69230714	
3946.53846092	3835.12820423	3995.76923022	4096.28205094	4055.25640984	4002.56410201	3996.41025586	4020.25640977	3946.41025579	4089.23076889	4017.43589695	3939.61538399	3989.99999945	3969.74358912	
3968.46153784	3844.48717866	4013.84615336	4114.74358947	4055.25640984	4020.89743541	4018.33333285	4037.30769189	3962.94871733	4116.92307665	4039.99999959	3964.23076861	4009.74358926	3988.46153791	
3991.79487124	3865.25640943	4038.97435856	4122.69230742	4070.12820478	4046.28205087	4045.25640984	4062.94871754	3980.38461483	4139.1025639	4068.7179483	3994.87179432	4039.74358933	4015.51282003	
4008.97435849	3903.97435821	4065.64102523	4146.15384595	4124.74358947	4061.02564061	4061.53846113	4084.35897402	3994.23076868	4151.28205108	4087.30769196	4016.53846106	4062.69230728	4032.30769183	
4023.84615336	3925.38461469	4083.07692273	4180.12820499	4152.82051262	4067.82051241	4073.58974325	4102.17948684	4011.41025593	4168.97435884	4103.71794844	4033.33333285	4077.30769196	4043.84615343	
4037.56410215	3926.41025572	4095.6410253	4196.15384602	4123.0769228	4087.17948684	4092.43589709	4122.05128178	4027.69230721	4190.51282038	4120.12820485	4049.6153842	4091.28205094	4060.76923036	
4048.84615343	3942.30769169	4110.64102537	4204.99999993	4133.20512793	4097.69230735	4105.7692305	4136.92307672	4037.82051241	4207.94871788	4132.69230742	4063.84615343	4106.53846126	4074.99999966	
4060.25640984	3972.69230714	4119.99999973	4209.87179481	4184.87179474	4104.35897408	4119.23076896	4143.97435877	4043.33333292	4212.43589737	4143.46153826	4072.56410222	4117.43589716	4084.48717914	
4078.8461535	3990.38461483	4135.25640998	4222.5641025	4205.89743583	4129.35897408	4139.87179467	4162.56410236	4057.94871754	4225.12820506	4163.07692287	4094.23076889	4134.61538434	4103.0769228	
4092.05128171	3990.38461483	4151.66666646	4243.84615385	4191.5384614	4139.87179467	4145.51282031	4180.25641012	4072.94871761	4244.87179488	4182.05128192	4118.20512793	4154.48717928	4115.7692305	
4089.48717914	3998.20512765	4151.41025621	4244.61538462	4191.28205115	4135.38461518	4144.74358954	4179.10256397	4073.58974325	4247.43589744	4182.69230756	4116.15384588	4156.92307672	4112.17948691	
4084.7435894	4002.82051227	4144.1025639	4237.30769231	4203.20512814	4136.66666646	4146.66666646	4175.12820499	4071.79487145	4240.76923077	4175.51282038	4104.10256383	4144.9999998	4106.02564075	
4087.94871761	3998.07692252	4146.66666646	4248.33333334	4187.17948704	4128.9743587	4143.205128	4178.20512807	4074.7435894	4246.28205129	4179.99999986	4107.43589716	4145.38461518	4107.56410229	
4098.46153812	4022.05128157	4155.38461518	4246.15384616	4195.89743576	4144.74358954	4157.3076921	4188.20512807	4079.61538427	4254.87179488	4186.15384602	4118.20512793	4159.1025639	4116.53846126	
4108.0769228	4040.76923036	4163.84615364	4239.48717949	4233.58974352	4182.82051269	4183.84615371	4201.28205122	4086.92307658	4254.87179488	4184.10256397	4122.69230742	4165.76923056	4124.35897408	
4113.46153819	4029.61538413	4175.76923063	4271.41025648	4222.69230763	4186.92307679	4189.74358961	4212.30769224	4100.12820478	4268.71794879	4192.82051269	4132.56410229	4172.30769217	4130.25640998	
4115.38461511	4037.94871754	4179.48717935	4290.1282052	4206.92307686	4168.07692287	4178.97435884	4210.25641019	4103.20512793	4282.05128212	4204.35897429	4144.48717928	4179.61538448	4133.0769228	
4112.82051255	4056.28205087	4172.94871781	4266.79487187	4244.74358975	4156.66666646	4166.53846133	4196.41025628	4090.89743555	4269.61538469	4200.25641012	4140.76923056	4173.97435884	4128.58974332	
4121.15384588	4065.89743548	4183.46153833	4276.79487187	4262.05128206	4167.17948697	4174.2307691	4201.15384609	4095.12820478	4267.94871802	4211.92307686	4147.17948697	4179.74358961	4135.25640998	
4137.69230749	4078.8461535	4206.28205122	4316.92307707	4227.05128199	4193.46153833	4198.46153833	4226.6666666	4118.46153819	4291.66666674	4242.05128206	4172.69230756	4206.28205122	4154.9999998	
4142.82051262	4091.53846119	4209.61538455	4316.28205142	4224.87179481	4201.6666666	4202.05128199	4232.94871788	4124.10256383	4301.53846168	4245.12820513	4178.71794858	4211.92307686	4157.05128185	
4152.56410236	4103.58974332	4214.87179481	4313.4615386	4273.58974366	4203.84615378	4207.5641025	4236.53846154	4126.15384588	4307.56410271	4247.17948718	4182.4358973	4216.79487173	4162.43589723	
4163.71794851	4113.20512793	4228.84615378	4328.71794886	4296.0256411	4217.82051275	4229.10256404	4259.23076923	4142.69230749	4325.51282066	4264.61538462	4199.74358961	4233.97435898	4180.64102551	
4164.1025639	4123.84615357	4233.07692301	4324.74358989	4277.30769238	4229.10256404	4236.15384616	4275.51282059	4153.205128	4332.43589765	4266.923077	4204.99999993	4233.71794865	4184.99999986	
4171.5384614	4138.33333313	4237.43589744	4332.6923079	4275.00000007	4226.15384609	4228.20512814	4275.64102571	4153.46153826	4333.71794893	4266.66666674	4207.17948711	4237.56410257	4186.02564089	
4180.89743576	4136.02564082	4240.8974359	4350.89743611	4292.69230777	4217.43589737	4229.23076917	4269.35897443	4152.69230749	4332.94871816	4271.923077	4215.7692307	4251.02564103	4192.69230756	
4175.76923063	4130.25640998	4240.25641026	4337.05128226	4289.74358982	4218.4615384	4236.28205129	4266.53846154	4152.56410236	4324.23076937	4267.69230777	4214.35897429	4244.61538462	4192.69230756	
4171.41025628	4138.84615364	4237.6923077	4316.66666681	4276.0256411	4229.87179481	4235.38461539	4269.10256418	4152.3076921	4318.97435912	4259.74358975	4206.79487173	4230.64102558	4187.56410243	
4184.48717935	4145.12820492	4244.61538462	4341.28205149	4292.56410264	4242.6923077	4239.10256411	4281.15384623	4163.205128	4336.28205149	4273.84615392	4216.53846147	4245.0	4193.71794858	
4195.25641012	4160.25641005	4255.64102564	4366.79487208	4320.89743604	4245.8974359	4247.17948718	4288.07692315	4172.94871781	4352.94871816	4286.923077	4228.20512814	4257.17948718	4202.30769224	
4191.5384614	4170.89743576	4255.38461539	4365.89743618	4300.64102578	4240.0	4247.6923077	4281.15384623	4167.05128185	4345.89743611	4280.76923084	4225.7692307	4249.10256411	4203.20512814	
4193.97435884	4161.41025621	4256.02564103	4372.43589772	4271.53846161	4248.20512821	4255.0	4285.76923084	4169.2307691	4342.56410278	4282.30769238	4227.43589737	4255.0	4208.4615384	
4197.82051269	4169.2307691	4253.58974359	4361.92307714	4301.79487194	4255.12820513	4257.30769231	4284.35897443	4167.56410236	4338.20512842	4276.0256411	4222.94871788	4251.7948718	4207.17948711	
4193.46153833	4187.56410243	4247.56410257	4349.10256431	4333.71794893	4242.94871795	4245.64102564	4271.923077	4159.48717928	4330.64102578	4267.82051289	4217.5641025	4241.41025641	4203.58974352	
4193.46153833	4178.3333332	4250.38461539	4363.46153867	4303.20512835	4232.69230763	4241.15384616	4274.48717956	4163.71794851	4332.56410278	4275.76923084	4225.12820506	4250.51282052	4208.33333327	
4190.76923063	4157.3076921	4244.35897436	4356.15384637	4270.76923084	4231.6666666	4239.74358975	4272.82051289	4161.28205108	4325.38461553	4267.05128212	4217.69230763	4245.76923077	4203.71794865	
4187.17948704	4161.41025621	4236.92307693	4330.76923091	4292.56410264	4239.48717949	4238.84615385	4267.82051289	4156.02564082	4320.76923091	4254.48717949	4206.6666666	4233.97435898	4199.2307691	
4196.92307679	4184.10256397	4249.10256411	4347.43589765	4318.84615399	4244.61538462	4245.8974359	4273.84615392	4161.41025621	4333.20512842	4269.2307693	4217.94871788	4247.05128206	4209.74358968	
4217.82051275	4209.99999993	4272.94871802	4382.17948746	4315.89743604	4257.43589744	4260.51282052	4284.61538469	4172.56410243	4344.35897457	4289.87179495	4238.20512821	4265.0	4222.94871788	
4237.6923077	4235.12820513	4297.43589751	4403.8461542	4331.1538463	4283.84615392	4282.82051289	4310.76923091	4194.61538448	4364.87179508	4310.2564104	4262.05128206	4283.20512828	4242.6923077	
4244.87179488	4243.07692308	4309.87179501	4415.00000035	4360.00000021	4296.41025648	4297.69230777	4327.94871809	4210.51282045	4381.41025669	4324.48717963	4272.17948725	4297.69230777	4254.35897436	
4258.20512821	4254.10256411	4322.05128219	4424.74359009	4383.58974387	4301.28205142	4308.71794886	4334.87179508	4219.23076917	4391.66666695	4333.97435919	4280.38461546	4309.48717963	4259.23076923	
4277.05128212	4276.41025648	4337.6923079	4435.38461581	4396.28205156	4312.05128219	4323.07692322	4352.82051303	4232.5641025	4409.74359009	4347.43589765	4298.07692315	4325.12820527	4274.61538469	
4286.28205136	4294.87179495	4350.25641047	4447.82051324	4398.97435933	4322.56410271	4334.4871797	4367.69230797	4241.53846154	4420.76923112	4359.61538483	4309.3589745	4340.00000021	4290.00000007	
4303.97435912	4318.84615399	4377.05128233	4480.89743639	4418.46153881	4339.87179508	4349.61538483	4388.07692336	4260.64102564	4438.9743594	4386.79487208	4332.43589765	4364.35897457	4309.23076937	
4319.23076937	4342.05128226	4391.53846182	4494.61538511	4426.53846189	4369.10256438	4365.76923105	4402.9487183	4276.923077	4455.64102606	4402.69230804	4349.87179508	4374.48717977	4317.56410271	
4327.43589758	4354.61538483	4395.38461567	4496.66666723	4441.02564145	4375.25641054	4378.07692336	4411.41025676	4283.33333341	4471.66666716	4403.97435933	4356.66666688	4379.6153849	4323.33333348	
4347.56410278	4369.74359003	4418.07692343	4522.05128261	4478.97435946	4380.64102592	4394.87179515	4436.79487222	4304.3589745	4500.6410262	4427.0512824	4379.74359003	4409.23076958	4350.3846156	
4371.9230772	4401.66666702	4444.23076965	4536.92307755	4497.05128261	4414.61538497	4414.48717984	4461.53846196	4323.97435912	4515.89743646	4455.76923119	4405.76923112	4433.46153888	4373.46153874	
4396.02564131	4440.12820555	4471.66666716	4557.82051345	4502.05128261	4433.58974401	4436.2820517	4479.74359023	4336.79487201	4529.10256466	4479.87179536	4433.9743594	4450.89743632	4392.43589772	
4416.15384651	4455.76923119	4498.20512876	4592.82051352	4513.58974415	4429.23076958	4453.9743594	4500.12820569	4354.35897457	4554.8717955	4501.02564159	4458.71794914	4474.74359023	4414.35897471	
4427.69230804	4466.02564152	4510.38461594	4603.84615461	4542.17948781	4445.51282093	4465.12820562	4515.12820569	4366.15384644	4571.28205198	4513.84615441	4467.43589793	4491.4102569	4424.61538497	
4444.48717991	4497.05128261	4525.89743646	4606.79487256	4584.74359044	4480.00000049	4484.61538511	4527.69230825	4377.30769259	4581.02564172	4530.89743653	4485.12820562	4505.12820569	4437.69230811	
4463.84615434	4516.5384621	4547.30769294	4635.12820597	4595.89743667	4477.94871844	4497.435898	4547.30769294	4400.76923112	4605.51282128	4555.38461601	4514.87179543	4528.20512876	4461.2820517	
4463.46153888	4513.97435953	4543.33333396	4633.71794956	4561.28205191	4477.17948767	4496.66666723	4548.58974422	4401.15384651	4609.35897513	4552.17948781	4512.69230825	4531.79487242	4459.74359016	
4464.48717998	4520.89743646	4539.48718012	4626.15384692	4565.12820583	4501.41025697	4505.12820569	4543.20512883	4390.51282079	4596.53846231	4547.43589807	4506.79487235	4528.71794928	4452.43589786	
4498.46153902	4550.12820576	4577.56410326	4680.51282142	4626.66666743	4513.20512876	4530.51282114	4577.43589813	4423.8461542	4627.94871879	4588.46153916	4547.17948781	4563.07692378	4487.56410305	
4532.69230832	4588.84615454	4616.66666743	4719.35897534	4669.23077014	4530.89743653	4557.82051345	4617.4358982	4461.79487222	4674.87179578	4629.10256494	4587.30769301	4599.23077	4520.89743646	
4544.74359037	4617.94871872	4629.74359058	4716.28205226	4666.7948727	4564.23076993	4578.07692378	4628.71794956	4464.48717998	4686.66666757	4639.61538545	4600.25641102	4611.79487256	4527.94871851	
4568.97435967	4643.33333417	4659.74359058	4752.30769335	4672.94871886	4591.53846224	4603.3333341	4651.53846238	4479.23076972	4705.51282149	4664.10256501	4631.53846238	4642.17948802	4554.10256473	
4599.87179564	4666.7948727	4696.15384713	4807.30769349	4735.64102669	4597.05128282	4620.89743667	4687.6923086	4513.20512876	4747.43589848	4701.53846252	4671.02564193	4680.12820604	4587.43589813	
4592.69230839	4663.71794963	4681.02564193	4781.02564214	4742.0512831	4592.43589813	4613.46153923	4677.43589834	4507.56410312	4739.87179592	4690.00000091	4658.4615393	4662.82051373	4574.1025648	
4568.33333403	4637.05128289	4647.5641034	4728.07692412	4661.15384706	4586.53846224	4596.41025718	4644.74359058	4481.28205177	4698.97435995	4653.20512904	4624.23077	4624.74359051	4545.12820576	
4555.64102627	4605.76923154	4633.58974443	4722.56410354	4646.92307776	4557.17948781	4573.33333403	4631.02564186	4468.07692357	4679.35897527	4636.53846238	4610.89743667	4612.69230846	4535.7692314	
4551.02564165	4594.1025648	4629.48718032	4736.1538472	4684.48718039	4529.8717955	4556.79487242	4622.4358982	4461.53846196	4672.56410347	4631.6666675	4604.87179564	4609.87179564	4531.6666673	
4561.6666673	4610.89743667	4640.89743674	4742.94871899	4649.10256494	4539.8717955	4568.58974429	4628.20512904	4470.38461587	4680.00000091	4641.15384699	4608.84615461	4618.71794949	4537.82051345	
4573.71794942	4633.20512904	4648.20512904	4727.56410361	4629.3589752	4570.25641096	4587.94871865	4635.12820597	4476.15384664	4683.46153937	4642.94871879	4614.35897513	4621.02564179	4543.46153909	
4582.30769301	4650.12820597	4650.89743674	4733.33333438	4703.20512918	4586.02564172	4592.43589813	4638.20512904	4477.82051331	4687.17948809	4645.38461622	4624.87179564	4627.30769308	4550.00000063	
4583.46153916	4640.00000084	4651.92307776	4750.12820617	4699.48718046	4576.92307762	4587.30769301	4641.92307776	4483.84615434	4697.56410354	4653.20512904	4629.23077007	4640.00000084	4557.69230832	
4574.87179557	4623.71794949	4646.92307776	4742.69230874	4635.38461622	4564.87179557	4585.8974366	4641.92307776	4488.71794921	4697.8205138	4650.76923161	4620.38461615	4635.51282135	4554.61538524	
4579.23076993	4649.23077007	4652.94871879	4749.74359079	4674.35897527	4564.74359044	4590.12820583	4646.15384699	4493.58974408	4697.30769328	4658.4615393	4625.1282059	4633.71794956	4556.6666673	
4582.43589813	4662.43589834	4650.89743674	4751.66666771	4716.79487277	4567.43589813	4588.71794942	4642.17948802	4488.46153895	4693.20512911	4657.30769315	4624.74359051	4630.00000084	4555.12820576	
4570.12820583	4640.89743674	4634.74359058	4731.53846258	4675.12820604	4568.58974429	4584.35897506	4636.41025725	4484.48717998	4683.71794963	4632.94871879	4606.79487256	4617.17948795	4544.61538524	
4562.17948788	4633.07692391	4627.82051366	4722.30769328	4634.10256494	4566.15384685	4575.8974366	4631.79487263	4482.69230818	4674.74359065	4620.76923154	4598.71794949	4608.58974436	4537.30769294	
4564.1025648	4630.76923161	4625.25641102	4713.58974457	4636.15384699	4559.8717955	4565.8974366	4616.92307769	4470.89743639	4664.23077014	4631.02564186	4602.05128282	4607.30769308	4534.8717955	
4554.8717955	4617.17948795	4609.61538538	4692.94871886	4626.92307769	4554.35897499	4566.02564172	4605.89743667	4461.92307734	4654.74359058	4627.69230853	4591.28205198	4599.61538538	4529.74359037	
4534.23076986	4603.71794949	4588.33333403	4682.6923086	4612.56410333	4536.79487242	4552.94871858	4598.97435974	4458.20512863	4641.15384699	4601.53846231	4566.15384685	4578.07692378	4514.10256466	
4530.89743653	4604.74359051	4582.17948788	4676.28205219	4644.48718032	4516.28205184	4532.17948781	4589.23076993	4451.53846196	4631.02564186	4595.89743667	4560.00000063	4569.35897506	4506.5384621	
4542.94871858	4606.53846231	4587.56410326	4667.94871886	4652.69230853	4524.48718005	4538.84615448	4590.38461608	4452.94871837	4635.89743674	4607.17948795	4571.92307762	4581.28205198	4515.89743646	
4543.46153909	4588.97435967	4586.53846224	4674.61538552	4593.33333403	4536.53846217	4550.25641089	4598.20512897	4462.69230811	4645.76923161	4605.51282128	4572.17948788	4585.12820583	4520.76923133	
4536.02564165	4584.74359044	4582.17948788	4675.12820604	4590.51282121	4535.64102627	4543.33333396	4595.89743667	4462.69230811	4640.38461622	4598.20512897	4564.35897506	4576.41025711	4514.35897492	
4539.23076986	4603.20512897	4585.25641096	4669.23077014	4651.15384699	4527.05128261	4539.61538524	4594.61538531	4461.79487222	4632.5641034	4599.61538538	4566.28205198	4576.53846224	4513.97435953	
4545.51282114	4606.92307769	4586.92307762	4679.48718039	4636.79487263	4520.51282107	4547.56410319	4597.94871872	4466.53846203	4635.51282135	4603.97435974	4570.12820583	4580.8974366	4517.30769287	
4536.92307755	4597.56410333	4573.07692378	4666.92307783	4580.51282121	4539.23076986	4549.35897499	4587.17948788	4457.43589786	4623.58974436	4593.2051289	4557.43589807	4567.94871865	4505.76923133	
4533.71794935	4600.38461615	4568.71794942	4651.41025725	4594.23076993	4552.56410319	4546.28205191	4587.05128275	4456.53846196	4622.69230846	4590.64102634	4553.58974422	4568.07692378	4503.71794928	
4547.82051345	4610.89743667	4587.94871865	4678.71794963	4647.17948802	4532.82051345	4552.05128268	4609.23077	4478.07692357	4651.15384699	4609.74359051	4573.97435967	4594.35897506	4520.51282107	
4546.79487242	4607.94871872	4586.41025711	4691.7948727	4660.8974368	4512.69230825	4547.56410319	4603.84615461	4478.07692357	4648.84615468	4611.28205205	4574.61538531	4596.02564179	4519.10256466	
4535.89743653	4606.15384692	4572.43589813	4679.35897527	4634.61538545	4529.61538524	4540.89743653	4586.53846224	4465.64102613	4624.74359051	4601.53846231	4560.89743653	4579.74359044	4507.69230825	
4544.35897499	4624.10256487	4586.92307762	4686.41025732	4604.10256487	4549.74359037	4556.28205191	4603.20512897	4480.512821	4638.33333417	4612.82051359	4573.71794942	4590.0000007	4518.07692364	
4551.15384678	4630.00000084	4597.05128282	4689.35897527	4609.87179564	4539.23076986	4564.87179557	4613.97435974	4490.64102613	4658.4615393	4619.35897513	4582.56410326	4600.64102641	4525.51282107	
4546.6666673	4614.23077	4588.97435967	4681.15384706	4637.30769315	4540.12820576	4554.74359037	4602.82051359	4483.58974408	4649.48718032	4611.92307769	4572.05128275	4589.74359044	4519.61538518	
4547.05128268	4616.15384692	4586.53846224	4688.07692398	4631.28205212	4543.07692371	4545.51282114	4596.53846231	4480.38461587	4636.79487263	4610.1282059	4568.46153916	4580.0000007	4514.7435903	
4549.23076986	4633.58974443	4585.8974366	4688.46153937	4612.94871872	4528.33333389	4543.07692371	4595.89743667	4476.53846203	4627.69230853	4607.30769308	4564.87179557	4579.87179557	4510.38461594	
4542.17948781	4613.20512897	4580.0000007	4679.48718039	4614.74359051	4527.56410312	4545.00000063	4592.94871865	4468.46153895	4620.25641102	4600.00000077	4556.41025704	4577.17948788	4507.56410312	
4534.48718012	4579.74359044	4574.74359044	4675.00000091	4610.89743667	4532.94871858	4543.46153909	4585.0000007	4462.56410298	4618.58974436	4592.30769301	4550.89743653	4566.15384685	4505.25641082	
4547.56410319	4603.46153923	4585.25641096	4676.15384706	4621.02564179	4530.64102627	4542.56410319	4588.07692378	4471.53846203	4628.71794956	4597.94871872	4560.89743653	4573.2051289	4515.51282107	
4562.69230839	4638.07692391	4596.92307769	4679.10256501	4639.61538545	4525.25641082	4545.51282114	4595.76923154	4479.48717998	4632.30769315	4606.28205205	4571.66666737	4588.84615454	4525.89743646	
4551.6666673	4617.94871872	4588.07692378	4679.61538552	4616.66666743	4531.15384678	4548.9743596	4583.84615454	4466.4102569	4610.25641102	4595.00000077	4560.7692314	4575.8974366	4513.46153902	
4555.12820576	4609.10256487	4595.64102641	4704.10256508	4627.82051366	4541.15384678	4560.25641089	4593.2051289	4477.56410305	4624.35897513	4605.38461615	4571.79487249	4581.02564172	4523.33333389	
4573.84615454	4642.43589827	4611.15384692	4712.8205138	4658.58974443	4545.25641089	4568.84615454	4611.92307769	4497.82051338	4651.53846238	4621.79487256	4589.87179557	4598.97435974	4544.35897499	
4572.43589813	4651.53846238	4607.05128282	4690.76923168	4626.92307769	4564.61538531	4572.43589813	4600.25641102	4485.38461587	4632.30769315	4609.48718026	4580.64102634	4589.48718019	4536.41025704	
4573.2051289	4630.38461622	4612.4358982	4701.53846252	4614.87179564	4581.02564172	4580.12820583	4605.1282059	4488.71794921	4631.41025725	4618.97435974	4588.07692378	4596.28205205	4536.41025704	
4589.61538531	4642.05128289	4631.15384699	4736.66666771	4677.05128296	4567.30769301	4581.92307762	4633.84615468	4515.89743646	4668.71794963	4651.6666675	4615.89743667	4625.25641102	4557.69230832	
4605.76923154	4691.15384706	4650.12820597	4755.38461643	4727.30769335	4573.2051289	4595.38461615	4647.17948802	4525.76923133	4684.48718039	4662.82051373	4631.53846238	4637.05128289	4573.46153916	
4623.07692385	4716.66666764	4671.41025732	4767.94871906	4706.9230779	4616.66666743	4627.17948795	4658.71794956	4533.84615448	4685.8974368	4673.5897445	4647.17948802	4648.07692391	4588.84615454	
4645.89743674	4718.33333431	4694.35897534	4790.89743701	4690.76923168	4634.74359058	4644.87179571	4688.07692398	4560.38461601	4718.20512918	4710.64102662	4676.02564193	4681.7948727	4611.66666743	
4655.00000084	4730.76923182	4703.33333431	4798.07692426	4721.28205226	4630.89743674	4645.89743674	4704.35897534	4575.12820583	4738.71794976	4725.64102662	4685.51282142	4699.23077021	4618.97435974	
4648.84615468	4742.94871899	4699.61538559	4789.10256522	4740.76923182	4642.69230853	4654.10256494	4697.05128303	4567.56410326	4718.97435995	4706.9230779	4675.12820604	4687.05128296	4612.94871872	
4661.66666757	4749.48718053	4718.33333431	4815.5128217	4726.28205233	4652.82051366	4672.56410347	4713.20512918	4580.76923147	4730.89743694	4725.1282061	4696.28205226	4702.43589841	4629.61538545	
4665.8974368	4743.33333438	4723.20512918	4828.33333459	4711.41025739	4630.76923161	4657.17948802	4718.33333431	4586.66666737	4749.74359079	4743.33333438	4707.30769328	4715.38461636	4634.48718032	
4632.5641034	4709.23077021	4682.82051373	4777.30769342	4708.46153944	4594.61538531	4612.56410333	4674.23077014	4549.48718012	4709.87179585	4699.61538559	4665.76923168	4678.33333424	4600.25641102	
4608.71794949	4679.87179578	4655.25641109	4739.10256515	4691.7948727	4589.87179557	4597.4358982	4639.74359058	4524.10256466	4668.97435988	4660.76923168	4633.97435981	4643.58974443	4576.53846224	
4612.4358982	4672.94871886	4659.87179571	4746.53846258	4656.6666675	4595.00000077	4601.28205205	4637.5641034	4528.07692364	4667.56410347	4663.84615475	4636.15384699	4638.84615468	4577.17948788	
4602.30769308	4652.5641034	4647.30769315	4731.1538472	4636.41025725	4581.41025711	4585.38461608	4626.02564179	4516.66666723	4655.25641109	4654.3589752	4624.74359051	4628.07692391	4566.92307762	
4575.38461608	4615.1282059	4614.87179564	4696.79487277	4630.89743674	4562.43589813	4564.23076993	4600.1282059	4490.00000049	4621.53846231	4619.74359051	4593.97435967	4603.3333341	4544.8717955	
4573.71794942	4607.4358982	4612.17948795	4705.1282061	4631.53846238	4547.56410319	4561.41025704	4597.30769308	4491.92307741	4615.64102641	4611.92307769	4590.8974366	4594.87179564	4543.33333396	
4588.2051289	4631.41025725	4628.07692391	4718.97435995	4633.07692391	4550.7692314	4566.41025711	4610.89743667	4507.82051338	4629.10256494	4626.02564179	4606.02564179	4603.84615461	4553.71794935	
4574.61538531	4616.92307769	4610.1282059	4688.71794963	4617.30769308	4562.82051352	4560.00000063	4597.4358982	4493.2051287	4613.07692385	4607.82051359	4586.66666737	4590.12820583	4538.46153909	
4552.69230832	4577.43589813	4585.25641096	4668.07692398	4587.05128275	4549.10256473	4544.61538524	4576.41025711	4478.33333382	4595.51282128	4583.2051289	4562.30769301	4569.87179557	4520.6410262	
4546.53846217	4576.66666737	4581.79487249	4663.97435988	4576.92307762	4519.48718005	4529.10256466	4570.8974366	4479.87179536	4590.12820583	4582.43589813	4562.43589813	4565.38461608	4520.38461594	
4543.46153909	4584.1025648	4575.25641096	4651.79487263	4606.02564179	4517.30769287	4521.5384621	4561.41025704	4471.15384664	4575.38461608	4575.25641096	4554.35897499	4557.30769294	4514.35897492	
4545.89743653	4568.46153916	4572.30769301	4657.94871879	4606.02564179	4533.33333396	4527.05128261	4559.8717955	4468.33333382	4581.41025711	4571.28205198	4545.51282114	4555.89743653	4512.435898	
4551.41025704	4566.28205198	4580.38461608	4671.28205219	4570.76923147	4514.61538518	4523.84615441	4566.28205198	4475.12820562	4595.51282128	4581.79487249	4552.05128268	4562.05128275	4521.5384621	
4546.02564165	4581.92307762	4576.41025711	4655.64102648	4585.25641096	4507.69230825	4517.17948774	4552.94871858	4464.87179536	4572.30769301	4571.92307762	4544.61538524	4549.10256473	4514.87179543	
4543.46153909	4576.41025711	4570.0000007	4646.53846238	4615.1282059	4532.56410319	4525.76923133	4543.20512883	4457.1794876	4559.48718012	4559.8717955	4532.94871858	4540.89743653	4503.97435953	
4548.20512883	4565.0000007	4574.61538531	4656.53846238	4583.84615454	4518.58974415	4523.58974415	4551.53846217	4465.25641075	4575.0000007	4568.2051289	4536.28205191	4549.23076986	4508.97435953	
4553.9743596	4578.46153916	4583.58974429	4653.20512904	4548.58974422	4514.61538518	4524.7435903	4557.94871858	4469.87179536	4574.61538531	4576.02564172	4541.53846217	4551.15384678	4517.30769287	
4574.87179557	4592.94871865	4607.4358982	4663.33333424	4579.1025648	4556.41025704	4557.17948781	4580.0000007	4487.56410305	4589.48718019	4596.66666743	4563.84615454	4573.07692378	4536.53846217	
4612.69230846	4616.53846231	4652.43589827	4714.87179585	4664.87179578	4578.71794942	4595.89743667	4633.07692391	4532.56410319	4650.00000084	4646.41025725	4615.00000077	4630.51282135	4578.71794942	
4635.64102648	4664.10256501	4684.74359065	4766.66666778	4722.69230867	4579.23076993	4611.15384692	4667.94871886	4560.25641089	4688.5897445	4675.64102655	4644.3589752	4659.87179571	4606.15384692	
4625.38461615	4676.92307783	4673.71794963	4753.97436002	4682.30769321	4602.56410333	4608.71794949	4648.07692391	4541.53846217	4661.41025732	4650.12820597	4625.89743667	4630.89743674	4588.2051289	
4622.05128282	4656.79487263	4665.76923168	4722.30769328	4638.20512904	4616.28205205	4611.15384692	4639.48718032	4534.35897499	4650.00000084	4645.12820597	4624.61538538	4624.35897513	4581.28205198	
4629.61538545	4654.48718032	4675.64102655	4728.97436002	4650.89743674	4595.64102641	4610.38461615	4653.71794956	4548.20512883	4670.00000091	4665.76923168	4637.94871879	4646.6666675	4598.20512897	
4617.69230846	4666.02564193	4660.00000084	4727.82051387	4660.76923168	4583.07692378	4597.94871872	4634.74359058	4532.69230832	4651.92307776	4643.58974443	4615.25641102	4627.69230853	4585.51282121	
4622.30769308	4680.25641116	4660.51282142	4726.92307797	4681.53846245	4598.07692385	4608.07692385	4634.3589752	4529.74359037	4648.07692391	4639.23077007	4615.89743667	4623.07692385	4582.43589813	
4656.15384699	4695.1282061	4704.35897534	4765.00000112	4710.00000098	4618.3333341	4636.15384699	4682.43589834	4570.76923147	4699.35897534	4691.02564193	4666.02564193	4674.61538552	4623.46153923	
4671.28205219	4713.07692405	4730.00000105	4793.84615503	4705.64102662	4635.25641109	4650.64102648	4708.07692405	4595.89743667	4729.87179592	4715.64102662	4692.05128296	4701.79487277	4645.12820597	
4656.28205212	4719.87179585	4711.79487277	4773.07692419	4698.97435995	4650.51282135	4651.28205212	4685.00000091	4575.76923147	4701.53846252	4686.28205219	4670.51282142	4671.28205219	4622.82051359	
4646.92307776	4707.05128303	4697.43589841	4761.79487291	4695.25641123	4630.89743674	4634.61538545	4665.8974368	4556.92307755	4676.66666757	4672.43589834	4657.43589827	4655.00000084	4611.79487256	
4646.41025725	4693.97435995	4698.07692405	4768.58974471	4689.10256501	4590.76923147	4609.35897513	4665.25641116	4559.35897499	4682.6923086	4678.5897445	4664.61538552	4666.66666757	4620.38461615	
4622.17948795	4677.05128296	4667.82051373	4718.84615482	4663.33333424	4578.33333403	4588.33333403	4638.4615393	4542.43589807	4664.48718039	4651.28205212	4638.58974443	4642.5641034	4599.10256487	
4605.89743667	4670.38461629	4648.20512904	4688.84615475	4643.71794956	4583.33333403	4584.35897506	4619.35897513	4528.07692364	4642.94871879	4633.97435981	4616.41025718	4623.07692385	4580.76923147	
4642.5641034	4705.25641123	4693.33333431	4756.66666771	4696.53846252	4590.38461608	4607.4358982	4659.87179571	4561.41025704	4680.12820604	4676.41025732	4663.33333424	4664.61538552	4617.94871872	
4667.05128296	4719.10256508	4717.05128303	4791.92307811	4720.51282149	4592.43589813	4623.84615461	4686.7948727	4582.82051352	4708.97435995	4699.74359072	4693.46153944	4686.02564193	4640.51282135	
4634.3589752	4693.46153944	4675.25641116	4730.76923182	4656.02564186	4597.56410333	4609.87179564	4649.48718032	4551.28205191	4669.87179578	4658.33333417	4647.5641034	4645.76923161	4605.1282059	
4622.56410333	4696.15384713	4666.02564193	4712.94871893	4643.20512904	4613.07692385	4602.05128282	4633.71794956	4539.23076986	4649.3589752	4640.00000084	4628.97435981	4635.51282135	4591.53846224	
4658.4615393	4719.10256508	4707.56410354	4764.10256522	4692.6923086	4624.23077	4626.15384692	4674.10256501	4573.84615454	4691.53846245	4678.20512911	4675.51282142	4674.74359065	4628.58974443	
4668.84615475	4724.23077021	4714.10256508	4769.10256522	4700.89743687	4615.25641102	4638.07692391	4690.8974368	4587.17948788	4705.00000098	4694.61538559	4692.30769321	4681.92307783	4644.10256494	
4648.71794956	4720.64102662	4692.30769321	4746.1538472	4715.51282149	4608.3333341	4623.97435974	4668.20512911	4568.71794942	4673.5897445	4673.5897445	4665.8974368	4656.79487263	4622.05128282	
4655.00000084	4737.0512831	4702.56410354	4760.51282163	4735.51282156	4638.33333417	4628.97435981	4670.51282142	4570.76923147	4678.33333424	4675.76923168	4669.87179578	4663.5897445	4623.07692385	
4662.30769321	4744.87179592	4706.79487277	4762.82051394	4664.74359065	4653.84615468	4638.84615468	4684.74359065	4580.8974366	4694.48718046	4683.97435988	4678.97435988	4673.20512911	4632.82051366	
4648.33333417	4724.74359072	4694.48718046	4759.4871806	4635.51282135	4621.53846231	4628.20512904	4680.00000091	4578.84615454	4685.38461629	4678.97435988	4669.35897527	4664.10256501	4625.1282059	
4640.25641109	4716.66666764	4693.20512911	4774.23077035	4726.92307797	4596.28205205	4614.61538538	4672.17948809	4576.53846224	4680.76923168	4678.33333424	4667.82051373	4664.48718039	4618.84615461	
4627.56410333	4712.69230867	4673.97435988	4743.07692412	4735.76923182	4600.1282059	4605.25641102	4655.64102648	4562.56410326	4669.48718039	4657.94871879	4650.00000084	4647.82051366	4604.10256487	
4624.87179564	4711.025642	4666.02564193	4733.07692412	4667.30769321	4608.58974436	4610.38461615	4656.92307776	4561.41025704	4663.33333424	4650.64102648	4641.15384699	4640.12820597	4602.30769308	
4644.48718032	4726.41025746	4686.15384706	4764.87179599	4677.17948809	4614.74359051	4626.53846231	4678.07692398	4580.38461608	4676.92307783	4672.6923086	4661.53846245	4661.66666757	4620.64102641	
4651.92307776	4749.23077028	4691.7948727	4748.07692412	4696.41025739	4627.17948795	4633.58974443	4678.07692398	4584.48718019	4679.61538552	4676.53846245	4668.20512911	4667.56410347	4625.1282059	
4653.20512904	4752.30769335	4701.15384713	4750.89743694	4679.48718039	4642.82051366	4640.51282135	4685.51282142	4593.84615454	4692.30769321	4686.28205219	4674.61538552	4675.8974368	4630.64102648	
4660.25641109	4743.07692412	4717.94871893	4797.69230888	4691.7948727	4632.82051366	4642.94871879	4702.56410354	4607.17948795	4715.00000098	4708.07692405	4690.00000091	4694.23077021	4641.41025725	
4653.07692391	4751.41025746	4705.38461636	4773.20512932	4728.33333438	4614.87179564	4630.76923161	4686.53846245	4593.58974429	4698.58974457	4692.94871886	4677.05128296	4681.41025732	4631.92307776	
4632.94871879	4755.00000105	4678.07692398	4716.66666764	4705.1282061	4631.53846238	4626.79487256	4662.05128296	4573.97435967	4663.71794963	4658.58974443	4649.3589752	4649.23077007	4612.30769308	
4634.23077007	4742.82051387	4683.84615475	4747.82051387	4665.76923168	4640.25641109	4634.3589752	4671.92307783	4580.25641096	4669.74359065	4667.43589834	4656.6666675	4653.07692391	4617.56410333	
4644.87179571	4741.79487284	4699.35897534	4773.97436009	4681.02564193	4607.30769308	4626.53846231	4684.10256501	4590.8974366	4689.23077014	4689.35897527	4675.00000091	4674.10256501	4630.00000084	
4619.35897513	4727.0512831	4670.00000091	4710.76923175	4674.10256501	4583.58974429	4598.97435974	4654.10256494	4570.0000007	4659.10256494	4657.5641034	4647.30769315	4648.4615393	4606.53846231	
4587.82051352	4688.84615475	4633.71794956	4680.38461629	4620.38461615	4588.46153916	4579.23076993	4621.15384692	4544.74359037	4621.66666743	4621.66666743	4608.71794949	4610.38461615	4574.1025648	
4595.38461615	4683.97435988	4648.20512904	4723.84615482	4626.41025718	4593.84615454	4586.53846224	4632.30769315	4554.23076986	4636.92307776	4642.17948802	4620.51282128	4622.30769308	4582.69230839	
4608.3333341	4711.025642	4665.00000091	4734.87179592	4675.38461629	4586.28205198	4592.05128275	4639.74359058	4562.94871865	4644.48718032	4656.02564186	4637.5641034	4636.28205212	4598.3333341	
4605.25641102	4727.82051387	4651.92307776	4705.51282149	4647.82051366	4580.25641096	4586.02564172	4620.51282128	4548.46153909	4620.89743667	4636.02564186	4625.64102641	4622.05128282	4592.43589813	
4610.51282128	4725.89743687	4657.05128289	4714.35897534	4625.51282128	4586.02564172	4592.05128275	4628.84615468	4553.71794935	4634.74359058	4647.05128289	4634.23077007	4632.17948802	4600.89743667	
4623.97435974	4728.33333438	4679.10256501	4734.10256515	4668.97435988	4596.28205205	4603.3333341	4655.64102648	4575.8974366	4667.56410347	4670.38461629	4657.5641034	4655.12820597	4617.17948795	
4621.02564179	4742.30769335	4676.7948727	4717.69230867	4681.02564193	4589.23076993	4595.76923154	4647.5641034	4569.48718019	4651.28205212	4653.07692391	4648.71794956	4641.53846238	4607.69230846	
4599.23077	4720.38461636	4649.23077007	4701.025642	4630.00000084	4562.43589813	4571.41025711	4618.20512897	4543.20512883	4609.10256487	4623.46153923	4618.3333341	4611.66666743	4585.64102634	
4585.8974366	4677.94871886	4634.61538545	4707.8205138	4610.51282128	4553.9743596	4564.74359044	4611.66666743	4539.48718012	4606.41025718	4619.87179564	4609.48718026	4607.94871872	4578.71794942	
4588.58974429	4696.53846252	4640.64102648	4698.07692405	4641.53846238	4560.38461601	4569.23076993	4613.71794949	4544.74359037	4619.87179564	4621.79487256	4613.07692385	4612.17948795	4579.23076993	
4597.05128282	4738.58974464	4645.12820597	4670.64102655	4618.84615461	4586.02564172	4581.53846224	4612.69230846	4542.56410319	4610.76923154	4617.05128282	4610.89743667	4607.82051359	4579.35897506	
4616.15384692	4727.17948823	4666.41025732	4705.76923175	4607.30769308	4607.69230846	4603.3333341	4642.5641034	4568.2051289	4633.97435981	4646.53846238	4639.10256494	4635.12820597	4605.25641102	
4620.64102641	4711.66666764	4677.94871886	4742.17948823	4653.84615468	4568.33333403	4589.74359044	4652.43589827	4579.74359044	4655.51282135	4664.87179578	4655.89743674	4652.94871879	4618.58974436	
4604.74359051	4731.53846258	4658.71794956	4709.87179585	4678.84615475	4549.23076986	4571.02564172	4620.51282128	4551.02564165	4627.05128282	4639.23077007	4628.58974443	4628.4615393	4596.92307769	
4602.17948795	4735.89743694	4652.69230853	4700.00000098	4649.10256494	4590.12820583	4588.71794942	4615.51282128	4545.00000063	4613.84615461	4631.41025725	4620.89743667	4618.3333341	4588.84615454	
4622.17948795	4735.2564113	4679.48718039	4742.43589848	4615.51282128	4611.41025718	4611.15384692	4644.10256494	4574.1025648	4646.92307776	4660.00000084	4652.05128289	4645.25641109	4610.00000077	
4636.92307776	4763.07692419	4702.69230867	4758.46153951	4656.41025725	4597.82051359	4608.97435974	4660.51282142	4590.25641096	4674.74359065	4685.38461629	4674.74359065	4672.6923086	4628.07692391	
4614.87179564	4753.71794976	4674.10256501	4712.30769328	4668.46153937	4595.00000077	4587.17948788	4632.43589827	4565.38461608	4641.28205212	4655.38461622	4645.64102648	4647.5641034	4604.23077	
4594.48718019	4717.05128303	4647.30769315	4696.53846252	4631.53846238	4595.1282059	4580.25641096	4610.51282128	4548.84615448	4602.69230846	4619.74359051	4617.56410333	4610.89743667	4580.25641096	
4608.71794949	4732.82051387	4665.00000091	4736.1538472	4635.51282135	4581.15384685	4592.94871865	4633.97435981	4566.79487249	4620.76923154	4636.15384699	4632.30769315	4623.07692385	4597.05128282	
4610.25641102	4746.53846258	4667.82051373	4728.58974464	4651.02564186	4578.71794942	4595.00000077	4645.00000084	4572.05128275	4639.3589752	4646.28205212	4637.43589827	4635.51282135	4605.1282059	
4596.02564179	4718.97435995	4650.76923161	4693.84615482	4647.43589827	4585.25641096	4586.79487249	4627.82051366	4559.35897499	4625.51282128	4631.79487263	4623.46153923	4624.35897513	4591.02564172	
4594.48718019	4711.9230779	4648.20512904	4696.66666764	4627.05128282	4581.02564172	4580.8974366	4613.46153923	4551.02564165	4606.28205205	4623.20512897	4615.25641102	4614.23077	4583.2051289	
4601.41025718	4724.74359072	4657.05128289	4715.64102662	4611.53846231	4573.07692378	4575.25641096	4616.53846231	4556.41025704	4612.56410333	4632.82051366	4625.38461615	4620.76923154	4589.87179557	
4602.82051359	4715.64102662	4657.17948802	4714.35897534	4621.53846231	4586.79487249	4579.1025648	4623.20512897	4562.82051352	4626.66666743	4638.58974443	4634.3589752	4626.92307769	4595.51282128	
4597.4358982	4707.05128303	4648.58974443	4694.35897534	4637.05128289	4584.48718019	4581.92307762	4613.46153923	4553.9743596	4618.07692385	4625.51282128	4621.15384692	4615.76923154	4590.12820583	
4596.66666743	4720.51282149	4650.89743674	4696.41025739	4622.69230846	4566.53846224	4577.94871865	4611.15384692	4551.79487242	4607.05128282	4625.00000077	4615.76923154	4614.48718026	4588.33333403	
4600.25641102	4728.33333438	4658.4615393	4719.23077021	4596.92307769	4574.74359044	4577.82051352	4624.10256487	4562.30769301	4612.56410333	4637.17948802	4625.76923154	4626.53846231	4591.92307762	
4595.76923154	4712.94871893	4649.23077007	4705.51282149	4624.48718026	4584.87179557	4577.94871865	4625.38461615	4560.38461601	4614.87179564	4631.53846238	4622.4358982	4620.51282128	4587.30769301	
4586.53846224	4701.41025739	4635.76923161	4672.17948809	4640.76923161	4579.48718019	4575.12820583	4614.10256487	4550.00000063	4600.76923154	4614.10256487	4608.3333341	4602.05128282	4577.17948788	
4581.02564172	4698.97435995	4631.92307776	4670.12820604	4601.79487256	4562.05128275	4563.97435967	4601.28205205	4543.84615448	4589.23076993	4605.76923154	4599.61538538	4592.30769301	4571.15384685	
4576.66666737	4688.97435988	4624.87179564	4682.56410347	4557.69230832	4544.35897499	4550.00000063	4590.51282121	4537.82051345	4585.64102634	4603.71794949	4595.51282128	4590.51282121	4566.79487249	
4571.41025711	4674.10256501	4615.51282128	4670.76923168	4560.51282114	4544.10256473	4544.8717955	4587.30769301	4532.30769294	4580.38461608	4598.46153923	4593.58974429	4587.56410326	4563.2051289	
4568.84615454	4676.41025732	4615.76923154	4656.53846238	4608.97435974	4543.33333396	4540.89743653	4584.87179557	4529.35897499	4575.38461608	4594.61538531	4592.17948788	4579.87179557	4561.53846217	
4563.58974429	4680.76923168	4614.23077	4653.71794956	4592.94871865	4544.61538524	4539.23076986	4572.82051352	4521.15384671	4563.58974429	4586.66666737	4580.76923147	4565.76923147	4553.07692371	
4555.00000063	4656.02564186	4601.66666743	4654.3589752	4540.12820576	4543.58974422	4533.58974422	4561.6666673	4511.41025697	4548.84615448	4575.51282121	4567.69230839	4557.82051345	4541.92307755	
4548.71794935	4651.28205212	4590.64102634	4645.76923161	4554.35897499	4525.38461594	4518.07692364	4559.35897499	4510.89743646	4547.56410319	4570.0000007	4564.23076993	4558.58974422	4538.58974422	
4544.23076986	4657.5641034	4588.58974429	4632.43589827	4573.58974429	4517.94871851	4515.25641082	4561.15384678	4516.02564159	4556.53846217	4569.87179557	4563.71794942	4557.94871858	4537.30769294	
4529.48718012	4619.87179564	4570.38461608	4620.51282128	4530.7692314	4526.15384671	4515.76923133	4546.28205191	4502.69230825	4535.89743653	4546.15384678	4540.89743653	4536.28205191	4518.07692364	
4512.30769287	4592.69230839	4543.46153909	4598.58974436	4505.00000056	4509.48718005	4492.69230818	4518.20512876	4477.05128254	4498.07692364	4507.82051338	4510.12820569	4504.87179543	4495.38461587	
4499.23076979	4591.28205198	4529.61538524	4571.66666737	4502.05128261	4477.56410305	4465.25641075	4500.00000056	4462.43589786	4479.35897485	4493.07692357	4494.23076972	4488.58974408	4482.94871844	
4494.10256459	4573.71794942	4526.15384671	4561.28205191	4467.43589793	4484.74359023	4472.82051331	4501.92307748	4465.25641075	4482.05128254	4499.35897492	4491.28205177	4492.17948767	4484.48717998	
4503.33333389	4570.8974366	4531.79487242	4567.43589813	4485.00000049	4502.30769287	4490.89743639	4513.71794928	4476.79487229	4495.00000049	4506.92307748	4500.6410262	4502.56410312	4499.48718005	
4495.25641075	4578.71794942	4522.69230825	4559.10256473	4512.94871851	4493.07692357	4473.58974408	4495.64102613	4464.87179536	4479.23076972	4487.43589793	4487.17948767	4484.61538511	4487.43589793	
4480.12820562	4567.82051352	4517.435898	4571.53846224	4494.61538511	4475.76923126	4451.92307734	4478.2051287	4450.25641068	4467.3076928	4472.56410305	4467.69230818	4468.71794921	4469.61538511	
4486.28205177	4558.9743596	4526.92307748	4593.07692378	4466.02564152	4455.00000042	4450.89743632	4487.17948767	4456.02564145	4477.17948767	4482.56410305	4474.35897485	4477.05128254	4479.23076972	
4490.89743639	4565.8974366	4526.66666723	4570.8974366	4454.23076965	4451.79487222	4454.10256452	4486.53846203	4456.2820517	4466.66666716	4485.00000049	4476.15384664	4476.79487229	4483.07692357	
4485.64102613	4569.23076993	4528.84615441	4560.12820576	4470.38461587	4467.05128254	4456.92307734	4481.79487229	4454.61538504	4461.66666709	4486.15384664	4475.25641075	4478.46153895	4478.07692357	
4479.48717998	4555.00000063	4525.89743646	4559.23076986	4484.74359023	4461.66666709	4448.71794914	4474.35897485	4448.20512863	4464.23076972	4479.48717998	4472.3076928	4475.512821	4473.84615434	
4476.92307741	4549.23076986	4516.28205184	4551.92307755	4488.46153895	4450.00000042	4439.35897478	4463.71794921	4437.05128247	4455.38461581	4463.71794921	4461.15384657	4460.89743632	4466.15384664	
4477.05128254	4565.64102634	4516.66666723	4560.89743653	4464.74359023	4453.46153888	4444.35897478	4466.53846203	4440.64102606	4454.48717991	4462.82051324	4455.64102606	4460.00000042	4463.84615434	
4478.2051287	4565.0000007	4522.435898	4555.7692314	4429.61538497	4455.25641068	4450.64102606	4474.74359023	4452.05128247	4463.58974408	4474.10256459	4463.20512863	4471.28205177	4471.92307741	
4478.46153895	4552.43589807	4521.41025697	4543.07692371	4446.66666709	4467.69230818	4452.56410298	4476.4102569	4451.92307734	4465.64102613	4476.53846203	4470.64102613	4475.00000049	4475.25641075	
4475.89743639	4555.00000063	4515.76923133	4560.12820576	4485.64102613	4469.35897485	4447.69230811	4470.25641075	4443.0769235	4458.0769235	4469.23076972	4463.97435946	4468.07692357	4468.97435946	
4473.71794921	4560.38461601	4513.71794928	4561.02564165	4471.53846203	4435.64102606	4431.92307734	4458.33333375	4435.89743632	4446.92307734	4465.512821	4454.74359016	4457.56410298	4462.05128247	
4467.43589793	4546.02564165	4504.48718005	4518.33333389	4425.64102599	4430.12820548	4425.64102599	4450.25641068	4430.89743632	4443.0769235	4460.64102606	4448.33333375	4448.58974401	4456.2820517	
4462.30769273	4525.6410262	4501.79487235	4530.00000063	4424.48717984	4455.64102606	4432.30769273	4457.94871837	4434.87179529	4452.82051324	4458.58974401	4448.71794914	4451.92307734	4454.48717991	
4468.46153895	4529.35897499	4514.48718005	4571.92307762	4434.87179529	4456.41025683	4435.25641068	4469.23076972	4448.33333375	4458.84615427	4470.512821	4457.69230811	4462.82051324	4459.48717991	
4469.61538511	4545.12820576	4511.28205184	4542.56410319	4435.89743632	4433.46153888	4427.69230804	4462.43589786	4446.92307734	4447.1794876	4473.58974408	4452.94871837	4456.79487222	4456.02564145	
4463.0769235	4545.38461601	4493.46153895	4500.51282107	4454.61538504	4443.33333375	4429.48717984	4450.76923119	4432.94871837	4436.15384657	4453.71794914	4435.12820555	4440.51282093	4445.51282093	
4465.12820562	4529.74359037	4498.97435953	4528.84615441	4476.15384664	4454.35897478	4435.25641068	4459.87179529	4440.12820555	4453.58974401	4453.9743594	4441.15384657	4452.30769273	4453.0769235	
4460.76923119	4520.51282107	4504.35897492	4555.51282114	4425.76923112	4420.76923112	4415.25641061	4457.05128247	4442.94871837	4456.53846196	4460.38461581	4448.58974401	4457.94871837	4453.9743594	
4450.25641068	4536.53846217	4485.512821	4519.87179543	4368.46153874	4425.89743625	4403.97435933	4429.23076958	4417.0512824	4417.43589779	4433.46153888	4428.46153881	4426.79487215	4433.58974401	
4453.84615427	4533.33333396	4478.97435946	4500.76923133	4415.76923112	4455.51282093	4419.23076958	4422.17948753	4404.87179522	4401.28205163	4420.89743625	4421.28205163	4412.69230804	4431.41025683	
4463.58974408	4511.41025697	4495.12820562	4532.56410319	4465.512821	4425.76923112	4419.48717984	4441.15384657	4423.07692343	4428.20512856	4447.69230811	4439.87179529	4437.56410298	4449.74359016	
4466.4102569	4529.35897499	4508.07692364	4547.94871858	4435.00000042	4399.87179522	4406.92307727	4452.1794876	4435.89743632	4447.69230811	4465.76923126	4453.84615427	4459.48717991	4458.84615427	
4459.61538504	4537.69230832	4500.89743646	4524.23076979	4412.30769266	4424.23076958	4409.48717984	4446.53846196	4431.41025683	4440.25641068	4454.74359016	4447.30769273	4455.51282093	4451.79487222	
4455.25641068	4508.71794928	4489.74359023	4524.87179543	4408.33333368	4443.58974401	4423.97435933	4446.2820517	4431.2820517	4433.58974401	4448.33333375	4441.02564145	4448.58974401	4447.1794876	
4453.46153888	4510.38461594	4482.43589793	4528.07692364	4390.25641054	4433.33333375	4421.53846189	4438.20512863	4421.79487215	4419.10256445	4438.0769235	4433.33333375	4435.12820555	4439.48717991	
4451.41025683	4530.51282114	4478.33333382	4507.30769287	4412.82051317	4419.48717984	4408.20512856	4425.25641061	4409.74359009	4407.30769266	4427.56410292	4425.64102599	4426.28205163	4434.10256452	
4458.0769235	4523.20512876	4487.69230818	4524.23076979	4446.41025683	4423.07692343	4413.46153881	4438.0769235	4425.25641061	4424.74359009	4443.58974401	4436.53846196	4442.30769273	4446.41025683	
4458.0769235	4514.87179543	4489.61538511	4540.51282114	4419.61538497	4428.97435933	4418.20512856	4443.84615427	4432.82051324	4432.82051324	4450.00000042	4440.12820555	4443.33333375	4446.2820517	
4443.0769235	4501.5384621	4473.58974408	4510.89743646	4368.58974387	4427.9487183	4406.02564138	4421.66666702	4412.82051317	4418.20512856	4432.43589786	4424.10256445	4424.23076958	4429.61538497	
4419.87179522	4454.48717991	4446.02564145	4477.05128254	4353.71794893	4393.97435926	4376.15384644	4392.43589772	4389.6153849	4394.48717977	4408.33333368	4398.20512856	4403.58974394	4410.25641061	
4389.87179515	4402.0512824	4407.69230804	4451.53846196	4362.30769252	4331.92307707	4331.53846168	4356.28205149	4362.43589765	4350.12820534	4369.87179515	4359.35897457	4365.64102592	4375.25641054	
4358.07692329	4367.30769259	4370.12820541	4400.25641061	4316.92307707	4324.87179501	4307.30769245	4319.10256425	4328.20512835	4300.64102578	4322.43589758	4314.61538476	4317.30769245	4334.23076944	
4331.92307707	4326.1538463	4341.15384637	4353.07692329	4223.33333327	4346.66666688	4300.51282066	4293.84615392	4305.38461553	4271.28205136	4291.923077	4282.17948725	4287.56410264	4312.94871809	
4326.41025655	4298.97435905	4334.35897457	4374.74359003	4216.92307686	4296.15384623	4279.2307693	4284.2307693	4303.20512835	4266.15384616	4290.89743597	4278.46153853	4285.1282052	4312.69230784	
4327.69230784	4292.94871802	4334.4871797	4396.9230772	4273.20512828	4236.02564103	4261.41025641	4281.53846161	4303.97435912	4269.48717956	4290.89743597	4280.76923084	4285.76923084	4310.51282066	
4311.79487194	4274.2307693	4315.51282066	4354.35897457	4258.71794872	4254.23076923	4258.71794872	4267.43589751	4288.97435905	4253.58974359	4269.2307693	4261.53846154	4266.15384616	4295.89743597	
4305.89743604	4266.923077	4309.61538476	4323.97435912	4238.07692308	4291.15384623	4261.66666667	4263.46153847	4284.87179495	4241.7948718	4266.02564103	4255.25641026	4260.64102564	4295.64102571	
4310.51282066	4276.79487187	4314.48717963	4339.4871797	4226.15384609	4281.66666674	4258.20512821	4265.12820513	4286.41025648	4244.23076923	4275.76923084	4258.71794872	4264.74358975	4295.89743597	
4306.92307707	4283.58974366	4306.41025655	4346.53846175	4203.71794865	4256.53846154	4248.33333334	4251.28205129	4275.1282052	4240.8974359	4263.33333334	4247.43589744	4248.97435898	4282.56410264	
4309.61538476	4277.05128212	4309.10256425	4352.17948739	4228.58974352	4265.8974359	4254.87179488	4255.25641026	4281.0256411	4250.51282052	4263.07692308	4252.43589744	4251.28205129	4288.71794879	
4316.1538463	4255.64102564	4316.41025655	4360.64102585	4248.20512821	4288.84615392	4270.38461546	4275.64102571	4298.97435905	4263.97435898	4280.76923084	4269.48717956	4275.38461546	4304.61538476	
4315.64102578	4268.33333341	4311.28205142	4349.74358996	4224.87179481	4283.46153853	4270.1282052	4278.84615392	4298.58974366	4258.46153847	4278.58974366	4269.10256418	4276.53846161	4303.97435912	
4316.53846168	4300.76923091	4311.92307707	4354.10256431	4223.4615384	4271.15384623	4266.41025641	4273.58974366	4293.46153853	4253.20512821	4268.07692315	4265.8974359	4266.41025641	4301.92307707	
4325.2564104	4300.51282066	4326.28205142	4387.05128233	4278.84615392	4272.17948725	4273.84615392	4282.56410264	4301.53846168	4266.41025641	4279.10256418	4279.61538469	4278.33333341	4311.02564117	
4338.20512842	4300.76923091	4339.61538483	4389.6153849	4308.20512835	4293.33333341	4291.0256411	4296.41025648	4311.53846168	4280.38461546	4294.35897443	4297.69230777	4298.58974366	4324.74358989	
4345.51282073	4323.97435912	4343.20512842	4366.15384644	4256.28205129	4316.79487194	4301.53846168	4297.05128212	4311.79487194	4277.56410264	4291.0256411	4302.43589758	4298.97435905	4332.56410278	
4348.07692329	4329.3589745	4347.17948739	4383.33333362	4217.94871788	4317.56410271	4302.05128219	4298.20512828	4315.51282066	4280.51282059	4294.10256418	4308.58974373	4300.12820527	4335.00000021	
4352.56410278	4325.2564104	4353.5897438	4414.61538497	4261.7948718	4293.46153853	4294.48717956	4306.1538463	4322.56410271	4296.0256411	4308.97435912	4317.82051296	4318.58974373	4337.17948739	
4352.94871816	4333.46153867	4352.6923079	4405.25641061	4310.2564104	4289.48717956	4291.923077	4305.2564104	4320.00000014	4298.20512828	4310.2564104	4315.2564104	4323.97435912	4337.94871816	
4354.61538483	4338.07692329	4355.3846156	4395.38461567	4301.02564117	4322.69230784	4309.23076937	4308.4615386	4321.1538463	4295.76923084	4312.56410271	4318.84615399	4318.33333348	4341.79487201	
4358.07692329	4331.02564117	4358.20512842	4405.76923112	4268.84615392	4320.51282066	4314.48717963	4315.76923091	4325.12820527	4298.71794879	4308.97435912	4323.58974373	4316.41025655	4343.46153867	
4356.41025662	4329.87179501	4354.74358996	4405.76923112	4260.38461539	4302.82051296	4309.23076937	4316.1538463	4321.53846168	4296.66666674	4288.07692315	4315.51282066	4315.2564104	4341.53846175	
4363.07692329	4353.46153867	4367.17948746	4411.92307727	4299.10256418	4310.00000014	4318.4615386	4327.56410271	4330.38461553	4307.30769245	4293.20512828	4327.30769245	4328.4615386	4353.5897438	
4375.64102592	4372.17948746	4378.46153874	4423.97435933	4337.17948739	4311.66666681	4327.17948732	4340.51282073	4341.02564124	4323.07692322	4313.84615399	4349.4871797	4345.3846156	4366.15384644	
4380.64102592	4377.05128233	4377.43589772	4421.92307727	4330.64102578	4339.61538483	4341.66666688	4345.64102585	4343.97435919	4324.3589745	4318.58974373	4350.25641047	4350.00000021	4367.43589772	
4363.5897438	4365.00000021	4363.46153867	4411.02564138	4285.1282052	4358.5897438	4340.12820534	4337.17948739	4339.35897457	4310.38461553	4305.12820527	4330.12820527	4333.20512842	4352.6923079	
4334.4871797	4325.12820527	4335.51282073	4396.41025669	4251.92307693	4308.4615386	4303.97435912	4309.48717963	4321.41025655	4292.30769238	4281.53846161	4305.2564104	4308.58974373	4327.05128219	
4320.51282066	4315.64102578	4317.05128219	4375.25641054	4253.84615385	4284.61538469	4288.71794879	4286.15384623	4301.66666681	4276.79487187	4264.74358975	4291.0256411	4292.30769238	4312.82051296	
4326.92307707	4353.97435919	4320.89743604	4358.5897438	4265.51282052	4323.33333348	4308.58974373	4285.00000007	4299.48717963	4268.71794879	4264.74358975	4292.05128212	4285.64102571	4315.76923091	
4347.43589765	4370.89743618	4345.89743611	4387.94871823	4304.61538476	4329.23076937	4321.79487194	4315.2564104	4330.38461553	4298.58974366	4293.71794879	4318.84615399	4313.33333348	4339.74358996	
4357.17948739	4371.02564131	4361.15384637	4421.79487215	4325.2564104	4308.33333348	4321.02564117	4335.12820534	4349.87179508	4325.64102578	4317.43589758	4338.07692329	4341.92307714	4353.84615406	
4352.05128226	4390.64102592	4355.64102585	4415.12820548	4275.89743597	4327.43589758	4326.53846168	4322.05128219	4332.30769252	4314.48717963	4311.92307707	4328.33333348	4332.30769252	4342.94871816	
4359.87179508	4402.69230804	4365.64102592	4425.89743625	4286.66666674	4350.51282073	4338.71794893	4329.23076937	4332.94871816	4323.33333348	4319.87179501	4336.15384637	4338.20512842	4350.51282073	
4368.07692336	4407.56410292	4374.6153849	4435.64102606	4352.6923079	4345.64102585	4341.28205149	4348.20512842	4349.74358996	4336.53846175	4331.79487194	4348.71794893	4351.92307714	4363.5897438	
4361.28205149	4428.20512856	4364.4871797	4417.17948753	4326.02564117	4338.07692329	4338.20512842	4342.43589765	4345.3846156	4322.94871809	4321.41025655	4339.10256431	4338.97435919	4355.25641047	
4357.43589765	4421.53846189	4364.35897457	4424.87179522	4293.58974366	4327.30769245	4335.89743611	4336.79487201	4339.87179508	4324.74358989	4318.4615386	4336.92307714	4338.07692329	4354.35897457	
4352.43589765	4381.9230772	4361.28205149	4421.79487215	4310.51282066	4325.12820527	4333.71794893	4333.84615406	4339.4871797	4326.53846168	4319.74358989	4336.15384637	4341.66666688	4355.12820534	
4344.4871797	4380.25641054	4343.33333355	4387.43589772	4275.00000007	4338.5897438	4329.10256425	4319.87179501	4329.48717963	4302.69230784	4304.10256425	4320.89743604	4322.30769245	4341.79487201	
4345.00000021	4407.43589779	4340.51282073	4395.76923105	4250.0	4330.38461553	4318.97435912	4312.82051296	4323.20512835	4295.89743597	4297.17948725	4314.23076937	4317.94871809	4336.66666688	
4355.25641047	4426.28205163	4361.66666688	4432.30769273	4305.12820527	4323.33333348	4322.30769245	4325.51282066	4333.97435919	4318.97435912	4318.33333348	4332.30769252	4341.92307714	4350.64102585	
4362.43589765	4432.94871837	4372.30769259	4429.87179522	4328.58974373	4338.5897438	4335.00000021	4334.4871797	4343.46153867	4328.4615386	4329.23076937	4346.41025662	4350.76923098	4360.89743611	
4367.56410285	4421.28205163	4372.05128233	4420.76923112	4297.43589751	4339.87179508	4336.41025662	4339.23076944	4346.66666688	4328.4615386	4328.33333348	4350.64102585	4351.41025662	4364.87179508	
4388.97435926	4442.94871837	4397.9487183	4451.79487222	4325.2564104	4351.92307714	4355.64102585	4365.00000021	4364.23076944	4352.56410278	4352.43589765	4374.35897464	4375.64102592	4384.87179515	
4407.17948753	4486.92307741	4419.10256445	4470.512821	4361.28205149	4395.25641054	4388.58974387	4383.84615413	4376.41025669	4370.76923105	4371.79487208	4394.10256438	4389.87179515	4400.89743625	
4403.8461542	4472.69230818	4409.74359009	4459.23076965	4342.82051303	4394.87179515	4387.69230797	4383.33333362	4372.43589772	4364.87179508	4364.87179508	4388.58974387	4385.76923105	4399.23076958	
4397.9487183	4438.58974401	4403.33333368	4473.71794921	4349.61538483	4356.15384637	4369.87179515	4389.35897464	4376.9230772	4361.92307714	4359.74358996	4382.17948746	4382.8205131	4397.05128233	
4393.33333362	4461.02564145	4402.17948753	4480.38461587	4363.46153867	4349.4871797	4360.89743611	4376.53846182	4371.53846182	4354.35897457	4351.92307714	4373.07692336	4368.58974387	4386.53846182	
4386.66666695	4486.02564152	4394.23076951	4451.66666709	4333.5897438	4366.41025669	4355.89743611	4351.53846175	4353.33333355	4343.97435919	4344.74358996	4364.23076944	4359.74358996	4373.84615413	
4382.30769259	4448.46153888	4387.56410285	4426.28205163	4305.2564104	4375.38461567	4358.97435919	4354.87179508	4353.84615406	4348.46153867	4354.35897457	4367.94871823	4371.15384644	4374.35897464	
4381.66666695	4428.46153881	4386.53846182	4430.64102599	4321.53846168	4355.51282073	4352.56410278	4357.82051303	4358.84615406	4345.25641047	4357.05128226	4370.89743618	4371.28205156	4377.43589772	
4378.20512849	4458.20512863	4381.41025669	4444.35897478	4331.28205142	4321.41025655	4328.20512835	4332.56410278	4343.97435919	4324.3589745	4342.94871816	4359.87179508	4353.97435919	4368.97435926	
4359.4871797	4444.35897478	4358.84615406	4415.51282086	4279.74358982	4319.48717963	4312.43589758	4308.20512835	4321.53846168	4305.12820527	4320.64102578	4330.76923091	4329.74358989	4346.92307714	
4335.64102585	4391.15384644	4333.97435919	4376.41025669	4236.66666667	4321.41025655	4306.66666681	4301.1538463	4311.79487194	4296.66666674	4299.10256418	4302.56410271	4308.07692322	4325.38461553	
4312.56410271	4367.69230797	4306.66666681	4353.5897438	4242.30769231	4286.66666674	4283.46153853	4279.87179495	4296.66666674	4271.15384623	4272.30769238	4277.82051289	4281.15384623	4306.41025655	
4289.87179495	4365.64102592	4278.71794879	4325.2564104	4248.58974359	4256.92307693	4255.25641026	4249.87179488	4273.33333341	4238.07692308	4242.30769231	4247.05128206	4251.7948718	4284.10256418	
4285.38461546	4359.4871797	4279.2307693	4318.07692322	4242.05128206	4263.46153847	4254.23076923	4254.10256411	4274.87179495	4238.58974359	4240.64102564	4238.20512821	4252.82051282	4279.35897443	
4290.00000007	4347.43589765	4283.33333341	4330.12820527	4214.48717942	4270.64102571	4265.12820513	4267.82051289	4283.33333341	4244.10256411	4247.6923077	4243.58974359	4260.0	4286.41025648	
4295.38461546	4360.3846156	4284.35897443	4332.6923079	4191.5384614	4267.30769238	4268.97435905	4268.07692315	4283.07692315	4241.53846154	4250.51282052	4247.56410257	4258.33333334	4292.17948725	
4304.87179501	4390.25641054	4297.43589751	4335.25641047	4227.30769224	4271.66666674	4269.10256418	4271.0256411	4288.46153853	4252.94871795	4263.33333334	4258.20512821	4270.00000007	4301.53846168	
4307.30769245	4390.00000028	4303.20512835	4356.15384637	4279.2307693	4267.69230777	4264.61538462	4268.97435905	4291.923077	4255.25641026	4267.43589751	4261.66666667	4273.84615392	4302.56410271	
4306.02564117	4387.17948746	4302.56410271	4355.64102585	4261.92307693	4269.10256418	4266.53846154	4267.94871802	4292.05128212	4252.05128206	4269.2307693	4263.07692308	4272.56410264	4300.12820527	
4298.84615392	4396.15384644	4293.97435905	4313.07692322	4182.17948704	4295.38461546	4275.1282052	4263.71794872	4284.87179495	4255.12820513	4266.15384616	4255.76923077	4270.51282059	4295.64102571	
4294.10256418	4380.25641054	4286.923077	4315.38461553	4174.99999986	4295.1282052	4273.84615392	4258.20512821	4283.71794879	4258.71794872	4262.43589744	4248.71794872	4267.30769238	4292.17948725	
4299.2307693	4360.3846156	4292.30769238	4357.82051303	4258.07692308	4259.87179488	4260.38461539	4261.53846154	4288.20512828	4259.35897436	4269.2307693	4258.33333334	4268.97435905	4294.48717956	
4298.20512828	4358.97435919	4290.1282052	4349.4871797	4276.66666674	4246.66666667	4252.6923077	4257.43589744	4277.69230777	4245.76923077	4263.84615385	4256.7948718	4262.6923077	4292.17948725	
4295.1282052	4365.89743618	4286.28205136	4315.76923091	4223.97435891	4266.79487187	4262.17948718	4258.33333334	4275.51282059	4240.38461539	4256.15384616	4252.6923077	4261.53846154	4294.61538469	
4293.46153853	4373.20512849	4285.89743597	4307.82051296	4196.92307679	4270.00000007	4262.6923077	4261.02564103	4280.51282059	4243.58974359	4252.56410257	4250.0	4262.82051282	4292.05128212	
4289.35897443	4374.6153849	4282.30769238	4316.53846168	4217.05128199	4263.58974359	4253.97435898	4256.02564103	4275.51282059	4235.8974359	4249.10256411	4241.53846154	4256.7948718	4283.20512828	
4294.74358982	4382.05128233	4291.15384623	4340.64102585	4242.43589744	4273.33333341	4264.87179488	4268.71794879	4282.56410264	4247.56410257	4263.84615385	4253.97435898	4267.69230777	4294.10256418	
4305.12820527	4402.69230804	4303.07692322	4360.12820534	4244.35897436	4267.69230777	4269.87179495	4279.61538469	4293.46153853	4264.87179488	4277.56410264	4269.74358982	4283.71794879	4304.3589745	
4306.66666681	4411.15384651	4302.05128219	4355.51282073	4234.61538462	4273.71794879	4267.05128212	4271.923077	4290.64102571	4259.35897436	4273.07692315	4265.38461539	4278.58974366	4297.82051289	
4305.76923091	4398.33333368	4304.61538476	4355.89743611	4243.20512821	4289.87179495	4275.38461546	4274.10256418	4293.97435905	4257.94871795	4274.48717956	4267.05128212	4271.923077	4298.97435905	
4302.05128219	4396.02564131	4304.87179501	4351.53846175	4259.48717949	4280.64102571	4274.61538469	4274.35897443	4291.15384623	4258.71794872	4277.30769238	4271.15384623	4274.74358982	4301.66666681	
4303.07692322	4418.46153881	4303.58974373	4337.82051303	4258.20512821	4275.00000007	4266.66666674	4263.97435898	4278.71794879	4253.20512821	4274.2307693	4267.30769238	4279.61538469	4298.20512828	
4307.30769245	4412.82051317	4304.23076937	4343.71794893	4244.61538462	4281.53846161	4268.20512828	4264.10256411	4278.58974366	4253.71794872	4272.69230777	4268.07692315	4277.17948725	4296.79487187	
4299.35897443	4380.89743618	4292.05128212	4346.28205149	4226.53846147	4284.74358982	4270.64102571	4264.61538462	4279.61538469	4249.74358975	4265.0	4261.41025641	4260.8974359	4289.2307693	
4288.97435905	4378.717949	4282.30769238	4334.23076944	4213.20512814	4276.41025648	4263.07692308	4257.56410257	4274.10256418	4239.35897436	4256.53846154	4248.71794872	4252.05128206	4279.10256418	
4289.10256418	4394.87179515	4287.43589751	4331.66666681	4222.94871788	4260.38461539	4254.35897436	4257.82051282	4272.69230777	4242.17948718	4260.51282052	4250.12820513	4261.15384616	4282.05128212	
4300.89743604	4398.58974394	4298.07692315	4347.05128226	4265.38461539	4263.20512821	4266.15384616	4275.51282059	4285.25641033	4260.25641026	4276.0256411	4266.79487187	4277.82051289	4297.56410264	
4304.10256425	4389.74359003	4297.43589751	4335.3846156	4278.46153853	4278.07692315	4279.10256418	4283.20512828	4294.35897443	4265.64102564	4281.0256411	4272.82051289	4279.74358982	4301.66666681	
4295.89743597	4391.53846182	4291.66666674	4322.43589758	4243.84615385	4281.0256411	4273.84615392	4272.05128212	4290.38461546	4262.05128206	4274.35897443	4263.84615385	4269.35897443	4293.07692315	
4295.64102571	4408.07692343	4292.82051289	4347.82051303	4227.05128199	4285.25641033	4272.05128212	4271.66666674	4289.61538469	4263.20512821	4275.25641033	4261.15384616	4270.00000007	4292.69230777	
4295.76923084	4404.87179522	4286.41025648	4351.02564124	4234.23076923	4285.89743597	4270.64102571	4268.71794879	4284.87179495	4253.33333334	4271.15384623	4258.33333334	4266.53846154	4288.58974366	
4292.94871802	4389.10256438	4282.69230777	4328.4615386	4242.6923077	4272.56410264	4259.61538462	4259.23076923	4278.07692315	4247.30769231	4268.33333341	4256.66666667	4260.25641026	4283.58974366	
4291.79487187	4386.66666695	4286.66666674	4322.56410271	4252.6923077	4253.84615385	4249.87179488	4258.07692308	4276.15384623	4252.30769231	4273.97435905	4258.07692308	4262.17948718	4286.79487187	
4289.87179495	4389.10256438	4283.58974366	4315.89743604	4224.61538455	4251.66666667	4250.8974359	4254.87179488	4269.35897443	4240.64102564	4269.61538469	4251.7948718	4257.30769231	4282.56410264	
4295.38461546	4392.56410285	4289.35897443	4319.48717963	4199.35897422	4272.05128212	4264.35897436	4260.0	4271.53846161	4238.97435898	4274.87179495	4254.74358975	4261.41025641	4284.87179495	
4303.07692322	4405.51282086	4298.46153853	4343.84615406	4246.28205129	4280.89743597	4269.35897443	4269.10256418	4280.1282052	4253.58974359	4289.10256418	4264.87179488	4273.33333341	4295.38461546	
4301.02564117	4409.74359009	4294.48717956	4344.10256431	4269.10256418	4275.89743597	4264.23076923	4266.41025641	4277.43589751	4252.94871795	4287.17948725	4263.71794872	4271.79487187	4294.35897443	
4293.84615392	4390.25641054	4286.923077	4323.4615386	4232.30769224	4266.53846154	4257.6923077	4260.8974359	4271.15384623	4247.6923077	4277.30769238	4256.15384616	4262.6923077	4287.05128212	
4280.25641033	4377.43589772	4267.94871802	4301.02564117	4209.48717942	4253.20512821	4243.97435898	4244.61538462	4256.15384616	4228.58974352	4256.02564103	4236.28205129	4243.84615385	4271.15384623	
4266.53846154	4375.51282079	4247.05128206	4276.79487187	4192.4358973	4254.10256411	4236.66666667	4222.05128199	4241.28205129	4199.2307691	4236.15384616	4217.69230763	4222.94871788	4255.0	
4267.94871802	4357.6923079	4251.7948718	4283.71794879	4183.3333332	4247.17948718	4236.02564103	4223.97435891	4249.61538462	4204.10256404	4245.51282052	4226.15384609	4225.38461532	4258.71794872	
4269.74358982	4347.05128226	4259.35897436	4303.97435912	4207.43589737	4235.38461539	4232.82051275	4235.0	4258.33333334	4229.99999993	4256.02564103	4235.51282052	4237.56410257	4265.38461539	
4258.07692308	4359.4871797	4245.12820513	4290.76923084	4229.61538455	4226.28205122	4219.23076917	4219.74358968	4241.7948718	4217.94871788	4237.43589744	4218.84615378	4223.84615378	4251.15384616	
4243.97435898	4345.89743611	4227.30769224	4257.30769231	4181.66666653	4216.53846147	4204.48717942	4193.97435884	4220.7692307	4180.51282038	4217.05128199	4198.07692294	4198.71794858	4231.79487173	
4239.48717949	4321.41025655	4223.97435891	4248.84615385	4132.05128178	4214.74358968	4206.41025634	4190.25641012	4220.12820506	4174.10256397	4218.4615384	4196.15384602	4194.87179474	4228.84615378	
4230.12820506	4319.74358989	4211.53846147	4245.38461539	4139.1025639	4207.43589737	4200.12820499	4183.97435884	4215.89743583	4170.89743576	4210.7692307	4186.66666653	4183.3333332	4222.94871788	
4218.4615384	4315.00000014	4194.2307691	4228.97435891	4151.02564082	4195.51282038	4183.71794858	4164.23076903	4198.97435884	4153.07692287	4193.20512807	4169.48717935	4164.35897415	4208.58974352	
4216.41025634	4305.00000014	4194.99999986	4227.94871788	4158.97435877	4192.05128192	4179.10256397	4158.33333313	4191.92307679	4152.3076921	4189.99999986	4167.43589723	4168.71794858	4206.02564096	
4215.51282045	4301.02564117	4199.2307691	4239.48717949	4160.25641005	4186.66666653	4180.64102551	4167.3076921	4199.35897422	4159.61538441	4194.10256397	4169.61538448	4174.48717935	4210.38461532	
4222.30769224	4309.74358989	4206.15384609	4245.0	4145.25641005	4194.99999986	4191.41025628	4180.89743576	4213.58974352	4161.79487159	4202.43589737	4174.99999986	4175.25641012	4215.25641019	
4230.12820506	4322.43589758	4211.53846147	4236.15384616	4132.05128178	4218.4615384	4204.10256404	4184.10256397	4214.48717942	4166.02564082	4207.94871788	4182.05128192	4184.87179474	4219.35897429	
4227.17948711	4323.20512835	4211.15384609	4232.94871788	4147.43589723	4212.05128199	4197.17948704	4175.89743576	4207.43589737	4174.10256397	4206.79487173	4185.25641012	4193.97435884	4221.53846147	
4225.25641019	4316.92307707	4214.74358968	4251.53846154	4153.205128	4187.94871781	4184.10256397	4174.48717935	4209.99999993	4173.58974345	4209.74358968	4187.69230756	4194.10256397	4222.82051275	
4216.15384609	4297.69230777	4202.5641025	4243.84615385	4136.79487159	4184.61538448	4175.12820499	4162.69230749	4198.58974345	4150.38461518	4198.58974345	4172.56410243	4174.48717935	4206.15384609	
4205.89743583	4280.1282052	4187.17948704	4219.61538455	4153.58974339	4177.17948704	4163.97435877	4150.12820492	4185.89743576	4138.84615364	4187.56410243	4160.64102544	4159.9999998	4193.3333332	
4204.87179481	4283.46153853	4185.64102551	4210.89743583	4126.66666639	4166.66666646	4161.41025621	4149.35897415	4187.05128192	4144.35897415	4186.15384602	4160.25641005	4159.48717928	4194.74358961	
4208.07692301	4290.89743597	4186.41025628	4208.84615378	4101.53846119	4184.99999986	4176.92307679	4152.69230749	4187.17948704	4142.56410236	4179.74358961	4154.87179467	4157.05128185	4193.58974345	
4217.69230763	4292.82051289	4197.4358973	4226.6666666	4171.15384602	4214.87179481	4199.2307691	4173.58974345	4199.74358961	4154.74358954	4189.10256397	4165.76923056	4172.69230756	4205.51282045	
4224.48717942	4298.20512828	4207.05128199	4240.12820513	4178.07692294	4222.94871788	4205.51282045	4189.10256397	4215.38461532	4172.17948704	4198.71794858	4179.10256397	4187.69230756	4218.33333327	
4227.94871788	4313.33333348	4210.7692307	4237.94871795	4124.8717946	4212.69230763	4201.41025634	4190.51282038	4220.12820506	4178.46153833	4198.71794858	4181.66666653	4189.10256397	4218.97435891	
4227.17948711	4310.2564104	4208.97435891	4226.41025634	4139.1025639	4202.43589737	4202.05128199	4196.28205115	4218.58974352	4181.92307679	4201.79487173	4182.56410243	4189.99999986	4217.5641025	
4219.99999993	4289.2307693	4198.07692294	4208.33333327	4160.12820492	4195.51282038	4199.10256397	4193.58974345	4212.17948711	4177.4358973	4199.99999986	4175.25641012	4187.17948704	4214.48717942	
4221.15384609	4297.82051289	4200.76923063	4216.92307686	4150.25641005	4199.35897422	4194.35897422	4181.28205115	4208.97435891	4166.02564082	4199.48717935	4174.2307691	4184.99999986	4214.10256404	
4224.23076917	4311.79487194	4208.58974352	4235.8974359	4153.84615364	4190.25641012	4187.69230756	4174.10256397	4205.89743583	4157.82051262	4200.38461525	4181.66666653	4182.94871781	4213.07692301	
4223.07692301	4300.12820527	4207.94871788	4233.07692301	4144.74358954	4187.30769217	4188.3333332	4178.58974345	4203.4615384	4164.23076903	4199.48717935	4183.07692294	4182.56410243	4212.17948711	
4222.17948711	4294.35897443	4205.25641019	4214.35897429	4125.25640998	4217.05128199	4200.38461525	4176.5384614	4199.61538448	4166.02564082	4194.48717935	4177.4358973	4179.61538448	4211.28205122	
4221.79487173	4308.20512835	4204.74358968	4214.35897429	4148.205128	4215.89743583	4198.46153833	4163.97435877	4194.2307691	4149.9999998	4187.94871781	4176.92307679	4176.02564089	4209.10256404	
4221.79487173	4309.23076937	4207.5641025	4235.51282052	4166.53846133	4179.48717935	4184.87179474	4167.82051262	4200.12820499	4154.48717928	4195.25641012	4184.61538448	4182.69230756	4209.61538455	
4208.33333327	4270.00000007	4193.58974345	4226.6666666	4125.89743562	4165.89743569	4172.4358973	4168.07692287	4200.89743576	4161.41025621	4191.15384602	4172.69230756	4174.35897422	4198.3333332	
4184.35897422	4230.51282045	4162.69230749	4186.66666653	4089.35897402	4183.84615371	4168.46153833	4147.56410236	4182.4358973	4129.8717946	4153.33333313	4138.205128	4140.76923056	4174.74358961	
4184.61538448	4233.97435898	4161.79487159	4178.84615371	4118.33333306	4186.66666653	4165.89743569	4141.92307672	4174.61538448	4117.56410229	4145.64102544	4135.76923056	4137.94871774	4173.84615371	
4200.25641012	4240.8974359	4184.61538448	4199.74358961	4138.58974339	4160.51282031	4154.9999998	4149.74358954	4180.51282038	4141.79487159	4179.99999986	4164.74358954	4166.53846133	4191.02564089	
4203.33333327	4236.66666667	4190.89743576	4198.3333332	4114.10256383	4166.66666646	4160.38461518	4150.38461518	4181.28205115	4145.51282031	4189.61538448	4172.69230756	4172.17948704	4196.92307679	
4202.05128199	4246.66666667	4188.84615371	4192.30769217	4115.12820485	4184.87179474	4171.79487166	4149.35897415	4180.76923063	4134.10256383	4176.79487166	4161.41025621	4160.12820492	4192.82051269	
4204.87179481	4252.30769231	4193.71794858	4203.07692301	4127.17948691	4167.17948697	4163.71794851	4145.76923056	4181.15384602	4133.33333306	4181.92307679	4162.69230749	4158.84615364	4189.10256397	
4203.58974352	4234.61538462	4194.48717935	4205.25641019	4106.28205101	4167.43589723	4160.51282031	4145.25641005	4182.4358973	4138.33333313	4191.28205115	4171.15384602	4165.25641005	4190.89743576	
4192.30769217	4217.5641025	4175.51282038	4182.94871781	4094.61538427	4186.28205115	4158.84615364	4137.43589723	4172.4358973	4129.99999973	4169.61538448	4154.35897415	4152.05128185	4182.17948704	
4186.92307679	4220.38461532	4163.97435877	4171.92307679	4103.46153819	4172.56410243	4149.1025639	4125.12820485	4162.82051262	4121.02564075	4154.87179467	4138.205128	4138.71794851	4171.15384602	
4195.12820499	4227.69230763	4183.97435884	4203.97435891	4116.53846126	4152.82051262	4151.15384595	4133.58974332	4173.71794858	4134.8717946	4175.25641012	4153.71794851	4156.41025621	4183.07692294	
4200.38461525	4240.38461539	4197.4358973	4212.30769224	4124.23076896	4164.35897415	4159.23076903	4143.46153826	4177.94871781	4141.41025621	4182.05128192	4159.87179467	4164.1025639	4192.56410243	
4207.5641025	4256.41025641	4195.76923063	4194.35897422	4124.23076896	4192.94871781	4172.17948704	4152.17948697	4179.87179474	4144.23076903	4181.66666653	4161.41025621	4168.71794858	4196.02564089	
4219.23076917	4256.41025641	4206.79487173	4209.48717942	4123.84615357	4198.07692294	4185.38461525	4172.56410243	4197.4358973	4162.43589723	4205.25641019	4181.5384614	4195.51282038	4210.12820506	
4224.48717942	4260.51282052	4224.10256404	4232.30769224	4158.07692287	4189.87179474	4189.2307691	4182.17948704	4208.33333327	4175.38461525	4222.43589737	4193.58974345	4207.82051275	4221.15384609	
4223.4615384	4279.61538469	4225.7692307	4231.28205122	4201.15384609	4196.79487166	4190.64102551	4177.56410243	4205.38461532	4173.97435884	4214.23076917	4187.82051269	4194.10256397	4217.94871788	
4216.53846147	4277.94871802	4216.79487173	4219.23076917	4167.69230749	4207.82051275	4190.12820499	4173.3333332	4202.94871788	4170.76923063	4202.05128199	4178.71794858	4182.56410243	4208.07692301	
4216.53846147	4276.28205136	4220.25641019	4220.12820506	4137.3076921	4210.12820506	4192.30769217	4180.89743576	4208.97435891	4182.82051269	4208.58974352	4182.69230756	4191.5384614	4209.74358968	
4221.79487173	4291.28205136	4226.53846147	4233.58974352	4177.94871781	4196.66666653	4191.41025628	4187.69230756	4212.30769224	4193.20512807	4219.87179481	4190.12820499	4202.05128199	4218.4615384	
4221.15384609	4284.74358982	4223.97435891	4235.64102564	4171.02564089	4198.84615371	4191.02564089	4185.12820499	4208.58974352	4187.4358973	4217.43589737	4187.17948704	4199.2307691	4217.5641025	
4217.5641025	4270.25641033	4221.41025634	4219.10256404	4125.89743562	4219.87179481	4196.28205115	4183.97435884	4206.6666666	4178.97435884	4210.89743583	4183.3333332	4195.64102551	4213.84615378	
4215.12820506	4276.28205136	4219.48717942	4204.48717942	4139.61538441	4213.97435891	4193.20512807	4182.05128192	4205.38461532	4175.76923063	4208.71794865	4187.56410243	4195.51282038	4215.25641019	
4223.33333327	4291.28205136	4232.30769224	4222.43589737	4168.07692287	4195.64102551	4193.3333332	4188.07692294	4211.79487173	4191.66666653	4221.02564096	4204.35897429	4206.6666666	4223.4615384	
4236.66666667	4298.71794879	4254.23076923	4244.10256411	4152.69230749	4208.33333327	4206.92307686	4204.74358968	4226.28205122	4215.51282045	4238.84615385	4219.74358968	4221.28205122	4233.20512814	
4240.64102564	4305.64102578	4257.17948718	4248.07692308	4181.5384614	4222.30769224	4215.25641019	4212.30769224	4231.6666666	4211.28205122	4237.82051282	4217.94871788	4221.02564096	4235.38461539	
4236.28205129	4307.30769245	4245.12820513	4236.92307693	4215.12820506	4222.30769224	4214.74358968	4205.12820506	4223.58974352	4190.25641012	4224.48717942	4208.07692301	4208.58974352	4232.30769224	
4230.12820506	4297.69230777	4236.66666667	4223.4615384	4169.2307691	4227.82051275	4208.07692301	4196.02564089	4216.53846147	4188.97435884	4222.43589737	4204.74358968	4205.51282045	4229.10256404	
4229.35897429	4294.2307693	4238.46153847	4227.5641025	4147.82051262	4230.89743583	4205.38461532	4198.20512807	4218.58974352	4197.56410243	4222.5641025	4207.69230763	4209.61538455	4228.07692301	
4232.05128199	4291.79487187	4242.43589744	4236.15384616	4170.89743576	4227.30769224	4215.12820506	4203.71794865	4222.43589737	4197.94871781	4217.5641025	4207.94871788	4207.17948711	4229.23076917	
4236.02564103	4293.46153853	4245.25641026	4240.12820513	4173.20512807	4217.17948711	4215.12820506	4202.43589737	4224.48717942	4201.02564096	4227.30769224	4209.99999993	4211.28205122	4230.89743583	
4242.56410257	4309.48717963	4255.8974359	4249.10256411	4196.5384614	4214.23076917	4208.4615384	4207.43589737	4231.15384609	4211.6666666	4247.05128206	4222.43589737	4225.25641019	4235.8974359	
4245.38461539	4316.1538463	4262.17948718	4250.76923077	4208.33333327	4227.82051275	4216.6666666	4213.84615378	4234.48717949	4212.43589737	4245.8974359	4226.41025634	4224.48717942	4237.94871795	
4253.58974359	4322.05128219	4269.35897443	4257.17948718	4188.3333332	4245.76923077	4235.0	4225.12820506	4242.43589744	4219.61538455	4248.97435898	4233.07692301	4231.92307686	4249.48717949	
4263.84615385	4345.00000021	4280.51282059	4267.82051289	4217.43589737	4251.28205129	4239.87179488	4237.17948718	4252.43589744	4236.66666667	4265.8974359	4246.92307693	4250.51282052	4261.7948718	
4259.48717949	4346.66666688	4277.30769238	4268.58974366	4239.74358975	4244.10256411	4233.97435898	4232.94871788	4249.87179488	4240.38461539	4263.58974359	4242.6923077	4243.71794872	4253.84615385	
4260.0	4333.07692329	4280.1282052	4276.66666674	4203.07692301	4249.74358975	4242.17948718	4242.17948718	4258.33333334	4250.64102564	4269.48717956	4247.17948718	4248.58974359	4256.53846154	
4261.53846154	4337.82051303	4281.53846161	4268.58974366	4201.28205122	4254.10256411	4245.25641026	4249.23076923	4263.97435898	4250.76923077	4273.84615392	4251.92307693	4261.15384616	4262.6923077	
4253.33333334	4339.74358996	4272.82051289	4255.0	4229.10256404	4246.41025641	4235.12820513	4238.33333334	4253.07692308	4237.05128206	4260.51282052	4242.82051282	4252.05128206	4255.38461539	
4248.97435898	4324.10256425	4270.38461546	4260.38461539	4203.58974352	4245.8974359	4235.76923077	4233.20512814	4248.20512821	4237.43589744	4257.05128206	4239.87179488	4242.82051282	4248.33333334	
4246.7948718	4310.12820527	4266.15384616	4256.41025641	4180.25641012	4245.76923077	4237.6923077	4229.87179481	4246.41025641	4234.87179488	4251.28205129	4232.82051275	4234.48717949	4242.82051282	
4242.6923077	4317.56410271	4260.38461539	4253.33333334	4218.07692301	4237.17948718	4225.38461532	4222.5641025	4240.25641026	4221.6666666	4240.51282052	4224.10256404	4225.38461532	4239.87179488	
4233.4615384	4321.02564117	4250.0	4248.33333334	4206.02564096	4226.41025634	4210.7692307	4207.94871788	4226.28205122	4204.74358968	4231.15384609	4217.05128199	4215.7692307	4230.89743583	
4232.69230763	4306.28205142	4247.56410257	4242.94871795	4151.79487159	4224.61538455	4214.61538455	4201.6666666	4222.82051275	4201.41025634	4229.61538455	4214.35897429	4213.58974352	4226.41025634	
4250.12820513	4311.92307707	4264.10256411	4262.94871795	4188.97435884	4239.74358975	4232.30769224	4221.53846147	4242.82051282	4218.58974352	4239.74358975	4228.07692301	4226.41025634	4242.30769231	
4255.38461539	4329.74358989	4266.79487187	4268.97435905	4236.92307693	4260.38461539	4237.43589744	4231.53846147	4246.7948718	4222.69230763	4239.74358975	4232.30769224	4227.69230763	4248.07692308	
4254.23076923	4334.74358996	4271.15384623	4266.02564103	4208.20512814	4260.12820513	4238.97435898	4236.7948718	4247.6923077	4233.84615385	4246.92307693	4234.87179488	4233.97435898	4247.82051282	
4260.38461539	4331.92307707	4286.923077	4278.33333341	4203.20512814	4246.15384616	4246.7948718	4252.94871795	4263.46153847	4253.46153847	4260.51282052	4247.30769231	4251.28205129	4257.6923077	
4253.46153847	4322.69230784	4273.58974366	4266.53846154	4237.56410257	4244.10256411	4242.05128206	4246.15384616	4253.84615385	4230.51282045	4244.87179488	4238.20512821	4237.43589744	4250.38461539	
4243.58974359	4317.94871809	4255.25641026	4249.74358975	4224.48717942	4247.05128206	4230.38461532	4228.07692301	4237.82051282	4208.4615384	4228.58974352	4221.92307686	4218.58974352	4236.15384616	
4242.05128206	4318.07692322	4260.25641026	4260.76923077	4191.02564089	4231.41025634	4221.53846147	4222.17948711	4239.74358975	4218.4615384	4232.5641025	4223.71794865	4223.71794865	4234.23076923	
4239.48717949	4316.41025655	4261.66666667	4262.6923077	4180.64102551	4220.38461532	4217.30769224	4214.74358968	4233.71794865	4216.28205122	4230.51282045	4225.64102558	4223.84615378	4232.05128199	
4233.84615385	4301.92307707	4251.92307693	4255.8974359	4182.30769217	4223.58974352	4212.94871788	4205.7692307	4224.23076917	4204.99999993	4223.71794865	4218.33333327	4215.51282045	4227.5641025	
4226.28205122	4290.25641033	4240.38461539	4245.64102564	4197.69230756	4218.84615378	4202.94871788	4194.2307691	4217.43589737	4193.3333332	4215.64102558	4205.89743583	4204.10256404	4218.84615378	
4229.99999993	4302.17948732	4244.87179488	4244.23076923	4207.69230763	4218.07692301	4205.12820506	4189.99999986	4213.20512814	4187.30769217	4216.28205122	4206.79487173	4204.87179481	4221.02564096	
4242.94871795	4307.82051296	4265.51282052	4271.0256411	4199.48717935	4218.84615378	4213.71794865	4199.87179474	4219.87179481	4199.61538448	4233.71794865	4226.15384609	4222.69230763	4236.41025641	
4250.25641026	4309.3589745	4271.66666674	4271.53846161	4182.82051269	4225.89743583	4223.58974352	4213.97435891	4234.61538462	4214.48717942	4244.74358975	4237.6923077	4232.69230763	4243.84615385	
4250.8974359	4327.17948732	4264.48717949	4243.07692308	4170.76923063	4247.82051282	4237.05128206	4224.87179481	4238.97435898	4216.02564096	4241.66666667	4235.25641026	4231.53846147	4246.28205129	
4247.17948718	4332.17948732	4266.53846154	4255.25641026	4185.76923063	4239.10256411	4227.30769224	4219.87179481	4229.61538455	4210.51282045	4235.64102564	4234.48717949	4226.02564096	4246.02564103	
4242.94871795	4328.33333348	4272.82051289	4290.51282059	4224.48717942	4209.87179481	4206.92307686	4206.92307686	4224.61538455	4204.99999993	4233.71794865	4237.82051282	4218.07692301	4238.97435898	
4232.69230763	4323.84615399	4259.61538462	4275.1282052	4202.43589737	4208.07692301	4200.51282038	4195.64102551	4218.97435891	4189.35897422	4220.64102558	4228.58974352	4204.61538455	4225.51282045	
4218.71794865	4310.2564104	4236.92307693	4231.92307686	4130.7692305	4226.6666666	4199.61538448	4178.71794858	4203.58974352	4173.97435884	4193.97435884	4207.94871788	4186.5384614	4212.5641025	
4217.05128199	4305.76923091	4238.20512821	4246.7948718	4140.51282031	4223.20512814	4194.61538448	4169.61538448	4196.66666653	4174.61538448	4191.79487166	4205.51282045	4182.05128192	4209.87179481	
4206.79487173	4292.17948725	4231.79487173	4257.56410257	4176.92307679	4186.41025628	4176.02564089	4159.1025639	4188.20512807	4156.15384595	4187.69230756	4195.51282038	4172.82051269	4196.92307679	
4187.82051269	4263.71794872	4208.4615384	4214.87179481	4147.69230749	4168.20512807	4161.28205108	4145.25641005	4177.05128192	4129.61538434	4161.79487159	4171.92307679	4154.61538441	4177.05128192	
4191.92307679	4261.28205129	4208.97435891	4212.82051275	4131.79487152	4179.99999986	4165.25641005	4154.23076903	4185.89743576	4147.82051262	4163.46153826	4174.99999986	4158.46153826	4181.15384602	
4205.89743583	4269.2307693	4221.53846147	4246.41025641	4149.23076903	4190.38461525	4178.46153833	4172.4358973	4198.71794858	4173.46153833	4183.84615371	4189.87179474	4175.64102551	4196.66666653	
