4048.20512779	4062.43589702	4023.97435849	4047.94871754	4081.53846119	4056.53846113	4047.05128164	4040.89743548	4032.1794867	4026.92307644	4053.07692266	4003.71794817	4073.33333299	4045.25640984	
4046.15384574	4061.28205087	4024.87179439	4056.28205087	4065.25640984	4046.79487138	4040.89743548	4036.92307651	4025.64102516	4022.05128157	4050.76923036	4001.92307637	4073.8461535	4045.64102523	
4045.76923036	4051.92307651	4027.30769183	4050.38461497	4044.23076882	4042.56410215	4039.87179446	4042.05128164	4031.66666618	4036.53846106	4053.97435856	4004.10256362	4073.8461535	4049.87179446	
4045.5128201	4053.58974318	4024.61538413	4041.15384574	4049.35897395	4046.410256	4041.53846113	4038.84615343	4032.94871747	4033.46153798	4047.94871754	4002.82051227	4068.07692266	4045.12820472	
4046.66666625	4064.6153842	4023.84615336	4037.05128164	4070.25640991	4048.84615343	4039.6153842	4030.25640977	4025.76923029	4015.76923029	4042.05128164	4001.02564047	4065.64102523	4040.38461497	
4054.99999959	4063.84615343	4034.487179	4049.48717907	4066.79487138	4057.56410215	4045.64102523	4042.05128164	4035.25640977	4032.69230721	4062.56410215	4015.76923029	4086.15384581	4054.10256369	
4058.84615343	4060.76923036	4042.82051241	4062.94871754	4064.87179446	4062.56410215	4050.76923036	4054.6153842	4047.30769189	4061.15384574	4076.02564068	4026.02564054	4098.58974325	4062.94871754	
4053.07692266	4072.17948684	4037.17948677	4049.99999959	4088.8461535	4054.10256369	4047.05128164	4047.05128164	4041.28205087	4049.99999959	4056.79487138	4012.69230721	4079.23076889	4052.82051241	
4047.94871754	4074.61538427	4031.79487131	4039.87179446	4084.7435894	4056.28205087	4051.28205087	4042.56410215	4038.58974318	4020.64102516	4044.99999959	4002.56410201	4063.07692266	4044.87179446	
4049.48717907	4059.99999959	4035.3846149	4049.48717907	4074.7435894	4071.66666632	4062.94871754	4053.20512779	4046.15384574	4034.10256362	4060.12820472	4013.46153798	4076.92307658	4051.79487138	
4047.17948677	4056.66666625	4035.64102516	4050.89743548	4075.25640991	4074.7435894	4059.99999959	4056.66666625	4045.38461497	4065.76923036	4069.99999966	4022.43589695	4092.69230735	4056.15384574	
4039.74358933	4055.12820472	4028.58974311	4037.30769189	4042.30769189	4057.94871754	4043.20512779	4042.82051241	4034.99999952	4045.38461497	4056.410256	4014.99999952	4080.6410253	4045.89743548	
4034.99999952	4032.05128157	4019.10256362	4023.84615336	4035.64102516	4036.41025593	4028.07692259	4022.94871747	4018.84615336	4014.487179	4034.74358926	4002.56410201	4059.48717907	4032.30769183	
4008.07692259	3988.97435842	3986.1538456	3993.97435842	4051.66666625	4001.66666611	3994.23076868	3985.64102509	3985.76923022	3998.20512765	4001.92307637	3973.07692252	4029.87179439	4003.84615329	
3945.89743528	3935.38461469	3919.99999931	3932.30769162	3984.61538406	3951.28205066	3935.25640957	3922.17948649	3936.02564033	3934.87179418	3940.76923015	3911.02564033	3968.46153784	3946.53846092	
3903.33333257	3899.3589736	3877.05128129	3888.4615377	3906.41025572	3925.38461469	3901.15384539	3880.12820437	3906.41025572	3867.69230686	3893.07692232	3864.35897353	3918.97435828	3905.51281975	
3913.5897429	3905.2564095	3889.3589736	3894.48717873	3914.35897367	3935.51281982	3911.28205059	3889.87179411	3913.84615316	3880.89743514	3903.07692232	3875.76923001	3930.64102495	3915.89743521	
3925.38461469	3908.46153777	3901.41025565	3908.84615316	3921.15384546	3934.35897367	3916.41025572	3903.71794796	3926.66666598	3918.20512751	3925.38461469	3894.23076847	3950.64102502	3931.15384546	
3916.28205059	3897.43589668	3890.64102488	3906.28205059	3904.10256334	3917.56410187	3903.58974283	3893.4615377	3919.87179418	3896.66666591	3910.38461469	3881.79487103	3934.99999931	3921.41025572	
3912.05128136	3903.58974283	3885.76923001	3897.82051206	3912.82051213	3921.02564033	3901.53846078	3881.79487103	3906.7948711	3862.69230686	3892.82051206	3867.82051199	3922.05128136	3914.74358905	
3916.66666598	3907.692307	3893.97435821	3896.28205052	3933.46153777	3929.10256341	3905.38461462	3886.66666591	3912.56410187	3886.79487103	3906.66666598	3876.92307616	3937.30769162	3921.66666598	
3928.07692239	3911.53846085	3908.33333264	3910.25640957	3946.66666605	3934.61538392	3913.97435828	3907.692307	3933.84615316	3928.71794803	3925.76923008	3898.58974283	3958.33333271	3934.61538392	
3930.64102495	3914.10256341	3909.74358905	3925.12820444	3930.76923008	3942.43589681	3922.05128136	3914.99999931	3936.53846085	3914.87179418	3921.53846085	3901.15384539	3955.51281989	3937.43589674	
3916.41025572	3899.3589736	3890.2564095	3917.82051213	3905.38461462	3928.84615316	3908.33333264	3893.07692232	3916.7948711	3871.41025558	3904.3589736	3881.15384539	3931.41025572	3921.53846085	
3902.94871719	3880.2564095	3872.56410173	3897.5641018	3906.92307623	3908.07692239	3888.71794796	3875.12820437	3906.7948711	3870.25640943	3893.33333257	3867.94871712	3918.97435828	3906.41025572	
3899.48717873	3870.38461455	3867.43589661	3887.17948642	3901.92307616	3906.15384546	3886.15384539	3874.87179411	3905.38461462	3887.05128129	3884.23076847	3867.17948635	3920.38461469	3903.07692232	
3899.10256334	3872.43589661	3869.61538379	3887.43589668	3883.33333257	3913.20512751	3891.66666591	3874.23076847	3900.64102488	3873.07692232	3876.28205052	3865.25640943	3916.41025572	3901.15384539	
3898.4615377	3877.30769155	3873.71794796	3887.5641018	3889.3589736	3911.02564033	3889.61538385	3874.74358898	3905.64102495	3866.15384532	3881.92307616	3867.17948635	3920.64102495	3902.82051206	
3905.38461462	3882.17948642	3881.02564027	3891.66666591	3906.41025572	3913.46153777	3892.69230693	3884.3589736	3914.99999931	3888.84615309	3892.82051206	3874.10256334	3936.41025572	3913.5897429	
3914.4871788	3888.71794796	3888.07692232	3907.43589674	3925.76923008	3923.71794803	3904.3589736	3893.33333257	3918.46153777	3897.43589668	3892.17948642	3872.94871719	3939.99999938	3920.76923008	
3917.82051213	3892.30769155	3894.3589736	3922.692307	3931.15384546	3930.12820444	3913.84615316	3902.82051206	3928.07692239	3895.38461462	3893.07692232	3870.25640943	3939.74358912	3922.692307	
3922.82051213	3892.17948642	3905.12820437	3925.38461469	3912.43589674	3935.12820444	3917.17948649	3913.97435828	3940.25640963	3913.97435828	3908.5897429	3874.48717873	3955.89743528	3930.25640957	
3921.92307623	3889.10256334	3905.89743521	3906.66666598	3906.7948711	3929.4871788	3907.692307	3904.3589736	3929.4871788	3919.23076854	3901.79487103	3859.87179404	3958.84615322	3927.17948649	
3908.07692239	3874.3589736	3891.15384539	3879.3589736	3904.74358898	3914.4871788	3893.71794796	3881.41025565	3907.56410187	3897.05128129	3873.71794796	3829.9999991	3934.87179418	3909.23076854	
3901.79487103	3859.61538379	3892.30769155	3887.17948642	3889.10256334	3908.07692239	3889.61538385	3876.79487103	3906.15384546	3886.53846078	3876.02564027	3827.17948628	3926.02564033	3902.17948642	
3911.53846085	3864.10256327	3913.07692239	3915.51281982	3889.74358898	3907.30769162	3888.58974283	3884.3589736	3914.4871788	3889.10256334	3892.05128129	3840.25640943	3938.97435835	3911.92307623	
3914.61538392	3874.3589736	3917.94871726	3911.41025572	3917.05128136	3905.38461462	3887.5641018	3884.99999924	3913.33333264	3893.84615309	3885.2564095	3834.87179397	3945.25640963	3915.89743521	
3906.28205059	3877.43589668	3902.94871719	3889.10256334	3920.89743521	3903.97435821	3888.97435821	3878.58974283	3907.94871726	3892.5641018	3872.17948635	3819.1025632	3933.07692239	3906.7948711	
3906.7948711	3872.94871719	3898.97435821	3896.79487103	3886.41025565	3905.89743521	3891.28205052	3878.58974283	3910.64102495	3889.61538385	3875.51281975	3816.53846064	3925.89743521	3905.2564095	
3916.7948711	3871.79487096	3908.5897429	3912.30769162	3868.46153763	3911.92307623	3901.02564027	3890.51281975	3921.15384546	3901.53846078	3888.33333257	3825.51281961	3939.23076861	3917.30769162	
3919.61538392	3883.4615377	3909.99999931	3900.89743514	3899.61538385	3917.30769162	3910.25640957	3896.53846078	3921.41025572	3906.53846085	3889.3589736	3827.05128115	3943.33333271	3919.61538392	
3917.692307	3893.4615377	3909.74358905	3900.2564095	3923.20512751	3922.94871726	3910.64102495	3896.28205052	3919.10256341	3900.38461462	3887.17948642	3826.28205038	3936.7948711	3915.76923008	
3917.05128136	3889.10256334	3915.12820444	3912.05128136	3893.71794796	3926.28205059	3908.5897429	3897.82051206	3923.46153777	3901.28205052	3893.84615309	3831.92307602	3939.99999938	3920.38461469	
3916.41025572	3893.07692232	3917.94871726	3903.71794796	3892.82051206	3927.30769162	3910.12820444	3897.5641018	3922.94871726	3905.12820437	3903.84615309	3838.58974269	3948.07692246	3923.33333264	
3927.692307	3910.64102495	3934.61538392	3912.56410187	3945.64102502	3932.43589674	3920.38461469	3910.38461469	3931.66666598	3925.25640957	3921.7948711	3856.92307609	3962.56410194	3931.7948711	
3942.43589681	3919.74358905	3957.56410194	3949.23076861	3958.46153784	3933.71794803	3931.02564033	3929.35897367	3945.64102502	3943.97435835	3939.10256348	3876.66666591	3976.92307637	3945.89743528	
3939.74358912	3920.76923008	3955.51281989	3952.43589681	3916.53846085	3934.23076854	3931.7948711	3927.17948649	3943.58974297	3931.7948711	3937.692307	3874.61538385	3974.99999945	3946.28205066	
3935.76923008	3918.97435828	3945.64102502	3930.76923008	3921.15384546	3940.12820451	3931.92307623	3922.43589674	3939.99999938	3933.20512751	3933.97435828	3869.10256327	3972.56410201	3944.61538399	
3938.7179481	3921.7948711	3947.69230707	3929.23076854	3949.10256348	3936.53846085	3934.4871788	3927.94871726	3944.10256348	3948.58974297	3937.05128136	3874.48717873	3978.33333278	3949.61538399	
3937.17948649	3930.89743521	3947.43589681	3932.692307	3912.30769162	3926.15384546	3931.7948711	3925.38461469	3942.17948656	3937.56410187	3931.7948711	3873.84615309	3974.99999945	3947.17948656	
3934.87179418	3931.28205059	3942.17948656	3928.71794803	3907.82051213	3931.7948711	3931.02564033	3920.38461469	3935.25640957	3927.692307	3923.71794803	3866.28205045	3966.15384553	3939.35897374	
3940.12820451	3925.51281982	3947.05128143	3941.9230763	3967.8205122	3939.35897374	3934.74358905	3925.89743521	3939.99999938	3939.35897374	3939.99999938	3874.74358898	3976.53846099	3945.51281989	
3941.9230763	3928.33333264	3952.8205122	3954.87179425	3958.97435835	3932.43589674	3933.84615316	3931.92307623	3947.69230707	3944.99999938	3950.89743528	3884.74358898	3987.0512815	3953.20512758	
3933.33333264	3932.56410187	3942.05128143	3931.41025572	3892.82051206	3930.51281982	3930.25640957	3927.17948649	3942.56410194	3936.28205059	3923.5897429	3870.1282043	3968.20512758	3943.46153784	
3923.20512751	3924.61538392	3930.64102495	3911.15384546	3897.43589668	3931.66666598	3927.692307	3914.35897367	3931.92307623	3924.4871788	3911.92307623	3857.56410173	3948.97435835	3930.76923008	
3919.74358905	3914.10256341	3933.46153777	3914.10256341	3930.12820444	3928.33333264	3924.99999931	3907.82051213	3929.35897367	3921.41025572	3944.87179425	3870.1282043	3961.79487117	3932.56410187	
3924.61538392	3909.4871788	3938.33333264	3897.69230693	3896.28205052	3926.28205059	3923.5897429	3911.15384546	3933.97435828	3931.02564033	3969.10256348	3884.87179411	3980.2564097	3939.48717887	
3932.56410187	3910.51281982	3941.0256404	3880.64102488	3888.97435821	3929.74358905	3932.82051213	3923.33333264	3941.15384553	3945.12820451	3976.79487124	3895.51281975	3993.58974304	3947.8205122	
3942.8205122	3921.41025572	3953.20512758	3895.12820437	3941.41025579	3942.8205122	3947.30769169	3944.10256348	3957.43589681	3963.07692246	4002.30769176	3917.692307	4019.35897388	3965.12820451	
3947.94871733	3932.05128136	3963.84615322	3901.79487103	3939.48717887	3946.28205066	3943.33333271	3952.8205122	3967.05128143	3984.10256355	4017.1794867	3927.05128136	4032.1794867	3969.35897374	
3937.82051213	3912.94871726	3952.30769169	3884.10256334	3896.53846078	3934.99999931	3927.05128136	3938.33333264	3956.0256404	3981.79487124	3996.28205073	3909.23076854	4014.87179439	3951.79487117	
3938.20512751	3892.17948642	3947.30769169	3887.17948642	3925.25640957	3943.84615322	3931.02564033	3934.61538392	3952.30769169	3964.23076861	3985.2564097	3907.692307	4008.97435849	3949.10256348	
3959.87179425	3919.4871788	3968.33333271	3914.35897367	3976.92307637	3973.33333278	3955.38461476	3959.35897374	3969.10256348	3970.89743528	3999.74358919	3932.05128136	4029.87179439	3971.15384553	
3972.56410201	3954.61538399	3984.87179432	3927.43589674	3962.94871733	3978.20512765	3967.43589681	3979.87179432	3984.74358919	3997.17948663	4012.1794867	3945.38461476	4046.53846113	3986.02564047	
3975.51281996	3961.9230763	3990.38461483	3930.51281982	3957.17948656	3977.9487174	3971.28205073	3990.2564097	3995.38461483	4021.53846106	4023.46153798	3951.79487117	4060.5128201	3991.1538456	
3987.9487174	3967.94871733	3999.99999945	3944.99999938	3977.17948663	4001.1538456	3983.58974304	4000.64102509	4003.33333278	4030.51282003	4039.35897395	3967.43589681	4075.6410253	3999.61538406	
3999.35897381	3989.61538406	4010.25640977	3963.7179481	4004.35897388	4011.92307644	3993.07692252	4007.82051234	4007.30769183	4026.02564054	4046.66666625	3978.58974304	4077.69230735	4006.53846106	
4010.3846149	4012.69230721	4031.53846106	3987.0512815	4051.79487138	4015.3846149	4003.58974304	4030.89743541	4029.10256362	4049.6153842	4065.76923036	3999.23076868	4096.66666632	4023.33333285	
4021.79487131	4022.30769183	4052.05128164	4004.61538413	4044.23076882	4026.92307644	4009.487179	4047.94871754	4045.38461497	4079.23076889	4086.92307658	4021.15384567	4121.41025614	4037.56410215	
4013.33333285	4018.58974311	4039.87179446	3995.89743535	3985.89743535	4030.51282003	4001.41025586	4027.56410208	4023.33333285	4059.87179446	4070.76923043	4007.1794867	4104.23076896	4023.46153798	
4003.07692252	4018.58974311	4028.97435849	3987.30769176	4010.51282003	4025.12820465	3997.0512815	4015.3846149	4011.79487131	4042.05128164	4059.10256369	3993.84615329	4089.35897402	4013.58974311	
4009.61538413	4024.23076875	4042.82051241	3994.87179432	4065.89743548	4021.15384567	4000.12820458	4028.20512772	4025.76923029	4058.97435856	4074.99999966	4006.66666618	4103.9743587	4024.487179	
4012.56410208	4026.15384567	4045.64102523	3995.64102509	4026.79487131	4023.33333285	3999.61538406	4028.33333285	4026.53846106	4059.35897395	4074.48717914	4010.64102516	4103.33333306	4026.2820508	
4009.74358926	4028.71794824	4038.58974318	3991.41025586	3994.48717894	4025.76923029	3998.46153791	4023.71794824	4022.69230721	4050.5128201	4066.02564061	4002.56410201	4096.15384581	4019.61538413	
4011.15384567	4027.30769183	4042.17948677	3995.64102509	4039.23076882	4029.87179439	4006.15384567	4032.43589695	4033.33333285	4064.87179446	4076.53846119	4004.23076875	4105.64102537	4023.97435849	
4014.10256362	4035.25640977	4049.6153842	4003.33333278	4058.58974318	4037.69230728	4013.33333285	4041.02564061	4041.410256	4075.6410253	4086.66666632	4013.07692259	4113.33333306	4031.41025593	
4018.33333285	4048.33333292	4052.82051241	4009.23076875	4024.87179439	4038.7179483	4012.69230721	4041.92307651	4039.99999959	4069.10256369	4083.8461535	4019.35897388	4112.94871767	4033.20512772	
4024.10256362	4035.25640977	4054.87179446	4011.79487131	4010.12820465	4033.84615336	4013.33333285	4040.25640984	4040.12820472	4072.30769196	4081.41025607	4023.33333285	4117.43589716	4036.53846106	
4024.35897388	4020.64102516	4056.28205087	4013.07692259	4028.20512772	4029.87179439	4011.92307644	4038.7179483	4037.94871754	4078.20512786	4081.92307658	4025.12820465	4119.48717921	4038.7179483	
4020.76923029	4028.71794824	4056.79487138	4015.51282003	4035.64102516	4024.10256362	4002.0512815	4034.99999952	4030.3846149	4065.38461497	4076.92307658	4022.56410208	4109.61538434	4034.487179	
4017.30769183	4037.69230728	4055.25640984	4004.99999952	4021.53846106	4019.487179	3993.84615329	4024.35897388	4022.05128157	4051.28205087	4066.92307651	4013.07692259	4096.28205094	4025.25640977	
4014.87179439	4032.94871747	4052.69230728	3999.99999945	3994.48717894	4016.2820508	3994.35897381	4018.84615336	4020.76923029	4051.92307651	4064.35897395	4007.82051234	4095.38461504	4018.97435849	
4014.74358926	4027.69230721	4057.17948677	4016.02564054	3998.46153791	4025.12820465	3999.74358919	4027.05128157	4024.87179439	4057.17948677	4069.6153842	4014.87179439	4104.23076896	4022.69230721	
4017.30769183	4027.43589695	4064.23076882	4023.46153798	4033.84615336	4034.23076875	4002.30769176	4033.33333285	4027.94871747	4057.69230728	4069.99999966	4021.66666618	4101.28205094	4028.71794824	
4020.89743541	4029.10256362	4064.10256369	4008.58974311	4035.64102516	4021.02564054	3998.97435842	4029.23076875	4027.69230721	4055.76923036	4065.5128201	4020.89743541	4093.8461535	4029.87179439	
4024.61538413	4033.46153798	4063.97435856	4006.41025593	4023.71794824	4012.94871747	3999.87179432	4030.3846149	4027.05128157	4056.79487138	4070.38461504	4024.35897388	4102.05128171	4034.10256362	
4026.66666618	4031.79487131	4069.7435894	4024.61538413	4041.15384574	4023.84615336	4006.92307644	4037.82051241	4031.15384567	4061.410256	4079.61538427	4032.05128157	4109.35897408	4039.35897395	
4028.33333285	4036.53846106	4074.61538427	4030.3846149	4030.25640977	4029.23076875	4011.2820508	4039.87179446	4033.46153798	4064.6153842	4078.71794837	4032.56410208	4108.33333306	4039.99999959	
4029.74358926	4048.58974318	4072.05128171	4026.15384567	3985.51281996	4031.79487131	4012.69230721	4038.7179483	4030.12820465	4066.28205087	4072.94871761	4027.56410208	4112.17948691	4038.84615343	
4023.71794824	4048.97435856	4066.66666625	4020.3846149	4007.1794867	4036.15384567	4010.3846149	4033.71794824	4024.10256362	4063.20512779	4063.46153805	4018.46153798	4105.51282024	4032.94871747	
4025.3846149	4049.48717907	4074.35897402	4024.61538413	4079.61538427	4036.15384567	4012.1794867	4035.12820465	4028.20512772	4055.76923036	4060.5128201	4020.25640977	4095.12820478	4032.56410208	
4044.74358933	4062.56410215	4093.71794837	4042.43589702	4069.7435894	4043.97435856	4027.05128157	4054.48717907	4045.76923036	4069.6153842	4075.76923043	4042.43589702	4115.64102537	4050.64102523	
4061.02564061	4074.23076889	4111.41025614	4059.6153842	4016.2820508	4058.20512779	4040.64102523	4072.05128171	4058.20512779	4100.51282017	4096.41025607	4064.48717907	4144.87179467	4068.84615343	
4062.82051241	4084.35897402	4120.51282024	4068.7179483	4059.48717907	4064.87179446	4043.33333292	4070.76923043	4055.76923036	4104.10256383	4101.66666632	4070.76923043	4145.64102544	4071.53846119	
4061.92307651	4097.69230735	4121.02564075	4077.82051248	4116.41025614	4059.10256369	4042.56410215	4063.97435856	4049.99999959	4086.53846119	4098.97435863	4071.41025607	4139.87179467	4068.97435856	
4071.28205094	4101.92307658	4126.92307665	4093.07692273	4056.410256	4052.43589702	4043.7179483	4073.07692273	4058.20512779	4092.17948684	4109.99999973	4082.43589709	4150.76923056	4076.02564068	
4074.99999966	4097.17948684	4134.61538434	4085.6410253	4012.82051234	4067.30769189	4048.20512779	4077.69230735	4064.10256369	4106.02564075	4112.94871767	4089.23076889	4150.51282031	4080.76923043	
4066.79487138	4099.7435894	4134.61538434	4070.76923043	4073.71794837	4077.30769196	4050.12820472	4067.30769189	4057.43589702	4102.43589709	4103.46153819	4086.79487145	4141.41025621	4077.05128171	
4068.20512779	4106.79487152	4136.15384595	4086.66666632	4103.9743587	4060.5128201	4047.43589702	4072.17948684	4061.410256	4105.89743562	4112.69230742	4094.48717914	4151.28205108	4081.79487145	
4074.87179453	4108.9743587	4139.1025639	4105.64102537	4054.99999959	4054.48717907	4045.12820472	4084.10256376	4071.41025607	4111.41025614	4125.7692305	4101.92307658	4161.02564082	4087.56410222	
4072.30769196	4111.53846126	4140.12820492	4104.99999973	4051.02564061	4072.56410222	4047.05128164	4079.35897402	4068.97435856	4102.94871767	4120.7692305	4098.58974325	4156.79487159	4081.28205094	
4063.97435856	4113.33333306	4135.76923056	4096.66666632	4117.69230742	4075.6410253	4048.33333292	4068.58974318	4060.76923036	4097.94871761	4109.23076896	4091.92307658	4149.61538441	4074.10256376	
4061.79487138	4110.89743562	4130.64102537	4091.53846119	4117.69230742	4066.410256	4047.17948677	4068.7179483	4058.97435856	4104.10256383	4104.10256383	4088.46153812	4145.76923056	4072.94871761	
4066.410256	4113.33333306	4137.3076921	4097.05128171	4039.74358933	4066.66666625	4048.7179483	4076.79487145	4062.17948677	4103.84615357	4107.82051255	4095.6410253	4151.53846133	4076.92307658	
4069.48717907	4115.51282024	4145.38461518	4111.66666639	4034.87179439	4064.23076882	4051.02564061	4080.76923043	4068.20512779	4099.7435894	4115.64102537	4109.23076896	4160.64102544	4084.23076889	
4062.94871754	4111.15384588	4135.38461518	4103.71794844	4097.17948684	4062.56410215	4048.58974318	4073.97435863	4065.25640984	4099.23076889	4108.0769228	4102.82051255	4152.17948697	4078.97435863	
4053.58974318	4112.05128178	4122.17948691	4080.38461504	4088.33333299	4068.58974318	4042.56410215	4063.46153805	4050.38461497	4089.99999966	4089.87179453	4082.56410222	4134.74358947	4063.97435856	
4055.38461497	4113.84615357	4125.64102537	4076.02564068	4056.15384574	4071.28205094	4049.99999959	4070.76923043	4054.6153842	4087.17948684	4094.61538427	4084.10256376	4138.205128	4068.58974318	
4061.92307651	4111.79487152	4135.12820485	4089.35897402	4081.02564068	4067.43589702	4059.87179446	4088.33333299	4076.41025607	4102.94871767	4114.61538434	4098.33333299	4155.25641005	4084.23076889	
4053.7179483	4109.8717946	4131.28205101	4099.48717914	4073.20512786	4063.46153805	4045.38461497	4079.99999966	4069.48717907	4098.20512786	4103.58974332	4089.87179453	4147.3076921	4076.53846119	
4040.64102523	4109.10256383	4119.35897408	4101.02564068	4047.43589702	4052.82051241	4026.41025593	4052.69230728	4041.15384574	4074.99999966	4074.7435894	4065.64102523	4118.84615357	4057.69230728	
4038.46153805	4113.20512793	4115.89743562	4094.61538427	4052.69230728	4042.69230728	4025.51282003	4046.66666625	4036.53846106	4074.10256376	4068.46153805	4054.6153842	4110.51282024	4056.02564061	
4036.41025593	4105.64102537	4113.0769228	4077.56410222	4041.02564061	4045.89743548	4025.12820465	4049.35897395	4039.74358933	4073.71794837	4069.7435894	4045.25640984	4117.82051255	4056.02564061	
4029.87179439	4092.56410222	4106.15384588	4066.53846113	4038.7179483	4045.5128201	4018.07692259	4034.74358926	4028.33333285	4052.69230728	4059.48717907	4025.89743541	4112.17948691	4044.23076882	
4032.56410208	4103.46153819	4116.15384588	4074.87179453	4068.46153805	4039.35897395	4021.53846106	4032.1794867	4028.97435849	4055.64102523	4061.66666625	4021.2820508	4107.56410229	4046.28205087	
4033.97435849	4111.15384588	4127.17948691	4080.6410253	4048.58974318	4039.35897395	4022.56410208	4047.30769189	4041.02564061	4078.58974325	4071.92307658	4024.487179	4116.79487152	4056.66666625	
4013.58974311	4075.51282017	4108.0769228	4061.02564061	3993.97435842	4027.05128157	4001.1538456	4035.12820465	4029.10256362	4064.35897395	4054.99999959	4001.02564047	4103.58974332	4037.05128164	
3995.51281996	4040.5128201	4084.10256376	4038.20512779	4005.64102516	4000.76923022	3978.58974304	4002.9487174	4004.61538413	4023.46153798	4027.43589695	3968.97435835	4068.33333292	4009.99999952	
4000.89743535	4051.02564061	4088.46153812	4036.41025593	4041.410256	3999.35897381	3983.46153791	4000.38461483	4005.64102516	4017.30769183	4025.76923029	3971.15384553	4062.69230728	4017.30769183	
4010.25640977	4069.10256369	4105.89743562	4046.53846113	4024.61538413	4017.69230721	4002.56410201	4024.74358926	4024.61538413	4048.20512779	4045.64102523	3991.1538456	4092.56410222	4037.43589702	
4017.30769183	4086.15384581	4118.0769228	4058.84615343	4003.58974304	4025.76923029	4009.87179439	4036.41025593	4030.3846149	4059.35897395	4058.58974318	3998.97435842	4109.35897408	4041.15384574	
4031.02564054	4110.38461511	4129.48717921	4073.97435863	4048.97435856	4033.20512772	4012.94871747	4034.87179439	4031.79487131	4049.35897395	4060.76923036	4005.64102516	4104.8717946	4043.97435856	
4036.15384567	4103.9743587	4135.38461518	4085.51282017	4074.48717914	4038.33333292	4020.12820465	4037.82051241	4039.23076882	4059.48717907	4062.82051241	4014.87179439	4106.28205101	4050.5128201	
4027.05128157	4082.69230735	4129.99999973	4075.6410253	4014.10256362	4033.33333285	4020.89743541	4039.23076882	4035.76923029	4074.48717914	4062.17948677	4012.30769183	4108.0769228	4048.46153805	
4022.82051234	4089.23076889	4126.92307665	4063.46153805	4001.28205073	4028.46153798	4015.12820465	4034.487179	4028.97435849	4062.56410215	4060.25640984	4006.2820508	4102.17948684	4042.30769189	
4025.3846149	4093.07692273	4129.35897408	4067.69230728	4068.7179483	4024.99999952	4010.12820465	4032.82051234	4032.94871747	4050.5128201	4060.5128201	4008.84615336	4099.87179453	4038.97435856	
4024.35897388	4082.94871761	4130.51282024	4073.07692273	4065.76923036	4024.61538413	4009.10256362	4035.76923029	4035.64102516	4061.02564061	4062.69230728	4011.2820508	4104.10256383	4040.25640984	
4018.71794824	4088.58974325	4126.53846126	4070.25640991	4005.12820465	4026.66666618	4006.02564054	4029.23076875	4024.35897388	4057.94871754	4059.23076882	4004.87179439	4098.07692273	4039.48717907	
4018.71794824	4094.48717914	4129.48717921	4072.94871761	4013.33333285	4031.2820508	4007.69230721	4025.64102516	4019.99999952	4044.74358933	4060.12820472	4008.33333285	4097.56410222	4043.20512779	
4026.2820508	4091.02564068	4137.69230749	4073.71794837	4053.7179483	4038.84615343	4016.92307644	4035.89743541	4031.41025593	4052.82051241	4068.58974318	4019.23076875	4111.66666639	4048.7179483	
4025.89743541	4091.53846119	4133.84615357	4064.6153842	4041.79487138	4027.43589695	4012.82051234	4036.41025593	4031.02564054	4061.53846113	4064.10256369	4016.66666618	4110.25640998	4046.15384574	
4018.58974311	4085.89743555	4125.7692305	4060.64102523	4016.92307644	4006.53846106	4000.64102509	4029.487179	4024.35897388	4057.43589702	4055.5128201	4011.2820508	4097.94871761	4044.48717907	
4020.25640977	4079.23076889	4124.74358947	4061.79487138	4013.84615336	4010.64102516	4003.71794817	4033.07692259	4029.99999952	4057.56410215	4061.53846113	4015.76923029	4100.51282017	4034.74358926	
4025.51282003	4082.43589709	4122.05128178	4055.89743548	4002.43589688	4018.07692259	4005.25640977	4037.43589702	4032.05128157	4051.02564061	4059.6153842	4016.2820508	4101.92307658	4005.76923029	
4010.89743541	4062.30769189	4103.71794844	4037.94871754	3998.84615329	4001.53846099	3986.66666611	4021.66666618	4011.79487131	4027.94871747	4030.3846149	3995.12820458	4077.94871761	3975.89743535	
3992.9487174	4032.56410208	4088.97435863	4025.3846149	4012.94871747	3994.35897381	3975.89743535	4003.58974304	3996.02564047	4019.99999952	4013.07692259	3976.41025586	4062.17948677	3966.28205066	
4002.17948663	4044.74358933	4102.05128171	4031.02564054	4012.69230721	4013.33333285	3992.56410201	4010.3846149	4008.46153798	4031.79487131	4032.56410208	3989.87179432	4078.07692273	3974.99999945	
4019.35897388	4066.15384574	4123.20512793	4041.410256	3999.23076868	4016.79487131	4004.87179439	4027.56410208	4023.20512772	4044.99999959	4058.07692266	4017.30769183	4097.17948684	3990.2564097	
4017.82051234	4062.56410215	4123.9743587	4042.94871754	3997.43589688	4011.2820508	4001.79487124	4027.05128157	4018.71794824	4043.07692266	4058.46153805	4020.64102516	4093.58974325	3996.1538456	
4013.58974311	4066.53846113	4118.33333306	4047.05128164	4021.53846106	4020.3846149	4004.10256362	4019.61538413	4013.97435849	4037.43589702	4051.92307651	4012.05128157	4087.56410222	3988.71794817	
4016.92307644	4076.15384581	4122.17948691	4058.58974318	4031.66666618	4023.20512772	4006.15384567	4021.66666618	4018.58974311	4044.35897395	4057.56410215	4018.58974311	4096.92307658	3986.66666611	
4015.89743541	4070.38461504	4123.33333306	4064.35897395	4006.92307644	4014.74358926	4002.0512815	4020.76923029	4017.94871747	4039.87179446	4062.30769189	4023.71794824	4097.69230735	3988.58974304	
4015.64102516	4072.17948684	4121.15384588	4064.10256369	4003.58974304	4019.99999952	4004.61538413	4022.56410208	4016.92307644	4032.1794867	4063.46153805	4021.2820508	4090.6410253	3989.48717894	
4019.61538413	4085.51282017	4122.82051255	4058.97435856	4041.66666625	4041.410256	4016.79487131	4033.46153798	4024.10256362	4045.5128201	4065.89743548	4024.61538413	4095.51282017	3991.1538456	
4024.87179439	4090.51282017	4133.58974332	4067.82051241	4037.82051241	4043.7179483	4026.2820508	4043.07692266	4034.10256362	4059.87179446	4072.43589709	4039.10256369	4107.69230742	3999.99999945	
4025.89743541	4088.33333299	4137.94871774	4079.99999966	3998.33333278	4021.2820508	4016.02564054	4037.17948677	4032.56410208	4050.12820472	4072.30769196	4042.69230728	4103.20512793	4004.10256362	
4022.69230721	4084.99999966	4131.53846126	4073.58974325	4030.76923029	4014.23076875	4005.64102516	4031.53846106	4027.82051234	4049.87179446	4070.76923043	4036.53846106	4099.23076889	3998.97435842	
4024.487179	4085.76923043	4134.99999973	4066.53846113	4062.05128164	4026.02564054	4014.61538413	4038.33333292	4033.20512772	4067.56410215	4078.8461535	4042.94871754	4113.9743587	4000.51281996	
4019.87179439	4086.53846119	4132.56410229	4062.94871754	4018.97435849	4026.2820508	4013.20512772	4029.10256362	4027.30769183	4049.99999959	4068.58974318	4034.61538413	4104.10256383	3995.64102509	
4009.23076875	4075.51282017	4118.0769228	4058.46153805	3995.12820458	4020.76923029	3997.43589688	4013.71794824	4016.2820508	4027.05128157	4052.30769189	4015.12820465	4079.35897402	3984.48717894	
4006.41025593	4061.92307651	4113.71794844	4053.58974318	4019.10256362	4019.23076875	3997.56410201	4016.15384567	4018.71794824	4042.05128164	4057.05128164	4016.41025593	4083.07692273	3985.38461483	
4010.3846149	4067.30769189	4122.43589716	4056.53846113	4010.76923029	4015.89743541	4005.89743541	4026.53846106	4024.87179439	4056.92307651	4065.25640984	4029.61538413	4096.02564068	3992.82051227	
4010.89743541	4074.35897402	4120.64102537	4058.58974318	4002.9487174	4014.10256362	4001.66666611	4024.23076875	4021.92307644	4036.53846106	4057.30769189	4026.15384567	4084.7435894	3990.38461483	
4007.94871747	4068.33333292	4114.61538434	4051.79487138	4012.82051234	4008.71794824	3995.38461483	4015.89743541	4018.07692259	4019.10256362	4049.87179446	4018.20512772	4068.84615343	3983.58974304	
4011.2820508	4070.25640991	4122.30769203	4053.20512779	4002.0512815	4010.12820465	4001.53846099	4021.53846106	4021.66666618	4039.23076882	4059.6153842	4029.99999952	4078.20512786	3988.97435842	
3996.1538456	4050.12820472	4104.48717921	4038.20512779	3996.02564047	4013.20512772	3990.76923022	4009.35897388	4009.74358926	4035.76923029	4045.5128201	4017.69230721	4070.6410253	3978.84615329	
3967.05128143	4001.02564047	4064.74358933	4010.64102516	3989.35897381	3983.20512765	3954.10256348	3972.56410201	3985.64102509	3996.41025586	4008.71794824	3977.43589688	4034.74358926	3946.41025579	
3962.69230707	3988.33333278	4056.66666625	4007.1794867	3938.20512751	3965.25640963	3946.79487117	3964.35897374	3980.76923022	3983.20512765	4003.33333278	3967.17948656	4021.15384567	3936.53846085	
3981.92307637	4016.92307644	4078.8461535	4023.33333285	3937.17948649	3995.2564097	3977.82051227	3986.92307637	3993.84615329	4004.99999952	4028.20512772	3992.0512815	4039.10256369	3958.97435835	
3996.66666611	4041.15384574	4095.51282017	4041.02564061	4041.28205087	4011.66666618	3991.79487124	3997.17948663	4002.30769176	4022.56410208	4045.76923036	4013.07692259	4057.94871754	3977.43589688	
4005.76923029	4054.87179446	4108.84615357	4059.23076882	4058.20512779	4001.02564047	3988.58974304	4006.66666618	4012.30769183	4032.1794867	4056.66666625	4026.92307644	4075.12820478	3985.51281996	
4014.87179439	4055.76923036	4121.41025614	4070.89743555	3971.66666611	4013.46153798	4003.84615329	4027.82051234	4028.71794824	4044.10256369	4073.20512786	4043.7179483	4088.20512786	3997.69230714	
4017.1794867	4052.17948677	4122.56410229	4068.58974318	3979.23076868	4032.69230721	4013.97435849	4034.10256362	4033.07692259	4051.410256	4082.69230735	4051.02564061	4087.69230735	4002.82051227	
4015.25640977	4063.07692266	4117.69230742	4063.46153805	4042.94871754	4021.79487131	4002.69230714	4027.43589695	4027.94871747	4058.07692266	4080.6410253	4049.74358933	4087.56410222	3997.82051227	
4010.51282003	4064.99999959	4112.82051255	4064.87179446	4027.69230721	4010.64102516	3994.35897381	4019.87179439	4023.20512772	4055.89743548	4073.8461535	4046.02564061	4087.82051248	3993.07692252	
4006.41025593	4052.69230728	4112.17948691	4067.69230728	3993.33333278	4016.2820508	3998.97435842	4016.79487131	4021.79487131	4044.6153842	4073.71794837	4043.97435856	4082.69230735	3994.35897381	
4013.20512772	4054.6153842	4111.79487152	4066.02564061	4019.23076875	4025.51282003	4009.99999952	4024.99999952	4027.30769183	4045.76923036	4078.8461535	4046.15384574	4082.56410222	3999.74358919	
4018.07692259	4064.74358933	4110.51282024	4070.25640991	4044.23076882	4032.56410208	4017.1794867	4031.79487131	4030.89743541	4052.94871754	4080.51282017	4050.64102523	4088.97435863	4002.9487174	
4012.05128157	4062.69230728	4109.23076896	4074.35897402	4024.87179439	4028.07692259	4010.51282003	4023.20512772	4025.12820465	4046.66666625	4082.82051248	4051.15384574	4084.99999966	3999.48717894	
4010.25640977	4049.48717907	4105.38461511	4062.30769189	3989.48717894	4018.07692259	4000.76923022	4015.51282003	4020.51282003	4041.410256	4084.99999966	4048.33333292	4076.66666632	3996.53846099	
4011.92307644	4044.10256369	4100.6410253	4048.46153805	4002.43589688	4018.20512772	4003.20512765	4021.2820508	4023.97435849	4047.69230728	4080.38461504	4049.35897395	4080.51282017	3999.10256355	
4005.76923029	4051.02564061	4098.07692273	4048.97435856	4032.1794867	4023.07692259	4007.69230721	4024.10256362	4027.1794867	4048.7179483	4073.20512786	4046.410256	4083.58974325	3996.92307637	
4008.20512772	4057.82051241	4104.48717921	4054.99999959	4020.64102516	4020.64102516	4005.89743541	4023.97435849	4028.46153798	4050.12820472	4073.71794837	4046.53846113	4080.89743555	3994.61538406	
4016.15384567	4056.02564061	4107.30769203	4057.94871754	3993.07692252	4024.74358926	4007.82051234	4024.61538413	4025.25640977	4047.94871754	4074.10256376	4052.82051241	4076.02564068	3999.23076868	
4015.3846149	4053.97435856	4104.10256383	4059.48717907	3998.97435842	4037.05128164	4014.487179	4023.20512772	4021.15384567	4043.20512779	4075.51282017	4054.99999959	4081.79487145	4004.87179439	
4020.51282003	4061.02564061	4110.64102537	4066.28205087	4043.97435856	4039.6153842	4017.30769183	4032.43589695	4032.05128157	4060.5128201	4089.99999966	4063.97435856	4099.7435894	4013.97435849	
4024.87179439	4067.30769189	4114.8717946	4072.05128171	4062.05128164	4032.56410208	4010.64102516	4039.10256369	4036.79487131	4067.05128164	4092.17948684	4071.28205094	4097.94871761	4016.2820508	
4022.94871747	4070.38461504	4110.64102537	4064.10256369	4037.94871754	4025.76923029	4007.94871747	4035.3846149	4031.41025593	4056.53846113	4088.07692273	4070.12820478	4092.30769196	4014.35897388	
4023.84615336	4058.20512779	4112.82051255	4064.23076882	4020.64102516	4019.487179	4012.56410208	4039.48717907	4038.20512779	4063.20512779	4100.89743555	4077.17948684	4110.38461511	4022.69230721	
4006.53846106	4016.15384567	4098.46153812	4057.69230728	3999.61538406	4001.66666611	3993.33333278	4023.33333285	4023.71794824	4046.53846113	4086.41025607	4066.15384574	4096.53846119	4011.02564054	
3978.97435842	3977.69230714	4064.48717907	4025.12820465	3947.94871733	3980.64102509	3959.99999938	3981.41025586	3986.28205073	4006.02564054	4042.56410215	4029.10256362	4047.43589702	3975.12820458	
3980.12820458	3971.92307637	4061.53846113	4026.79487131	3940.89743528	3972.0512815	3955.51281989	3968.84615322	3981.53846099	4001.53846099	4034.23076875	4023.07692259	4037.69230728	3967.56410194	
4003.58974304	3996.53846099	4093.8461535	4078.8461535	4006.79487131	3976.92307637	3971.53846099	3985.89743535	3996.53846099	4011.15384567	4057.82051241	4053.46153805	4059.48717907	3989.35897381	
4023.58974311	4031.66666618	4123.33333306	4122.94871767	4023.71794824	3996.53846099	3981.66666611	3992.69230714	3996.1538456	4002.9487174	4069.10256369	4075.76923043	4068.7179483	4001.92307637	
4037.05128164	4051.53846113	4143.46153826	4142.56410236	3962.17948656	4012.43589695	3983.58974304	3992.56410201	3997.56410201	4004.87179439	4072.56410222	4090.51282017	4071.66666632	4006.15384567	
4043.07692266	4057.05128164	4161.28205108	4170.64102551	3968.58974297	4000.12820458	3978.97435842	3989.10256355	3997.17948663	4011.2820508	4074.7435894	4107.05128178	4071.15384581	4009.74358926	
4045.5128201	4068.07692266	4175.89743576	4194.74358961	4039.48717907	3981.92307637	3972.56410201	3978.07692252	3984.10256355	3996.92307637	4074.7435894	4115.12820485	4065.38461497	4008.71794824	
4053.20512779	4077.17948684	4186.28205115	4200.25641012	4017.69230721	3993.20512765	3977.56410201	3986.02564047	3991.66666611	4003.58974304	4085.76923043	4123.0769228	4076.79487145	4017.05128157	
4054.23076882	4074.99999966	4184.35897422	4193.84615371	3955.89743528	4004.99999952	3988.07692252	4003.07692252	4008.46153798	4027.69230721	4090.76923043	4125.89743562	4088.46153812	4027.82051234	
4048.7179483	4079.23076889	4172.4358973	4170.64102551	3986.53846099	4005.3846149	3992.17948663	4000.38461483	4001.41025586	4019.35897388	4082.69230735	4110.38461511	4079.61538427	4022.30769183	
4053.7179483	4088.20512786	4175.25641012	4163.46153826	4040.38461497	4020.25640977	4000.12820458	4004.35897388	4002.69230714	4011.41025593	4094.35897402	4108.46153819	4084.23076889	4025.12820465	
4056.02564061	4080.76923043	4176.41025628	4168.97435884	4031.79487131	4026.79487131	4007.82051234	4016.92307644	4014.87179439	4025.12820465	4105.25640998	4113.33333306	4096.53846119	4037.43589702	
4047.05128164	4069.7435894	4158.84615364	4144.9999998	4018.07692259	4018.46153798	4011.02564054	4015.3846149	4011.79487131	4034.23076875	4092.30769196	4091.53846119	4092.94871761	4033.46153798	
4048.46153805	4078.97435863	4154.74358954	4125.51282024	4044.35897395	4023.33333285	4018.07692259	4021.92307644	4019.23076875	4047.17948677	4093.33333299	4078.71794837	4100.38461504	4035.89743541	
4056.410256	4088.07692273	4162.69230749	4129.99999973	4052.94871754	4027.94871747	4023.20512772	4036.79487131	4036.79487131	4059.74358933	4105.89743562	4085.89743555	4114.23076896	4050.12820472	
4046.53846113	4075.51282017	4149.9999998	4117.94871767	4032.05128157	4029.35897388	4021.15384567	4030.89743541	4028.58974311	4045.12820472	4090.51282017	4068.7179483	4099.7435894	4041.92307651	
4038.46153805	4065.5128201	4139.1025639	4104.61538434	4037.69230728	4037.94871754	4021.15384567	4025.3846149	4020.3846149	4037.69230728	4077.82051248	4048.84615343	4087.69230735	4029.35897388	
4051.92307651	4076.92307658	4156.66666646	4118.0769228	4066.28205087	4038.97435856	4032.1794867	4047.56410215	4043.97435856	4068.33333292	4100.12820478	4064.6153842	4111.02564075	4046.92307651	
4052.69230728	4075.38461504	4156.53846133	4106.79487152	4051.02564061	4033.33333285	4031.02564054	4051.66666625	4052.17948677	4079.23076889	4106.79487152	4065.38461497	4115.64102537	4052.82051241	
4026.15384567	4037.94871754	4121.15384588	4065.5128201	4027.1794867	4026.79487131	4008.84615336	4018.46153798	4023.46153798	4044.35897395	4073.58974325	4028.84615336	4078.46153812	4022.82051234	
4018.46153798	4023.20512772	4112.43589716	4058.84615343	4038.33333292	4020.12820465	4004.23076875	4011.2820508	4013.07692259	4027.56410208	4062.56410215	4019.487179	4066.28205087	4014.10256362	
4040.38461497	4057.56410215	4137.56410236	4079.87179453	4040.12820472	4024.74358926	4024.74358926	4039.48717907	4035.51282003	4060.25640984	4091.41025607	4045.76923036	4096.53846119	4038.58974318	
4051.410256	4077.43589709	4146.53846133	4084.99999966	4056.15384574	4038.46153805	4037.69230728	4050.89743548	4049.6153842	4086.15384581	4105.89743562	4057.43589702	4112.30769203	4051.15384574	
4048.97435856	4068.20512779	4146.41025621	4084.87179453	4069.7435894	4056.79487138	4044.35897395	4049.99999959	4047.05128164	4076.15384581	4102.56410229	4059.99999959	4106.92307665	4053.07692266	
4059.48717907	4076.66666632	4162.3076921	4097.30769196	4050.64102523	4064.99999959	4055.38461497	4064.48717907	4050.76923036	4075.51282017	4114.8717946	4077.94871761	4117.82051255	4064.48717907	
4073.07692273	4104.23076896	4173.84615371	4106.02564075	4077.17948684	4055.64102523	4061.66666625	4073.8461535	4060.64102523	4095.76923043	4127.43589716	4090.25640991	4133.46153819	4072.30769196	
4077.17948684	4112.30769203	4174.35897422	4107.17948691	4118.84615357	4059.10256369	4068.7179483	4080.38461504	4071.15384581	4110.7692305	4130.12820485	4091.92307658	4139.23076903	4073.97435863	
4074.99999966	4096.15384581	4173.97435884	4106.53846126	4089.35897402	4073.71794837	4073.20512786	4090.38461504	4074.87179453	4109.23076896	4133.33333306	4095.12820478	4139.87179467	4076.79487145	
4068.46153805	4086.53846119	4166.41025621	4098.97435863	4064.23076882	4069.10256369	4064.35897395	4083.58974325	4068.84615343	4100.38461504	4130.51282024	4090.89743555	4132.69230742	4072.56410222	
4061.410256	4097.43589709	4156.41025621	4090.89743555	4073.71794837	4057.05128164	4055.76923036	4067.94871754	4062.69230728	4097.30769196	4118.0769228	4080.25640991	4124.74358947	4065.38461497	
4063.58974318	4105.12820485	4157.17948697	4098.46153812	4071.15384581	4059.87179446	4058.58974318	4070.89743555	4065.76923036	4104.10256383	4116.79487152	4085.25640991	4133.84615357	4070.51282017	
4066.28205087	4097.69230735	4158.46153826	4106.66666639	4085.38461504	4061.02564061	4060.5128201	4078.58974325	4069.10256369	4102.56410229	4124.48717921	4092.05128171	4139.48717928	4075.89743555	
4061.02564061	4095.51282017	4149.35897415	4098.20512786	4093.8461535	4054.48717907	4054.35897395	4066.02564061	4059.35897395	4088.58974325	4119.23076896	4082.05128171	4123.0769228	4068.7179483	
4064.87179446	4107.43589716	4151.02564082	4094.7435894	4071.66666632	4061.79487138	4059.35897395	4061.79487138	4058.20512779	4091.15384581	4116.53846126	4085.6410253	4122.69230742	4071.15384581	
4072.94871761	4112.94871767	4161.66666646	4097.56410222	4071.02564068	4067.94871754	4067.82051241	4075.38461504	4068.84615343	4100.38461504	4123.9743587	4100.25640991	4138.07692287	4079.35897402	
4064.87179446	4105.51282024	4154.1025639	4091.41025607	4090.38461504	4065.64102523	4058.46153805	4075.38461504	4068.20512779	4098.97435863	4123.33333306	4093.97435863	4133.0769228	4070.51282017	
4060.25640984	4105.7692305	4147.94871774	4092.94871761	4091.92307658	4064.23076882	4050.76923036	4070.76923043	4064.99999959	4100.12820478	4122.56410229	4089.35897402	4126.02564075	4066.66666625	
4070.12820478	4114.35897408	4158.46153826	4105.25640998	4073.46153812	4064.10256369	4062.17948677	4079.10256376	4070.89743555	4107.05128178	4129.10256383	4103.84615357	4138.07692287	4079.61538427	
4064.74358933	4104.10256383	4152.3076921	4095.76923043	4057.30769189	4061.410256	4061.66666625	4073.97435863	4065.25640984	4097.05128171	4120.7692305	4102.30769196	4132.94871767	4074.87179453	
4037.30769189	4066.15384574	4119.74358947	4060.64102523	4058.46153805	4046.15384574	4032.1794867	4041.28205087	4038.46153805	4061.28205087	4091.79487145	4072.17948684	4094.23076889	4041.53846113	
4029.74358926	4046.79487138	4109.74358947	4051.66666625	4053.7179483	4034.99999952	4020.3846149	4030.51282003	4032.43589695	4054.48717907	4084.61538427	4063.46153805	4082.43589709	4033.46153798	
4054.35897395	4072.94871761	4134.74358947	4081.02564068	4048.7179483	4051.92307651	4049.48717907	4064.48717907	4061.66666625	4092.05128171	4113.20512793	4094.48717914	4118.33333306	4064.87179446	
4066.79487138	4100.38461504	4143.205128	4095.12820478	4089.99999966	4075.25640991	4069.35897395	4082.56410222	4075.76923043	4110.7692305	4126.15384588	4109.8717946	4137.69230749	4077.17948684	
4062.43589702	4104.35897408	4136.53846133	4098.07692273	4115.51282024	4073.07692273	4062.43589702	4071.66666632	4069.35897395	4098.46153812	4116.66666639	4105.25640998	4124.48717921	4066.53846113	
4067.05128164	4110.12820485	4141.79487159	4115.64102537	4077.82051248	4071.66666632	4065.25640984	4079.87179453	4079.23076889	4103.84615357	4120.89743562	4112.17948691	4126.66666639	4072.43589709	
4073.71794837	4121.79487152	4147.05128185	4115.89743562	4063.58974318	4082.30769196	4073.33333299	4093.71794837	4089.23076889	4117.17948691	4131.28205101	4116.66666639	4140.51282031	4084.10256376	
4073.46153812	4124.99999973	4148.71794851	4106.15384588	4102.17948684	4080.25640991	4069.99999966	4087.94871761	4083.33333299	4111.28205101	4133.58974332	4115.12820485	4140.64102544	4082.82051248	
4074.48717914	4119.61538434	4151.79487159	4115.25640998	4119.8717946	4081.92307658	4073.97435863	4086.53846119	4080.76923043	4112.30769203	4136.02564082	4120.64102537	4137.05128185	4082.30769196	
4081.92307658	4120.89743562	4156.92307672	4127.82051255	4104.35897408	4087.94871761	4083.33333299	4098.97435863	4086.41025607	4126.53846126	4143.07692287	4131.28205101	4145.64102544	4092.30769196	
4084.10256376	4131.92307665	4158.97435877	4120.89743562	4105.25640998	4084.61538427	4081.02564068	4101.53846119	4085.38461504	4125.64102537	4144.87179467	4132.17948691	4149.74358954	4097.05128171	
4080.51282017	4131.15384588	4152.05128185	4104.8717946	4117.30769203	4085.6410253	4080.6410253	4096.66666632	4081.92307658	4112.43589716	4140.76923056	4126.15384588	4139.87179467	4091.28205094	
4081.28205094	4127.56410229	4147.3076921	4103.9743587	4107.56410229	4088.33333299	4088.71794837	4099.61538427	4087.30769196	4114.35897408	4140.38461518	4125.89743562	4142.3076921	4089.35897402	
4079.7435894	4129.48717921	4150.25641005	4113.58974332	4072.56410222	4077.56410222	4081.79487145	4096.02564068	4087.43589709	4120.25640998	4140.64102544	4129.61538434	4148.33333313	4094.35897402	
4067.82051241	4118.9743587	4139.23076903	4106.28205101	4093.97435863	4072.17948684	4066.02564061	4078.71794837	4069.35897395	4094.99999966	4123.71794844	4118.0769228	4124.74358947	4082.56410222	
4062.43589702	4112.56410229	4124.8717946	4087.82051248	4145.76923056	4079.23076889	4067.82051241	4069.87179453	4058.58974318	4072.43589709	4108.20512793	4103.71794844	4107.56410229	4069.6153842	
4077.17948684	4123.20512793	4138.46153826	4094.61538427	4106.28205101	4078.58974325	4081.66666632	4090.51282017	4077.17948684	4097.69230735	4127.05128178	4122.43589716	4135.76923056	4088.07692273	
4080.51282017	4113.46153819	4146.15384595	4101.66666632	4038.20512779	4076.79487145	4079.61538427	4103.20512793	4086.66666632	4119.61538434	4138.97435877	4135.12820485	4148.71794851	4099.48717914	
4056.28205087	4073.8461535	4115.89743562	4067.05128164	4073.8461535	4068.7179483	4057.94871754	4070.89743555	4056.15384574	4079.99999966	4101.92307658	4098.46153812	4107.05128178	4070.6410253	
4043.46153805	4057.30769189	4093.58974325	4043.33333292	4112.17948691	4053.20512779	4045.12820472	4044.48717907	4034.487179	4043.33333292	4071.28205094	4070.89743555	4075.25640991	4049.35897395	
4059.48717907	4076.53846119	4109.35897408	4071.02564068	4065.89743548	4059.87179446	4056.410256	4064.99999959	4055.89743548	4071.79487145	4092.82051248	4094.87179453	4097.56410222	4066.53846113	
4071.28205094	4091.02564068	4123.9743587	4095.89743555	4061.92307651	4071.15384581	4069.48717907	4086.92307658	4078.46153812	4103.33333306	4117.82051255	4115.51282024	4125.12820485	4086.02564068	
4070.6410253	4093.58974325	4120.38461511	4085.76923043	4113.46153819	4067.69230728	4073.58974325	4084.48717914	4076.15384581	4095.89743555	4112.56410229	4109.23076896	4121.66666639	4088.33333299	
4074.61538427	4098.33333299	4120.25640998	4078.07692273	4106.41025614	4071.41025607	4077.05128171	4085.38461504	4072.69230735	4090.12820478	4107.69230742	4109.99999973	4113.46153819	4087.30769196	
4072.82051248	4101.15384581	4117.94871767	4077.56410222	4049.23076882	4076.15384581	4074.7435894	4087.30769196	4073.8461535	4097.69230735	4110.38461511	4111.28205101	4115.25640998	4082.30769196	
4068.07692266	4100.25640991	4115.64102537	4076.28205094	4054.48717907	4074.99999966	4074.35897402	4087.05128171	4075.6410253	4101.41025607	4112.56410229	4110.7692305	4118.71794844	4082.43589709	
4067.43589702	4094.10256376	4113.20512793	4071.41025607	4107.94871767	4077.30769196	4078.58974325	4087.69230735	4073.33333299	4093.20512786	4106.53846126	4111.41025614	4112.94871767	4082.30769196	
4061.92307651	4083.20512786	4104.8717946	4065.64102523	4106.28205101	4068.7179483	4069.87179453	4080.6410253	4066.79487138	4086.41025607	4095.38461504	4105.51282024	4103.33333306	4074.48717914	
4060.89743548	4084.23076889	4107.94871767	4076.79487145	4061.15384574	4054.74358933	4060.38461497	4079.48717914	4070.51282017	4094.48717914	4098.58974325	4107.69230742	4107.17948691	4076.79487145	
4062.17948677	4092.94871761	4107.30769203	4075.25640991	4041.92307651	4064.48717907	4063.97435856	4078.8461535	4072.05128171	4094.35897402	4098.71794837	4107.94871767	4108.20512793	4076.66666632	
4058.84615343	4090.25640991	4096.92307658	4060.25640984	4082.94871761	4077.56410222	4069.6153842	4073.8461535	4065.5128201	4083.97435863	4091.41025607	4101.02564068	4104.48717921	4067.94871754	
4066.02564061	4090.6410253	4107.17948691	4078.71794837	4084.23076889	4067.05128164	4070.51282017	4084.87179453	4075.12820478	4094.61538427	4105.64102537	4113.46153819	4115.38461511	4079.23076889	
4067.05128164	4094.48717914	4108.71794844	4082.69230735	4065.25640984	4066.410256	4070.25640991	4085.89743555	4076.66666632	4099.48717914	4106.02564075	4114.23076896	4110.7692305	4079.99999966	
4054.6153842	4088.71794837	4084.87179453	4047.43589702	4116.02564075	4081.53846119	4072.94871761	4070.89743555	4062.82051241	4087.69230735	4082.43589709	4093.58974325	4093.20512786	4062.05128164	
4055.38461497	4083.33333299	4085.51282017	4056.410256	4120.38461511	4067.17948677	4069.99999966	4075.89743555	4068.20512779	4089.48717914	4086.92307658	4099.7435894	4103.0769228	4069.7435894	
4051.66666625	4066.02564061	4089.48717914	4078.46153812	4023.71794824	4037.69230728	4048.46153805	4069.7435894	4065.25640984	4077.82051248	4092.30769196	4103.20512793	4102.05128171	4070.6410253	
4030.51282003	4037.30769189	4061.92307651	4040.12820472	3991.53846099	4035.76923029	4028.58974311	4037.94871754	4041.28205087	4052.43589702	4068.07692266	4073.46153812	4072.30769196	4041.02564061	
4032.43589695	4036.02564054	4056.66666625	4023.20512772	4059.23076882	4048.20512779	4037.94871754	4040.5128201	4043.84615343	4059.35897395	4065.5128201	4068.58974318	4070.6410253	4039.87179446	
4045.5128201	4049.74358933	4073.20512786	4050.89743548	4079.99999966	4054.99999959	4055.76923036	4063.20512779	4061.92307651	4074.99999966	4076.92307658	4085.6410253	4085.89743555	4058.07692266	
4042.82051241	4051.66666625	4072.43589709	4056.53846113	4053.97435856	4062.82051241	4057.43589702	4060.12820472	4060.5128201	4067.94871754	4071.66666632	4084.99999966	4082.82051248	4055.38461497	
4051.66666625	4066.79487138	4081.79487145	4065.25640984	4053.33333292	4072.69230735	4061.02564061	4064.99999959	4068.20512779	4086.02564068	4089.61538427	4097.05128171	4099.61538427	4062.30769189	
4068.84615343	4096.28205094	4100.6410253	4085.12820478	4088.8461535	4073.33333299	4069.6153842	4081.79487145	4082.17948684	4115.89743562	4113.58974332	4119.74358947	4124.10256383	4078.58974325	
4068.58974318	4096.92307658	4100.38461504	4078.71794837	4117.17948691	4069.6153842	4070.25640991	4076.79487145	4077.30769196	4097.05128171	4105.38461511	4117.82051255	4111.79487152	4075.25640991	
4065.76923036	4082.30769196	4099.48717914	4079.99999966	4082.69230735	4071.41025607	4069.6153842	4076.02564068	4078.71794837	4087.69230735	4107.17948691	4118.71794844	4108.58974332	4075.38461504	
4065.5128201	4083.46153812	4098.20512786	4091.41025607	4044.87179446	4069.10256369	4064.99999959	4082.82051248	4083.20512786	4110.51282024	4115.51282024	4123.71794844	4124.23076896	4078.46153812	
4062.05128164	4089.48717914	4091.79487145	4082.94871761	4087.56410222	4071.02564068	4061.79487138	4073.33333299	4074.10256376	4104.23076896	4098.20512786	4114.10256383	4114.99999973	4069.7435894	
4064.48717907	4089.10256376	4098.71794837	4083.46153812	4137.05128185	4087.94871761	4071.66666632	4070.6410253	4073.58974325	4088.71794837	4093.33333299	4118.0769228	4104.48717921	4070.51282017	
4075.12820478	4093.46153812	4112.69230742	4103.0769228	4108.0769228	4087.56410222	4078.07692273	4084.23076889	4086.15384581	4109.8717946	4118.9743587	4141.02564082	4127.17948691	4085.38461504	
4083.97435863	4104.10256383	4115.25640998	4107.17948691	4074.99999966	4078.07692273	4077.69230735	4094.61538427	4094.10256376	4131.79487152	4130.64102537	4150.12820492	4148.46153826	4094.35897402	
4081.41025607	4100.12820478	4107.69230742	4093.33333299	4096.41025607	4089.10256376	4080.38461504	4090.89743555	4089.61538427	4120.51282024	4117.82051255	4141.79487159	4137.82051262	4091.28205094	
4076.02564068	4090.6410253	4106.66666639	4095.76923043	4114.23076896	4091.28205094	4077.43589709	4084.23076889	4084.10256376	4113.46153819	4120.12820485	4143.58974339	4131.53846126	4088.46153812	
4065.76923036	4075.12820478	4094.61538427	4080.89743555	4079.87179453	4063.7179483	4055.38461497	4067.94871754	4068.97435856	4100.12820478	4117.56410229	4133.84615357	4123.58974332	4075.12820478	
4038.07692266	4028.71794824	4055.12820472	4023.58974311	4032.69230721	4034.61538413	4022.43589695	4030.89743541	4037.17948677	4058.07692266	4077.17948684	4092.17948684	4084.10256376	4042.05128164	
4017.82051234	3990.2564097	4032.82051234	3999.35897381	4011.92307644	4024.99999952	4006.41025593	4010.3846149	4020.76923029	4037.30769189	4049.6153842	4070.51282017	4055.89743548	4024.23076875	
4021.15384567	3992.30769176	4040.38461497	4017.94871747	4020.89743541	4022.56410208	4011.92307644	4017.69230721	4027.1794867	4044.6153842	4055.89743548	4078.07692273	4062.17948677	4031.02564054	
4030.89743541	4008.46153798	4046.79487138	4020.25640977	4040.89743548	4022.43589695	4019.10256362	4025.3846149	4033.33333285	4049.10256369	4061.79487138	4079.61538427	4073.20512786	4038.7179483	
4041.92307651	4020.3846149	4055.64102523	4021.15384567	4043.97435856	4036.15384567	4027.43589695	4038.84615343	4047.56410215	4063.20512779	4071.92307658	4083.8461535	4084.7435894	4047.94871754	
4051.15384574	4031.66666618	4067.30769189	4039.87179446	4041.53846113	4054.74358933	4040.38461497	4051.92307651	4056.92307651	4078.46153812	4081.53846119	4087.17948684	4089.99999966	4055.64102523	
4052.17948677	4044.6153842	4066.92307651	4042.94871754	4079.10256376	4055.64102523	4044.23076882	4047.56410215	4048.20512779	4074.35897402	4077.56410222	4072.43589709	4083.97435863	4053.33333292	
4054.99999959	4056.92307651	4069.35897395	4037.69230728	4113.9743587	4051.02564061	4044.99999959	4051.92307651	4054.48717907	4082.56410222	4086.02564068	4064.87179446	4098.20512786	4058.58974318	
4064.35897395	4064.23076882	4080.89743555	4049.74358933	4072.17948684	4057.56410215	4054.48717907	4071.41025607	4072.94871761	4099.10256376	4101.66666632	4072.56410222	4118.9743587	4074.48717914	
4065.25640984	4067.94871754	4084.35897402	4050.76923036	4041.15384574	4057.94871754	4055.38461497	4071.15384581	4066.66666625	4084.61538427	4091.41025607	4063.7179483	4106.66666639	4076.02564068	
4058.97435856	4071.02564068	4082.69230735	4040.12820472	4075.89743555	4052.05128164	4044.23076882	4057.17948677	4052.82051241	4066.15384574	4080.25640991	4048.7179483	4095.51282017	4069.48717907	
4061.92307651	4072.94871761	4091.15384581	4048.20512779	4085.89743555	4056.79487138	4047.17948677	4062.17948677	4062.30769189	4087.05128171	4095.89743555	4054.23076882	4116.15384588	4074.23076889	
4066.92307651	4077.69230735	4101.02564068	4059.23076882	4066.66666625	4067.05128164	4061.66666625	4070.89743555	4071.02564068	4105.12820485	4102.82051255	4056.410256	4118.84615357	4076.79487145	
4057.82051241	4076.41025607	4093.33333299	4044.23076882	4062.94871754	4061.92307651	4056.15384574	4060.89743548	4058.58974318	4084.7435894	4083.97435863	4036.41025593	4091.28205094	4064.35897395	
4047.56410215	4065.25640984	4084.10256376	4029.74358926	4053.7179483	4049.87179446	4039.23076882	4052.69230728	4051.92307651	4077.30769196	4078.58974325	4027.69230721	4089.7435894	4057.05128164	
4047.17948677	4059.99999959	4084.35897402	4029.35897388	4049.87179446	4052.56410215	4041.53846113	4054.87179446	4055.12820472	4086.79487145	4083.46153812	4031.02564054	4101.66666632	4058.97435856	
4049.74358933	4066.53846113	4082.69230735	4021.53846106	4077.69230735	4056.410256	4051.15384574	4051.92307651	4048.84615343	4075.89743555	4072.69230735	4023.33333285	4088.33333299	4057.30769189	
4053.07692266	4070.76923043	4084.35897402	4018.84615336	4075.51282017	4042.82051241	4041.79487138	4044.87179446	4043.46153805	4064.35897395	4069.48717907	4020.76923029	4079.7435894	4057.43589702	
4054.99999959	4061.66666625	4088.46153812	4032.43589695	4035.12820465	4033.97435849	4032.30769183	4047.30769189	4050.12820472	4074.7435894	4081.92307658	4029.35897388	4094.61538427	4060.76923036	
4060.89743548	4061.28205087	4093.97435863	4043.07692266	4052.56410215	4049.74358933	4045.89743548	4059.48717907	4059.48717907	4090.25640991	4092.82051248	4038.46153805	4109.8717946	4068.20512779	
4067.17948677	4076.28205094	4103.84615357	4038.20512779	4088.58974325	4057.17948677	4056.28205087	4065.64102523	4062.43589702	4100.89743555	4098.8461535	4046.53846113	4113.0769228	4076.02564068	
4064.87179446	4077.17948684	4105.25640998	4026.15384567	4057.05128164	4054.10256369	4050.38461497	4061.92307651	4058.20512779	4094.61538427	4094.10256376	4043.7179483	4105.25640998	4071.28205094	
4060.12820472	4061.15384574	4095.6410253	4028.46153798	4053.46153805	4062.43589702	4053.84615343	4061.02564061	4054.99999959	4075.12820478	4083.07692273	4034.10256362	4097.43589709	4064.6153842	
4053.46153805	4051.53846113	4083.20512786	4020.12820465	4083.20512786	4053.33333292	4055.64102523	4056.410256	4051.28205087	4072.94871761	4072.05128171	4023.71794824	4090.25640991	4064.48717907	
4037.56410215	4038.33333292	4062.30769189	3986.02564047	4052.05128164	4024.61538413	4035.76923029	4036.66666618	4034.35897388	4062.05128164	4054.10256369	4001.66666611	4068.84615343	4055.12820472	
4029.61538413	4023.71794824	4047.56410215	3979.35897381	4018.84615336	4021.15384567	4025.12820465	4026.15384567	4024.35897388	4037.69230728	4041.02564061	3987.9487174	4051.02564061	4043.33333292	
4043.33333292	4035.76923029	4062.69230728	4006.02564054	4057.94871754	4038.7179483	4038.58974318	4037.43589702	4038.33333292	4044.10256369	4050.38461497	4007.94871747	4062.30769189	4054.10256369	
4053.97435856	4054.6153842	4077.43589709	4004.87179439	4059.6153842	4044.87179446	4046.410256	4042.30769189	4041.66666625	4059.23076882	4058.7179483	4024.74358926	4075.25640991	4064.99999959	
4045.64102523	4046.92307651	4066.92307651	3981.92307637	3997.69230714	4041.92307651	4036.79487131	4031.2820508	4023.97435849	4043.84615343	4046.410256	4013.07692259	4062.56410215	4053.58974318	
4040.89743548	4033.20512772	4061.66666625	3986.1538456	4023.97435849	4032.43589695	4027.56410208	4030.76923029	4022.56410208	4037.56410215	4042.17948677	4010.89743541	4053.97435856	4047.43589702	
4036.2820508	4021.02564054	4058.7179483	3992.30769176	4082.43589709	4013.07692259	4016.2820508	4026.53846106	4025.3846149	4047.43589702	4042.56410215	4011.53846106	4052.69230728	4045.76923036	
4023.71794824	3998.97435842	4043.84615343	3973.97435842	4019.23076875	4003.33333278	4001.41025586	4003.84615329	4008.58974311	4028.97435849	4026.53846106	3992.17948663	4037.17948677	4031.02564054	
4021.66666618	3997.17948663	4038.7179483	3964.23076861	3947.05128143	4008.46153798	4000.51281996	3993.58974304	3996.53846099	4006.2820508	4015.89743541	3983.46153791	4024.87179439	4022.43589695	
4031.15384567	4014.10256362	4050.5128201	3977.9487174	4003.71794817	4012.56410208	4012.30769183	4005.76923029	4005.76923029	4014.99999952	4028.20512772	4001.66666611	4033.97435849	4032.30769183	
4047.17948677	4025.3846149	4071.28205094	4002.30769176	4071.41025607	4037.94871754	4033.71794824	4034.487179	4033.33333285	4054.23076882	4056.92307651	4033.07692259	4063.84615343	4052.94871754	
4064.74358933	4040.64102523	4091.28205094	4021.2820508	4057.69230728	4065.38461497	4051.92307651	4061.28205087	4059.87179446	4094.7435894	4082.82051248	4055.64102523	4095.12820478	4072.05128171	
4064.6153842	4056.53846113	4090.6410253	4029.487179	4053.84615343	4045.12820472	4043.97435856	4054.10256369	4056.15384574	4089.99999966	4079.48717914	4051.53846113	4095.76923043	4069.23076882	
4053.07692266	4057.05128164	4079.87179453	4036.15384567	4077.94871761	4027.56410208	4033.20512772	4036.66666618	4040.89743548	4062.94871754	4061.410256	4040.5128201	4077.56410222	4054.87179446	
4053.58974318	4051.79487138	4078.97435863	4034.35897388	4075.12820478	4051.92307651	4042.43589702	4046.79487138	4044.99999959	4067.30769189	4067.69230728	4047.05128164	4079.61538427	4056.92307651	
4059.87179446	4055.64102523	4084.10256376	4033.33333285	4057.56410215	4059.35897395	4049.6153842	4058.07692266	4057.43589702	4083.8461535	4084.99999966	4055.38461497	4094.99999966	4067.30769189	
4059.23076882	4057.94871754	4090.38461504	4048.58974318	4055.5128201	4040.76923036	4046.15384574	4054.23076882	4057.94871754	4086.02564068	4085.12820478	4058.46153805	4096.28205094	4068.07692266	
4057.69230728	4053.7179483	4090.38461504	4045.64102523	4059.6153842	4049.35897395	4048.58974318	4053.20512779	4052.69230728	4082.94871761	4078.07692273	4057.17948677	4087.82051248	4061.53846113	
4064.35897395	4060.25640984	4094.99999966	4038.84615343	4055.64102523	4069.48717907	4056.02564061	4062.43589702	4059.87179446	4091.53846119	4087.43589709	4061.02564061	4096.28205094	4067.17948677	
4071.79487145	4070.25640991	4107.94871767	4060.64102523	4071.66666632	4062.94871754	4055.12820472	4068.46153805	4070.6410253	4107.69230742	4102.82051255	4073.33333299	4113.33333306	4077.82051248	
4061.92307651	4059.74358933	4097.17948684	4058.07692266	4081.53846119	4037.94871754	4037.43589702	4052.05128164	4056.28205087	4093.58974325	4088.33333299	4061.66666625	4097.30769196	4064.99999959	
4044.87179446	4029.74358926	4069.99999966	4017.82051234	4033.33333285	4020.76923029	4017.05128157	4031.79487131	4034.487179	4058.58974318	4059.74358933	4033.97435849	4066.92307651	4044.87179446	
4032.05128157	3999.87179432	4050.5128201	3990.2564097	4023.20512772	4023.07692259	4013.20512772	4022.43589695	4025.12820465	4041.28205087	4042.69230728	4017.82051234	4052.69230728	4034.87179439	
4026.66666618	3992.0512815	4040.64102523	3989.61538406	4066.410256	4028.07692259	4017.43589695	4015.3846149	4019.87179439	4041.66666625	4034.35897388	4011.66666618	4046.79487138	4028.71794824	
4038.46153805	4006.53846106	4050.76923036	4004.10256362	4040.12820472	4027.69230721	4021.41025593	4020.89743541	4025.76923029	4049.87179446	4042.17948677	4020.76923029	4052.69230728	4036.79487131	
4058.97435856	4023.71794824	4075.76923043	4027.05128157	3996.02564047	4040.12820472	4035.51282003	4047.17948677	4047.17948677	4067.17948677	4068.97435856	4048.33333292	4076.15384581	4061.15384574	
4069.48717907	4041.15384574	4088.33333299	4035.89743541	4045.76923036	4060.25640984	4054.10256369	4065.89743548	4061.15384574	4083.07692273	4084.7435894	4067.69230728	4095.89743555	4074.87179453	
4069.48717907	4052.82051241	4086.66666632	4028.07692259	4106.02564075	4062.30769189	4059.87179446	4064.99999959	4058.97435856	4087.43589709	4074.87179453	4067.56410215	4094.87179453	4072.56410222	
4070.38461504	4046.53846113	4089.23076889	4035.89743541	4097.17948684	4056.410256	4058.7179483	4067.30769189	4060.12820472	4093.33333299	4070.51282017	4070.12820478	4092.82051248	4075.12820478	
4073.33333299	4043.46153805	4094.48717914	4056.02564061	4081.02564068	4058.58974318	4058.58974318	4069.10256369	4063.46153805	4088.71794837	4077.94871761	4076.79487145	4096.15384581	4077.94871761	
4072.82051248	4054.74358933	4090.76923043	4048.58974318	4080.76923043	4064.48717907	4057.69230728	4062.05128164	4058.84615343	4079.48717914	4073.58974325	4071.53846119	4089.48717914	4072.17948684	
4068.07692266	4051.92307651	4081.66666632	4028.71794824	4070.51282017	4064.74358933	4056.79487138	4061.410256	4056.02564061	4085.12820478	4068.20512779	4064.87179446	4085.38461504	4069.35897395	
4062.43589702	4038.84615343	4075.51282017	4034.35897388	4057.17948677	4057.56410215	4054.87179446	4059.74358933	4053.58974318	4080.25640991	4062.17948677	4062.94871754	4086.15384581	4068.7179483	
4062.82051241	4047.69230728	4078.20512786	4042.30769189	4054.74358933	4057.43589702	4052.43589702	4048.33333292	4047.05128164	4059.99999959	4041.15384574	4060.89743548	4073.71794837	4063.07692266	
4066.28205087	4061.28205087	4084.87179453	4041.15384574	4064.23076882	4057.56410215	4052.94871754	4050.25640984	4046.92307651	4061.92307651	4029.35897388	4061.79487138	4071.15384581	4062.69230728	
4064.74358933	4054.87179446	4083.07692273	4048.84615343	4077.05128171	4045.64102523	4047.82051241	4058.33333292	4051.66666625	4081.66666632	4036.41025593	4063.07692266	4085.38461504	4066.02564061	
4060.89743548	4047.17948677	4079.7435894	4050.64102523	4077.82051248	4041.66666625	4041.28205087	4051.79487138	4051.28205087	4081.28205094	4037.69230728	4061.66666625	4086.53846119	4064.6153842	
4060.76923036	4048.7179483	4082.17948684	4042.17948677	4061.410256	4054.10256369	4044.87179446	4046.28205087	4048.46153805	4067.82051241	4032.94871747	4061.02564061	4079.48717914	4064.48717907	
4061.92307651	4047.69230728	4080.25640991	4045.89743548	4061.02564061	4049.35897395	4044.74358933	4047.69230728	4045.76923036	4063.20512779	4035.12820465	4060.76923036	4080.51282017	4065.64102523	
4057.30769189	4046.15384574	4069.35897395	4043.46153805	4067.56410215	4038.46153805	4038.33333292	4041.15384574	4040.64102523	4058.20512779	4029.74358926	4056.02564061	4074.23076889	4056.79487138	
4056.28205087	4054.48717907	4066.02564061	4031.2820508	4049.23076882	4045.38461497	4040.5128201	4036.92307651	4040.89743548	4056.92307651	4024.61538413	4056.15384574	4068.33333292	4052.82051241	
4061.79487138	4062.82051241	4074.23076889	4043.84615343	4047.05128164	4057.30769189	4047.17948677	4046.15384574	4048.20512779	4067.17948677	4035.76923029	4066.15384574	4078.71794837	4062.43589702	
4059.48717907	4054.23076882	4071.15384581	4052.30769189	4071.41025607	4062.82051241	4046.53846113	4048.84615343	4048.97435856	4073.71794837	4038.84615343	4066.02564061	4077.94871761	4063.58974318	
4056.15384574	4046.79487138	4065.25640984	4037.94871754	4066.410256	4052.69230728	4041.410256	4042.69230728	4045.12820472	4068.46153805	4033.20512772	4063.58974318	4069.6153842	4059.74358933	
4056.410256	4050.12820472	4066.410256	4031.02564054	4049.87179446	4042.43589702	4037.43589702	4034.10256362	4037.94871754	4052.69230728	4028.58974311	4064.87179446	4064.74358933	4059.48717907	
4043.46153805	4029.99999952	4049.74358933	4020.76923029	4055.76923036	4032.56410208	4020.25640977	4012.82051234	4021.53846106	4026.02564054	4011.2820508	4049.87179446	4043.84615343	4044.6153842	
4016.15384567	3975.89743535	4013.97435849	3989.10256355	4014.87179439	3997.82051227	3986.79487124	3983.20512765	3998.33333278	4003.46153791	3985.51281996	4017.05128157	4015.12820465	4014.99999952	
3995.76923022	3933.5897429	3986.28205073	3958.20512758	3949.48717887	3961.53846092	3959.35897374	3957.05128143	3973.71794817	3982.30769176	3963.7179481	3986.1538456	3990.89743535	3990.89743535	
3991.66666611	3927.82051213	3980.38461483	3945.25640963	3964.48717887	3967.43589681	3959.10256348	3947.43589681	3962.17948656	3956.79487117	3952.30769169	3976.79487124	3974.35897381	3984.48717894	
4004.10256362	3947.56410194	3995.12820458	3953.97435835	4006.92307644	3993.46153791	3979.87179432	3966.9230763	3979.10256355	3966.41025579	3967.69230707	3995.51281996	3988.07692252	3999.61538406	
4019.487179	3963.20512758	4015.12820465	3974.35897381	3984.23076868	3999.99999945	3994.10256355	3995.12820458	4003.07692252	4009.23076875	4000.12820458	4022.94871747	4024.23076875	4020.64102516	
4025.3846149	3959.99999938	4021.79487131	3982.82051227	3980.76923022	4008.07692259	4001.1538456	4002.43589688	4008.20512772	4026.66666618	4015.12820465	4037.69230728	4038.97435856	4026.2820508	
4031.41025593	3974.61538406	4026.41025593	3988.07692252	4029.61538413	4017.56410208	4012.1794867	4005.12820465	4009.87179439	4019.487179	4018.58974311	4047.43589702	4037.56410215	4033.58974311	
4042.05128164	4006.41025593	4040.12820472	4002.43589688	4032.30769183	4022.82051234	4021.92307644	4018.20512772	4018.20512772	4025.3846149	4028.58974311	4059.23076882	4046.410256	4048.33333292	
4054.23076882	4012.82051234	4056.410256	4023.84615336	4020.64102516	4032.30769183	4027.69230721	4032.1794867	4030.89743541	4052.05128164	4046.66666625	4075.12820478	4066.66666625	4061.02564061	
4062.17948677	4013.58974311	4066.92307651	4036.66666618	4058.84615343	4039.48717907	4037.69230728	4042.17948677	4040.64102523	4068.58974318	4059.10256369	4088.8461535	4081.15384581	4066.53846113	
4063.07692266	4031.79487131	4066.66666625	4029.99999952	4088.58974325	4059.6153842	4056.410256	4049.87179446	4041.53846113	4063.84615343	4055.25640984	4088.8461535	4077.05128171	4067.17948677	
4067.69230728	4038.46153805	4070.6410253	4031.92307644	4086.28205094	4084.10256376	4071.79487145	4066.410256	4053.46153805	4074.99999966	4060.89743548	4096.53846119	4082.30769196	4075.12820478	
4074.10256376	4037.82051241	4081.02564068	4045.89743548	4076.02564068	4074.23076889	4070.89743555	4076.79487145	4067.17948677	4093.46153812	4078.46153812	4112.17948691	4100.6410253	4084.48717914	
4076.41025607	4053.07692266	4085.38461504	4049.35897395	4071.15384581	4058.7179483	4067.56410215	4073.07692273	4061.92307651	4087.30769196	4082.30769196	4114.23076896	4101.92307658	4085.89743555	
4076.15384581	4058.07692266	4085.38461504	4047.82051241	4082.30769196	4073.97435863	4076.66666632	4073.33333299	4055.89743548	4080.51282017	4075.6410253	4112.30769203	4093.71794837	4082.69230735	
4077.82051248	4052.05128164	4087.56410222	4046.53846113	4099.7435894	4084.87179453	4082.94871761	4080.38461504	4064.6153842	4090.25640991	4081.79487145	4116.53846126	4101.02564068	4086.28205094	
4082.43589709	4062.17948677	4090.76923043	4041.92307651	4097.82051248	4080.12820478	4080.51282017	4084.48717914	4072.43589709	4101.66666632	4096.66666632	4122.69230742	4112.56410229	4093.97435863	
4087.69230735	4067.94871754	4095.89743555	4054.23076882	4085.12820478	4080.6410253	4081.15384581	4089.23076889	4077.30769196	4110.38461511	4104.99999973	4132.94871767	4118.71794844	4098.8461535	
4093.8461535	4068.58974318	4106.02564075	4078.33333299	4090.25640991	4084.10256376	4088.07692273	4101.41025607	4086.92307658	4120.7692305	4113.20512793	4148.84615364	4128.46153819	4107.05128178	
4100.12820478	4087.94871761	4108.20512793	4072.43589709	4119.74358947	4089.7435894	4094.61538427	4107.43589716	4087.82051248	4121.53846126	4117.30769203	4155.89743569	4133.0769228	4115.89743562	
4095.25640991	4082.30769196	4093.07692273	4050.64102523	4113.58974332	4082.17948684	4086.66666632	4100.6410253	4078.46153812	4110.38461511	4108.0769228	4148.205128	4124.35897408	4110.64102537	
4071.79487145	4037.56410215	4069.6153842	4038.33333292	4060.76923036	4059.6153842	4063.33333292	4083.07692273	4066.79487138	4091.15384581	4086.53846119	4127.94871767	4103.84615357	4086.28205094	
4048.33333292	4009.35897388	4046.28205087	4016.15384567	4039.23076882	4048.07692266	4047.56410215	4058.97435856	4049.87179446	4065.76923036	4060.25640984	4099.48717914	4072.17948684	4063.07692266	
4050.25640984	4015.64102516	4041.66666625	4005.76923029	4059.74358933	4053.7179483	4052.43589702	4053.33333292	4043.84615343	4063.33333292	4053.20512779	4094.48717914	4062.94871754	4063.07692266	
4064.23076882	4026.41025593	4057.56410215	4026.02564054	4068.33333292	4061.15384574	4059.6153842	4067.56410215	4056.410256	4085.89743555	4070.12820478	4114.74358947	4082.82051248	4076.53846119	
4069.99999966	4032.56410208	4071.53846119	4043.7179483	4069.7435894	4065.5128201	4062.82051241	4074.99999966	4064.23076882	4089.48717914	4084.48717914	4129.74358947	4095.38461504	4084.35897402	
4077.05128171	4049.48717907	4078.8461535	4051.02564061	4082.17948684	4071.79487145	4071.41025607	4077.05128171	4066.410256	4082.94871761	4090.25640991	4136.92307672	4099.10256376	4090.12820478	
4089.99999966	4068.7179483	4086.28205094	4059.74358933	4093.20512786	4078.8461535	4079.61538427	4086.53846119	4074.35897402	4094.7435894	4097.30769196	4143.58974339	4105.38461511	4096.79487145	
4096.28205094	4074.87179453	4093.58974325	4062.43589702	4097.05128171	4090.51282017	4087.05128171	4093.8461535	4077.05128171	4111.15384588	4099.7435894	4145.38461518	4110.64102537	4101.28205094	
4097.94871761	4081.53846119	4099.23076889	4067.69230728	4108.46153819	4102.82051255	4097.82051248	4097.82051248	4077.05128171	4118.33333306	4103.58974332	4145.64102544	4119.10256383	4108.71794844	
4104.23076896	4099.23076889	4108.58974332	4089.48717914	4131.02564075	4098.71794837	4100.38461504	4106.92307665	4087.17948684	4122.05128178	4118.46153819	4149.9999998	4129.8717946	4116.53846126	
4108.33333306	4117.43589716	4117.69230742	4096.92307658	4142.3076921	4091.15384581	4097.82051248	4110.89743562	4095.12820478	4121.28205101	4123.46153819	4147.3076921	4129.74358947	4116.53846126	
4106.79487152	4122.69230742	4122.17948691	4085.25640991	4115.38461511	4099.23076889	4102.05128171	4107.82051255	4092.56410222	4122.69230742	4115.25640998	4134.23076896	4126.66666639	4115.7692305	
4110.89743562	4126.66666639	4129.8717946	4093.58974325	4096.15384581	4114.10256383	4111.53846126	4117.69230742	4096.92307658	4134.74358947	4121.53846126	4131.41025614	4139.61538441	4122.56410229	
4117.82051255	4138.33333313	4138.205128	4109.48717921	4134.35897408	4114.99999973	4115.25640998	4127.82051255	4102.43589709	4134.48717921	4129.61538434	4131.92307665	4146.53846133	4124.99999973	
4110.38461511	4140.89743569	4134.48717921	4096.92307658	4158.07692287	4112.82051255	4109.23076896	4112.43589716	4090.12820478	4118.9743587	4112.30769203	4114.23076896	4128.46153819	4114.10256383	
4101.92307658	4135.38461518	4131.15384588	4079.87179453	4124.35897408	4118.0769228	4106.53846126	4103.58974332	4083.97435863	4121.41025614	4102.17948684	4100.89743555	4121.15384588	4109.61538434	
4104.74358947	4138.07692287	4137.43589723	4089.7435894	4117.17948691	4114.35897408	4106.41025614	4114.99999973	4091.92307658	4132.56410229	4113.9743587	4107.69230742	4132.05128178	4116.02564075	
4108.58974332	4142.56410236	4139.23076903	4105.64102537	4154.87179467	4098.97435863	4100.25640991	4112.43589716	4088.07692273	4123.71794844	4111.53846126	4109.10256383	4127.05128178	4115.38461511	
4107.05128178	4137.43589723	4138.07692287	4104.99999973	4158.58974339	4092.43589709	4097.05128171	4102.69230742	4083.58974325	4114.61538434	4104.48717921	4103.33333306	4120.51282024	4112.43589716	
4101.53846119	4129.48717921	4137.3076921	4097.17948684	4108.58974332	4097.30769196	4098.8461535	4108.84615357	4091.02564068	4122.82051255	4111.92307665	4101.53846119	4129.10256383	4113.71794844	
4096.15384581	4129.35897408	4130.38461511	4085.12820478	4089.35897402	4099.99999966	4096.66666632	4111.53846126	4089.48717914	4121.28205101	4104.99999973	4095.76923043	4121.28205101	4110.12820485	
4094.61538427	4128.33333306	4125.38461511	4076.02564068	4114.74358947	4098.07692273	4094.48717914	4102.05128171	4081.28205094	4109.23076896	4094.61538427	4091.28205094	4109.61538434	4105.89743562	
4093.58974325	4122.43589716	4130.7692305	4081.66666632	4110.89743562	4093.33333299	4093.07692273	4094.87179453	4079.99999966	4111.79487152	4103.84615357	4095.76923043	4118.84615357	4106.02564075	
4090.38461504	4122.94871767	4133.46153819	4088.71794837	4100.12820478	4088.46153812	4086.53846119	4089.48717914	4076.41025607	4115.64102537	4104.74358947	4096.02564068	4118.58974332	4102.69230742	
4088.8461535	4126.53846126	4130.12820485	4086.92307658	4125.51282024	4086.66666632	4080.6410253	4085.38461504	4072.05128171	4109.99999973	4096.02564068	4092.56410222	4109.23076896	4098.33333299	
4089.7435894	4122.30769203	4132.17948691	4092.82051248	4126.15384588	4080.51282017	4078.71794837	4089.99999966	4078.33333299	4114.99999973	4105.89743562	4098.46153812	4117.82051255	4097.82051248	
4084.23076889	4112.43589716	4129.99999973	4093.46153812	4093.20512786	4082.69230735	4079.10256376	4093.8461535	4079.48717914	4116.53846126	4104.10256383	4097.56410222	4116.02564075	4095.12820478	
4079.10256376	4114.74358947	4118.71794844	4074.87179453	4097.94871761	4094.23076889	4084.35897402	4088.8461535	4071.02564068	4101.15384581	4078.71794837	4081.79487145	4095.89743555	4091.66666632	
4085.89743555	4125.25640998	4121.15384588	4080.76923043	4122.05128178	4095.25640991	4091.92307658	4092.82051248	4077.05128171	4104.61538434	4081.92307658	4085.38461504	4102.82051255	4097.30769196	
4093.07692273	4123.0769228	4131.02564075	4098.71794837	4099.7435894	4092.56410222	4091.79487145	4103.71794844	4088.20512786	4119.8717946	4098.20512786	4101.28205094	4121.41025614	4102.17948684	
4084.99999966	4120.25640998	4124.99999973	4082.43589709	4082.05128171	4097.69230735	4086.53846119	4096.15384581	4079.23076889	4113.20512793	4084.87179453	4093.07692273	4110.64102537	4095.12820478	
4079.99999966	4124.48717921	4118.46153819	4075.12820478	4113.20512793	4093.33333299	4083.20512786	4085.51282017	4071.92307658	4104.10256383	4077.05128171	4087.30769196	4099.87179453	4092.43589709	
4084.48717914	4117.17948691	4123.71794844	4093.8461535	4119.8717946	4082.69230735	4082.05128171	4088.46153812	4076.92307658	4104.10256383	4090.89743555	4099.87179453	4106.28205101	4097.30769196	
4084.87179453	4110.25640998	4128.9743587	4098.58974325	4088.58974325	4086.02564068	4083.07692273	4088.8461535	4076.92307658	4103.46153819	4097.05128171	4107.05128178	4110.12820485	4098.58974325	
4076.02564068	4111.02564075	4118.33333306	4074.7435894	4086.66666632	4081.28205094	4071.92307658	4071.66666632	4063.58974318	4094.23076889	4079.48717914	4095.38461504	4094.10256376	4087.30769196	
4062.56410215	4089.35897402	4098.46153812	4051.28205087	4088.71794837	4063.97435856	4054.99999959	4048.20512779	4045.12820472	4073.33333299	4051.28205087	4077.43589709	4066.53846113	4068.07692266	
4056.92307651	4057.69230728	4094.23076889	4052.43589702	4058.46153805	4065.25640984	4055.76923036	4044.74358933	4039.10256369	4057.17948677	4043.33333292	4073.58974325	4058.46153805	4061.53846113	
4056.66666625	4043.97435856	4094.35897402	4053.7179483	4031.02564054	4063.20512779	4057.05128164	4055.38461497	4048.84615343	4060.89743548	4056.02564061	4080.12820478	4067.43589702	4065.76923036	
4052.30769189	4047.56410215	4085.76923043	4041.92307651	4053.84615343	4049.87179446	4047.69230728	4055.64102523	4055.89743548	4076.66666632	4058.46153805	4079.23076889	4068.84615343	4063.84615343	
4050.12820472	4060.64102523	4084.7435894	4044.74358933	4095.6410253	4054.87179446	4050.76923036	4052.43589702	4054.6153842	4085.25640991	4052.05128164	4075.25640991	4066.79487138	4061.410256	
4056.92307651	4068.46153805	4094.48717914	4057.17948677	4082.94871761	4071.41025607	4061.15384574	4057.30769189	4056.79487138	4080.89743555	4058.20512779	4084.23076889	4073.07692273	4068.20512779	
4062.82051241	4067.43589702	4097.43589709	4051.15384574	4040.76923036	4069.87179453	4056.15384574	4055.12820472	4057.56410215	4076.53846119	4066.79487138	4092.43589709	4080.12820478	4073.20512786	
4061.66666625	4067.94871754	4093.46153812	4049.87179446	4060.5128201	4058.97435856	4050.25640984	4049.10256369	4052.94871754	4083.33333299	4062.94871754	4089.61538427	4079.7435894	4070.89743555	
4056.53846113	4073.33333299	4088.46153812	4059.35897395	4102.17948684	4065.38461497	4056.53846113	4050.25640984	4048.46153805	4079.61538427	4053.20512779	4085.25640991	4070.38461504	4066.79487138	
4047.43589702	4070.38461504	4082.17948684	4045.76923036	4072.56410222	4073.8461535	4059.23076882	4046.92307651	4043.46153805	4062.30769189	4048.58974318	4080.12820478	4059.87179446	4060.89743548	
4046.92307651	4064.10256369	4086.15384581	4033.71794824	4033.97435849	4059.10256369	4053.58974318	4045.12820472	4044.87179446	4067.43589702	4058.7179483	4084.10256376	4068.20512779	4060.5128201	
4056.92307651	4072.30769196	4101.15384581	4053.46153805	4066.66666625	4048.33333292	4054.99999959	4058.33333292	4056.15384574	4086.79487145	4072.17948684	4097.30769196	4082.43589709	4070.89743555	
4059.99999959	4081.28205094	4102.94871767	4061.28205087	4090.6410253	4068.46153805	4063.97435856	4061.53846113	4056.66666625	4081.02564068	4065.64102523	4096.66666632	4074.87179453	4073.71794837	
4056.02564061	4075.38461504	4092.05128171	4042.17948677	4076.28205094	4083.33333299	4063.7179483	4051.92307651	4048.97435856	4065.76923036	4057.05128164	4085.6410253	4065.38461497	4065.89743548	
4057.56410215	4075.6410253	4097.43589709	4047.56410215	4069.23076882	4065.5128201	4060.12820472	4057.43589702	4056.28205087	4080.76923043	4069.7435894	4094.35897402	4082.05128171	4072.05128171	
4062.82051241	4084.7435894	4110.64102537	4072.94871761	4077.17948684	4053.7179483	4064.6153842	4069.23076882	4065.12820472	4098.8461535	4083.97435863	4107.82051255	4098.46153812	4082.30769196	
4063.46153805	4084.10256376	4108.58974332	4069.6153842	4077.56410222	4066.410256	4067.43589702	4068.84615343	4063.7179483	4092.17948684	4083.07692273	4104.8717946	4091.28205094	4076.79487145	
4055.12820472	4076.15384581	4096.28205094	4039.87179446	4072.43589709	4070.51282017	4057.82051241	4054.74358933	4056.79487138	4079.23076889	4071.02564068	4093.33333299	4073.20512786	4059.99999959	
4045.64102523	4068.46153805	4092.17948684	4031.15384567	4062.69230728	4057.82051241	4049.6153842	4046.02564061	4053.07692266	4075.89743555	4064.74358933	4088.97435863	4069.87179453	4056.92307651	
4047.94871754	4064.35897395	4100.25640991	4051.92307651	4048.97435856	4050.12820472	4053.33333292	4054.23076882	4054.99999959	4078.33333299	4069.87179453	4096.28205094	4079.35897402	4068.33333292	
4047.94871754	4057.43589702	4095.89743555	4055.76923036	4061.28205087	4042.69230728	4049.10256369	4053.20512779	4048.97435856	4079.23076889	4065.76923036	4092.30769196	4075.51282017	4063.84615343	
4034.23076875	4038.20512779	4075.12820478	4030.76923029	4070.51282017	4031.79487131	4037.17948677	4036.66666618	4036.92307651	4071.66666632	4047.30769189	4074.23076889	4057.82051241	4047.17948677	
4026.92307644	4024.35897388	4065.76923036	4017.43589695	4040.12820472	4033.33333285	4036.41025593	4029.87179439	4033.46153798	4051.92307651	4034.35897388	4066.53846113	4044.74358933	4042.56410215	
4034.487179	4033.07692259	4074.35897402	4026.53846106	4031.15384567	4045.5128201	4042.82051241	4036.92307651	4037.82051241	4038.33333292	4036.02564054	4072.82051248	4043.46153805	4048.33333292	
4043.33333292	4043.46153805	4082.17948684	4032.56410208	4072.94871761	4051.02564061	4046.79487138	4044.23076882	4043.7179483	4055.64102523	4049.23076882	4081.66666632	4057.17948677	4054.48717907	
4047.17948677	4047.30769189	4085.76923043	4031.53846106	4078.71794837	4058.97435856	4054.35897395	4048.46153805	4048.7179483	4078.8461535	4059.35897395	4088.46153812	4071.79487145	4059.23076882	
4054.74358933	4065.12820472	4099.87179453	4044.6153842	4052.94871754	4074.48717914	4065.76923036	4057.17948677	4056.15384574	4078.97435863	4065.64102523	4098.20512786	4077.94871761	4068.07692266	
4048.7179483	4063.20512779	4095.6410253	4045.12820472	4053.20512779	4058.84615343	4054.23076882	4054.87179446	4052.82051241	4062.43589702	4065.38461497	4094.48717914	4072.43589709	4062.82051241	
4043.46153805	4055.12820472	4085.89743555	4036.53846106	4062.82051241	4039.99999959	4042.69230728	4048.07692266	4047.94871754	4064.74358933	4065.12820472	4092.69230735	4071.15384581	4057.43589702	
4067.82051241	4086.53846119	4113.9743587	4060.5128201	4083.8461535	4064.6153842	4068.7179483	4069.6153842	4065.12820472	4097.94871761	4082.56410222	4118.84615357	4093.33333299	4080.6410253	
3993.58974304	4007.05128157	4031.2820508	3980.2564097	3995.64102509	3993.20512765	3991.53846099	3988.58974304	3995.12820458	4006.79487131	3995.51281996	4032.56410208	4004.35897388	4011.15384567	
3777.94871698	3766.28205024	3778.07692211	3735.64102453	3740.76922966	3773.07692204	3758.46153742	3744.87179383	3796.28205031	3750.12820409	3756.92307588	3783.58974262	3756.02563999	3796.79487083	
3636.66666535	3607.17948579	3608.20512682	3565.51281906	3558.84615239	3629.35897304	3607.43589605	3575.51281906	3663.33333209	3582.56410118	3591.2820499	3612.43589612	3589.74358836	3649.7435885	
3644.23076798	3612.8205115	3614.35897304	3563.20512675	3569.87179342	3640.25640894	3617.43589612	3578.84615246	3667.82051157	3590.384614	3589.99999861	3613.84615253	3595.89743451	3658.58974234	
3649.61538337	3617.43589612	3618.46153715	3561.02563957	3595.64102426	3652.30769106	3619.6153833	3582.17948579	3668.33333209	3594.10256272	3593.20512682	3618.46153715	3598.07692169	3666.92307568	
3626.02563971	3585.384614	3591.66666528	3533.20512668	3559.99999854	3623.84615253	3588.71794733	3552.43589598	3646.79487055	3562.69230624	3569.87179342	3594.87179349	3568.58974213	3644.87179362	
3635.12820381	3584.74358836	3604.23076784	3551.79487034	3539.74358822	3617.30769099	3594.61538323	3567.0512806	3663.8461526	3578.97435759	3587.17948579	3612.05128073	3589.99999861	3658.33333209	
3637.56410125	3584.10256272	3605.25640887	3552.56410111	3537.17948565	3629.48717817	3602.82051143	3573.58974213	3667.43589619	3587.94871656	3589.99999861	3614.10256279	3597.30769092	3663.97435773	
3621.28204997	3566.66666521	3584.35897297	3522.8205113	3557.30769085	3630.89743458	3595.384614	3545.89743444	3642.56410125	3554.99999854	3561.92307547	3586.02563964	3561.79487034	3641.66666535	
3622.05128073	3563.97435752	3584.99999861	3526.66666514	3558.58974213	3619.35897304	3589.35897297	3539.87179335	3637.94871663	3546.79487034	3558.33333188	3584.35897297	3555.12820367	3635.64102432	
3630.89743458	3569.74358829	3595.384614	3546.79487034	3520.76922924	3606.92307554	3581.02563964	3553.46153701	3648.46153721	3564.10256265	3571.41025495	3600.89743451	3574.23076778	3649.48717824	
3633.46153715	3565.76922931	3598.33333195	3544.99999854	3522.17948565	3609.87179349	3584.87179349	3554.48717803	3649.7435885	3562.69230624	3570.64102419	3603.33333195	3575.76922931	3653.58974234	
3632.56410125	3564.87179342	3596.79487041	3538.58974206	3566.53846008	3622.8205115	3595.76922938	3549.87179342	3646.15384491	3553.07692162	3568.46153701	3600.76922938	3568.07692162	3646.92307568	
3638.33333202	3575.38461393	3600.76922938	3544.48717796	3578.33333195	3635.12820381	3603.07692169	3561.02563957	3650.25640901	3561.79487034	3581.92307554	3611.02563971	3576.1538447	3653.46153721	
3651.41025516	3582.05128067	3617.17948586	3556.02563957	3557.43589598	3644.48717824	3613.84615253	3580.64102426	3667.17948593	3583.20512682	3599.87179349	3628.58974227	3592.56410118	3671.02563978	
3663.8461526	3597.94871656	3635.89743458	3570.89743444	3567.69230624	3655.25640901	3630.12820381	3595.89743451	3684.23076805	3605.12820374	3613.33333202	3644.35897311	3604.87179349	3681.2820501	
3670.51281927	3622.05128073	3645.12820388	3582.05128067	3594.10256272	3667.9487167	3643.97435773	3608.20512682	3689.87179369	3624.23076791	3627.8205115	3656.41025516	3619.35897304	3686.53846036	
3678.9743578	3630.76922945	3652.56410132	3593.33333195	3611.66666535	3673.33333209	3651.15384491	3618.33333202	3695.64102446	3628.58974227	3639.23076791	3666.66666542	3631.41025509	3695.25640908	
3687.30769113	3635.12820381	3660.64102439	3609.87179349	3628.20512689	3675.38461414	3652.82051157	3618.84615253	3699.23076805	3619.35897304	3636.28204997	3668.8461526	3627.05128073	3696.92307575	
3689.10256293	3643.8461526	3663.46153721	3616.28204997	3617.69230638	3680.25640908	3656.02563978	3619.10256279	3697.56410139	3629.10256279	3638.84615253	3671.92307568	3626.79487048	3698.33333216	
3689.61538344	3647.17948593	3667.0512808	3611.53846022	3586.15384477	3680.51281934	3661.53846029	3627.43589612	3701.92307575	3647.30769106	3649.35897311	3681.2820501	3639.48717817	3702.82051164	
3683.9743578	3649.7435885	3666.92307568	3606.66666528	3613.97435766	3673.8461526	3654.99999875	3622.94871663	3700.38461421	3636.92307561	3639.23076791	3676.41025523	3633.7179474	3695.64102446	
3680.76922959	3654.48717824	3668.71794747	3611.41025509	3673.20512696	3680.51281934	3652.82051157	3621.41025509	3696.02563985	3632.69230638	3637.30769099	3673.33333209	3629.23076791	3692.69230651	
3691.92307575	3655.25640901	3680.76922959	3625.25640894	3646.53846029	3696.02563985	3672.0512808	3643.71794747	3709.23076812	3661.28205004	3662.69230645	3690.12820395	3651.41025516	3706.41025523	
3700.89743472	3661.53846029	3690.76922959	3636.15384484	3613.46153715	3702.69230651	3686.2820501	3657.0512808	3721.4102553	3667.43589619	3670.51281927	3702.30769113	3659.35897311	3714.87179376	
3701.92307575	3672.82051157	3693.58974241	3638.58974227	3653.46153721	3708.71794761	3684.48717831	3652.17948593	3718.97435787	3657.9487167	3665.38461414	3704.35897318	3653.71794747	3716.28205017	
3703.71794754	3674.10256286	3695.25640908	3636.66666535	3663.71794747	3713.07692197	3683.71794754	3656.53846029	3721.92307582	3676.2820501	3679.23076805	3711.79487069	3664.61538337	3722.05128094	
3709.87179376	3680.38461421	3700.76922959	3642.56410125	3640.12820381	3715.64102453	3695.76922959	3672.69230645	3736.15384505	3689.74358857	3691.15384498	3719.61538351	3674.23076798	3725.5128194	
3716.02563992	3700.38461421	3708.46153728	3660.76922952	3682.56410139	3724.74358864	3709.87179376	3685.89743472	3750.12820409	3691.02563985	3691.92307575	3720.76922966	3676.02563985	3728.46153735	
3715.5128194	3709.61538351	3709.23076812	3668.33333209	3741.92307588	3733.71794761	3711.02563992	3686.02563985	3748.46153742	3694.74358857	3691.2820501	3721.4102553	3677.05128087	3731.53846043	
3714.99999889	3703.20512703	3711.53846043	3659.35897311	3711.53846043	3739.10256299	3712.17948607	3687.30769113	3747.05128101	3700.12820395	3692.05128087	3729.35897325	3682.56410139	3733.71794761	
3731.66666556	3708.97435787	3728.2051271	3673.8461526	3657.0512808	3747.05128101	3725.64102453	3708.58974241	3767.82051178	3723.33333223	3711.15384505	3750.12820409	3705.25640908	3748.97435794	
3743.58974255	3724.99999889	3740.76922966	3698.20512703	3680.64102446	3752.05128101	3731.79487069	3715.38461428	3773.84615281	3734.61538351	3734.99999889	3764.23076819	3719.61538351	3759.74358871	
3730.76922966	3722.43589633	3733.07692197	3679.10256293	3715.89743479	3742.82051178	3717.94871684	3690.38461421	3748.84615281	3712.05128094	3732.3076912	3759.48717845	3706.79487062	3749.74358871	
3731.15384505	3715.25640915	3734.48717838	3658.33333209	3704.48717831	3733.2051271	3710.76922966	3686.02563985	3744.48717845	3715.38461428	3732.69230658	3765.51281947	3710.76922966	3750.38461435	
3752.30769127	3727.82051171	3753.97435794	3682.82051164	3712.3076912	3738.71794761	3723.71794761	3712.3076912	3769.48717845	3744.99999896	3758.84615281	3786.15384518	3736.28205017	3769.23076819	
3755.89743486	3733.2051271	3761.41025537	3697.30769113	3720.89743479	3749.74358871	3733.84615274	3723.46153735	3778.58974262	3744.48717845	3774.48717852	3792.94871698	3743.07692204	3773.71794768	
3746.79487076	3732.56410146	3753.46153742	3677.94871677	3685.38461421	3753.71794768	3731.4102553	3712.94871684	3767.05128101	3731.66666556	3764.74358871	3787.17948621	3734.74358864	3766.5384605	
3752.56410153	3746.5384605	3755.12820409	3681.02563985	3696.15384498	3758.58974255	3734.10256299	3713.58974248	3767.30769127	3746.02563999	3761.92307588	3792.69230672	3739.61538351	3770.89743486	
3763.84615281	3752.69230665	3766.15384512	3706.41025523	3756.02563999	3763.33333229	3745.12820409	3727.3076912	3780.25640929	3763.46153742	3775.38461442	3804.48717852	3753.84615281	3779.48717852	
3765.38461435	3746.79487076	3767.94871691	3707.69230651	3747.56410153	3771.28205024	3753.84615281	3735.12820402	3786.6666657	3759.87179383	3782.5641016	3806.28205031	3757.82051178	3782.43589647	
3764.48717845	3750.25640922	3766.28205024	3701.2820501	3698.71794754	3777.94871698	3754.99999896	3734.35897325	3783.20512724	3752.69230665	3780.25640929	3806.41025544	3752.94871691	3784.35897339	
3770.38461435	3757.17948614	3774.99999903	3709.87179376	3731.28205017	3772.94871691	3754.87179383	3737.43589633	3783.33333236	3762.4358964	3782.43589647	3815.12820423	3756.02563999	3789.23076826	
3779.23076826	3764.10256306	3789.48717852	3720.38461428	3787.30769134	3774.35897339	3763.97435794	3746.79487076	3790.38461442	3779.35897339	3793.33333236	3823.58974269	3768.46153742	3795.12820416	
3771.28205024	3760.51281947	3781.53846057	3710.25640915	3758.58974255	3780.12820416	3763.07692204	3742.94871691	3786.79487083	3767.94871691	3787.17948621	3811.66666577	3759.87179383	3785.38461442	
3754.35897332	3731.4102553	3760.12820409	3696.41025523	3702.179486	3767.30769127	3743.46153742	3727.69230658	3775.12820416	3747.30769127	3767.4358964	3790.7692298	3739.23076812	3769.87179383	
3749.99999896	3707.05128087	3757.17948614	3698.20512703	3691.79487062	3750.38461435	3732.43589633	3715.5128194	3766.92307588	3743.46153742	3758.84615281	3782.05128108	3733.33333223	3764.23076819	
3754.10256306	3713.58974248	3761.92307588	3698.71794754	3717.94871684	3754.87179383	3737.69230658	3710.76922966	3762.94871691	3738.33333223	3757.30769127	3778.20512724	3732.69230658	3763.33333229	
3758.33333229	3727.17948607	3762.94871691	3696.2820501	3761.28205024	3772.30769127	3744.61538358	3716.66666556	3766.15384512	3742.17948614	3761.02563999	3776.02564006	3736.4102553	3767.05128101	
3766.5384605	3735.25640915	3772.82051178	3715.25640915	3776.02564006	3778.97435801	3750.76922973	3728.97435787	3774.99999903	3765.51281947	3773.07692204	3778.97435801	3750.51281947	3779.48717852	
3778.33333236	3757.30769127	3794.48717852	3754.10256306	3736.53846043	3776.79487083	3757.30769127	3739.87179376	3782.94871698	3777.05128108	3786.92307595	3786.6666657	3763.71794768	3792.05128108	
3788.33333236	3779.74358877	3812.05128115	3769.87179383	3728.33333223	3782.43589647	3761.92307588	3744.35897332	3786.28205031	3775.64102467	3796.02564006	3795.38461442	3770.6410246	3798.84615288	
3797.94871698	3784.61538365	3825.897435	3778.97435801	3774.99999903	3789.48717852	3766.41025537	3740.25640915	3784.61538365	3774.61538365	3799.35897339	3800.25640929	3773.33333229	3803.58974262	
3801.92307595	3789.23076826	3844.48717866	3817.56410166	3773.84615281	3776.92307595	3759.35897332	3725.64102453	3771.79487076	3756.5384605	3790.38461442	3801.02564006	3764.99999896	3800.51281954	
3802.43589647	3794.61538365	3861.66666584	3841.66666584	3723.71794761	3758.58974255	3743.07692204	3712.05128094	3756.79487076	3738.58974248	3779.48717852	3803.20512724	3758.33333229	3796.79487083	
3813.33333243	3798.97435801	3884.87179411	3847.56410173	3714.10256299	3755.51281947	3740.5128194	3715.5128194	3761.28205024	3753.97435794	3793.20512724	3818.84615295	3772.4358964	3807.82051192	
3821.92307602	3813.97435807	3902.30769155	3860.51281968	3724.74358864	3761.28205024	3743.07692204	3720.76922966	3765.12820409	3758.97435794	3803.58974262	3830.64102474	3775.51281954	3813.46153756	
3818.46153756	3826.15384525	3900.51281975	3857.43589661	3736.53846043	3762.17948614	3737.43589633	3706.92307575	3748.84615281	3728.97435787	3785.12820416	3821.02564013	3755.38461435	3803.07692211	
3823.20512731	3818.20512731	3904.74358898	3850.89743507	3773.33333229	3754.61538358	3740.25640915	3701.2820501	3745.38461435	3734.10256299	3783.33333236	3821.28205038	3761.92307588	3809.48717859	
3837.56410166	3814.61538372	3922.692307	3868.71794789	3782.69230672	3752.56410153	3754.10256306	3727.05128094	3769.35897332	3776.41025544	3812.17948628	3844.10256327	3794.74358877	3834.9999991	
3841.15384532	3825.51281961	3925.38461469	3873.4615377	3750.6410246	3772.17948614	3768.97435794	3751.15384512	3784.99999903	3784.48717852	3823.07692218	3853.71794789	3803.71794775	3839.74358884	
3839.1025632	3830.38461449	3914.23076854	3846.66666584	3758.33333229	3798.46153749	3785.25640929	3755.51281947	3784.99999903	3774.10256306	3817.05128115	3847.30769148	3798.71794775	3831.92307602	
3849.48717866	3838.33333243	3921.02564033	3840.89743507	3810.12820423	3808.07692218	3798.97435801	3770.6410246	3799.35897339	3799.23076826	3834.74358884	3859.87179404	3816.53846064	3847.30769148	
3865.1282043	3854.74358891	3936.53846085	3859.74358891	3821.15384525	3816.15384525	3812.43589654	3800.7692298	3824.61538372	3838.20512731	3859.74358891	3881.02564027	3841.15384532	3870.51281968	
3867.82051199	3869.35897353	3933.5897429	3856.66666584	3800.38461442	3827.82051192	3820.64102474	3805.89743493	3827.43589654	3836.15384525	3854.61538379	3875.89743514	3836.28205038	3867.82051199	
3866.0256402	3874.99999924	3926.92307623	3839.48717859	3827.69230679	3829.9999991	3819.87179397	3797.69230672	3821.41025551	3830.897435	3847.82051199	3867.69230686	3828.58974269	3860.64102481	
3872.17948635	3871.0256402	3936.53846085	3851.15384532	3871.66666584	3832.17948628	3825.64102474	3812.05128115	3836.53846064	3859.61538379	3868.46153763	3882.17948642	3851.15384532	3876.41025565	
3875.51281975	3869.61538379	3942.17948656	3870.89743507	3848.84615302	3841.0256402	3837.05128115	3829.1025632	3851.0256402	3873.33333257	3881.28205052	3891.66666591	3867.43589661	3888.97435821	
3877.5641018	3881.53846078	3937.82051213	3858.71794789	3812.43589654	3846.92307609	3842.94871712	3834.48717859	3853.07692225	3866.15384532	3877.69230693	3889.74358898	3867.05128122	3887.69230693	
3882.30769155	3883.4615377	3938.07692239	3845.89743507	3838.07692218	3849.99999917	3846.79487096	3839.74358884	3859.61538379	3875.38461462	3882.82051206	3892.30769155	3874.10256334	3890.76923001	
3883.4615377	3879.61538385	3939.35897374	3857.30769148	3860.38461455	3857.56410173	3851.79487096	3843.97435814	3863.84615302	3886.79487103	3886.41025565	3894.3589736	3875.64102488	3894.87179411	
3881.41025565	3885.51281975	3933.97435828	3858.71794789	3858.46153763	3857.30769148	3850.76922994	3843.84615302	3860.51281968	3883.4615377	3878.71794796	3892.69230693	3869.35897353	3890.51281975	
3872.69230686	3862.43589661	3921.92307623	3839.99999917	3863.97435814	3838.07692218	3839.61538372	3836.66666577	3857.30769148	3883.84615309	3869.61538379	3884.10256334	3865.76922994	3879.48717873	
3858.84615302	3825.25640936	3907.05128136	3819.23076833	3839.1025632	3832.94871705	3832.30769141	3821.92307602	3847.17948635	3868.46153763	3854.35897353	3862.94871712	3847.56410173	3865.89743507	
3857.56410173	3834.1025632	3900.51281975	3816.53846064	3811.92307602	3847.30769148	3837.69230679	3818.71794782	3837.82051192	3843.58974276	3844.99999917	3853.84615302	3833.07692218	3861.92307609	
3868.58974276	3852.69230686	3906.28205059	3829.48717859	3843.20512738	3851.0256402	3845.76922994	3831.92307602	3846.41025558	3860.64102481	3860.25640943	3867.56410173	3853.3333325	3873.20512744	
3879.3589736	3850.51281968	3919.35897367	3849.61538379	3875.51281975	3856.28205045	3857.17948635	3848.84615302	3865.38461455	3896.66666591	3884.23076847	3885.38461462	3877.94871719	3888.33333257	
3892.05128129	3873.20512744	3935.38461469	3870.1282043	3871.41025558	3878.33333257	3877.5641018	3865.89743507	3879.23076847	3909.61538392	3897.82051206	3902.17948642	3886.53846078	3899.10256334	
3905.12820437	3904.61538385	3947.56410194	3874.48717873	3885.76923001	3904.99999924	3899.61538385	3881.28205052	3888.20512744	3918.71794803	3908.46153777	3917.94871726	3900.12820437	3909.23076854	
3914.10256341	3903.71794796	3957.05128143	3878.4615377	3913.5897429	3913.33333264	3913.33333264	3899.48717873	3905.64102495	3940.89743528	3927.05128136	3931.7948711	3922.30769162	3922.94871726	
3921.53846085	3903.71794796	3967.30769169	3902.82051206	3913.33333264	3913.33333264	3920.25640957	3917.82051213	3925.25640957	3958.07692246	3945.25640963	3944.61538399	3939.35897374	3934.4871788	
