4195.38461525	4069.7435894	4148.205128	4156.92307672	4182.82051269	4191.79487166	4189.35897422	4192.94871781	4187.17948704	4184.48717935	4195.38461525	4152.3076921	4172.05128192	4197.05128192	
4198.20512807	4073.71794837	4148.46153826	4156.02564082	4194.99999986	4193.07692294	4191.02564089	4186.41025628	4187.17948704	4178.58974345	4191.02564089	4151.41025621	4168.71794858	4193.97435884	
4207.82051275	4091.79487145	4162.17948697	4161.02564082	4198.20512807	4208.20512814	4204.87179481	4194.61538448	4195.38461525	4182.69230756	4198.3333332	4159.87179467	4178.20512807	4202.30769224	
4211.6666666	4106.41025614	4172.05128192	4170.76923063	4186.92307679	4217.94871788	4211.53846147	4210.12820506	4203.84615378	4201.02564096	4211.92307686	4171.5384614	4192.30769217	4211.79487173	
4214.99999993	4119.35897408	4175.25641012	4181.15384602	4206.15384609	4223.71794865	4211.92307686	4217.30769224	4211.79487173	4215.89743583	4221.28205122	4180.25641012	4192.94871781	4215.7692307	
4216.6666666	4124.8717946	4177.69230756	4186.02564089	4229.87179481	4227.43589737	4213.97435891	4215.25641019	4213.20512814	4211.79487173	4219.35897429	4182.05128192	4188.07692294	4214.35897429	
4217.69230763	4125.38461511	4187.94871781	4195.25641012	4226.6666666	4219.61538455	4217.05128199	4220.64102558	4216.15384609	4215.38461532	4228.33333327	4189.74358961	4203.20512814	4220.38461532	
4222.5641025	4136.28205108	4195.51282038	4199.74358961	4218.58974352	4222.43589737	4223.20512814	4229.61538455	4224.23076917	4225.7692307	4240.8974359	4200.64102551	4217.05128199	4229.10256404	
4217.82051275	4142.56410236	4185.51282038	4189.35897422	4219.35897429	4229.48717942	4222.82051275	4221.79487173	4215.38461532	4212.43589737	4224.99999993	4189.99999986	4200.51282038	4221.41025634	
4216.02564096	4142.05128185	4187.69230756	4198.3333332	4242.30769231	4228.33333327	4222.17948711	4223.84615378	4215.12820506	4212.69230763	4221.15384609	4188.71794858	4199.2307691	4219.99999993	
4221.15384609	4140.76923056	4201.28205122	4214.23076917	4256.41025641	4225.7692307	4222.05128199	4236.92307693	4231.92307686	4236.15384616	4236.02564103	4205.51282045	4218.58974352	4230.38461532	
4206.02564096	4131.41025614	4186.79487166	4186.15384602	4214.87179481	4221.53846147	4214.74358968	4218.4615384	4218.71794865	4216.02564096	4216.6666666	4191.15384602	4199.74358961	4219.23076917	
4192.82051269	4127.82051255	4172.4358973	4168.46153833	4191.66666653	4216.28205122	4210.51282045	4200.12820499	4199.61538448	4187.56410243	4196.41025628	4169.48717935	4174.48717935	4206.53846147	
4199.87179474	4130.38461511	4179.10256397	4193.20512807	4222.05128199	4213.33333327	4211.15384609	4210.64102558	4208.97435891	4202.05128199	4207.05128199	4178.84615371	4186.92307679	4215.25641019	
4203.4615384	4132.56410229	4183.07692294	4206.02564096	4233.33333327	4215.25641019	4212.5641025	4216.15384609	4214.87179481	4211.41025634	4213.58974352	4191.28205115	4198.3333332	4221.28205122	
4198.71794858	4145.64102544	4181.41025628	4192.56410243	4231.28205122	4220.38461532	4214.61538455	4209.23076917	4206.02564096	4198.20512807	4208.97435891	4188.84615371	4190.38461525	4216.92307686	
4200.38461525	4157.69230749	4184.10256397	4190.76923063	4240.38461539	4224.23076917	4218.84615378	4215.51282045	4210.51282045	4202.69230763	4212.17948711	4191.66666653	4192.56410243	4220.25641019	
4204.35897429	4160.64102544	4193.20512807	4205.12820506	4226.02564096	4226.92307686	4224.74358968	4231.6666666	4226.6666666	4224.10256404	4222.94871788	4203.71794865	4211.15384609	4231.02564096	
4197.17948704	4166.92307672	4193.58974345	4206.15384609	4214.35897429	4225.64102558	4223.58974352	4228.4615384	4223.4615384	4222.94871788	4225.7692307	4203.20512814	4212.82051275	4228.33333327	
4194.48717935	4176.79487166	4191.41025628	4207.17948711	4241.02564103	4231.41025634	4224.35897429	4222.69230763	4216.28205122	4215.64102558	4224.35897429	4202.05128199	4205.12820506	4222.69230763	
4201.28205122	4176.5384614	4199.2307691	4221.28205122	4249.35897436	4234.48717949	4227.94871788	4230.64102558	4220.89743583	4219.10256404	4226.79487173	4211.6666666	4208.84615378	4229.87179481	
4197.17948704	4171.5384614	4193.07692294	4213.07692301	4220.12820506	4221.28205122	4221.6666666	4223.33333327	4215.38461532	4210.51282045	4217.94871788	4202.82051275	4202.05128199	4225.12820506	
4191.92307679	4177.69230756	4184.74358961	4200.64102551	4219.61538455	4217.30769224	4217.43589737	4215.51282045	4212.5641025	4211.6666666	4213.84615378	4193.84615371	4200.12820499	4216.41025634	
4193.20512807	4176.15384602	4190.12820499	4209.74358968	4234.48717949	4229.87179481	4222.43589737	4224.10256404	4219.10256404	4221.53846147	4219.23076917	4201.28205122	4205.38461532	4221.53846147	
4197.05128192	4172.4358973	4199.48717935	4224.61538455	4237.17948718	4233.71794865	4225.25641019	4229.74358968	4222.69230763	4220.25641019	4223.20512814	4207.82051275	4206.79487173	4228.97435891	
4197.56410243	4187.82051269	4198.20512807	4217.05128199	4245.12820513	4220.51282045	4217.5641025	4222.94871788	4218.84615378	4214.23076917	4220.7692307	4206.79487173	4207.30769224	4226.92307686	
4181.41025628	4181.28205115	4180.38461525	4191.02564089	4223.58974352	4206.92307686	4201.79487173	4204.61538455	4202.82051275	4201.79487173	4205.25641019	4191.02564089	4192.05128192	4212.43589737	
4168.3333332	4150.89743569	4170.25641012	4192.30769217	4195.76923063	4202.43589737	4193.07692294	4193.71794858	4196.5384614	4195.51282038	4199.35897422	4181.02564089	4179.99999986	4203.84615378	
4170.12820499	4136.53846133	4171.02564089	4206.28205122	4196.5384614	4197.82051269	4189.2307691	4192.69230756	4200.89743576	4194.48717935	4205.7692307	4182.94871781	4186.92307679	4202.82051275	
4162.82051262	4132.94871767	4159.74358954	4181.28205115	4188.46153833	4190.25641012	4179.10256397	4182.05128192	4190.38461525	4184.61538448	4195.25641012	4170.12820499	4180.89743576	4192.4358973	
4147.17948697	4119.74358947	4142.17948697	4158.58974339	4173.97435884	4183.3333332	4169.87179474	4167.3076921	4172.56410243	4172.30769217	4172.69230756	4146.28205108	4157.17948697	4179.10256397	
4144.23076903	4101.28205094	4136.02564082	4170.51282038	4174.74358961	4174.10256397	4163.58974339	4160.51282031	4169.61538448	4163.84615364	4166.28205108	4140.51282031	4148.97435877	4173.07692294	
4158.205128	4111.02564075	4148.58974339	4173.97435884	4196.66666653	4173.20512807	4168.97435884	4180.38461525	4187.56410243	4178.71794858	4186.41025628	4162.56410236	4171.92307679	4187.56410243	
4166.41025621	4138.205128	4156.28205108	4164.87179467	4197.30769217	4186.02564089	4180.38461525	4196.5384614	4196.28205115	4194.2307691	4194.2307691	4173.20512807	4182.30769217	4199.48717935	
4161.41025621	4147.17948697	4152.56410236	4182.69230756	4172.82051269	4197.17948704	4181.79487166	4176.28205115	4178.07692294	4173.20512807	4175.12820499	4160.64102544	4162.05128185	4187.94871781	
4164.61538441	4157.17948697	4163.33333313	4213.84615378	4187.82051269	4199.99999986	4185.51282038	4169.48717935	4173.58974345	4162.69230749	4168.58974345	4166.92307672	4159.35897415	4186.92307679	
4176.15384602	4179.87179474	4182.69230756	4227.94871788	4226.15384609	4193.46153833	4192.69230756	4189.99999986	4191.5384614	4185.89743576	4177.4358973	4187.56410243	4175.25641012	4202.82051275	
4183.58974345	4192.4358973	4192.69230756	4246.92307693	4237.82051282	4191.66666653	4192.94871781	4199.48717935	4199.10256397	4197.4358973	4186.15384602	4195.38461525	4179.87179474	4209.48717942	
4179.35897422	4187.82051269	4186.15384602	4251.41025641	4213.20512814	4203.33333327	4191.66666653	4192.82051269	4192.82051269	4185.76923063	4190.51282038	4190.64102551	4174.48717935	4201.41025634	
4171.28205115	4185.38461525	4173.46153833	4226.79487173	4197.94871781	4209.48717942	4195.64102551	4192.17948704	4190.51282038	4184.74358961	4183.3333332	4184.2307691	4173.46153833	4196.92307679	
4174.48717935	4188.97435884	4178.97435884	4232.69230763	4214.74358968	4208.20512814	4200.51282038	4199.87179474	4197.4358973	4198.3333332	4181.02564089	4187.82051269	4180.89743576	4204.35897429	
4174.48717935	4184.48717935	4182.4358973	4242.82051282	4226.28205122	4197.94871781	4193.07692294	4195.76923063	4197.69230756	4194.35897422	4182.82051269	4188.71794858	4178.58974345	4202.69230763	
4159.48717928	4176.79487166	4165.38461518	4218.33333327	4220.38461532	4182.94871781	4182.4358973	4183.84615371	4187.82051269	4176.15384602	4171.02564089	4175.51282038	4160.25641005	4187.56410243	
4137.05128185	4152.43589723	4142.05128185	4190.51282038	4187.17948704	4179.10256397	4172.30769217	4165.76923056	4169.99999986	4156.41025621	4141.41025621	4148.84615364	4134.23076896	4168.3333332	
4123.9743587	4120.51282024	4126.53846126	4175.76923063	4144.74358954	4168.97435884	4153.07692287	4141.66666646	4150.51282031	4134.48717921	4118.84615357	4124.99999973	4115.89743562	4152.17948697	
4129.48717921	4116.28205101	4133.0769228	4184.10256397	4152.17948697	4153.97435877	4144.1025639	4142.05128185	4154.74358954	4134.8717946	4130.89743562	4132.30769203	4122.43589716	4156.02564082	
4130.89743562	4116.92307665	4135.89743569	4197.05128192	4182.69230756	4154.1025639	4150.76923056	4153.33333313	4163.71794851	4143.33333313	4138.97435877	4140.38461518	4126.53846126	4160.38461518	
4118.9743587	4106.92307665	4118.0769228	4181.15384602	4166.41025621	4158.84615364	4150.51282031	4144.1025639	4154.1025639	4130.64102537	4121.02564075	4124.8717946	4112.43589716	4146.15384595	
4116.15384588	4114.23076896	4115.51282024	4166.66666646	4138.58974339	4155.38461518	4143.97435877	4136.79487159	4151.28205108	4126.28205101	4119.10256383	4122.43589716	4108.84615357	4144.48717928	
4115.38461511	4107.17948691	4118.84615357	4176.15384602	4143.33333313	4143.58974339	4135.38461518	4135.38461518	4154.35897415	4131.66666639	4126.15384588	4123.84615357	4110.25640998	4148.58974339	
4103.9743587	4075.6410253	4103.33333306	4170.64102551	4150.51282031	4136.79487159	4126.41025614	4124.10256383	4143.205128	4115.51282024	4111.02564075	4105.89743562	4097.43589709	4134.48717921	
4099.48717914	4072.82051248	4096.15384581	4151.66666646	4136.79487159	4136.15384595	4121.79487152	4118.71794844	4133.33333306	4100.89743555	4099.61538427	4099.23076889	4089.35897402	4126.41025614	
4104.61538434	4089.23076889	4106.79487152	4151.66666646	4119.61538434	4138.07692287	4126.79487152	4127.05128178	4138.84615364	4110.25640998	4107.30769203	4112.82051255	4094.87179453	4135.12820485	
4114.8717946	4105.89743562	4121.28205101	4169.74358961	4132.56410229	4145.25641005	4141.79487159	4139.48717928	4151.79487159	4126.79487152	4119.35897408	4129.10256383	4109.23076896	4147.69230749	
4122.17948691	4123.33333306	4129.61538434	4177.56410243	4156.28205108	4155.12820492	4152.82051262	4150.12820492	4158.97435877	4138.46153826	4130.64102537	4140.64102544	4123.84615357	4157.69230749	
4125.25640998	4130.64102537	4135.89743569	4180.38461525	4167.82051262	4168.3333332	4156.79487159	4156.53846133	4162.69230749	4147.17948697	4139.9999998	4150.51282031	4131.41025614	4165.64102544	
4130.38461511	4135.12820485	4143.71794851	4194.61538448	4175.38461525	4166.92307672	4158.97435877	4156.66666646	4163.97435877	4148.07692287	4143.205128	4156.79487159	4131.66666639	4169.87179474	
4127.17948691	4145.38461518	4141.02564082	4194.61538448	4167.43589723	4153.46153826	4156.53846133	4152.3076921	4156.92307672	4142.3076921	4135.51282031	4150.89743569	4125.64102537	4163.46153826	
4124.10256383	4154.9999998	4137.05128185	4187.17948704	4159.9999998	4154.1025639	4156.15384595	4154.48717928	4157.43589723	4149.48717928	4135.12820485	4151.02564082	4128.58974332	4160.38461518	
4124.23076896	4142.17948697	4137.82051262	4183.3333332	4163.46153826	4163.205128	4157.3076921	4155.38461518	4162.43589723	4151.53846133	4140.51282031	4154.23076903	4131.15384588	4162.69230749	
4124.23076896	4133.58974332	4143.84615364	4183.58974345	4164.35897415	4166.53846133	4156.66666646	4152.43589723	4161.92307672	4141.66666646	4142.56410236	4152.94871774	4129.8717946	4164.9999998	
4124.23076896	4150.51282031	4146.66666646	4183.84615371	4168.20512807	4164.1025639	4157.43589723	4156.15384595	4163.84615364	4142.56410236	4140.38461518	4152.05128185	4131.66666639	4166.41025621	
4118.0769228	4155.89743569	4135.38461518	4170.64102551	4165.64102544	4163.46153826	4157.56410236	4152.69230749	4164.1025639	4140.64102544	4127.69230742	4142.56410236	4122.43589716	4157.94871774	
4121.28205101	4154.61538441	4140.25641005	4173.97435884	4164.23076903	4166.79487159	4161.53846133	4154.74358954	4169.10256397	4146.02564082	4138.46153826	4150.12820492	4130.12820485	4160.51282031	
4131.41025614	4158.84615364	4157.43589723	4190.51282038	4173.84615371	4162.43589723	4161.79487159	4163.84615364	4174.35897422	4158.71794851	4162.94871774	4169.61538448	4151.28205108	4174.74358961	
4125.38461511	4154.87179467	4150.51282031	4179.48717935	4164.1025639	4160.76923056	4155.76923056	4155.25641005	4166.28205108	4152.43589723	4154.74358954	4161.53846133	4142.17948697	4169.10256397	
4121.28205101	4159.1025639	4144.74358954	4173.20512807	4162.94871774	4167.17948697	4157.17948697	4151.53846133	4162.3076921	4146.28205108	4142.17948697	4153.205128	4132.30769203	4163.58974339	
4124.8717946	4159.9999998	4146.79487159	4178.46153833	4176.92307679	4162.3076921	4155.51282031	4151.79487159	4158.46153826	4142.3076921	4139.23076903	4155.12820492	4132.94871767	4167.05128185	
4110.64102537	4127.43589716	4128.84615357	4156.79487159	4152.69230749	4147.56410236	4139.61538441	4137.3076921	4141.41025621	4123.33333306	4123.58974332	4139.87179467	4114.61538434	4155.12820492	
4092.69230735	4106.66666639	4115.7692305	4140.51282031	4113.0769228	4133.71794844	4125.51282024	4124.10256383	4130.51282024	4107.17948691	4111.53846126	4125.7692305	4098.46153812	4139.87179467	
4098.97435863	4126.79487152	4126.28205101	4152.94871774	4125.12820485	4133.0769228	4130.64102537	4127.56410229	4136.53846133	4114.35897408	4119.8717946	4133.0769228	4107.82051255	4145.38461518	
4098.71794837	4116.53846126	4122.05128178	4143.205128	4143.07692287	4141.53846133	4135.64102544	4128.9743587	4138.33333313	4119.48717921	4119.48717921	4129.74358947	4110.7692305	4148.46153826	
4073.97435863	4066.66666625	4094.10256376	4111.66666639	4117.05128178	4121.53846126	4115.51282024	4112.56410229	4121.66666639	4099.7435894	4098.33333299	4104.10256383	4087.82051248	4127.30769203	
4064.23076882	4055.12820472	4083.20512786	4113.71794844	4096.53846119	4097.69230735	4100.25640991	4103.46153819	4113.9743587	4085.89743555	4088.58974325	4094.35897402	4072.94871761	4113.84615357	
4066.15384574	4065.5128201	4083.71794837	4118.46153819	4091.02564068	4106.28205101	4102.43589709	4098.97435863	4115.38461511	4083.33333299	4083.33333299	4091.02564068	4068.97435856	4114.99999973	
4060.89743548	4058.07692266	4080.51282017	4103.0769228	4088.97435863	4117.30769203	4102.94871767	4092.43589709	4110.25640998	4074.7435894	4076.15384581	4084.87179453	4064.99999959	4115.12820485	
4075.6410253	4068.33333292	4099.61538427	4122.30769203	4113.0769228	4117.82051255	4111.02564075	4111.79487152	4126.66666639	4093.20512786	4102.30769196	4108.9743587	4087.43589709	4129.48717921	
4093.71794837	4086.53846119	4117.43589716	4149.61538441	4123.33333306	4119.35897408	4121.15384588	4131.53846126	4149.1025639	4122.05128178	4128.9743587	4131.53846126	4111.53846126	4143.97435877	
4088.8461535	4095.12820478	4112.43589716	4134.8717946	4106.41025614	4123.46153819	4121.28205101	4122.30769203	4141.28205108	4116.02564075	4117.82051255	4122.56410229	4105.12820485	4138.84615364	
4085.38461504	4102.69230742	4109.8717946	4123.46153819	4116.66666639	4129.48717921	4125.12820485	4119.61538434	4132.17948691	4113.0769228	4111.15384588	4121.02564075	4100.12820478	4135.12820485	
4099.87179453	4103.71794844	4126.79487152	4161.41025621	4148.46153826	4134.10256383	4134.10256383	4138.97435877	4149.48717928	4136.15384595	4134.23076896	4141.92307672	4121.15384588	4149.9999998	
4112.56410229	4121.79487152	4144.87179467	4183.3333332	4156.66666646	4141.53846133	4140.76923056	4149.1025639	4161.53846133	4140.76923056	4146.02564082	4153.97435877	4134.10256383	4165.25641005	
4102.43589709	4134.48717921	4132.69230742	4144.48717928	4134.35897408	4150.51282031	4143.46153826	4138.33333313	4148.58974339	4116.66666639	4123.71794844	4138.84615364	4112.43589716	4155.38461518	
4091.41025607	4113.71794844	4120.51282024	4135.76923056	4127.17948691	4149.9999998	4145.51282031	4137.17948697	4147.17948697	4120.25640998	4116.92307665	4131.28205101	4104.8717946	4144.87179467	
4094.7435894	4104.8717946	4131.02564075	4171.28205115	4150.64102544	4141.66666646	4139.48717928	4143.58974339	4155.12820492	4140.25641005	4134.8717946	4141.41025621	4120.51282024	4150.64102544	
4092.30769196	4103.33333306	4126.92307665	4163.07692287	4150.89743569	4132.56410229	4125.25640998	4126.41025614	4139.61538441	4122.30769203	4131.15384588	4134.35897408	4111.79487152	4144.74358954	
4086.28205094	4090.76923043	4117.30769203	4139.48717928	4124.48717921	4128.84615357	4119.99999973	4111.66666639	4126.79487152	4106.53846126	4123.33333306	4125.51282024	4101.53846119	4138.46153826	
4083.8461535	4093.58974325	4122.05128178	4144.35897415	4108.20512793	4132.30769203	4123.46153819	4118.58974332	4130.25640998	4117.43589716	4132.94871767	4130.7692305	4111.79487152	4141.92307672	
4089.61538427	4107.94871767	4130.38461511	4153.97435877	4125.38461511	4134.23076896	4127.94871767	4128.71794844	4138.33333313	4129.48717921	4142.56410236	4137.3076921	4120.64102537	4145.64102544	
4105.89743562	4112.30769203	4143.07692287	4164.9999998	4155.64102544	4137.43589723	4139.48717928	4144.87179467	4156.41025621	4143.33333313	4154.23076903	4151.53846133	4134.61538434	4158.97435877	
4108.71794844	4117.43589716	4147.94871774	4169.2307691	4153.97435877	4146.53846133	4149.48717928	4151.41025621	4161.28205108	4146.41025621	4158.71794851	4159.9999998	4141.28205108	4164.23076903	
4086.92307658	4101.53846119	4127.43589716	4151.15384595	4129.35897408	4146.79487159	4141.66666646	4136.15384595	4142.56410236	4129.48717921	4139.87179467	4141.15384595	4121.53846126	4147.17948697	
4065.76923036	4053.58974318	4099.35897402	4115.25640998	4115.12820485	4122.69230742	4117.56410229	4116.15384588	4125.89743562	4111.92307665	4113.46153819	4109.23076896	4096.15384581	4127.56410229	
4061.02564061	4034.87179439	4094.10256376	4097.82051248	4112.30769203	4100.12820478	4100.89743555	4101.92307658	4120.38461511	4097.94871761	4100.25640991	4097.69230735	4083.33333299	4117.82051255	
4060.38461497	4044.23076882	4103.0769228	4116.02564075	4098.33333299	4110.38461511	4104.8717946	4095.25640991	4116.66666639	4089.61538427	4101.28205094	4104.48717921	4079.35897402	4112.82051255	
4062.82051241	4046.28205087	4109.23076896	4141.53846133	4094.7435894	4121.53846126	4110.12820485	4095.51282017	4116.28205101	4097.94871761	4109.99999973	4107.94871767	4082.05128171	4115.38461511	
4079.87179453	4070.38461504	4127.82051255	4160.38461518	4129.99999973	4124.8717946	4117.17948691	4113.9743587	4132.43589716	4122.05128178	4131.41025614	4125.51282024	4106.66666639	4136.15384595	
4094.48717914	4101.02564068	4146.15384595	4170.12820499	4148.33333313	4129.99999973	4126.79487152	4133.20512793	4147.82051262	4134.35897408	4146.15384595	4149.35897415	4127.56410229	4151.92307672	
4099.87179453	4110.51282024	4152.56410236	4177.17948704	4143.58974339	4135.51282031	4134.8717946	4137.82051262	4151.02564082	4135.76923056	4148.46153826	4159.48717928	4130.25640998	4157.05128185	
4118.20512793	4137.94871774	4174.99999986	4202.5641025	4176.02564089	4154.9999998	4155.25641005	4158.46153826	4166.92307672	4160.76923056	4169.99999986	4179.74358961	4152.3076921	4175.76923063	
4123.9743587	4152.56410236	4184.87179474	4213.20512814	4186.79487166	4162.05128185	4164.61538441	4169.99999986	4176.28205115	4172.94871781	4178.20512807	4186.15384602	4162.43589723	4181.28205115	
4103.9743587	4120.38461511	4161.02564082	4185.25641012	4149.35897415	4153.205128	4154.1025639	4154.1025639	4160.76923056	4150.51282031	4152.3076921	4158.07692287	4137.05128185	4159.9999998	
4096.66666632	4116.02564075	4154.23076903	4175.89743576	4154.1025639	4156.02564082	4153.46153826	4152.82051262	4154.74358954	4144.87179467	4144.23076903	4150.76923056	4128.58974332	4158.71794851	
4110.25640998	4140.76923056	4171.02564089	4193.84615371	4181.15384602	4165.89743569	4168.20512807	4169.61538448	4168.84615371	4160.89743569	4162.43589723	4171.15384602	4146.66666646	4176.02564089	
4116.53846126	4129.8717946	4173.07692294	4195.38461525	4171.92307679	4176.5384614	4177.56410243	4173.71794858	4175.64102551	4163.97435877	4166.41025621	4174.35897422	4148.84615364	4177.4358973	
4108.84615357	4124.10256383	4163.33333313	4191.92307679	4168.84615371	4173.46153833	4173.07692294	4166.79487159	4168.58974345	4153.46153826	4153.07692287	4164.48717928	4136.28205108	4170.38461525	
4108.84615357	4124.10256383	4163.33333313	4191.92307679	4168.84615371	4173.46153833	4173.07692294	4166.79487159	4168.58974345	4153.46153826	4153.07692287	4164.48717928	4136.28205108	4170.38461525	
4112.30769203	4159.48717928	4170.51282038	4192.17948704	4188.71794858	4169.99999986	4175.12820499	4170.25641012	4171.15384602	4157.94871774	4155.76923056	4168.3333332	4142.3076921	4178.20512807	
4123.20512793	4167.05128185	4182.82051269	4193.46153833	4197.94871781	4179.10256397	4184.35897422	4181.92307679	4183.71794858	4177.05128192	4169.61538448	4182.69230756	4160.12820492	4188.84615371	
4120.64102537	4142.82051262	4179.99999986	4205.89743583	4189.87179474	4180.64102551	4183.71794858	4188.71794858	4186.79487166	4182.4358973	4170.25641012	4188.46153833	4164.48717928	4188.71794858	
4120.7692305	4163.46153826	4186.02564089	4214.23076917	4196.41025628	4181.66666653	4185.76923063	4194.61538448	4190.64102551	4181.41025628	4174.74358961	4190.12820499	4165.25641005	4192.17948704	
4127.43589716	4190.64102551	4195.76923063	4203.97435891	4208.84615378	4192.17948704	4196.02564089	4200.89743576	4198.97435884	4188.58974345	4186.92307679	4190.38461525	4172.30769217	4198.46153833	
4124.35897408	4175.12820499	4189.74358961	4204.99999993	4203.4615384	4193.46153833	4193.46153833	4201.02564096	4197.4358973	4191.5384614	4186.79487166	4186.79487166	4174.35897422	4196.79487166	
4113.33333306	4159.23076903	4179.48717935	4218.4615384	4177.56410243	4181.15384602	4181.02564089	4190.12820499	4186.92307679	4181.66666653	4172.82051269	4178.20512807	4162.43589723	4186.66666653	
4101.41025607	4157.69230749	4165.89743569	4199.48717935	4155.89743569	4164.35897415	4171.41025628	4168.97435884	4171.41025628	4159.87179467	4149.74358954	4156.53846133	4138.205128	4166.92307672	
4097.17948684	4159.87179467	4157.56410236	4173.07692294	4174.10256397	4162.94871774	4168.58974345	4159.74358954	4162.82051262	4147.94871774	4142.3076921	4145.64102544	4130.12820485	4159.48717928	
4099.10256376	4158.33333313	4159.35897415	4173.07692294	4187.4358973	4170.12820499	4167.69230749	4163.84615364	4164.74358954	4150.64102544	4150.12820492	4151.28205108	4138.205128	4165.51282031	
4099.35897402	4151.92307672	4162.17948697	4189.87179474	4170.25641012	4157.17948697	4162.17948697	4162.17948697	4164.35897415	4154.23076903	4150.64102544	4154.9999998	4139.74358954	4166.92307672	
4099.99999966	4146.53846133	4166.41025621	4205.25641019	4156.02564082	4144.61538441	4160.12820492	4164.9999998	4169.74358961	4162.43589723	4156.79487159	4163.205128	4145.25641005	4169.99999986	
4085.38461504	4127.05128178	4150.25641005	4172.17948704	4142.94871774	4141.66666646	4149.48717928	4154.23076903	4162.3076921	4152.94871774	4149.48717928	4150.25641005	4134.48717921	4159.35897415	
4062.43589702	4101.28205094	4122.05128178	4129.23076896	4129.8717946	4136.79487159	4132.17948691	4128.9743587	4138.97435877	4127.30769203	4122.30769203	4120.64102537	4108.33333306	4137.43589723	
4062.69230728	4095.12820478	4121.92307665	4142.56410236	4137.82051262	4138.33333313	4132.69230742	4130.25640998	4141.66666646	4125.89743562	4122.05128178	4120.89743562	4111.53846126	4137.82051262	
4065.89743548	4098.33333299	4127.30769203	4156.53846133	4133.20512793	4132.05128178	4138.33333313	4137.43589723	4150.38461518	4133.0769228	4133.46153819	4126.79487152	4119.10256383	4141.28205108	
4064.74358933	4108.46153819	4128.9743587	4151.66666646	4120.12820485	4132.94871767	4142.82051262	4137.3076921	4147.82051262	4135.76923056	4134.74358947	4126.28205101	4117.17948691	4141.41025621	
4076.02564068	4125.7692305	4141.66666646	4163.07692287	4142.3076921	4148.84615364	4148.97435877	4143.84615364	4152.69230749	4142.17948697	4140.64102544	4138.58974339	4125.38461511	4151.15384595	
4082.43589709	4128.71794844	4146.28205108	4171.92307679	4155.64102544	4150.25641005	4151.79487159	4149.35897415	4158.58974339	4146.15384595	4146.41025621	4145.76923056	4132.82051255	4157.3076921	
4082.17948684	4137.94871774	4153.205128	4174.61538448	4153.84615364	4156.02564082	4160.89743569	4164.1025639	4170.51282038	4162.43589723	4155.38461518	4153.205128	4142.43589723	4166.41025621	
4084.7435894	4153.07692287	4162.94871774	4182.82051269	4164.74358954	4174.2307691	4168.84615371	4175.12820499	4181.5384614	4174.87179474	4163.71794851	4163.07692287	4148.33333313	4173.20512807	
4089.99999966	4159.61538441	4164.9999998	4185.64102551	4177.82051269	4172.17948704	4167.43589723	4169.74358961	4177.94871781	4167.43589723	4165.89743569	4163.97435877	4149.9999998	4171.28205115	
4092.94871761	4163.84615364	4166.15384595	4186.5384614	4176.5384614	4156.28205108	4163.71794851	4169.87179474	4174.35897422	4168.97435884	4170.76923063	4166.15384595	4158.97435877	4175.89743576	
4093.8461535	4165.51282031	4169.2307691	4188.07692294	4164.87179467	4164.9999998	4169.74358961	4179.87179474	4182.05128192	4183.71794858	4176.66666653	4174.48717935	4167.3076921	4185.51282038	
4098.46153812	4178.07692294	4177.17948704	4199.61538448	4174.10256397	4184.48717935	4178.46153833	4186.5384614	4187.56410243	4188.58974345	4181.41025628	4183.46153833	4169.61538448	4190.25641012	
4098.8461535	4189.87179474	4177.94871781	4203.07692301	4182.17948704	4169.35897422	4172.05128192	4180.64102551	4181.28205115	4178.46153833	4178.20512807	4181.92307679	4167.3076921	4185.38461525	
4095.76923043	4188.3333332	4173.3333332	4193.46153833	4176.02564089	4152.05128185	4163.84615364	4175.38461525	4177.82051269	4172.82051269	4175.25641012	4176.28205115	4162.94871774	4178.97435884	
4078.20512786	4171.5384614	4159.61538441	4184.61538448	4169.35897422	4151.53846133	4154.1025639	4157.43589723	4163.97435877	4159.87179467	4160.89743569	4156.79487159	4144.1025639	4159.1025639	
4049.99999959	4139.35897415	4130.25640998	4164.74358954	4151.02564082	4143.46153826	4135.38461518	4122.05128178	4134.99999973	4127.56410229	4127.05128178	4121.66666639	4111.92307665	4129.8717946	
4055.25640984	4130.7692305	4128.33333306	4158.07692287	4140.64102544	4144.35897415	4138.84615364	4124.99999973	4137.69230749	4123.0769228	4118.84615357	4120.38461511	4108.58974332	4134.10256383	
4067.05128164	4130.7692305	4140.64102544	4161.53846133	4134.99999973	4138.07692287	4143.205128	4138.84615364	4151.28205108	4135.25640998	4131.53846126	4133.0769228	4119.99999973	4146.66666646	
4033.97435849	4091.79487145	4107.82051255	4128.58974332	4093.71794837	4097.94871761	4106.53846126	4099.23076889	4121.02564075	4100.25640991	4106.53846126	4097.56410222	4089.35897402	4114.10256383	
3997.69230714	4035.64102516	4063.07692266	4083.07692273	4056.79487138	4068.97435856	4069.10256369	4056.410256	4083.33333299	4055.5128201	4067.82051241	4051.66666625	4046.92307651	4075.76923043	
3989.48717894	4000.2564097	4048.07692266	4065.76923036	4059.10256369	4060.64102523	4060.38461497	4049.74358933	4076.41025607	4046.53846113	4054.35897395	4037.17948677	4031.41025593	4068.07692266	
3992.9487174	3997.43589688	4048.58974318	4070.89743555	4059.10256369	4054.87179446	4063.07692266	4052.30769189	4081.41025607	4052.43589702	4055.76923036	4039.10256369	4033.84615336	4072.43589709	
4002.82051227	4016.79487131	4057.56410215	4079.61538427	4047.17948677	4062.56410215	4068.58974318	4058.97435856	4088.8461535	4059.35897395	4066.53846113	4049.74358933	4045.38461497	4080.6410253	
4006.79487131	4022.56410208	4061.66666625	4073.97435863	4044.6153842	4074.87179453	4075.89743555	4060.38461497	4088.97435863	4056.410256	4069.35897395	4051.28205087	4045.64102523	4080.6410253	
4025.64102516	4058.07692266	4094.87179453	4123.20512793	4094.61538427	4098.20512786	4098.58974325	4090.89743555	4111.15384588	4089.23076889	4088.71794837	4076.02564068	4072.43589709	4104.48717921	
4024.74358926	4050.38461497	4086.92307658	4102.69230742	4074.10256376	4093.71794837	4094.48717914	4084.10256376	4106.79487152	4082.43589709	4084.10256376	4068.33333292	4063.58974318	4097.05128171	
4043.58974318	4063.58974318	4107.30769203	4130.12820485	4091.79487145	4117.82051255	4112.56410229	4098.20512786	4117.17948691	4091.79487145	4103.58974332	4093.20512786	4084.48717914	4113.58974332	
4066.66666625	4104.23076896	4138.33333313	4170.51282038	4138.07692287	4128.58974332	4129.48717921	4124.74358947	4139.23076903	4121.15384588	4129.23076896	4123.71794844	4113.58974332	4136.92307672	
4074.23076889	4134.10256383	4146.79487159	4165.51282031	4151.15384595	4131.79487152	4140.64102544	4136.66666646	4149.35897415	4135.51282031	4135.51282031	4129.8717946	4118.46153819	4144.87179467	
4077.05128171	4141.28205108	4147.43589723	4155.12820492	4135.51282031	4152.56410236	4155.76923056	4138.58974339	4147.3076921	4129.99999973	4138.07692287	4134.35897408	4120.64102537	4150.25641005	
4083.07692273	4143.46153826	4157.94871774	4170.51282038	4140.64102544	4152.69230749	4158.84615364	4143.46153826	4150.51282031	4137.43589723	4148.07692287	4148.46153826	4137.56410236	4161.02564082	
4096.28205094	4169.74358961	4175.89743576	4196.41025628	4172.56410243	4146.79487159	4158.205128	4158.33333313	4166.92307672	4162.94871774	4163.205128	4163.58974339	4155.51282031	4174.48717935	
4101.28205094	4197.69230756	4177.56410243	4202.43589737	4173.97435884	4161.02564082	4164.74358954	4163.46153826	4169.10256397	4162.94871774	4166.28205108	4164.87179467	4154.23076903	4173.46153833	
4097.69230735	4185.12820499	4173.71794858	4196.79487166	4156.92307672	4167.82051262	4171.02564089	4166.66666646	4167.17948697	4160.89743569	4171.79487166	4167.56410236	4157.82051262	4172.94871781	
4099.87179453	4167.05128185	4178.97435884	4190.64102551	4171.28205115	4162.69230749	4174.87179474	4177.4358973	4178.07692294	4179.48717935	4182.69230756	4178.20512807	4172.69230756	4183.3333332	
4102.30769196	4181.92307679	4179.35897422	4189.10256397	4173.58974345	4165.89743569	4172.17948704	4170.12820499	4173.46153833	4175.64102551	4167.17948697	4173.20512807	4161.66666646	4181.41025628	
4105.64102537	4209.35897429	4184.35897422	4207.17948711	4167.05128185	4169.61538448	4167.17948697	4160.89743569	4162.94871774	4165.38461518	4159.74358954	4173.97435884	4155.12820492	4177.94871781	
4106.02564075	4210.7692307	4191.92307679	4218.07692301	4176.92307679	4160.12820492	4161.92307672	4163.07692287	4165.64102544	4168.3333332	4176.02564089	4186.5384614	4168.3333332	4182.17948704	
4107.56410229	4197.17948704	4194.48717935	4216.28205122	4179.10256397	4159.48717928	4164.87179467	4167.3076921	4170.38461525	4167.17948697	4182.17948704	4190.25641012	4170.89743576	4183.46153833	
4107.69230742	4195.89743576	4191.41025628	4214.35897429	4165.89743569	4163.33333313	4167.94871774	4165.25641005	4163.71794851	4156.92307672	4169.87179474	4182.4358973	4158.97435877	4176.92307679	
4099.10256376	4189.61538448	4177.05128192	4197.17948704	4155.76923056	4155.76923056	4162.43589723	4151.79487159	4150.64102544	4143.33333313	4150.12820492	4165.51282031	4143.97435877	4164.61538441	
4091.02564068	4172.05128192	4164.9999998	4177.4358973	4158.58974339	4155.64102544	4158.71794851	4146.53846133	4151.15384595	4139.74358954	4141.15384595	4154.74358954	4138.84615364	4158.58974339	
4087.56410222	4161.53846133	4164.87179467	4181.5384614	4160.51282031	4150.76923056	4149.35897415	4153.07692287	4159.61538441	4146.53846133	4145.25641005	4153.07692287	4139.9999998	4159.1025639	
4092.82051248	4167.05128185	4171.15384602	4192.69230756	4161.15384595	4149.61538441	4145.64102544	4159.23076903	4164.87179467	4158.07692287	4152.43589723	4157.17948697	4145.51282031	4161.15384595	
4099.35897402	4177.05128192	4177.05128192	4189.2307691	4152.82051262	4167.43589723	4158.07692287	4160.64102544	4166.41025621	4162.05128185	4158.07692287	4162.94871774	4152.43589723	4164.35897415	
4099.48717914	4179.61538448	4178.07692294	4186.15384602	4147.05128185	4162.94871774	4163.07692287	4159.23076903	4165.89743569	4158.71794851	4163.71794851	4164.74358954	4154.87179467	4167.17948697	
4104.10256383	4187.30769217	4182.82051269	4203.97435891	4176.15384602	4151.41025621	4162.94871774	4166.41025621	4174.2307691	4167.82051262	4172.94871781	4171.15384602	4161.79487159	4170.76923063	
4110.12820485	4197.69230756	4191.15384602	4219.48717942	4190.38461525	4166.53846133	4169.61538448	4175.89743576	4184.74358961	4181.41025628	4178.20512807	4178.84615371	4172.05128192	4174.2307691	
4109.74358947	4205.51282045	4193.71794858	4218.97435891	4171.79487166	4174.48717935	4170.89743576	4175.64102551	4183.58974345	4183.84615371	4181.66666653	4182.30769217	4176.15384602	4176.79487166	
4110.38461511	4204.87179481	4195.12820499	4218.58974352	4173.3333332	4172.94871781	4170.25641012	4176.66666653	4183.07692294	4187.56410243	4189.48717935	4187.05128192	4178.3333332	4178.07692294	
4111.02564075	4196.92307679	4191.02564089	4210.12820506	4182.56410243	4179.35897422	4175.25641012	4180.51282038	4187.05128192	4189.10256397	4186.41025628	4183.3333332	4177.4358973	4175.76923063	
4109.74358947	4205.25641019	4187.56410243	4201.28205122	4181.66666653	4182.69230756	4179.48717935	4180.12820499	4185.38461525	4181.66666653	4175.51282038	4176.28205115	4170.76923063	4175.25641012	
4105.89743562	4205.89743583	4186.41025628	4207.17948711	4183.3333332	4169.61538448	4173.3333332	4173.07692294	4174.35897422	4171.66666653	4171.15384602	4173.84615371	4164.35897415	4172.17948704	
4093.33333299	4172.05128192	4170.89743576	4195.64102551	4157.17948697	4153.84615364	4157.82051262	4156.53846133	4156.66666646	4153.97435877	4161.79487159	4159.61538441	4150.76923056	4157.43589723	
4082.30769196	4144.61538441	4152.05128185	4161.28205108	4117.43589716	4143.71794851	4145.38461518	4140.51282031	4146.15384595	4135.51282031	4143.46153826	4139.74358954	4131.41025614	4143.84615364	
4081.02564068	4143.205128	4148.71794851	4151.79487159	4126.28205101	4135.76923056	4138.205128	4135.38461518	4147.69230749	4132.05128178	4134.35897408	4132.30769203	4121.15384588	4138.84615364	
4084.87179453	4142.94871774	4152.3076921	4168.3333332	4149.87179467	4140.64102544	4138.07692287	4142.43589723	4152.43589723	4143.46153826	4142.3076921	4136.92307672	4129.8717946	4142.43589723	
4081.02564068	4125.25640998	4141.02564082	4158.33333313	4127.56410229	4144.35897415	4136.53846133	4141.15384595	4146.92307672	4138.07692287	4139.61538441	4132.82051255	4130.7692305	4141.53846133	
4074.23076889	4114.61538434	4129.10256383	4130.89743562	4111.53846126	4135.51282031	4128.9743587	4126.15384588	4137.3076921	4113.33333306	4123.33333306	4121.28205101	4114.61538434	4132.43589716	
4082.56410222	4134.99999973	4143.84615364	4144.74358954	4138.205128	4136.28205108	4134.35897408	4129.74358947	4143.58974339	4119.8717946	4132.30769203	4131.79487152	4121.92307665	4139.61538441	
4094.35897402	4151.28205108	4159.61538441	4174.87179474	4156.66666646	4152.3076921	4150.51282031	4148.97435877	4155.12820492	4147.05128185	4152.05128185	4151.92307672	4142.56410236	4156.92307672	
4104.35897408	4150.89743569	4164.9999998	4176.66666653	4153.07692287	4163.84615364	4165.64102544	4169.10256397	4167.56410236	4164.74358954	4161.15384595	4163.33333313	4155.76923056	4168.3333332	
4112.43589716	4156.66666646	4169.87179474	4169.35897422	4148.58974339	4163.46153826	4168.84615371	4177.82051269	4174.99999986	4171.5384614	4164.74358954	4167.05128185	4163.84615364	4175.89743576	
4108.0769228	4167.05128185	4168.58974345	4169.87179474	4148.58974339	4164.1025639	4159.9999998	4167.69230749	4166.66666646	4166.28205108	4159.61538441	4161.28205108	4159.1025639	4172.69230756	
4112.17948691	4181.66666653	4177.69230756	4185.12820499	4178.07692294	4175.38461525	4163.97435877	4170.51282038	4167.05128185	4169.99999986	4164.61538441	4166.66666646	4159.61538441	4172.82051269	
4126.53846126	4190.25641012	4192.4358973	4198.3333332	4196.41025628	4175.12820499	4174.74358961	4182.4358973	4175.12820499	4178.20512807	4178.84615371	4181.92307679	4168.20512807	4182.56410243	
4134.8717946	4198.3333332	4201.79487173	4199.74358961	4171.79487166	4171.15384602	4178.97435884	4186.02564089	4179.87179474	4185.12820499	4187.69230756	4192.69230756	4179.74358961	4194.48717935	
4139.1025639	4211.79487173	4209.99999993	4207.43589737	4170.76923063	4181.5384614	4181.41025628	4191.79487166	4188.20512807	4199.48717935	4197.4358973	4201.15384609	4194.2307691	4202.94871788	
4139.1025639	4214.35897429	4208.33333327	4212.69230763	4190.76923063	4186.41025628	4182.56410243	4193.97435884	4190.89743576	4201.92307686	4202.05128199	4201.53846147	4195.76923063	4199.10256397	
4145.89743569	4219.99999993	4215.38461532	4219.10256404	4199.35897422	4203.20512814	4195.25641012	4205.25641019	4195.76923063	4206.53846147	4210.51282045	4209.48717942	4199.74358961	4203.4615384	
4158.205128	4238.33333334	4228.71794865	4228.58974352	4209.61538455	4221.79487173	4209.99999993	4219.99999993	4205.7692307	4221.02564096	4219.61538455	4220.38461532	4208.97435891	4215.12820506	
4168.58974345	4260.12820513	4239.35897436	4241.53846154	4235.64102564	4213.07692301	4212.69230763	4222.82051275	4212.5641025	4227.94871788	4227.69230763	4228.97435891	4219.74358968	4223.07692301	
4169.48717935	4262.17948718	4240.51282052	4242.56410257	4245.38461539	4207.5641025	4211.79487173	4220.89743583	4211.53846147	4226.15384609	4231.41025634	4233.97435898	4227.94871788	4224.23076917	
4166.28205108	4248.71794872	4234.48717949	4232.82051275	4223.58974352	4215.7692307	4214.87179481	4222.82051275	4209.74358968	4228.20512814	4228.71794865	4231.41025634	4226.92307686	4221.79487173	
4170.51282038	4257.6923077	4240.12820513	4234.61538462	4207.94871788	4221.53846147	4217.05128199	4225.25641019	4215.89743583	4233.20512814	4231.02564096	4232.94871788	4228.71794865	4226.79487173	
4160.38461518	4248.07692308	4231.53846147	4223.84615378	4196.5384614	4208.33333327	4198.71794858	4210.25641019	4206.53846147	4217.94871788	4215.12820506	4219.23076917	4214.10256404	4213.97435891	
4139.48717928	4191.15384602	4204.10256404	4196.5384614	4184.10256397	4186.5384614	4176.02564089	4188.97435884	4184.2307691	4193.84615371	4186.5384614	4193.3333332	4185.51282038	4187.05128192	
4140.51282031	4165.76923056	4196.66666653	4184.10256397	4181.41025628	4183.3333332	4177.4358973	4187.56410243	4180.76923063	4187.82051269	4182.82051269	4188.84615371	4180.12820499	4184.61538448	
4139.87179467	4179.2307691	4192.4358973	4176.28205115	4164.87179467	4174.74358961	4171.02564089	4174.48717935	4172.56410243	4175.89743576	4176.66666653	4180.64102551	4174.2307691	4180.76923063	
4127.82051255	4172.17948704	4182.82051269	4174.74358961	4158.84615364	4161.92307672	4155.12820492	4156.02564082	4158.33333313	4160.51282031	4165.89743569	4171.41025628	4161.79487159	4169.48717935	
4124.23076896	4150.38461518	4176.15384602	4170.51282038	4173.46153833	4168.46153833	4160.76923056	4159.9999998	4159.23076903	4157.05128185	4154.61538441	4169.61538448	4154.48717928	4168.3333332	
4127.30769203	4149.1025639	4169.74358961	4161.41025621	4167.82051262	4173.07692294	4167.94871774	4161.92307672	4157.3076921	4153.84615364	4142.69230749	4157.94871774	4146.79487159	4164.35897415	
4141.66666646	4177.17948704	4191.5384614	4182.94871781	4168.07692287	4169.35897422	4167.82051262	4170.89743576	4166.28205108	4174.10256397	4178.3333332	4177.94871781	4170.89743576	4178.20512807	
4152.43589723	4191.15384602	4213.58974352	4192.94871781	4184.61538448	4170.38461525	4170.76923063	4187.94871781	4185.64102551	4198.58974345	4218.84615378	4209.87179481	4204.48717942	4200.38461525	
4143.07692287	4166.02564082	4192.4358973	4163.71794851	4180.12820499	4172.69230756	4169.35897422	4180.89743576	4180.51282038	4186.66666653	4193.71794858	4193.07692294	4190.89743576	4187.94871781	
4129.99999973	4139.23076903	4167.69230749	4149.1025639	4160.89743569	4164.61538441	4157.82051262	4159.48717928	4158.33333313	4162.69230749	4162.17948697	4160.12820492	4160.51282031	4163.46153826	
4124.74358947	4130.64102537	4166.79487159	4155.76923056	4150.12820492	4159.23076903	4151.79487159	4153.07692287	4154.48717928	4157.56410236	4169.61538448	4153.46153826	4156.15384595	4161.53846133	
4134.23076896	4142.17948697	4176.92307679	4159.61538441	4154.1025639	4169.74358961	4164.48717928	4169.2307691	4176.28205115	4178.07692294	4183.84615371	4167.56410236	4173.46153833	4176.79487166	
4141.15384595	4157.56410236	4176.66666653	4147.3076921	4162.05128185	4168.3333332	4173.07692294	4173.46153833	4181.02564089	4186.66666653	4183.3333332	4171.41025628	4179.61538448	4178.46153833	
4142.56410236	4162.17948697	4177.05128192	4155.12820492	4178.46153833	4166.53846133	4176.92307679	4172.56410243	4173.97435884	4182.82051269	4187.4358973	4172.17948704	4180.25641012	4178.71794858	
4151.92307672	4171.41025628	4192.4358973	4190.89743576	4192.4358973	4183.3333332	4187.17948704	4189.48717935	4189.48717935	4199.61538448	4203.71794865	4188.58974345	4197.4358973	4193.3333332	
4157.56410236	4180.76923063	4198.71794858	4187.56410243	4188.97435884	4193.46153833	4195.12820499	4197.82051269	4200.25641012	4207.30769224	4208.71794865	4196.02564089	4203.71794865	4198.07692294	
4161.15384595	4197.17948704	4200.38461525	4167.43589723	4188.84615371	4198.20512807	4204.87179481	4200.76923063	4198.71794858	4199.74358961	4205.64102558	4195.51282038	4196.66666653	4198.97435884	
4172.17948704	4219.35897429	4210.7692307	4194.74358961	4200.89743576	4212.82051275	4217.94871788	4213.71794865	4207.30769224	4214.99999993	4214.74358968	4207.30769224	4205.64102558	4209.10256404	
4177.17948704	4222.82051275	4215.51282045	4218.20512814	4225.25641019	4217.43589737	4223.97435891	4222.5641025	4214.99999993	4232.69230763	4222.82051275	4214.87179481	4217.43589737	4213.84615378	
4182.69230756	4231.41025634	4224.23076917	4215.89743583	4252.94871795	4215.89743583	4228.07692301	4231.41025634	4220.7692307	4234.61538462	4232.17948711	4221.02564096	4224.61538455	4218.33333327	
4186.66666653	4240.64102564	4227.94871788	4215.12820506	4232.69230763	4229.35897429	4230.51282045	4234.35897436	4227.30769224	4232.43589737	4236.15384616	4225.51282045	4224.48717942	4220.51282045	
4182.82051269	4233.58974352	4223.07692301	4217.5641025	4203.20512814	4236.92307693	4234.61538462	4232.30769224	4231.02564096	4234.87179488	4235.8974359	4223.71794865	4222.43589737	4216.53846147	
4176.41025628	4227.69230763	4221.41025634	4213.20512814	4218.84615378	4220.89743583	4231.53846147	4231.41025634	4228.58974352	4237.56410257	4237.94871795	4220.12820506	4224.35897429	4213.20512814	
4164.35897415	4217.05128199	4208.07692301	4186.41025628	4222.43589737	4194.99999986	4206.6666666	4210.38461532	4209.74358968	4221.79487173	4222.30769224	4202.05128199	4207.82051275	4199.2307691	
4159.23076903	4193.46153833	4197.05128192	4169.99999986	4196.79487166	4195.64102551	4198.07692294	4193.71794858	4193.3333332	4202.82051275	4206.15384609	4189.61538448	4193.46153833	4188.58974345	
4166.53846133	4187.82051269	4202.82051275	4179.74358961	4186.66666653	4210.51282045	4216.41025634	4206.6666666	4198.58974345	4204.23076917	4208.71794865	4199.10256397	4200.38461525	4197.56410243	
4173.71794858	4207.30769224	4210.89743583	4191.02564089	4201.53846147	4206.15384609	4222.82051275	4218.07692301	4210.7692307	4217.94871788	4219.99999993	4208.58974352	4209.61538455	4205.89743583	
4185.76923063	4228.97435891	4223.4615384	4207.05128199	4222.69230763	4207.17948711	4223.97435891	4222.82051275	4217.94871788	4233.58974352	4233.58974352	4221.53846147	4222.30769224	4215.25641019	
4198.97435884	4242.30769231	4237.56410257	4220.25641019	4232.82051275	4224.99999993	4233.97435898	4229.87179481	4220.7692307	4242.05128206	4237.43589744	4238.20512821	4234.23076923	4225.51282045	
4205.7692307	4246.41025641	4245.51282052	4224.23076917	4239.10256411	4237.43589744	4242.43589744	4236.66666667	4227.5641025	4245.64102564	4240.38461539	4243.58974359	4239.74358975	4231.41025634	
4205.12820506	4236.66666667	4243.58974359	4226.02564096	4240.38461539	4228.07692301	4238.58974359	4236.53846154	4230.25641019	4239.61538462	4242.82051282	4237.05128206	4235.51282052	4231.53846147	
4193.46153833	4216.15384609	4225.64102558	4209.10256404	4214.35897429	4213.4615384	4224.99999993	4220.25641019	4215.51282045	4218.20512814	4225.51282045	4221.92307686	4218.84615378	4218.20512814	
4183.71794858	4206.92307686	4212.17948711	4187.30769217	4187.05128192	4210.7692307	4217.43589737	4208.97435891	4206.53846147	4210.64102558	4211.41025634	4210.51282045	4208.71794865	4207.43589737	
4186.02564089	4210.12820506	4214.61538455	4188.07692294	4198.97435884	4208.97435891	4219.74358968	4215.64102558	4212.82051275	4220.12820506	4218.20512814	4209.23076917	4212.43589737	4208.84615378	
4197.05128192	4222.94871788	4225.25641019	4203.58974352	4231.92307686	4211.28205122	4226.53846147	4226.79487173	4221.79487173	4227.94871788	4231.02564096	4223.07692301	4224.48717942	4219.99999993	
4208.84615378	4235.0	4236.41025641	4213.20512814	4233.33333327	4224.61538455	4234.10256411	4233.58974352	4227.05128199	4235.12820513	4239.61538462	4241.7948718	4236.02564103	4232.43589737	
4203.07692301	4227.30769224	4228.33333327	4198.97435884	4197.82051269	4224.74358968	4234.35897436	4226.79487173	4216.79487173	4225.89743583	4228.71794865	4230.38461532	4223.71794865	4223.84615378	
4197.82051269	4231.28205122	4219.87179481	4187.4358973	4202.30769224	4214.99999993	4235.12820513	4223.4615384	4212.30769224	4219.87179481	4220.51282045	4216.41025634	4213.07692301	4212.05128199	
4194.99999986	4234.87179488	4214.23076917	4187.94871781	4207.94871788	4210.89743583	4228.20512814	4214.99999993	4211.28205122	4217.05128199	4218.84615378	4212.5641025	4211.02564096	4204.48717942	
4177.82051269	4216.53846147	4190.38461525	4162.05128185	4172.69230756	4201.92307686	4213.20512814	4187.82051269	4192.17948704	4191.02564089	4196.02564089	4188.58974345	4187.82051269	4186.41025628	
4175.76923063	4219.10256404	4187.94871781	4150.64102544	4188.20512807	4202.69230763	4220.38461532	4191.15384602	4191.5384614	4187.56410243	4190.51282038	4182.4358973	4184.61538448	4187.69230756	
4200.51282038	4243.71794872	4218.97435891	4194.48717935	4228.58974352	4221.41025634	4243.20512821	4227.94871788	4218.33333327	4224.23076917	4222.5641025	4214.74358968	4220.25641019	4215.51282045	
4225.51282045	4265.25641026	4250.25641026	4235.64102564	4238.71794872	4241.53846154	4259.10256411	4254.10256411	4241.41025641	4257.05128206	4255.25641026	4247.6923077	4252.6923077	4240.8974359	
4236.92307693	4291.66666674	4268.20512828	4238.84615385	4255.25641026	4248.07692308	4261.15384616	4263.20512821	4249.61538462	4267.17948725	4271.66666674	4262.30769231	4266.923077	4254.35897436	
4231.6666666	4296.53846161	4261.53846154	4224.99999993	4255.8974359	4250.51282052	4255.25641026	4258.46153847	4242.94871795	4257.94871795	4264.74358975	4255.0	4258.84615385	4248.97435898	
4223.20512814	4273.20512828	4247.56410257	4221.53846147	4237.94871795	4248.97435898	4254.48717949	4253.46153847	4240.25641026	4252.56410257	4251.02564103	4243.07692308	4247.82051282	4237.17948718	
4221.02564096	4263.84615385	4244.35897436	4223.07692301	4235.12820513	4232.5641025	4253.58974359	4251.53846154	4243.58974359	4257.30769231	4248.33333334	4238.58974359	4248.20512821	4231.28205122	
4219.74358968	4271.79487187	4242.43589744	4218.33333327	4238.84615385	4228.4615384	4251.02564103	4245.12820513	4238.33333334	4248.84615385	4246.15384616	4235.0	4243.46153847	4228.4615384	
4214.87179481	4275.76923084	4236.92307693	4212.43589737	4241.7948718	4235.25641026	4247.94871795	4240.64102564	4229.74358968	4233.33333327	4239.23076923	4232.17948711	4233.4615384	4229.23076917	
4209.74358968	4262.56410257	4233.07692301	4207.43589737	4241.92307693	4225.51282045	4240.64102564	4239.48717949	4226.53846147	4230.64102558	4236.53846154	4230.51282045	4232.17948711	4227.43589737	
4207.69230763	4244.10256411	4228.58974352	4202.17948711	4228.07692301	4223.07692301	4240.64102564	4235.38461539	4226.02564096	4231.92307686	4233.97435898	4226.41025634	4232.43589737	4222.5641025	
4205.51282045	4240.25641026	4220.12820506	4184.99999986	4207.94871788	4234.35897436	4245.38461539	4228.33333327	4219.99999993	4221.41025634	4217.5641025	4213.97435891	4219.23076917	4219.10256404	
4204.23076917	4244.74358975	4220.25641019	4172.05128192	4194.10256397	4231.15384609	4244.10256411	4230.64102558	4219.35897429	4216.53846147	4211.41025634	4209.23076917	4215.38461532	4220.89743583	
4211.41025634	4245.25641026	4233.07692301	4189.10256397	4212.94871788	4220.89743583	4241.41025641	4245.51282052	4234.74358975	4233.97435898	4231.28205122	4224.61538455	4232.82051275	4229.74358968	
4217.30769224	4243.46153847	4239.61538462	4208.71794865	4244.35897436	4217.17948711	4239.74358975	4250.76923077	4243.97435898	4245.8974359	4244.48717949	4237.82051282	4242.30769231	4236.92307693	
4211.79487173	4242.30769231	4231.15384609	4192.4358973	4231.15384609	4217.43589737	4235.76923077	4240.0	4231.53846147	4236.53846154	4232.94871788	4232.17948711	4233.71794865	4233.07692301	
4202.69230763	4234.10256411	4216.92307686	4162.82051262	4196.02564089	4211.53846147	4227.69230763	4224.23076917	4215.89743583	4216.28205122	4214.99999993	4216.79487173	4218.71794865	4223.20512814	
4200.89743576	4230.25641019	4214.87179481	4168.84615371	4190.25641012	4209.48717942	4224.48717942	4221.15384609	4218.4615384	4210.25641019	4215.25641019	4214.23076917	4214.35897429	4219.87179481	
4203.33333327	4232.82051275	4219.99999993	4182.82051269	4201.41025634	4224.99999993	4229.23076917	4223.71794865	4221.28205122	4213.84615378	4219.48717942	4218.58974352	4214.61538455	4217.69230763	
4204.48717942	4224.99999993	4218.20512814	4172.94871781	4201.41025634	4222.82051275	4228.33333327	4217.43589737	4212.17948711	4206.15384609	4212.69230763	4213.97435891	4209.87179481	4215.25641019	
4208.84615378	4223.20512814	4221.41025634	4170.89743576	4210.7692307	4201.53846147	4222.94871788	4217.94871788	4214.10256404	4208.97435891	4215.38461532	4212.43589737	4213.58974352	4221.92307686	
4202.30769224	4216.02564096	4214.35897429	4164.48717928	4212.94871788	4200.38461525	4219.99999993	4215.89743583	4213.71794865	4209.23076917	4211.6666666	4204.23076917	4207.17948711	4214.61538455	
4190.64102551	4203.4615384	4197.69230756	4152.43589723	4192.30769217	4212.5641025	4216.6666666	4204.61538455	4203.97435891	4196.66666653	4197.4358973	4188.84615371	4192.56410243	4195.76923063	
4195.51282038	4211.28205122	4205.51282045	4166.92307672	4194.87179474	4214.23076917	4214.10256404	4207.43589737	4208.58974352	4202.05128199	4200.12820499	4194.99999986	4202.30769224	4199.87179474	
4187.05128192	4194.2307691	4203.33333327	4158.33333313	4186.41025628	4196.66666653	4201.79487173	4202.69230763	4205.7692307	4199.87179474	4184.87179474	4193.46153833	4200.38461525	4196.79487166	
4154.61538441	4132.05128178	4167.43589723	4116.02564075	4149.35897415	4163.97435877	4167.56410236	4165.64102544	4173.3333332	4164.23076903	4135.25640998	4155.64102544	4162.56410236	4165.38461518	
4127.30769203	4071.28205094	4129.8717946	4086.41025607	4117.82051255	4132.43589716	4131.92307665	4122.17948691	4138.205128	4121.92307665	4094.10256376	4113.20512793	4124.74358947	4134.99999973	
4119.48717921	4051.79487138	4116.15384588	4074.48717914	4101.66666632	4123.71794844	4125.64102537	4109.48717921	4128.9743587	4105.64102537	4086.41025607	4102.17948684	4114.23076896	4125.64102537	
4126.79487152	4066.15384574	4126.53846126	4077.82051248	4105.51282024	4131.28205101	4139.23076903	4126.53846126	4141.92307672	4121.79487152	4101.02564068	4119.61538434	4125.64102537	4137.05128185	
4137.05128185	4074.10256376	4139.9999998	4093.07692273	4127.30769203	4141.15384595	4147.3076921	4140.64102544	4152.43589723	4138.46153826	4109.23076896	4129.99999973	4135.51282031	4146.92307672	
4154.9999998	4079.7435894	4157.43589723	4114.74358947	4155.25641005	4160.76923056	4162.05128185	4152.69230749	4162.17948697	4144.9999998	4123.0769228	4141.92307672	4150.76923056	4158.07692287	
4172.69230756	4110.7692305	4178.84615371	4132.94871767	4162.17948697	4178.97435884	4183.20512807	4172.30769217	4179.74358961	4162.43589723	4148.33333313	4164.61538441	4174.48717935	4177.82051269	
4188.3333332	4158.97435877	4201.79487173	4156.15384595	4178.84615371	4197.30769217	4200.25641012	4197.05128192	4201.41025634	4194.87179474	4168.84615371	4188.46153833	4198.46153833	4198.46153833	
4210.25641019	4186.41025628	4225.51282045	4186.28205115	4214.35897429	4217.17948711	4221.28205122	4228.07692301	4226.92307686	4227.30769224	4191.41025628	4216.15384609	4225.7692307	4220.25641019	
4219.99999993	4188.84615371	4233.4615384	4198.84615371	4223.07692301	4220.12820506	4234.74358975	4242.56410257	4237.6923077	4241.41025641	4211.53846147	4230.64102558	4242.6923077	4232.43589737	
4222.17948711	4212.30769224	4240.51282052	4201.53846147	4227.69230763	4221.92307686	4239.35897436	4243.97435898	4237.17948718	4246.7948718	4219.87179481	4235.12820513	4247.82051282	4239.10256411	
4228.07692301	4241.02564103	4250.38461539	4203.58974352	4230.12820506	4237.30769231	4245.51282052	4246.41025641	4238.46153847	4248.71794872	4217.05128199	4238.20512821	4247.6923077	4243.71794872	
4230.64102558	4239.74358975	4251.41025641	4212.05128199	4229.87179481	4244.87179488	4249.35897436	4245.38461539	4237.6923077	4245.12820513	4218.20512814	4239.23076923	4247.30769231	4244.23076923	
4234.35897436	4238.46153847	4255.76923077	4227.5641025	4250.38461539	4236.66666667	4248.71794872	4249.61538462	4242.30769231	4249.23076923	4229.74358968	4247.94871795	4255.76923077	4247.94871795	
4229.10256404	4241.53846154	4250.51282052	4212.05128199	4242.17948718	4229.87179481	4240.51282052	4242.6923077	4235.51282052	4238.97435898	4219.74358968	4242.56410257	4248.20512821	4241.53846154	
4224.35897429	4240.51282052	4244.74358975	4194.10256397	4220.38461532	4237.17948718	4242.6923077	4238.84615385	4232.69230763	4233.84615385	4209.23076917	4233.07692301	4240.38461539	4238.07692308	
4233.71794865	4248.46153847	4255.64102564	4216.53846147	4247.05128206	4243.97435898	4256.66666667	4260.64102564	4253.46153847	4262.17948718	4228.97435891	4243.58974359	4257.6923077	4248.71794872	
4231.79487173	4249.48717949	4252.43589744	4226.41025634	4258.71794872	4242.30769231	4253.71794872	4262.56410257	4253.84615385	4266.79487187	4232.5641025	4241.15384616	4255.8974359	4244.23076923	
4220.51282045	4239.87179488	4238.58974359	4206.79487173	4231.28205122	4243.07692308	4242.82051282	4242.56410257	4234.48717949	4243.58974359	4214.99999993	4228.84615378	4239.74358975	4233.97435898	
4219.99999993	4235.0	4236.92307693	4195.64102551	4225.12820506	4231.41025634	4238.71794872	4238.58974359	4232.05128199	4236.15384616	4213.20512814	4230.51282045	4242.05128206	4236.66666667	
4220.25641019	4234.10256411	4236.7948718	4196.41025628	4230.89743583	4226.28205122	4237.6923077	4242.94871795	4236.92307693	4240.38461539	4218.4615384	4231.02564096	4243.58974359	4235.76923077	
4217.30769224	4226.6666666	4233.33333327	4198.07692294	4229.35897429	4240.25641026	4237.94871795	4241.28205129	4231.79487173	4241.28205129	4217.69230763	4227.69230763	4237.94871795	4233.97435898	
4219.23076917	4220.89743583	4233.20512814	4192.17948704	4226.6666666	4227.5641025	4234.10256411	4236.92307693	4228.4615384	4238.71794872	4216.15384609	4227.43589737	4237.56410257	4237.05128206	
4220.89743583	4226.02564096	4236.15384616	4188.84615371	4216.15384609	4217.69230763	4234.23076923	4237.05128206	4229.48717942	4235.8974359	4214.35897429	4227.82051275	4237.94871795	4235.51282052	
4218.84615378	4229.74358968	4235.25641026	4192.17948704	4211.79487173	4237.30769231	4238.46153847	4238.33333334	4226.6666666	4234.10256411	4210.12820506	4226.92307686	4235.38461539	4233.4615384	
4225.12820506	4232.82051275	4239.23076923	4203.07692301	4226.41025634	4241.15384616	4239.10256411	4240.8974359	4231.02564096	4244.35897436	4218.58974352	4234.10256411	4243.46153847	4242.05128206	
4231.53846147	4238.33333334	4246.41025641	4210.7692307	4233.20512814	4225.64102558	4238.46153847	4243.07692308	4236.41025641	4249.48717949	4227.05128199	4240.51282052	4251.53846154	4247.94871795	
4223.97435891	4236.53846154	4236.28205129	4200.25641012	4229.10256404	4222.17948711	4237.82051282	4238.97435898	4230.89743583	4233.33333327	4208.33333327	4227.94871788	4239.35897436	4238.84615385	
4221.02564096	4240.0	4227.05128199	4194.10256397	4224.74358968	4230.89743583	4237.43589744	4242.17948718	4231.6666666	4230.7692307	4202.17948711	4224.35897429	4235.0	4237.30769231	
4230.64102558	4241.66666667	4237.6923077	4204.87179481	4215.64102558	4236.7948718	4240.25641026	4250.25641026	4244.23076923	4250.38461539	4230.64102558	4241.7948718	4255.64102564	4246.41025641	
4235.0	4233.58974352	4244.74358975	4206.41025634	4233.97435898	4232.69230763	4240.64102564	4247.94871795	4245.76923077	4255.25641026	4243.71794872	4248.33333334	4263.58974359	4247.6923077	
4222.69230763	4221.28205122	4229.10256404	4186.41025628	4239.61538462	4221.41025634	4226.6666666	4232.43589737	4225.51282045	4231.6666666	4217.69230763	4227.5641025	4238.71794872	4234.35897436	
4201.28205122	4194.2307691	4201.41025634	4168.71794858	4184.74358961	4206.15384609	4204.74358968	4204.87179481	4197.69230756	4198.71794858	4185.64102551	4197.30769217	4205.64102558	4210.89743583	
4197.94871781	4178.58974345	4198.07692294	4170.25641012	4166.79487159	4199.87179474	4198.58974345	4194.10256397	4193.97435884	4188.84615371	4183.07692294	4192.05128192	4199.87179474	4204.74358968	
4212.30769224	4193.97435884	4216.15384609	4186.41025628	4205.25641019	4204.35897429	4207.17948711	4209.23076917	4211.41025634	4207.17948711	4199.35897422	4210.25641019	4218.20512814	4218.84615378	
4216.15384609	4200.76923063	4217.43589737	4194.35897422	4207.5641025	4204.99999993	4213.33333327	4213.84615378	4212.94871788	4217.05128199	4202.05128199	4215.25641019	4222.43589737	4221.6666666	
4215.12820506	4200.12820499	4210.7692307	4183.71794858	4197.94871781	4218.33333327	4222.17948711	4212.43589737	4211.28205122	4213.84615378	4198.20512807	4210.12820506	4217.17948711	4218.4615384	
4225.38461532	4214.87179481	4222.94871788	4188.97435884	4225.12820506	4236.7948718	4229.99999993	4230.38461532	4228.71794865	4223.71794865	4210.89743583	4221.28205122	4229.10256404	4229.48717942	
4223.84615378	4202.43589737	4220.25641019	4197.94871781	4223.71794865	4222.30769224	4220.12820506	4230.7692307	4230.12820506	4225.64102558	4213.07692301	4221.41025634	4231.28205122	4227.43589737	
4191.79487166	4147.82051262	4176.92307679	4158.84615364	4169.10256397	4186.79487166	4190.89743576	4188.46153833	4195.38461525	4188.84615371	4175.25641012	4181.79487166	4191.5384614	4188.46153833	
4160.51282031	4097.94871761	4138.97435877	4103.71794844	4126.66666639	4160.25641005	4158.97435877	4150.25641005	4162.94871774	4144.61538441	4132.69230742	4138.07692287	4145.51282031	4153.205128	
4166.79487159	4091.66666632	4149.48717928	4113.58974332	4140.64102544	4161.66666646	4157.69230749	4157.94871774	4169.99999986	4151.15384595	4142.17948697	4142.17948697	4152.05128185	4164.1025639	
4188.58974345	4111.53846126	4169.48717935	4155.38461518	4174.61538448	4180.51282038	4177.4358973	4179.10256397	4189.61538448	4181.92307679	4174.10256397	4166.28205108	4182.56410243	4184.35897422	
4197.69230756	4133.71794844	4171.02564089	4160.51282031	4186.5384614	4193.46153833	4190.25641012	4183.46153833	4191.5384614	4184.74358961	4177.56410243	4170.89743576	4189.87179474	4184.35897422	
4204.87179481	4156.66666646	4178.97435884	4151.41025621	4191.28205115	4204.48717942	4201.79487173	4190.51282038	4195.12820499	4184.61538448	4175.64102551	4176.5384614	4191.41025628	4192.69230756	
4218.33333327	4166.53846133	4195.76923063	4165.38461518	4196.79487166	4210.38461532	4212.43589737	4205.25641019	4209.10256404	4203.07692301	4193.3333332	4194.99999986	4206.41025634	4209.35897429	
4233.58974352	4177.17948704	4212.94871788	4197.30769217	4214.48717942	4218.07692301	4222.5641025	4222.5641025	4225.12820506	4227.30769224	4220.25641019	4217.43589737	4230.12820506	4223.07692301	
4241.02564103	4201.02564096	4226.28205122	4216.15384609	4233.07692301	4232.05128199	4233.33333327	4236.92307693	4235.12820513	4242.43589744	4230.38461532	4229.48717942	4240.64102564	4232.94871788	
4241.7948718	4211.15384609	4223.97435891	4207.17948711	4223.20512814	4231.6666666	4233.07692301	4234.74358975	4234.61538462	4237.82051282	4221.92307686	4223.4615384	4232.82051275	4231.41025634	
4247.17948718	4199.74358961	4219.48717942	4197.05128192	4210.51282045	4227.30769224	4233.33333327	4234.48717949	4236.66666667	4234.74358975	4224.48717942	4223.58974352	4234.10256411	4230.89743583	
4248.58974359	4193.58974345	4221.6666666	4200.25641012	4227.94871788	4231.15384609	4239.48717949	4241.15384616	4237.17948718	4241.41025641	4229.10256404	4228.71794865	4242.17948718	4236.15384616	
4238.84615385	4187.17948704	4217.05128199	4198.3333332	4239.35897436	4219.48717942	4228.4615384	4230.25641019	4227.5641025	4233.97435898	4215.12820506	4214.61538455	4229.87179481	4227.94871788	
4218.20512814	4142.43589723	4187.94871781	4171.66666653	4188.71794858	4187.17948704	4192.94871781	4192.17948704	4201.79487173	4195.76923063	4181.5384614	4179.61538448	4192.05128192	4197.69230756	
4192.69230756	4078.58974325	4147.69230749	4130.25640998	4128.33333306	4161.66666646	4161.92307672	4152.43589723	4166.79487159	4152.05128185	4146.28205108	4145.76923056	4156.28205108	4166.28205108	
4182.82051269	4049.74358933	4137.69230749	4111.92307665	4130.7692305	4149.9999998	4154.9999998	4142.94871774	4156.02564082	4150.12820492	4139.35897415	4135.89743569	4152.56410236	4158.58974339	
4185.25641012	4046.53846113	4144.1025639	4118.0769228	4134.61538434	4146.02564082	4156.41025621	4144.48717928	4161.79487159	4159.1025639	4144.61538441	4136.41025621	4156.92307672	4161.28205108	
4191.02564089	4056.02564061	4144.87179467	4124.74358947	4127.17948691	4162.05128185	4164.23076903	4145.89743569	4162.82051262	4146.28205108	4142.17948697	4139.61538441	4151.66666646	4164.87179467	
4209.35897429	4090.6410253	4164.23076903	4142.43589723	4167.3076921	4178.97435884	4182.17948704	4166.79487159	4176.28205115	4155.38461518	4158.33333313	4160.25641005	4167.69230749	4185.51282038	
4227.5641025	4121.15384588	4188.71794858	4167.69230749	4200.38461525	4186.15384602	4199.74358961	4190.38461525	4197.30769217	4190.76923063	4187.05128192	4182.94871781	4197.05128192	4206.28205122	
4241.53846154	4142.17948697	4203.97435891	4188.3333332	4199.10256397	4207.94871788	4217.82051275	4209.61538455	4212.30769224	4215.38461532	4207.17948711	4200.38461525	4214.99999993	4218.33333327	
4254.87179488	4168.84615371	4217.69230763	4199.61538448	4213.58974352	4221.92307686	4228.84615378	4226.28205122	4222.94871788	4224.74358968	4218.97435891	4214.23076917	4224.87179481	4231.41025634	
4270.38461546	4198.84615371	4238.58974359	4220.25641019	4232.94871788	4224.74358968	4239.74358975	4241.53846154	4236.41025641	4242.30769231	4234.61538462	4232.30769224	4245.64102564	4248.33333334	
4285.25641033	4232.5641025	4259.74358975	4249.23076923	4247.17948718	4243.58974359	4260.64102564	4262.43589744	4254.35897436	4268.33333341	4257.17948718	4255.64102564	4270.25641033	4265.8974359	
4291.923077	4254.10256411	4261.7948718	4256.02564103	4267.69230777	4264.23076923	4274.61538469	4274.74358982	4261.53846154	4274.35897443	4262.43589744	4261.7948718	4271.53846161	4271.15384623	
4303.4615386	4273.33333341	4269.87179495	4258.58974359	4279.48717956	4276.28205136	4285.25641033	4280.89743597	4262.6923077	4273.20512828	4265.51282052	4269.74358982	4276.28205136	4278.07692315	
4316.28205142	4298.58974366	4290.89743597	4266.28205129	4282.17948725	4279.87179495	4296.923077	4290.00000007	4272.43589751	4289.35897443	4285.76923084	4291.28205136	4298.07692315	4291.15384623	
4320.51282066	4311.53846168	4301.66666681	4280.38461546	4298.07692315	4278.46153853	4298.46153853	4295.89743597	4280.38461546	4307.56410271	4300.51282066	4303.58974373	4310.64102578	4298.46153853	
4319.74358989	4307.56410271	4302.43589758	4304.10256425	4306.02564117	4284.35897443	4293.97435905	4293.46153853	4277.69230777	4301.1538463	4299.61538476	4303.97435912	4307.43589758	4299.10256418	
4316.28205142	4302.30769245	4297.56410264	4297.56410264	4294.74358982	4279.61538469	4288.07692315	4285.64102571	4270.00000007	4285.89743597	4293.58974366	4296.79487187	4297.82051289	4292.69230777	
4314.48717963	4305.2564104	4295.00000007	4279.48717956	4294.35897443	4267.05128212	4285.51282059	4285.76923084	4270.25641033	4294.74358982	4294.74358982	4290.64102571	4297.69230777	4291.53846161	
4307.17948732	4304.23076937	4287.43589751	4272.30769238	4280.76923084	4269.48717956	4280.89743597	4282.30769238	4265.0	4293.20512828	4286.79487187	4281.28205136	4292.05128212	4286.53846161	
4293.71794879	4294.35897443	4273.58974366	4254.61538462	4250.51282052	4271.79487187	4272.43589751	4268.71794879	4252.05128206	4267.43589751	4271.28205136	4267.43589751	4275.64102571	4272.82051289	
4297.43589751	4288.97435905	4277.82051289	4258.46153847	4265.38461539	4264.35897436	4275.38461546	4274.2307693	4259.23076923	4274.2307693	4281.15384623	4276.53846161	4284.87179495	4277.43589751	
4297.56410264	4275.00000007	4277.43589751	4271.28205136	4277.94871802	4252.30769231	4269.61538469	4275.38461546	4260.8974359	4281.79487187	4282.69230777	4276.41025648	4286.79487187	4275.51282059	
4271.41025648	4246.92307693	4248.97435898	4237.94871795	4245.8974359	4237.82051282	4243.71794872	4243.58974359	4235.25641026	4243.20512821	4248.07692308	4238.84615385	4252.17948718	4246.7948718	
4262.30769231	4229.48717942	4237.05128206	4216.79487173	4237.30769231	4229.99999993	4233.20512814	4228.97435891	4223.97435891	4227.17948711	4234.74358975	4225.7692307	4242.43589744	4238.33333334	
4279.74358982	4230.64102558	4256.66666667	4244.23076923	4247.17948718	4237.05128206	4249.10256411	4248.71794872	4238.97435898	4257.82051282	4257.6923077	4250.38461539	4267.56410264	4257.56410257	
4292.17948725	4247.94871795	4270.89743597	4261.53846154	4239.35897436	4248.97435898	4263.58974359	4265.8974359	4251.28205129	4274.61538469	4273.33333341	4264.23076923	4280.51282059	4269.87179495	
4293.58974366	4269.10256418	4265.38461539	4245.8974359	4247.17948718	4247.6923077	4261.15384616	4264.23076923	4250.25641026	4262.30769231	4267.43589751	4258.33333334	4272.05128212	4266.28205129	
4295.00000007	4272.82051289	4263.46153847	4237.05128206	4264.87179488	4259.48717949	4268.20512828	4267.17948725	4256.02564103	4262.6923077	4264.87179488	4260.51282052	4267.30769238	4267.17948725	
4298.58974366	4269.48717956	4275.25641033	4245.51282052	4275.89743597	4274.48717956	4284.48717956	4286.41025648	4271.923077	4282.17948725	4275.51282059	4271.66666674	4278.58974366	4280.1282052	
4300.2564104	4276.28205136	4278.33333341	4252.30769231	4285.38461546	4269.74358982	4286.15384623	4293.07692315	4276.53846161	4285.00000007	4279.74358982	4273.84615392	4284.61538469	4283.33333341	
4306.28205142	4288.84615392	4278.46153853	4261.41025641	4281.0256411	4273.71794879	4286.923077	4291.923077	4274.87179495	4282.05128212	4281.923077	4279.87179495	4287.05128212	4280.25641033	
4302.43589758	4280.00000007	4276.28205136	4257.6923077	4262.94871795	4269.2307693	4281.28205136	4286.79487187	4269.74358982	4282.56410264	4281.66666674	4279.48717956	4287.30769238	4278.46153853	
4286.923077	4256.41025641	4261.7948718	4235.8974359	4258.20512821	4242.94871795	4262.17948718	4266.923077	4255.64102564	4267.82051289	4270.76923084	4260.51282052	4273.71794879	4267.94871802	
4276.15384623	4233.33333327	4243.33333334	4220.51282045	4241.41025641	4235.12820513	4245.76923077	4242.56410257	4237.56410257	4242.43589744	4251.66666667	4241.41025641	4252.30769231	4251.53846154	
4266.53846154	4204.87179481	4227.5641025	4210.64102558	4205.25641019	4235.0	4232.69230763	4222.69230763	4221.02564096	4225.25641019	4229.35897429	4227.82051275	4232.30769224	4236.02564103	
4262.43589744	4195.76923063	4226.79487173	4207.94871788	4217.05128199	4218.97435891	4225.89743583	4219.61538455	4219.48717942	4227.43589737	4225.38461532	4222.30769224	4227.69230763	4231.92307686	
4261.15384616	4197.17948704	4229.35897429	4204.10256404	4234.87179488	4214.99999993	4227.30769224	4219.61538455	4218.07692301	4222.30769224	4225.7692307	4214.48717942	4225.51282045	4230.51282045	
4262.82051282	4197.17948704	4227.82051275	4202.05128199	4211.6666666	4227.5641025	4229.35897429	4218.33333327	4214.74358968	4211.79487173	4221.92307686	4212.05128199	4220.38461532	4230.12820506	
4278.71794879	4215.12820506	4240.0	4221.02564096	4221.02564096	4234.10256411	4236.02564103	4234.74358975	4231.02564096	4229.99999993	4236.92307693	4234.87179488	4238.46153847	4244.23076923	
4285.38461546	4223.71794865	4248.07692308	4232.69230763	4253.07692308	4234.23076923	4243.07692308	4241.15384616	4238.07692308	4241.15384616	4245.0	4243.71794872	4247.6923077	4247.56410257	
4279.35897443	4217.69230763	4245.51282052	4226.92307686	4250.0	4245.51282052	4248.20512821	4237.94871795	4235.76923077	4239.10256411	4242.56410257	4234.61538462	4239.74358975	4242.17948718	
4286.41025648	4228.97435891	4255.12820513	4236.41025641	4249.35897436	4261.02564103	4258.46153847	4257.56410257	4256.02564103	4262.6923077	4267.17948725	4251.41025641	4256.66666667	4256.66666667	
4298.58974366	4248.46153847	4271.28205136	4264.23076923	4273.71794879	4257.17948718	4262.43589744	4272.82051289	4270.89743597	4277.05128212	4288.97435905	4270.1282052	4280.38461546	4270.1282052	
4297.69230777	4254.48717949	4272.94871802	4275.00000007	4270.51282059	4257.05128206	4259.87179488	4264.61538462	4260.76923077	4266.15384616	4278.71794879	4264.23076923	4278.46153853	4264.61538462	
4292.43589751	4251.15384616	4265.51282052	4259.23076923	4250.38461539	4267.05128212	4260.8974359	4259.23076923	4253.58974359	4265.0	4274.35897443	4260.8974359	4271.28205136	4259.87179488	
4294.10256418	4250.51282052	4268.84615392	4256.28205129	4268.58974366	4260.25641026	4263.33333334	4267.94871802	4261.92307693	4277.82051289	4290.51282059	4270.25641033	4281.41025648	4267.05128212	
4296.15384623	4256.28205129	4272.05128212	4267.05128212	4290.25641033	4255.12820513	4264.87179488	4270.76923084	4266.28205129	4281.53846161	4292.94871802	4269.61538469	4284.10256418	4270.64102571	
4290.89743597	4253.71794872	4257.56410257	4257.17948718	4269.87179495	4263.84615385	4263.20512821	4259.87179488	4255.8974359	4267.94871802	4273.58974366	4254.87179488	4267.05128212	4260.8974359	
4286.53846161	4242.43589744	4250.0	4250.25641026	4256.92307693	4260.0	4258.07692308	4255.76923077	4249.48717949	4256.02564103	4263.84615385	4246.92307693	4257.05128206	4250.64102564	
4286.0256411	4235.51282052	4252.43589744	4257.56410257	4266.02564103	4248.07692308	4251.66666667	4258.46153847	4252.05128206	4253.71794872	4266.28205129	4243.58974359	4256.66666667	4249.48717949	
4286.0256411	4235.51282052	4252.43589744	4257.56410257	4266.02564103	4248.07692308	4251.66666667	4258.46153847	4252.05128206	4253.71794872	4266.28205129	4243.58974359	4256.66666667	4249.48717949	
4287.69230777	4232.05128199	4249.48717949	4250.76923077	4265.64102564	4255.51282052	4253.97435898	4257.17948718	4250.76923077	4256.41025641	4267.30769238	4239.35897436	4257.30769231	4254.61538462	
4292.43589751	4233.4615384	4248.58974359	4244.87179488	4271.53846161	4260.64102564	4259.61538462	4260.12820513	4251.02564103	4259.48717949	4270.00000007	4240.76923077	4259.10256411	4258.58974359	
4292.82051289	4230.89743583	4247.30769231	4242.17948718	4266.28205129	4253.97435898	4260.76923077	4263.46153847	4253.33333334	4254.61538462	4266.41025641	4240.0	4254.35897436	4256.7948718	
4301.92307707	4241.53846154	4258.46153847	4246.28205129	4258.97435898	4267.30769238	4271.53846161	4271.923077	4259.87179488	4262.82051282	4274.35897443	4250.0	4264.35897436	4267.82051289	
4317.69230784	4269.35897443	4276.0256411	4265.25641026	4277.94871802	4281.79487187	4285.00000007	4285.64102571	4268.33333341	4286.41025648	4294.10256418	4268.84615392	4285.64102571	4285.38461546	
4318.71794886	4277.05128212	4274.74358982	4270.25641033	4293.07692315	4273.84615392	4284.48717956	4287.82051289	4271.66666674	4291.53846161	4294.61538469	4268.20512828	4282.94871802	4282.94871802	
4314.74358989	4267.82051289	4272.17948725	4265.0	4292.69230777	4276.28205136	4283.07692315	4288.46153853	4277.43589751	4287.43589751	4292.30769238	4265.0	4279.48717956	4278.84615392	
4317.05128219	4276.28205136	4277.56410264	4268.84615392	4290.25641033	4294.10256418	4289.35897443	4297.17948725	4282.69230777	4295.64102571	4301.66666681	4270.1282052	4291.53846161	4282.94871802	
4326.66666681	4301.79487194	4286.923077	4277.82051289	4304.10256425	4310.2564104	4305.51282066	4313.20512835	4292.30769238	4311.79487194	4315.76923091	4279.48717956	4302.43589758	4292.05128212	
4332.43589765	4307.43589758	4294.48717956	4285.89743597	4322.30769245	4307.56410271	4311.41025655	4322.43589758	4303.33333348	4319.74358989	4320.89743604	4287.56410264	4305.2564104	4298.20512828	
4331.53846168	4307.56410271	4293.58974366	4297.30769238	4323.84615399	4292.43589751	4302.17948732	4317.94871809	4302.43589758	4318.20512835	4317.05128219	4288.97435905	4306.1538463	4296.41025648	
4335.89743611	4325.38461553	4296.923077	4304.74358989	4322.17948732	4302.43589758	4308.58974373	4321.92307707	4303.84615399	4326.53846168	4325.00000014	4298.07692315	4317.30769245	4304.87179501	
4321.66666681	4299.2307693	4283.07692315	4277.69230777	4298.33333341	4302.05128219	4301.1538463	4302.94871809	4290.00000007	4310.89743604	4312.56410271	4286.79487187	4305.38461553	4295.64102571	
4285.76923084	4230.25641019	4240.25641026	4235.76923077	4250.76923077	4252.17948718	4252.6923077	4252.05128206	4249.74358975	4262.05128206	4267.05128212	4241.66666667	4259.87179488	4252.17948718	
4263.71794872	4191.28205115	4210.38461532	4216.92307686	4223.58974352	4215.64102558	4216.15384609	4225.25641019	4224.23076917	4233.20512814	4236.02564103	4209.35897429	4227.5641025	4223.84615378	
4261.02564103	4184.61538448	4209.35897429	4207.5641025	4220.25641019	4231.53846147	4220.7692307	4227.30769224	4226.28205122	4233.71794865	4235.64102564	4206.79487173	4227.5641025	4228.97435891	
4271.41025648	4191.02564089	4219.87179481	4206.92307686	4226.6666666	4249.10256411	4235.0	4232.69230763	4232.94871788	4238.07692308	4243.71794872	4215.51282045	4241.66666667	4240.51282052	
4285.76923084	4211.02564096	4232.5641025	4230.7692307	4244.61538462	4237.43589744	4236.02564103	4239.10256411	4235.38461539	4242.05128206	4252.05128206	4225.12820506	4248.58974359	4245.76923077	
4287.94871802	4217.94871788	4240.51282052	4244.48717949	4255.12820513	4234.61538462	4238.58974359	4247.56410257	4241.15384616	4249.23076923	4260.25641026	4231.79487173	4248.58974359	4250.12820513	
4287.05128212	4210.64102558	4238.20512821	4226.6666666	4249.48717949	4245.25641026	4245.8974359	4255.0	4247.17948718	4254.23076923	4259.23076923	4234.35897436	4251.41025641	4254.74358975	
4288.33333341	4207.69230763	4233.71794865	4220.12820506	4244.10256411	4244.10256411	4244.10256411	4250.8974359	4241.41025641	4249.87179488	4250.38461539	4232.43589737	4248.20512821	4250.0	
4285.1282052	4212.30769224	4235.51282052	4246.7948718	4249.10256411	4243.46153847	4237.6923077	4242.43589744	4236.28205129	4245.0	4248.84615385	4230.7692307	4241.7948718	4242.56410257	
4286.41025648	4218.84615378	4239.23076923	4258.07692308	4252.94871795	4246.28205129	4241.7948718	4244.61538462	4242.6923077	4250.64102564	4256.02564103	4233.20512814	4248.07692308	4246.53846154	
4298.97435905	4228.84615378	4248.46153847	4252.82051282	4259.10256411	4255.51282052	4257.6923077	4258.58974359	4255.0	4264.87179488	4266.28205129	4245.12820513	4263.20512821	4259.74358975	
4311.79487194	4252.56410257	4263.71794872	4264.61538462	4268.97435905	4275.38461546	4270.38461546	4270.00000007	4260.8974359	4276.0256411	4279.61538469	4259.87179488	4273.58974366	4269.48717956	
4320.12820527	4275.00000007	4271.53846161	4281.15384623	4282.43589751	4280.89743597	4270.89743597	4273.97435905	4260.76923077	4281.0256411	4289.2307693	4265.8974359	4280.1282052	4274.10256418	
4325.51282066	4273.58974366	4276.66666674	4287.05128212	4295.64102571	4277.30769238	4277.30769238	4282.82051289	4266.79487187	4288.33333341	4293.84615392	4272.30769238	4291.53846161	4282.82051289	
4326.1538463	4264.61538462	4282.17948725	4290.1282052	4292.94871802	4283.84615392	4288.07692315	4290.64102571	4273.07692315	4294.61538469	4298.71794879	4279.10256418	4299.48717963	4290.00000007	
4324.87179501	4274.35897443	4279.48717956	4292.82051289	4294.61538469	4286.923077	4283.20512828	4288.46153853	4271.28205136	4295.76923084	4298.07692315	4276.41025648	4294.61538469	4286.79487187	
4313.58974373	4264.87179488	4265.38461539	4277.82051289	4294.2307693	4270.51282059	4263.97435898	4275.25641033	4258.58974359	4281.53846161	4283.07692315	4261.66666667	4278.84615392	4271.53846161	
4277.82051289	4195.38461525	4225.7692307	4226.53846147	4241.15384616	4234.23076923	4232.30769224	4238.84615385	4230.7692307	4236.7948718	4244.23076923	4221.28205122	4241.7948718	4239.35897436	
4250.76923077	4135.25640998	4190.89743576	4190.89743576	4192.17948704	4209.23076917	4208.33333327	4209.23076917	4209.23076917	4203.97435891	4213.71794865	4186.79487166	4208.71794865	4212.94871788	
4258.84615385	4138.58974339	4195.76923063	4206.6666666	4208.4615384	4214.87179481	4207.43589737	4209.61538455	4206.53846147	4208.33333327	4215.38461532	4190.38461525	4209.10256404	4212.17948711	
4274.61538469	4164.1025639	4215.12820506	4230.12820506	4227.69230763	4225.64102558	4220.38461532	4219.87179481	4214.48717942	4226.79487173	4231.79487173	4210.51282045	4227.17948711	4226.02564096	
4281.0256411	4178.71794858	4224.61538455	4236.66666667	4229.10256404	4238.46153847	4239.10256411	4234.10256411	4230.7692307	4248.46153847	4250.0	4227.30769224	4245.25641026	4241.41025641	
4285.51282059	4189.74358961	4229.48717942	4239.48717949	4246.66666667	4250.12820513	4248.07692308	4248.46153847	4241.7948718	4256.02564103	4259.23076923	4234.87179488	4253.71794872	4250.8974359	
4296.15384623	4212.5641025	4242.6923077	4248.97435898	4268.58974366	4261.53846154	4255.38461539	4262.43589744	4247.94871795	4258.58974359	4264.61538462	4243.71794872	4261.92307693	4259.35897436	
4303.58974373	4234.74358975	4253.33333334	4260.12820513	4281.41025648	4275.25641033	4271.53846161	4275.51282059	4260.25641026	4276.41025648	4272.69230777	4257.17948718	4272.69230777	4267.82051289	
4301.41025655	4230.7692307	4250.51282052	4263.33333334	4280.25641033	4269.35897443	4277.30769238	4280.25641033	4268.07692315	4283.33333341	4274.35897443	4261.7948718	4276.0256411	4269.35897443	
4310.00000014	4231.02564096	4263.58974359	4276.28205136	4278.71794879	4267.56410264	4278.71794879	4295.25641033	4280.00000007	4290.25641033	4289.74358982	4274.10256418	4291.53846161	4282.69230777	
4316.79487194	4247.30769231	4274.48717956	4283.07692315	4277.82051289	4277.82051289	4284.35897443	4302.82051296	4284.87179495	4300.38461553	4303.33333348	4281.41025648	4302.17948732	4290.51282059	
4312.17948732	4258.20512821	4265.25641026	4274.61538469	4277.17948725	4278.71794879	4283.58974366	4288.97435905	4274.10256418	4295.25641033	4293.84615392	4272.30769238	4291.53846161	4281.0256411	
4316.92307707	4263.33333334	4268.33333341	4286.28205136	4294.74358982	4280.38461546	4283.07692315	4290.38461546	4276.53846161	4300.38461553	4292.69230777	4276.28205136	4293.20512828	4285.25641033	
4310.2564104	4241.7948718	4263.71794872	4280.51282059	4286.66666674	4280.51282059	4277.17948725	4287.56410264	4273.20512828	4293.07692315	4287.05128212	4271.28205136	4288.97435905	4280.25641033	
4288.71794879	4209.10256404	4242.17948718	4252.30769231	4253.84615385	4260.12820513	4255.8974359	4258.33333334	4251.15384616	4259.23076923	4265.76923077	4246.66666667	4264.61538462	4256.53846154	
4281.53846161	4206.92307686	4233.4615384	4252.30769231	4250.25641026	4238.07692308	4239.87179488	4239.61538462	4236.53846154	4242.56410257	4254.35897436	4235.51282052	4249.48717949	4244.87179488	
4290.25641033	4222.05128199	4243.46153847	4267.82051289	4269.61538469	4245.64102564	4249.23076923	4250.38461539	4242.82051282	4253.97435898	4263.20512821	4247.94871795	4258.20512821	4255.25641026	
4296.28205136	4227.05128199	4252.6923077	4265.38461539	4269.61538469	4262.82051282	4262.56410257	4264.23076923	4253.71794872	4262.05128206	4273.46153853	4260.25641026	4272.05128212	4267.17948725	
4291.79487187	4226.6666666	4247.6923077	4261.92307693	4256.41025641	4261.53846154	4259.23076923	4260.12820513	4250.25641026	4253.33333334	4268.07692315	4255.64102564	4269.10256418	4264.74358975	
4294.2307693	4238.71794872	4250.25641026	4278.07692315	4269.74358982	4262.30769231	4264.35897436	4262.82051282	4251.02564103	4262.43589744	4272.56410264	4259.61538462	4272.43589751	4267.05128212	
4306.1538463	4253.84615385	4264.87179488	4293.46153853	4285.38461546	4276.15384623	4279.74358982	4279.74358982	4265.0	4285.1282052	4286.41025648	4275.1282052	4287.30769238	4277.43589751	
4313.84615399	4267.17948725	4276.53846161	4302.30769245	4292.82051289	4280.25641033	4283.46153853	4289.10256418	4275.1282052	4290.64102571	4295.38461546	4283.58974366	4296.28205136	4287.17948725	
4315.64102578	4282.56410264	4279.35897443	4303.07692322	4311.53846168	4283.58974366	4285.25641033	4291.79487187	4278.46153853	4287.94871802	4301.53846168	4287.56410264	4300.89743604	4291.923077	
4313.84615399	4288.71794879	4276.41025648	4298.84615392	4319.87179501	4294.87179495	4291.0256411	4294.74358982	4279.2307693	4293.46153853	4300.38461553	4289.35897443	4302.05128219	4288.46153853	
4308.58974373	4284.48717956	4272.56410264	4305.51282066	4299.74358989	4283.97435905	4284.2307693	4289.87179495	4275.00000007	4294.35897443	4291.923077	4282.56410264	4294.10256418	4282.69230777	
4295.64102571	4267.05128212	4257.30769231	4295.76923084	4261.7948718	4259.74358975	4264.74358975	4269.74358982	4261.28205129	4271.53846161	4278.71794879	4266.41025641	4276.41025648	4270.76923084	
4286.41025648	4253.20512821	4241.15384616	4271.28205136	4252.05128206	4257.94871795	4256.41025641	4257.17948718	4250.8974359	4254.61538462	4270.64102571	4257.17948718	4268.84615392	4261.15384616	
4296.923077	4271.66666674	4253.58974359	4278.07692315	4280.76923084	4276.923077	4271.79487187	4272.05128212	4261.02564103	4272.30769238	4282.56410264	4270.89743597	4286.28205136	4274.48717956	
4307.05128219	4295.25641033	4271.53846161	4301.66666681	4295.89743597	4282.94871802	4282.43589751	4285.89743597	4271.28205136	4286.41025648	4297.82051289	4283.20512828	4299.10256418	4289.10256418	
4300.89743604	4292.17948725	4264.10256411	4295.00000007	4287.69230777	4274.35897443	4275.51282059	4278.71794879	4264.74358975	4276.41025648	4291.15384623	4274.48717956	4290.00000007	4282.30769238	
4293.97435905	4274.87179495	4253.07692308	4277.05128212	4277.82051289	4267.82051289	4271.41025648	4271.79487187	4262.6923077	4273.84615392	4280.89743597	4267.17948725	4284.2307693	4274.35897443	
4287.43589751	4259.61538462	4246.02564103	4268.71794879	4260.0	4260.8974359	4264.48717949	4263.97435898	4257.6923077	4269.74358982	4275.00000007	4260.51282052	4276.41025648	4266.02564103	
4287.30769238	4266.53846154	4247.43589744	4278.07692315	4255.76923077	4259.61538462	4258.97435898	4261.7948718	4252.17948718	4262.05128206	4277.43589751	4258.07692308	4271.41025648	4265.12820513	
4292.30769238	4283.20512828	4255.38461539	4282.69230777	4264.35897436	4263.84615385	4264.35897436	4268.97435905	4257.43589744	4267.56410264	4283.20512828	4263.97435898	4279.2307693	4273.33333341	
4295.64102571	4284.48717956	4257.17948718	4273.84615392	4277.43589751	4262.30769231	4267.43589751	4270.89743597	4265.8974359	4275.76923084	4282.82051289	4270.38461546	4282.56410264	4273.97435905	
4295.38461546	4283.84615392	4260.8974359	4289.48717956	4297.43589751	4271.0256411	4271.28205136	4275.00000007	4271.41025648	4276.923077	4288.33333341	4276.66666674	4285.51282059	4275.25641033	
4290.38461546	4283.20512828	4257.17948718	4294.10256418	4284.74358982	4281.41025648	4274.35897443	4275.25641033	4267.56410264	4270.51282059	4287.56410264	4273.71794879	4285.89743597	4277.05128212	
4290.38461546	4285.25641033	4251.41025641	4271.53846161	4256.66666667	4273.58974366	4272.43589751	4272.69230777	4262.30769231	4267.43589751	4280.00000007	4267.30769238	4282.43589751	4273.20512828	
4290.51282059	4282.94871802	4255.76923077	4275.51282059	4266.53846154	4254.23076923	4262.82051282	4271.28205136	4262.17948718	4268.07692315	4277.94871802	4265.0	4277.82051289	4270.00000007	
4279.61538469	4263.97435898	4250.12820513	4282.43589751	4277.82051289	4242.05128206	4247.17948718	4257.82051282	4252.30769231	4256.53846154	4271.79487187	4258.07692308	4268.07692315	4263.46153847	
4269.10256418	4251.7948718	4234.48717949	4259.10256411	4260.51282052	4250.64102564	4246.41025641	4246.28205129	4240.38461539	4243.58974359	4254.10256411	4247.6923077	4258.33333334	4256.66666667	
4270.89743597	4257.43589744	4232.69230763	4249.87179488	4248.46153847	4257.82051282	4257.17948718	4249.61538462	4246.02564103	4245.12820513	4247.94871795	4246.28205129	4256.92307693	4259.35897436	
4283.58974366	4268.58974366	4249.61538462	4271.15384623	4255.8974359	4260.76923077	4264.48717949	4263.58974359	4260.12820513	4261.02564103	4274.48717956	4262.82051282	4273.97435905	4271.15384623	
4293.46153853	4283.71794879	4262.6923077	4283.33333341	4270.89743597	4268.33333341	4266.41025641	4274.74358982	4266.02564103	4277.05128212	4297.43589751	4281.66666674	4293.33333341	4281.66666674	
4287.82051289	4289.87179495	4260.0	4280.89743597	4276.15384623	4263.71794872	4265.38461539	4270.1282052	4262.17948718	4272.94871802	4287.30769238	4278.58974366	4288.84615392	4280.51282059	
4284.61538469	4288.58974366	4259.61538462	4280.00000007	4267.69230777	4255.0	4267.05128212	4265.64102564	4261.53846154	4262.30769231	4283.07692315	4275.76923084	4284.10256418	4278.20512828	
4291.15384623	4293.97435905	4263.20512821	4275.1282052	4264.10256411	4257.94871795	4268.07692315	4269.48717956	4263.20512821	4262.05128206	4290.38461546	4282.69230777	4288.97435905	4279.74358982	
4291.66666674	4295.25641033	4262.82051282	4274.74358982	4275.64102571	4271.79487187	4268.97435905	4271.28205136	4262.17948718	4270.51282059	4287.82051289	4283.71794879	4290.38461546	4279.61538469	
4278.71794879	4274.48717956	4250.0	4271.41025648	4278.84615392	4258.20512821	4258.07692308	4258.46153847	4255.38461539	4264.61538462	4276.15384623	4273.33333341	4280.00000007	4267.82051289	
4252.17948718	4233.07692301	4216.92307686	4242.17948718	4239.10256411	4223.4615384	4231.15384609	4228.71794865	4231.02564096	4227.05128199	4241.41025641	4238.58974359	4245.51282052	4237.56410257	
4235.38461539	4209.99999993	4195.51282038	4214.74358968	4200.76923063	4226.02564096	4221.02564096	4216.02564096	4215.12820506	4207.30769224	4209.10256404	4210.25641019	4215.64102558	4220.7692307	
4235.8974359	4208.20512814	4197.82051269	4208.07692301	4205.12820506	4236.15384616	4223.71794865	4221.79487173	4220.51282045	4215.12820506	4209.61538455	4209.23076917	4216.53846147	4224.99999993	
4238.71794872	4196.5384614	4200.89743576	4213.71794865	4223.07692301	4216.15384609	4219.61538455	4221.6666666	4223.97435891	4211.02564096	4221.28205122	4216.53846147	4225.25641019	4230.38461532	
4243.07692308	4197.56410243	4203.71794865	4221.15384609	4228.33333327	4213.58974352	4223.20512814	4222.17948711	4221.6666666	4206.02564096	4225.25641019	4221.15384609	4227.69230763	4234.10256411	
4251.66666667	4226.6666666	4215.7692307	4228.33333327	4231.02564096	4239.48717949	4240.0	4233.20512814	4226.28205122	4220.38461532	4233.07692301	4226.79487173	4237.43589744	4239.35897436	
4265.38461539	4253.58974359	4233.84615385	4249.10256411	4246.92307693	4256.02564103	4255.64102564	4252.56410257	4244.10256411	4244.87179488	4255.38461539	4244.87179488	4261.41025641	4252.6923077	
4272.05128212	4252.94871795	4239.87179488	4262.94871795	4263.84615385	4255.76923077	4259.23076923	4263.71794872	4255.8974359	4257.6923077	4267.69230777	4258.07692308	4271.53846161	4261.66666667	
4264.10256411	4249.10256411	4232.30769224	4259.35897436	4268.97435905	4249.23076923	4252.17948718	4257.30769231	4253.46153847	4254.23076923	4257.56410257	4251.02564103	4261.66666667	4254.61538462	
4258.97435898	4254.23076923	4230.7692307	4260.25641026	4264.10256411	4252.30769231	4248.84615385	4251.02564103	4248.97435898	4247.82051282	4251.66666667	4243.71794872	4257.94871795	4248.71794872	
4262.6923077	4250.12820513	4232.43589737	4260.64102564	4250.8974359	4258.07692308	4251.66666667	4253.84615385	4248.97435898	4246.15384616	4260.0	4248.84615385	4261.92307693	4252.17948718	
4265.64102564	4244.61538462	4233.84615385	4260.38461539	4251.7948718	4247.43589744	4254.61538462	4260.51282052	4255.76923077	4249.35897436	4267.17948725	4257.94871795	4267.94871802	4256.7948718	
4263.33333334	4251.41025641	4236.53846154	4266.41025641	4261.66666667	4240.51282052	4253.84615385	4260.12820513	4259.35897436	4254.74358975	4265.64102564	4256.53846154	4271.28205136	4257.56410257	
4264.87179488	4267.30769238	4239.35897436	4267.94871802	4261.92307693	4253.07692308	4257.56410257	4256.7948718	4255.12820513	4256.92307693	4262.94871795	4254.48717949	4267.56410264	4258.84615385	
4277.05128212	4279.2307693	4251.15384616	4278.84615392	4269.2307693	4265.51282052	4270.76923084	4269.87179495	4259.48717949	4263.46153847	4272.94871802	4269.74358982	4276.15384623	4269.35897443	
4276.53846161	4265.25641026	4247.94871795	4279.2307693	4270.1282052	4257.17948718	4268.46153853	4271.79487187	4258.20512821	4261.7948718	4272.30769238	4269.74358982	4279.48717956	4268.71794879	
4261.92307693	4243.71794872	4228.20512814	4252.82051282	4259.10256411	4253.07692308	4254.87179488	4250.76923077	4242.82051282	4243.20512821	4254.74358975	4248.33333334	4262.43589744	4256.15384616	
4260.64102564	4243.07692308	4228.33333327	4244.87179488	4253.46153847	4257.94871795	4253.46153847	4245.64102564	4242.05128206	4239.61538462	4253.84615385	4249.23076923	4258.46153847	4256.92307693	
4263.71794872	4243.58974359	4231.92307686	4251.15384616	4240.64102564	4246.53846154	4251.02564103	4250.8974359	4245.64102564	4243.97435898	4256.41025641	4253.33333334	4260.76923077	4257.82051282	
4259.10256411	4232.94871788	4224.61538455	4249.23076923	4238.46153847	4236.02564103	4243.07692308	4248.84615385	4243.58974359	4239.10256411	4251.92307693	4245.38461539	4253.20512821	4251.66666667	
4247.82051282	4220.89743583	4213.58974352	4235.76923077	4248.97435898	4238.97435898	4236.28205129	4238.33333334	4237.82051282	4229.23076917	4244.10256411	4235.38461539	4243.84615385	4242.6923077	
4240.38461539	4213.97435891	4207.94871788	4228.4615384	4242.56410257	4243.20512821	4236.28205129	4232.82051275	4232.30769224	4226.28205122	4236.41025641	4225.64102558	4241.02564103	4235.12820513	
4247.6923077	4226.15384609	4216.6666666	4238.84615385	4228.97435891	4243.71794872	4244.87179488	4244.61538462	4239.23076923	4235.51282052	4240.64102564	4229.99999993	4247.05128206	4243.58974359	
4252.43589744	4235.76923077	4221.02564096	4241.7948718	4234.23076923	4235.51282052	4243.84615385	4245.12820513	4242.43589744	4231.53846147	4241.7948718	4236.92307693	4245.38461539	4250.0	
4247.82051282	4222.43589737	4216.6666666	4238.97435898	4238.58974359	4230.25641019	4232.94871788	4231.02564096	4237.43589744	4224.23076917	4233.97435898	4231.79487173	4237.30769231	4241.15384616	
4244.74358975	4204.10256404	4212.69230763	4238.97435898	4231.92307686	4234.74358975	4233.58974352	4228.33333327	4235.38461539	4229.48717942	4227.94871788	4224.35897429	4235.8974359	4233.58974352	
4246.15384616	4199.48717935	4210.38461532	4232.17948711	4234.61538462	4238.71794872	4244.10256411	4233.4615384	4233.33333327	4228.07692301	4227.94871788	4223.4615384	4235.51282052	4237.94871795	
4253.97435898	4217.43589737	4218.07692301	4236.28205129	4251.02564103	4240.64102564	4251.66666667	4240.76923077	4237.56410257	4227.17948711	4237.82051282	4233.07692301	4242.43589744	4248.71794872	
4258.84615385	4235.51282052	4227.17948711	4248.20512821	4254.48717949	4245.38461539	4252.56410257	4249.48717949	4243.84615385	4234.10256411	4245.76923077	4238.20512821	4250.25641026	4252.05128206	
4261.41025641	4239.87179488	4233.71794865	4254.23076923	4256.92307693	4249.10256411	4254.23076923	4259.10256411	4251.41025641	4247.6923077	4254.10256411	4241.7948718	4257.17948718	4254.61538462	
4267.17948725	4243.07692308	4240.8974359	4261.66666667	4272.17948725	4255.38461539	4261.92307693	4267.82051289	4259.23076923	4260.51282052	4265.64102564	4252.6923077	4267.56410264	4263.84615385	
4272.69230777	4251.41025641	4246.02564103	4271.15384623	4268.58974366	4269.87179495	4270.76923084	4270.38461546	4259.10256411	4262.30769231	4268.84615392	4260.25641026	4271.66666674	4267.94871802	
4277.43589751	4268.71794879	4252.82051282	4277.43589751	4261.15384616	4276.923077	4272.43589751	4270.38461546	4258.46153847	4263.84615385	4271.79487187	4261.41025641	4274.2307693	4267.30769238	
4278.20512828	4276.15384623	4255.0	4278.84615392	4270.64102571	4261.7948718	4264.74358975	4267.56410264	4259.87179488	4263.71794872	4274.87179495	4260.0	4276.0256411	4267.43589751	
4279.2307693	4274.10256418	4254.23076923	4278.84615392	4287.30769238	4254.35897436	4264.61538462	4265.8974359	4261.02564103	4263.46153847	4275.25641033	4262.94871795	4277.56410264	4272.30769238	
4278.84615392	4266.66666674	4254.10256411	4276.923077	4295.00000007	4266.15384616	4270.51282059	4266.15384616	4259.61538462	4266.66666674	4274.61538469	4265.51282052	4278.71794879	4275.38461546	
4271.79487187	4256.15384616	4245.8974359	4266.02564103	4276.15384623	4266.28205129	4262.82051282	4258.97435898	4253.20512821	4258.33333334	4267.30769238	4253.20512821	4271.66666674	4265.12820513	
4271.66666674	4261.7948718	4246.28205129	4269.74358982	4264.48717949	4258.71794872	4258.58974359	4262.6923077	4257.30769231	4255.76923077	4269.10256418	4251.15384616	4274.10256418	4263.33333334	
4275.76923084	4269.2307693	4255.25641026	4285.00000007	4269.35897443	4264.35897436	4267.94871802	4273.20512828	4265.76923077	4265.0	4282.30769238	4264.35897436	4283.33333341	4275.25641033	
4279.48717956	4281.15384623	4258.58974359	4284.10256418	4280.25641033	4283.07692315	4279.87179495	4276.53846161	4268.46153853	4272.69230777	4287.43589751	4270.76923084	4286.923077	4280.00000007	
4292.17948725	4309.10256425	4269.87179495	4289.35897443	4306.28205142	4293.84615392	4291.41025648	4293.07692315	4281.28205136	4289.35897443	4296.28205136	4282.17948725	4300.00000014	4288.46153853	
4298.97435905	4321.92307707	4280.89743597	4307.56410271	4321.53846168	4287.17948725	4295.38461546	4308.4615386	4292.56410264	4302.69230784	4305.2564104	4291.79487187	4310.2564104	4297.69230777	
4292.94871802	4316.1538463	4277.94871802	4312.69230784	4309.87179501	4290.89743597	4294.87179495	4303.33333348	4289.48717956	4295.89743597	4301.1538463	4288.71794879	4305.2564104	4294.87179495	
4289.61538469	4314.3589745	4272.43589751	4304.61538476	4296.15384623	4297.30769238	4294.61538469	4298.97435905	4286.923077	4290.00000007	4297.30769238	4286.15384623	4300.89743604	4289.35897443	
4295.38461546	4320.38461553	4278.71794879	4303.71794886	4306.28205142	4287.94871802	4295.25641033	4306.41025655	4290.89743597	4299.61538476	4307.94871809	4293.84615392	4310.00000014	4295.1282052	
4301.28205142	4328.07692322	4285.51282059	4305.38461553	4313.71794886	4287.30769238	4296.79487187	4309.74358989	4292.30769238	4304.23076937	4316.79487194	4301.79487194	4317.43589758	4302.69230784	
4295.1282052	4327.43589758	4278.33333341	4301.41025655	4305.51282066	4293.97435905	4293.33333341	4300.12820527	4286.0256411	4295.38461546	4306.1538463	4297.17948725	4309.10256425	4295.00000007	
4295.64102571	4326.92307707	4282.05128212	4315.38461553	4315.00000014	4296.15384623	4295.00000007	4300.12820527	4289.10256418	4298.58974366	4307.69230784	4300.38461553	4311.92307707	4294.35897443	
4302.43589758	4335.25641047	4291.923077	4324.61538476	4323.71794886	4290.38461546	4293.46153853	4300.64102578	4292.17948725	4303.84615399	4316.53846168	4304.10256425	4318.58974373	4299.2307693	
4296.28205136	4332.6923079	4283.97435905	4309.23076937	4303.33333348	4279.2307693	4282.69230777	4289.35897443	4282.69230777	4296.79487187	4311.02564117	4298.71794879	4311.66666681	4292.30769238	
4288.97435905	4317.69230784	4275.51282059	4300.51282066	4287.94871802	4280.00000007	4283.07692315	4290.76923084	4279.10256418	4293.58974366	4310.2564104	4299.35897443	4308.58974373	4287.17948725	
4288.20512828	4313.07692322	4271.53846161	4298.46153853	4290.51282059	4289.2307693	4285.76923084	4291.923077	4274.2307693	4281.79487187	4303.07692322	4292.30769238	4300.76923091	4283.71794879	
4286.15384623	4319.87179501	4266.79487187	4293.71794879	4290.38461546	4284.61538469	4278.71794879	4283.58974366	4269.48717956	4268.71794879	4288.58974366	4280.76923084	4290.89743597	4280.76923084	
4282.17948725	4310.2564104	4270.1282052	4299.61538476	4291.15384623	4265.0	4270.1282052	4278.58974366	4272.17948725	4276.53846161	4293.20512828	4284.48717956	4295.51282059	4282.69230777	
4278.46153853	4292.69230777	4267.69230777	4298.84615392	4283.20512828	4264.61538462	4270.00000007	4272.69230777	4268.58974366	4277.43589751	4291.66666674	4280.25641033	4291.28205136	4278.58974366	
4266.923077	4283.20512828	4246.41025641	4269.2307693	4257.43589744	4278.46153853	4266.53846154	4260.8974359	4255.51282052	4258.20512821	4261.66666667	4253.58974359	4266.79487187	4261.41025641	
4249.10256411	4253.97435898	4228.33333327	4250.25641026	4239.61538462	4251.92307693	4242.82051282	4241.53846154	4239.23076923	4241.02564103	4247.30769231	4237.17948718	4251.02564103	4244.48717949	
4244.23076923	4221.15384609	4231.28205122	4250.8974359	4238.58974359	4213.84615378	4223.20512814	4226.6666666	4228.33333327	4231.41025634	4261.41025641	4241.41025641	4252.56410257	4241.02564103	
4251.15384616	4221.28205122	4234.74358975	4240.51282052	4239.35897436	4220.89743583	4227.82051275	4227.94871788	4228.58974352	4225.7692307	4262.6923077	4241.28205129	4251.02564103	4245.0	
4251.41025641	4228.4615384	4228.33333327	4238.97435898	4230.89743583	4240.0	4234.74358975	4233.07692301	4235.25641026	4229.61538455	4256.92307693	4237.30769231	4248.84615385	4244.10256411	
4254.10256411	4238.84615385	4240.38461539	4265.0	4242.17948718	4239.23076923	4237.56410257	4240.76923077	4247.6923077	4246.66666667	4273.20512828	4251.15384616	4264.23076923	4250.51282052	
4261.28205129	4255.0	4253.58974359	4271.66666674	4259.23076923	4240.76923077	4246.7948718	4250.25641026	4257.6923077	4258.46153847	4280.89743597	4262.94871795	4276.79487187	4260.25641026	
4261.66666667	4258.58974359	4246.66666667	4257.6923077	4253.58974359	4263.33333334	4260.38461539	4257.56410257	4258.58974359	4261.92307693	4274.35897443	4256.66666667	4273.33333341	4258.71794872	
4269.2307693	4272.56410264	4254.10256411	4278.33333341	4270.38461546	4282.56410264	4273.71794879	4274.35897443	4266.923077	4278.07692315	4290.89743597	4268.58974366	4283.97435905	4265.64102564	
4274.2307693	4283.46153853	4264.23076923	4291.79487187	4283.58974366	4269.61538469	4271.66666674	4278.71794879	4273.33333341	4282.56410264	4297.69230777	4278.33333341	4291.66666674	4269.74358982	
4267.43589751	4265.38461539	4256.41025641	4276.66666674	4269.48717956	4250.51282052	4259.10256411	4265.12820513	4264.87179488	4267.30769238	4282.30769238	4266.02564103	4283.20512828	4260.64102564	
4261.41025641	4253.33333334	4245.76923077	4269.35897443	4269.35897443	4250.25641026	4253.84615385	4255.76923077	4256.02564103	4255.76923077	4274.10256418	4255.51282052	4273.20512828	4253.97435898	
