4221.41025634	4262.94871795	4257.6923077	4327.05128219	4189.2307691	4200.25641012	4202.17948711	4193.3333332	4194.99999986	4194.10256397	4240.51282052	4259.61538462	4219.48717942	4236.41025641	
4207.94871788	4247.30769231	4248.71794872	4309.61538476	4159.87179467	4196.28205115	4194.61538448	4179.74358961	4186.02564089	4180.51282038	4238.58974359	4248.33333334	4208.4615384	4227.17948711	
4201.53846147	4210.7692307	4235.12820513	4271.79487187	4192.94871781	4183.07692294	4186.79487166	4183.58974345	4189.2307691	4181.92307679	4240.38461539	4244.48717949	4213.4615384	4226.6666666	
4197.05128192	4213.71794865	4226.15384609	4265.38461539	4182.30769217	4195.25641012	4191.41025628	4184.87179474	4190.51282038	4180.76923063	4223.58974352	4234.87179488	4211.53846147	4222.43589737	
4204.61538455	4233.20512814	4238.33333334	4283.71794879	4182.4358973	4199.48717935	4202.43589737	4201.02564096	4201.28205122	4203.58974352	4225.38461532	4243.84615385	4221.15384609	4229.87179481	
4209.87179481	4245.38461539	4242.43589744	4282.30769238	4199.87179474	4202.43589737	4212.30769224	4210.7692307	4209.99999993	4217.30769224	4243.58974359	4248.84615385	4231.6666666	4237.56410257	
4207.30769224	4243.07692308	4232.05128199	4271.66666674	4207.82051275	4218.71794865	4220.7692307	4211.6666666	4214.48717942	4210.89743583	4218.33333327	4244.48717949	4230.7692307	4238.84615385	
4209.74358968	4251.02564103	4230.64102558	4272.56410264	4206.15384609	4230.64102558	4226.15384609	4220.64102558	4223.4615384	4219.61538455	4194.74358961	4245.12820513	4228.33333327	4241.92307693	
4213.84615378	4265.38461539	4236.02564103	4275.51282059	4229.74358968	4227.30769224	4229.23076917	4230.7692307	4229.99999993	4236.66666667	4246.92307693	4250.25641026	4237.43589744	4247.30769231	
4215.38461532	4265.0	4237.43589744	4280.76923084	4262.05128206	4226.41025634	4236.02564103	4236.53846154	4231.41025634	4241.15384616	4294.87179495	4254.48717949	4246.66666667	4250.64102564	
4214.23076917	4260.38461539	4232.05128199	4271.53846161	4234.61538462	4233.07692301	4241.53846154	4236.28205129	4230.7692307	4237.43589744	4266.02564103	4249.87179488	4239.61538462	4246.92307693	
4213.33333327	4273.20512828	4230.51282045	4262.82051282	4201.28205122	4230.51282045	4240.76923077	4234.87179488	4231.79487173	4238.97435898	4249.10256411	4249.23076923	4240.0	4246.41025641	
4219.87179481	4288.84615392	4240.51282052	4281.0256411	4234.61538462	4225.7692307	4245.51282052	4244.61538462	4236.7948718	4246.15384616	4278.84615392	4262.56410257	4260.25641026	4259.35897436	
4226.15384609	4290.1282052	4247.82051282	4283.58974366	4262.56410257	4229.61538455	4255.0	4253.71794872	4242.05128206	4248.46153847	4286.28205136	4269.2307693	4267.17948725	4267.17948725	
4225.25641019	4295.51282059	4246.92307693	4269.74358982	4255.51282052	4220.89743583	4252.17948718	4251.28205129	4243.97435898	4249.10256411	4279.2307693	4265.25641026	4255.51282052	4262.05128206	
4223.71794865	4313.20512835	4244.48717949	4278.97435905	4257.05128206	4213.4615384	4248.97435898	4252.56410257	4243.97435898	4251.92307693	4284.2307693	4265.38461539	4248.46153847	4261.15384616	
4221.92307686	4312.94871809	4236.7948718	4277.17948725	4244.48717949	4232.43589737	4257.43589744	4256.15384616	4241.66666667	4251.02564103	4288.58974366	4261.15384616	4245.8974359	4260.12820513	
4214.74358968	4291.923077	4226.02564096	4263.33333334	4237.30769231	4234.87179488	4253.84615385	4247.56410257	4237.56410257	4245.12820513	4292.69230777	4249.35897436	4244.10256411	4250.0	
4203.58974352	4278.58974366	4218.58974352	4261.66666667	4243.58974359	4212.69230763	4238.20512821	4234.10256411	4232.17948711	4234.35897436	4285.51282059	4238.97435898	4234.87179488	4240.25641026	
4189.99999986	4269.2307693	4209.48717942	4251.66666667	4224.61538455	4193.3333332	4227.17948711	4224.87179481	4222.05128199	4221.15384609	4283.71794879	4226.6666666	4218.84615378	4231.02564096	
4176.02564089	4251.02564103	4193.71794858	4221.6666666	4205.12820506	4183.3333332	4217.43589737	4214.99999993	4210.12820506	4206.41025634	4292.05128212	4212.69230763	4202.17948711	4215.38461532	
4162.82051262	4224.99999993	4175.89743576	4198.97435884	4195.51282038	4189.35897422	4207.17948711	4200.64102551	4199.99999986	4189.74358961	4287.30769238	4193.97435884	4183.97435884	4199.2307691	
4157.43589723	4211.79487173	4173.58974345	4204.61538455	4182.30769217	4185.38461525	4202.43589737	4191.28205115	4195.51282038	4185.25641012	4280.00000007	4184.10256397	4178.46153833	4196.28205115	
4169.10256397	4234.74358975	4191.92307679	4232.30769224	4194.2307691	4168.84615371	4207.82051275	4201.02564096	4203.33333327	4200.51282038	4295.00000007	4201.79487173	4196.92307679	4211.02564096	
4178.07692294	4261.92307693	4200.76923063	4243.07692308	4213.20512814	4183.20512807	4217.94871788	4209.99999993	4209.23076917	4207.05128199	4304.3589745	4214.23076917	4206.53846147	4222.5641025	
4172.82051269	4257.17948718	4197.30769217	4231.6666666	4211.53846147	4206.28205122	4224.87179481	4210.51282045	4211.79487173	4202.69230763	4302.94871809	4212.05128199	4204.61538455	4221.6666666	
4170.12820499	4252.05128206	4198.84615371	4229.35897429	4211.6666666	4197.69230756	4229.48717942	4220.25641019	4220.12820506	4213.20512814	4307.17948732	4218.58974352	4212.17948711	4222.82051275	
4163.71794851	4268.33333341	4190.38461525	4222.94871788	4209.35897429	4191.79487166	4226.6666666	4220.64102558	4217.82051275	4212.94871788	4294.87179495	4213.20512814	4205.89743583	4219.61538455	
4155.76923056	4276.15384623	4185.51282038	4222.69230763	4213.33333327	4201.15384609	4221.53846147	4213.84615378	4214.74358968	4201.79487173	4288.20512828	4202.94871788	4198.20512807	4214.74358968	
4152.69230749	4259.74358975	4191.02564089	4231.92307686	4217.82051275	4189.99999986	4216.41025634	4211.79487173	4217.30769224	4201.6666666	4298.33333341	4204.61538455	4203.71794865	4211.92307686	
4137.3076921	4234.87179488	4174.10256397	4213.71794865	4191.79487166	4165.76923056	4199.99999986	4195.64102551	4201.53846147	4193.58974345	4279.35897443	4186.5384614	4189.61538448	4197.17948704	
4123.20512793	4225.89743583	4156.66666646	4199.87179474	4172.4358973	4163.33333313	4186.5384614	4181.5384614	4188.20512807	4182.94871781	4254.23076923	4167.3076921	4172.30769217	4188.20512807	
4133.71794844	4236.53846154	4170.25641012	4213.84615378	4178.84615371	4178.71794858	4196.02564089	4192.82051269	4203.84615378	4192.4358973	4266.66666674	4182.56410243	4186.15384602	4201.41025634	
4142.82051262	4252.56410257	4181.15384602	4217.94871788	4184.48717935	4181.92307679	4204.99999993	4200.89743576	4211.92307686	4196.66666653	4279.2307693	4194.99999986	4198.71794858	4209.35897429	
4132.56410229	4260.25641026	4172.30769217	4208.20512814	4192.82051269	4175.38461525	4201.79487173	4196.02564089	4201.6666666	4190.64102551	4267.30769238	4185.25641012	4189.10256397	4200.89743576	
4128.33333306	4261.41025641	4169.99999986	4203.4615384	4200.25641012	4181.66666653	4206.02564096	4195.76923063	4199.48717935	4193.97435884	4261.92307693	4181.79487166	4183.84615371	4197.82051269	
4134.35897408	4262.82051282	4174.48717935	4203.4615384	4189.74358961	4194.35897422	4212.94871788	4197.56410243	4201.15384609	4191.02564089	4267.30769238	4184.99999986	4184.99999986	4201.53846147	
4133.71794844	4262.05128206	4175.76923063	4212.5641025	4192.82051269	4190.51282038	4213.20512814	4206.02564096	4207.05128199	4190.38461525	4270.89743597	4187.4358973	4190.64102551	4204.48717942	
4128.58974332	4254.87179488	4171.66666653	4217.17948711	4203.4615384	4184.10256397	4213.33333327	4214.87179481	4216.41025634	4204.74358968	4267.94871802	4187.94871781	4195.25641012	4203.71794865	
4116.15384588	4237.82051282	4155.38461518	4199.2307691	4180.64102551	4186.02564089	4205.12820506	4198.46153833	4205.64102558	4195.25641012	4251.02564103	4173.71794858	4179.10256397	4190.25641012	
4091.66666632	4210.12820506	4128.84615357	4172.05128192	4152.43589723	4167.94871774	4179.35897422	4163.46153826	4176.41025628	4154.48717928	4218.97435891	4143.46153826	4146.02564082	4163.97435877	
4066.66666625	4167.43589723	4104.8717946	4146.92307672	4139.87179467	4134.10256383	4151.41025621	4134.23076896	4154.61538441	4123.20512793	4186.5384614	4115.12820485	4117.94871767	4136.28205108	
4053.97435856	4129.23076896	4092.05128171	4133.84615357	4124.23076896	4113.20512793	4135.51282031	4118.33333306	4143.33333313	4111.92307665	4172.05128192	4103.58974332	4105.64102537	4122.82051255	
4057.94871754	4123.0769228	4094.87179453	4145.25641005	4112.69230742	4110.51282024	4133.46153819	4121.28205101	4143.97435877	4116.66666639	4178.07692294	4109.99999973	4110.12820485	4132.56410229	
4069.35897395	4134.8717946	4108.33333306	4159.9999998	4116.41025614	4118.58974332	4144.61538441	4139.9999998	4157.69230749	4132.43589716	4189.74358961	4120.38461511	4122.17948691	4145.76923056	
4065.5128201	4142.56410236	4107.30769203	4151.41025621	4114.10256383	4126.92307665	4146.92307672	4132.17948691	4151.41025621	4118.0769228	4181.15384602	4113.71794844	4112.69230742	4133.84615357	
4058.97435856	4149.61538441	4099.99999966	4136.66666646	4105.89743562	4129.23076896	4144.23076903	4118.33333306	4139.48717928	4098.8461535	4169.48717935	4106.92307665	4102.05128171	4124.74358947	
4073.33333299	4153.46153826	4108.58974332	4138.33333313	4120.51282024	4137.17948697	4160.51282031	4145.38461518	4158.71794851	4128.71794844	4186.5384614	4120.38461511	4125.7692305	4145.76923056	
4086.92307658	4155.89743569	4122.17948691	4168.97435884	4143.205128	4148.33333313	4169.74358961	4165.51282031	4176.28205115	4152.94871774	4203.84615378	4134.35897408	4145.25641005	4159.1025639	
4085.25640991	4178.46153833	4127.69230742	4198.97435884	4154.61538441	4139.61538441	4153.33333313	4145.76923056	4163.33333313	4136.53846133	4193.3333332	4131.53846126	4131.15384588	4149.1025639	
4088.07692273	4197.4358973	4131.02564075	4191.5384614	4145.64102544	4140.51282031	4153.205128	4139.87179467	4154.9999998	4134.74358947	4187.05128192	4130.25640998	4125.12820485	4148.71794851	
4090.89743555	4187.30769217	4130.64102537	4181.28205115	4128.84615357	4164.61538441	4173.71794858	4156.41025621	4166.53846133	4148.58974339	4194.99999986	4136.28205108	4139.87179467	4158.71794851	
4079.99999966	4179.35897422	4122.56410229	4192.94871781	4135.64102544	4156.28205108	4164.9999998	4149.9999998	4167.05128185	4134.8717946	4189.2307691	4132.82051255	4138.205128	4154.61538441	
4082.43589709	4192.56410243	4127.56410229	4200.64102551	4154.23076903	4128.84615357	4147.3076921	4144.35897415	4162.94871774	4129.48717921	4186.15384602	4133.0769228	4134.48717921	4154.23076903	
4106.53846126	4208.97435891	4147.05128185	4201.02564096	4166.53846133	4145.89743569	4168.46153833	4169.87179474	4178.07692294	4161.66666646	4204.99999993	4154.87179467	4153.71794851	4172.82051269	
4111.53846126	4220.89743583	4150.12820492	4197.05128192	4171.02564089	4174.99999986	4193.97435884	4182.94871781	4188.20512807	4168.58974345	4205.25641019	4164.1025639	4157.69230749	4178.84615371	
4102.56410229	4237.6923077	4144.74358954	4196.28205115	4174.61538448	4177.17948704	4193.07692294	4175.51282038	4183.71794858	4152.3076921	4198.71794858	4157.17948697	4151.66666646	4174.48717935	
4114.23076896	4255.8974359	4158.71794851	4221.92307686	4179.99999986	4182.94871781	4195.12820499	4185.38461525	4191.41025628	4171.66666653	4220.12820506	4170.76923063	4168.84615371	4186.92307679	
4125.7692305	4263.07692308	4172.82051269	4243.84615385	4186.66666653	4184.99999986	4203.71794865	4202.43589737	4205.89743583	4194.48717935	4231.41025634	4186.02564089	4181.15384602	4197.56410243	
4118.58974332	4267.69230777	4166.79487159	4227.17948711	4195.64102551	4176.02564089	4199.99999986	4195.25641012	4199.48717935	4180.64102551	4216.53846147	4177.30769217	4170.38461525	4188.20512807	
4118.46153819	4275.25641033	4162.3076921	4211.53846147	4204.35897429	4186.66666653	4199.74358961	4186.28205115	4190.12820499	4168.46153833	4212.94871788	4171.41025628	4167.43589723	4183.71794858	
4126.92307665	4267.82051289	4170.38461525	4228.07692301	4209.10256404	4193.71794858	4208.58974352	4201.6666666	4203.33333327	4189.10256397	4226.28205122	4183.71794858	4181.92307679	4195.25641012	
4120.89743562	4260.12820513	4170.76923063	4233.97435898	4181.15384602	4184.35897422	4205.64102558	4206.79487173	4208.84615378	4197.56410243	4227.30769224	4184.35897422	4182.69230756	4195.76923063	
4110.64102537	4273.84615392	4158.97435877	4202.30769224	4165.76923056	4185.64102551	4194.99999986	4186.02564089	4189.61538448	4174.87179474	4211.15384609	4163.205128	4163.58974339	4180.12820499	
4118.46153819	4282.05128212	4163.71794851	4196.92307679	4207.30769224	4191.79487166	4200.89743576	4187.69230756	4191.66666653	4176.02564089	4212.30769224	4161.41025621	4168.20512807	4182.4358973	
4122.69230742	4264.87179488	4173.97435884	4221.79487173	4210.64102558	4188.97435884	4206.79487173	4206.6666666	4211.6666666	4195.76923063	4225.12820506	4174.2307691	4186.28205115	4195.38461525	
4110.12820485	4253.07692308	4163.205128	4210.64102558	4158.84615364	4181.66666653	4191.92307679	4194.61538448	4202.69230763	4187.30769217	4214.87179481	4166.66666646	4173.71794858	4187.17948704	
4106.92307665	4259.61538462	4153.84615364	4184.61538448	4155.51282031	4176.28205115	4183.07692294	4174.87179474	4184.87179474	4169.61538448	4198.84615371	4154.9999998	4157.56410236	4175.89743576	
4113.58974332	4251.7948718	4159.87179467	4195.51282038	4183.58974345	4172.17948704	4187.4358973	4179.87179474	4187.94871781	4172.05128192	4203.33333327	4159.1025639	4166.92307672	4181.41025628	
4108.58974332	4230.51282045	4158.07692287	4200.76923063	4169.74358961	4164.87179467	4182.30769217	4183.71794858	4190.89743576	4172.4358973	4199.74358961	4156.41025621	4165.76923056	4180.38461525	
4102.94871767	4228.20512814	4150.12820492	4169.99999986	4157.82051262	4157.3076921	4173.71794858	4176.15384602	4185.76923063	4167.43589723	4183.07692294	4146.02564082	4151.15384595	4172.17948704	
4107.56410229	4235.64102564	4153.205128	4167.82051262	4156.53846133	4159.35897415	4176.15384602	4170.64102551	4180.89743576	4165.89743569	4181.66666653	4148.46153826	4150.51282031	4173.84615371	
4107.94871767	4230.38461532	4158.205128	4194.99999986	4145.51282031	4161.02564082	4176.02564089	4166.15384595	4174.87179474	4157.05128185	4183.20512807	4149.87179467	4152.05128185	4173.07692294	
4101.02564068	4219.61538455	4154.23076903	4194.10256397	4149.74358954	4149.87179467	4165.25641005	4162.05128185	4169.87179474	4153.205128	4170.89743576	4140.51282031	4143.84615364	4165.25641005	
4102.69230742	4227.69230763	4153.58974339	4182.82051269	4152.56410236	4157.69230749	4166.28205108	4161.15384595	4168.97435884	4158.58974339	4165.64102544	4137.82051262	4141.28205108	4163.46153826	
4117.56410229	4254.23076923	4170.38461525	4206.02564096	4154.87179467	4174.61538448	4181.41025628	4166.92307672	4175.51282038	4163.46153826	4180.12820499	4151.66666646	4153.58974339	4174.48717935	
4126.66666639	4265.8974359	4181.28205115	4222.5641025	4172.82051269	4170.76923063	4186.79487166	4173.46153833	4182.56410243	4166.15384595	4188.84615371	4158.71794851	4159.9999998	4184.74358961	
4119.23076896	4252.17948718	4168.71794858	4201.15384609	4178.3333332	4167.82051262	4178.71794858	4174.2307691	4180.76923063	4168.71794858	4182.69230756	4150.64102544	4156.02564082	4181.5384614	
4114.35897408	4243.71794872	4163.71794851	4193.58974345	4161.79487159	4168.71794858	4177.4358973	4173.3333332	4179.10256397	4171.41025628	4178.46153833	4149.23076903	4156.41025621	4175.64102551	
4116.41025614	4253.71794872	4166.41025621	4195.76923063	4155.38461518	4162.43589723	4179.74358961	4171.66666653	4177.4358973	4163.07692287	4171.79487166	4148.205128	4151.79487159	4172.30769217	
4112.56410229	4245.38461539	4160.51282031	4182.30769217	4155.76923056	4161.53846133	4169.99999986	4170.89743576	4177.30769217	4158.33333313	4166.66666646	4144.48717928	4145.38461518	4170.25641012	
4102.94871767	4214.99999993	4150.25641005	4166.02564082	4138.46153826	4159.61538441	4162.05128185	4164.9999998	4176.79487166	4160.25641005	4163.07692287	4141.15384595	4142.82051262	4163.71794851	
4106.15384588	4216.79487173	4157.3076921	4178.20512807	4145.76923056	4153.84615364	4169.48717935	4163.97435877	4175.64102551	4162.69230749	4164.74358954	4147.17948697	4148.205128	4164.74358954	
4121.02564075	4243.46153847	4177.05128192	4210.25641019	4170.38461525	4159.87179467	4178.07692294	4180.12820499	4183.46153833	4171.41025628	4180.12820499	4162.3076921	4159.61538441	4177.82051269	
4114.10256383	4236.28205129	4165.76923056	4185.12820499	4148.07692287	4164.61538441	4170.38461525	4168.58974345	4175.64102551	4155.64102544	4170.89743576	4149.87179467	4146.02564082	4166.02564082	
4095.12820478	4211.53846147	4141.28205108	4140.25641005	4119.48717921	4158.33333313	4158.46153826	4139.23076903	4157.17948697	4131.41025614	4146.02564082	4125.25640998	4121.28205101	4142.56410236	
4099.48717914	4208.4615384	4149.87179467	4165.76923056	4144.87179467	4156.92307672	4158.71794851	4151.79487159	4166.79487159	4145.51282031	4157.05128185	4132.94871767	4130.38461511	4152.82051262	
4108.33333306	4205.51282045	4160.89743569	4195.64102551	4161.41025621	4150.12820492	4156.79487159	4171.66666653	4182.05128192	4166.79487159	4172.69230756	4145.89743569	4147.3076921	4164.48717928	
4091.28205094	4178.07692294	4137.82051262	4157.3076921	4123.71794844	4134.23076896	4144.61538441	4148.84615364	4162.17948697	4143.58974339	4147.3076921	4123.20512793	4128.71794844	4140.12820492	
4076.66666632	4154.74358954	4121.79487152	4133.46153819	4100.25640991	4124.8717946	4135.64102544	4126.15384588	4142.82051262	4112.05128178	4126.79487152	4103.46153819	4110.12820485	4123.0769228	
4080.6410253	4157.94871774	4128.33333306	4151.41025621	4108.9743587	4121.79487152	4133.20512793	4130.12820485	4146.92307672	4114.61538434	4130.89743562	4109.61538434	4113.46153819	4129.48717921	
4076.28205094	4155.25641005	4119.61538434	4139.87179467	4108.84615357	4123.20512793	4131.15384588	4125.7692305	4143.33333313	4120.7692305	4121.79487152	4103.71794844	4106.15384588	4123.58974332	
4077.94871761	4148.58974339	4120.51282024	4137.82051262	4110.89743562	4129.74358947	4136.02564082	4127.94871767	4145.25641005	4124.61538434	4123.46153819	4101.02564068	4107.56410229	4124.99999973	
4093.07692273	4169.99999986	4139.1025639	4159.1025639	4126.79487152	4136.02564082	4145.51282031	4140.89743569	4156.53846133	4129.8717946	4140.76923056	4115.7692305	4122.82051255	4142.56410236	
4096.66666632	4188.07692294	4142.05128185	4157.82051262	4138.71794851	4137.69230749	4148.33333313	4141.02564082	4157.56410236	4129.35897408	4141.92307672	4122.69230742	4125.7692305	4145.38461518	
4094.23076889	4180.76923063	4141.28205108	4157.94871774	4142.17948697	4137.56410236	4147.82051262	4141.41025621	4157.17948697	4132.56410229	4141.53846133	4123.33333306	4129.10256383	4144.87179467	
4102.05128171	4186.15384602	4150.76923056	4168.3333332	4140.64102544	4142.94871774	4150.51282031	4149.35897415	4161.41025621	4142.69230749	4147.94871774	4128.58974332	4140.89743569	4154.87179467	
4105.7692305	4192.69230756	4151.53846133	4164.87179467	4123.71794844	4146.41025621	4154.35897415	4151.92307672	4162.05128185	4146.79487159	4143.84615364	4127.30769203	4137.56410236	4154.48717928	
4096.53846119	4181.28205115	4139.35897415	4148.07692287	4114.74358947	4146.02564082	4154.48717928	4143.84615364	4153.97435877	4133.33333306	4129.8717946	4115.89743562	4121.28205101	4142.56410236	
4102.05128171	4192.56410243	4146.02564082	4152.82051262	4144.1025639	4145.12820492	4155.76923056	4148.205128	4157.3076921	4134.23076896	4134.8717946	4123.46153819	4129.35897408	4148.58974339	
4112.17948691	4204.23076917	4160.25641005	4171.66666653	4158.71794851	4144.23076903	4159.9999998	4159.61538441	4168.07692287	4147.43589723	4146.92307672	4139.23076903	4145.64102544	4161.15384595	
4099.7435894	4178.46153833	4147.17948697	4167.43589723	4127.69230742	4139.61538441	4153.71794851	4149.61538441	4160.12820492	4140.89743569	4135.64102544	4127.56410229	4133.0769228	4149.74358954	
4087.69230735	4169.48717935	4132.17948691	4151.92307672	4115.25640998	4136.15384595	4146.15384595	4135.51282031	4147.69230749	4127.43589716	4124.61538434	4111.02564075	4118.33333306	4135.51282031	
4098.97435863	4204.23076917	4148.205128	4154.87179467	4143.84615364	4142.3076921	4155.25641005	4143.97435877	4158.58974339	4132.94871767	4135.64102544	4122.56410229	4129.8717946	4146.15384595	
4106.79487152	4217.5641025	4161.41025621	4160.89743569	4147.82051262	4148.71794851	4162.82051262	4153.33333313	4168.20512807	4143.07692287	4139.9999998	4133.84615357	4138.205128	4156.66666646	
4102.56410229	4203.97435891	4153.71794851	4159.48717928	4131.79487152	4154.35897415	4162.94871774	4150.38461518	4162.82051262	4143.205128	4133.84615357	4127.82051255	4132.30769203	4152.17948697	
4117.69230742	4218.33333327	4172.69230756	4194.10256397	4159.23076903	4159.74358954	4173.46153833	4171.66666653	4179.2307691	4163.71794851	4158.205128	4147.17948697	4157.17948697	4169.48717935	
4127.17948691	4246.15384616	4186.79487166	4208.4615384	4176.92307679	4160.12820492	4175.51282038	4185.51282038	4188.20512807	4174.74358961	4171.5384614	4163.71794851	4173.71794858	4183.07692294	
4110.64102537	4238.33333334	4161.41025621	4167.17948697	4148.46153826	4162.17948697	4166.41025621	4159.9999998	4165.76923056	4147.94871774	4143.205128	4140.25641005	4145.38461518	4160.76923056	
4108.46153819	4216.28205122	4159.23076903	4164.9999998	4143.46153826	4159.87179467	4167.43589723	4154.87179467	4165.12820492	4144.1025639	4143.07692287	4134.35897408	4142.94871774	4153.58974339	
4122.05128178	4223.4615384	4184.61538448	4201.02564096	4163.84615364	4152.69230749	4171.66666653	4177.82051269	4186.5384614	4174.99999986	4172.82051269	4161.41025621	4174.99999986	4173.07692294	
4124.8717946	4251.53846154	4187.94871781	4197.82051269	4164.74358954	4157.82051262	4173.3333332	4182.4358973	4189.99999986	4187.05128192	4177.30769217	4172.4358973	4182.05128192	4180.25641012	
4120.51282024	4254.87179488	4175.89743576	4168.07692287	4162.82051262	4169.61538448	4176.02564089	4174.61538448	4179.87179474	4172.17948704	4164.48717928	4162.43589723	4171.15384602	4176.5384614	
4118.58974332	4234.48717949	4174.10256397	4176.02564089	4170.51282038	4161.79487159	4173.46153833	4175.25641012	4174.87179474	4164.87179467	4165.12820492	4159.74358954	4175.12820499	4177.69230756	
4113.58974332	4236.41025641	4172.94871781	4198.71794858	4160.76923056	4144.61538441	4162.05128185	4166.28205108	4169.87179474	4158.205128	4162.69230749	4158.07692287	4171.02564089	4169.87179474	
4102.82051255	4242.6923077	4161.53846133	4182.05128192	4133.84615357	4139.1025639	4148.84615364	4149.87179467	4161.41025621	4145.89743569	4144.87179467	4141.66666646	4151.15384595	4152.56410236	
4094.87179453	4221.53846147	4149.35897415	4161.28205108	4117.30769203	4137.69230749	4141.02564082	4146.66666646	4157.43589723	4139.9999998	4134.48717921	4127.82051255	4142.56410236	4145.76923056	
4095.89743555	4207.17948711	4145.38461518	4166.41025621	4120.64102537	4131.66666639	4141.28205108	4145.89743569	4157.43589723	4135.76923056	4133.84615357	4129.48717921	4145.51282031	4150.51282031	
4105.89743562	4228.71794865	4155.51282031	4175.76923063	4144.87179467	4131.02564075	4149.74358954	4147.3076921	4162.56410236	4142.17948697	4142.56410236	4142.56410236	4153.84615364	4162.56410236	
4111.02564075	4246.53846154	4161.79487159	4173.71794858	4159.61538441	4144.35897415	4158.71794851	4153.71794851	4165.76923056	4150.64102544	4147.3076921	4147.43589723	4154.87179467	4163.97435877	
4103.9743587	4230.64102558	4153.33333313	4167.69230749	4142.05128185	4154.9999998	4162.05128185	4151.15384595	4160.38461518	4140.12820492	4132.69230742	4136.66666646	4140.89743569	4151.79487159	
4096.66666632	4219.87179481	4144.35897415	4155.12820492	4121.28205101	4148.46153826	4158.71794851	4145.89743569	4155.64102544	4127.94871767	4118.71794844	4127.82051255	4132.30769203	4148.84615364	
4098.46153812	4222.30769224	4144.9999998	4149.87179467	4129.61538434	4131.28205101	4152.17948697	4150.64102544	4159.35897415	4139.48717928	4126.15384588	4131.02564075	4141.92307672	4156.02564082	
4102.17948684	4223.84615378	4150.89743569	4160.25641005	4138.97435877	4124.74358947	4146.79487159	4154.35897415	4162.17948697	4154.48717928	4134.74358947	4136.02564082	4147.17948697	4154.9999998	
4094.10256376	4225.12820506	4145.51282031	4150.64102544	4117.17948691	4135.76923056	4145.12820492	4143.205128	4153.07692287	4141.66666646	4124.23076896	4129.35897408	4135.64102544	4143.46153826	
4090.12820478	4227.94871788	4139.35897415	4142.05128185	4115.64102537	4146.28205108	4147.82051262	4137.69230749	4148.58974339	4125.51282024	4119.61538434	4125.51282024	4133.20512793	4143.07692287	
4101.28205094	4235.0	4145.64102544	4155.12820492	4148.58974339	4141.92307672	4150.12820492	4142.3076921	4153.71794851	4126.92307665	4128.33333306	4131.28205101	4140.76923056	4151.28205108	
4101.02564068	4237.82051282	4147.94871774	4160.76923056	4146.41025621	4131.66666639	4147.94871774	4138.84615364	4154.23076903	4129.35897408	4131.28205101	4131.79487152	4141.02564082	4148.71794851	
4088.97435863	4235.76923077	4141.15384595	4154.9999998	4125.7692305	4131.02564075	4144.48717928	4134.74358947	4153.07692287	4128.58974332	4127.43589716	4124.61538434	4138.205128	4142.05128185	
4087.69230735	4226.53846147	4134.8717946	4149.87179467	4127.56410229	4132.17948691	4146.02564082	4140.12820492	4156.15384595	4131.53846126	4123.46153819	4118.71794844	4135.64102544	4141.15384595	
4091.02564068	4217.94871788	4133.33333306	4145.89743569	4125.12820485	4134.35897408	4152.3076921	4143.97435877	4156.66666646	4132.05128178	4120.51282024	4117.17948691	4130.12820485	4139.74358954	
4093.07692273	4224.99999993	4138.205128	4145.64102544	4122.82051255	4139.87179467	4154.1025639	4145.25641005	4157.56410236	4132.43589716	4124.61538434	4122.30769203	4133.20512793	4138.46153826	
4098.71794837	4241.66666667	4145.76923056	4152.05128185	4137.43589723	4139.61538441	4151.02564082	4145.25641005	4158.97435877	4132.56410229	4130.12820485	4125.38461511	4140.51282031	4141.79487159	
4106.02564075	4258.20512821	4151.02564082	4162.94871774	4146.41025621	4139.35897415	4157.3076921	4146.66666646	4159.35897415	4131.41025614	4133.20512793	4127.30769203	4143.07692287	4149.9999998	
4104.10256383	4251.66666667	4150.38461518	4165.64102544	4146.66666646	4137.94871774	4159.1025639	4151.15384595	4163.46153826	4139.61538441	4136.02564082	4132.05128178	4148.33333313	4153.84615364	
4082.17948684	4208.4615384	4128.84615357	4136.53846133	4122.17948691	4128.20512793	4136.53846133	4134.61538434	4149.35897415	4128.71794844	4114.74358947	4113.0769228	4133.0769228	4134.35897408	
4068.58974318	4176.02564089	4112.56410229	4119.48717921	4101.28205094	4117.69230742	4118.9743587	4113.58974332	4131.92307665	4102.56410229	4096.02564068	4094.35897402	4111.02564075	4115.89743562	
4073.71794837	4180.38461525	4113.46153819	4126.15384588	4103.46153819	4109.8717946	4118.9743587	4111.53846126	4132.56410229	4098.07692273	4098.07692273	4093.58974325	4105.64102537	4114.61538434	
4067.05128164	4180.89743576	4102.56410229	4106.41025614	4090.6410253	4107.05128178	4113.71794844	4107.43589716	4127.56410229	4098.58974325	4085.12820478	4078.58974325	4094.35897402	4106.92307665	
4063.46153805	4173.3333332	4100.6410253	4098.71794837	4086.92307658	4113.58974332	4112.94871767	4109.74358947	4125.25640998	4099.35897402	4079.48717914	4075.6410253	4094.23076889	4106.28205101	
4081.28205094	4185.25641012	4123.71794844	4129.61538434	4110.51282024	4119.10256383	4125.64102537	4125.25640998	4140.51282031	4113.71794844	4104.35897408	4104.10256383	4119.35897408	4124.23076896	
4090.51282017	4197.05128192	4130.38461511	4139.35897415	4121.15384588	4119.61538434	4131.15384588	4126.53846126	4145.38461518	4118.58974332	4112.17948691	4111.28205101	4126.15384588	4131.53846126	
4086.28205094	4200.38461525	4121.79487152	4124.23076896	4118.0769228	4121.15384588	4129.10256383	4120.12820485	4137.3076921	4110.25640998	4097.05128171	4095.38461504	4111.92307665	4125.25640998	
4092.17948684	4210.7692307	4129.61538434	4126.53846126	4113.9743587	4119.8717946	4131.41025614	4130.38461511	4142.82051262	4121.15384588	4104.61538434	4105.12820485	4119.23076896	4127.82051255	
4098.97435863	4211.6666666	4135.25640998	4131.41025614	4101.53846119	4127.56410229	4134.10256383	4133.0769228	4144.48717928	4129.8717946	4114.10256383	4116.02564075	4127.69230742	4132.43589716	
4101.28205094	4206.6666666	4133.84615357	4132.56410229	4115.25640998	4136.02564082	4135.38461518	4127.94871767	4139.48717928	4122.43589716	4111.28205101	4110.25640998	4121.53846126	4136.41025621	
4106.66666639	4217.30769224	4145.76923056	4145.76923056	4143.71794851	4127.43589716	4137.3076921	4137.17948697	4151.02564082	4128.84615357	4119.48717921	4116.02564075	4131.15384588	4142.82051262	
4103.71794844	4221.15384609	4149.1025639	4144.61538441	4132.82051255	4127.69230742	4138.97435877	4141.41025621	4154.61538441	4135.38461518	4120.38461511	4120.64102537	4137.69230749	4140.51282031	
4098.8461535	4214.74358968	4138.07692287	4130.64102537	4124.23076896	4139.1025639	4140.51282031	4135.25640998	4146.53846133	4131.66666639	4113.33333306	4114.10256383	4126.66666639	4135.89743569	
4109.74358947	4227.5641025	4147.43589723	4143.46153826	4137.69230749	4140.25641005	4146.66666646	4140.64102544	4156.02564082	4142.56410236	4125.51282024	4122.05128178	4134.99999973	4146.28205108	
4122.43589716	4249.74358975	4167.43589723	4170.38461525	4151.66666646	4143.97435877	4158.58974339	4158.205128	4168.84615371	4160.64102544	4135.25640998	4137.82051262	4153.71794851	4158.33333313	
4121.53846126	4258.33333334	4166.92307672	4160.25641005	4156.15384595	4161.92307672	4165.64102544	4164.74358954	4164.87179467	4157.69230749	4127.43589716	4137.94871774	4150.12820492	4156.28205108	
4121.53846126	4261.02564103	4167.82051262	4145.38461518	4151.41025621	4166.92307672	4164.35897415	4165.51282031	4167.43589723	4156.28205108	4142.3076921	4144.35897415	4155.64102544	4159.1025639	
4128.58974332	4259.48717949	4179.74358961	4159.61538441	4143.58974339	4150.64102544	4164.48717928	4172.94871781	4178.58974345	4180.51282038	4167.3076921	4161.66666646	4179.87179474	4171.79487166	
4132.30769203	4260.76923077	4180.76923063	4162.43589723	4141.41025621	4148.71794851	4170.64102551	4177.56410243	4180.51282038	4192.17948704	4162.94871774	4164.87179467	4183.97435884	4175.76923063	
4131.53846126	4273.20512828	4173.71794858	4147.3076921	4154.48717928	4159.35897415	4169.10256397	4173.58974345	4178.46153833	4175.64102551	4151.66666646	4158.205128	4171.92307679	4171.5384614	
4123.58974332	4260.51282052	4163.07692287	4139.48717928	4147.56410236	4150.12820492	4153.58974339	4158.71794851	4167.82051262	4155.51282031	4143.205128	4145.89743569	4160.64102544	4162.94871774	
4116.92307665	4230.64102558	4154.74358954	4137.43589723	4120.64102537	4126.66666639	4141.15384595	4149.1025639	4155.89743569	4151.28205108	4131.79487152	4137.94871774	4155.25641005	4157.17948697	
4119.35897408	4237.94871795	4156.28205108	4129.23076896	4116.15384588	4130.89743562	4139.9999998	4152.17948697	4157.05128185	4154.48717928	4130.89743562	4141.66666646	4156.92307672	4157.43589723	
4121.53846126	4262.82051282	4162.3076921	4127.82051255	4142.05128185	4155.89743569	4146.66666646	4159.35897415	4164.48717928	4158.07692287	4137.94871774	4143.71794851	4159.87179467	4157.82051262	
4118.20512793	4254.10256411	4162.17948697	4137.3076921	4151.92307672	4152.17948697	4151.15384595	4160.64102544	4166.41025621	4164.61538441	4135.51282031	4138.71794851	4158.97435877	4155.64102544	
4120.51282024	4230.38461532	4160.51282031	4140.76923056	4129.74358947	4129.99999973	4146.02564082	4157.3076921	4164.9999998	4166.79487159	4130.25640998	4135.64102544	4154.61538441	4154.23076903	
4113.58974332	4215.7692307	4150.12820492	4116.53846126	4106.41025614	4126.79487152	4138.33333313	4150.38461518	4158.58974339	4153.33333313	4119.48717921	4123.46153819	4141.53846133	4144.87179467	
4093.58974325	4203.97435891	4130.25640998	4082.69230735	4103.58974332	4132.94871767	4133.9743587	4135.38461518	4144.1025639	4128.71794844	4097.56410222	4101.79487145	4120.7692305	4126.92307665	
4096.28205094	4204.99999993	4130.89743562	4091.15384581	4119.8717946	4125.38461511	4130.7692305	4130.12820485	4140.89743569	4124.35897408	4093.8461535	4104.61538434	4117.69230742	4124.48717921	
4112.69230742	4210.51282045	4145.76923056	4116.92307665	4120.7692305	4127.56410229	4131.02564075	4137.94871774	4151.66666646	4140.12820492	4112.17948691	4123.9743587	4135.38461518	4138.58974339	
4106.02564075	4195.76923063	4142.56410236	4113.0769228	4096.41025607	4136.53846133	4128.0769228	4137.3076921	4153.33333313	4140.89743569	4113.9743587	4121.28205101	4139.1025639	4141.41025621	
4091.53846119	4174.2307691	4126.92307665	4093.07692273	4088.33333299	4121.41025614	4115.89743562	4126.28205101	4142.17948697	4128.46153819	4095.51282017	4102.94871767	4120.25640998	4127.05128178	
4097.05128171	4178.84615371	4123.9743587	4084.35897402	4110.64102537	4107.30769203	4115.12820485	4124.23076896	4138.46153826	4125.64102537	4091.02564068	4095.76923043	4110.89743562	4120.64102537	
4111.02564075	4202.30769224	4138.07692287	4095.51282017	4119.8717946	4130.64102537	4136.66666646	4140.51282031	4152.69230749	4139.23076903	4107.30769203	4109.35897408	4129.61538434	4137.69230749	
4124.48717921	4219.99999993	4157.56410236	4120.51282024	4121.41025614	4158.33333313	4155.64102544	4162.3076921	4170.76923063	4161.28205108	4127.30769203	4132.17948691	4155.89743569	4158.46153826	
4144.9999998	4233.4615384	4176.92307679	4147.3076921	4150.76923056	4152.82051262	4158.71794851	4180.12820499	4182.94871781	4182.05128192	4147.56410236	4153.97435877	4175.38461525	4171.5384614	
4150.38461518	4239.87179488	4180.25641012	4149.87179467	4160.25641005	4150.89743569	4161.66666646	4182.94871781	4183.20512807	4185.38461525	4154.1025639	4161.41025621	4179.99999986	4173.84615371	
4138.07692287	4239.10256411	4168.71794858	4136.66666646	4140.51282031	4165.76923056	4166.79487159	4172.17948704	4176.92307679	4172.4358973	4143.33333313	4152.56410236	4169.61538448	4165.64102544	
4140.38461518	4248.84615385	4169.35897422	4139.35897415	4150.51282031	4167.05128185	4169.2307691	4172.17948704	4177.82051269	4170.12820499	4139.48717928	4151.66666646	4163.71794851	4163.07692287	
4152.82051262	4258.07692308	4182.94871781	4155.89743569	4173.58974345	4157.43589723	4171.66666653	4180.89743576	4181.15384602	4179.61538448	4150.38461518	4165.12820492	4169.48717935	4173.20512807	
4148.97435877	4244.23076923	4179.99999986	4151.28205108	4154.87179467	4155.64102544	4168.58974345	4169.35897422	4171.79487166	4172.4358973	4147.94871774	4162.82051262	4167.43589723	4171.41025628	
4145.25641005	4242.56410257	4170.76923063	4139.1025639	4137.69230749	4158.07692287	4163.07692287	4158.07692287	4166.53846133	4161.92307672	4139.1025639	4151.79487159	4163.46153826	4164.87179467	
4140.38461518	4243.07692308	4166.28205108	4137.3076921	4140.12820492	4143.205128	4153.07692287	4160.89743569	4166.41025621	4159.87179467	4137.05128185	4148.205128	4158.84615364	4162.17948697	
4111.41025614	4191.28205115	4139.1025639	4109.10256383	4109.10256383	4125.89743562	4133.46153819	4137.05128185	4145.12820492	4138.33333313	4108.0769228	4119.99999973	4130.38461511	4138.205128	
4093.07692273	4147.43589723	4111.66666639	4080.76923043	4084.10256376	4123.46153819	4119.61538434	4106.15384588	4123.46153819	4112.69230742	4077.56410222	4087.94871761	4105.38461511	4114.74358947	
4108.9743587	4169.99999986	4125.12820485	4097.43589709	4111.53846126	4122.05128178	4120.38461511	4117.43589716	4129.8717946	4117.05128178	4097.30769196	4101.66666632	4121.53846126	4128.33333306	
4126.15384588	4198.58974345	4150.76923056	4119.99999973	4132.82051255	4115.7692305	4125.12820485	4144.74358954	4149.35897415	4145.25641005	4134.99999973	4131.92307665	4152.82051262	4152.94871774	
4123.84615357	4190.89743576	4148.58974339	4111.92307665	4118.33333306	4129.35897408	4131.02564075	4148.97435877	4158.07692287	4163.205128	4135.64102544	4131.92307665	4156.92307672	4152.82051262	
4116.28205101	4184.61538448	4135.12820485	4102.56410229	4118.0769228	4146.53846133	4138.58974339	4139.48717928	4151.79487159	4147.69230749	4117.43589716	4117.82051255	4140.64102544	4138.58974339	
4119.23076896	4195.38461525	4143.205128	4115.38461511	4129.99999973	4133.58974332	4136.15384595	4138.84615364	4147.94871774	4133.46153819	4118.58974332	4121.66666639	4136.66666646	4137.94871774	
4128.9743587	4195.64102551	4159.1025639	4129.8717946	4126.41025614	4124.8717946	4135.64102544	4146.53846133	4155.64102544	4144.61538441	4129.48717921	4133.58974332	4146.66666646	4148.205128	
4136.15384595	4198.3333332	4160.38461518	4131.02564075	4135.12820485	4142.69230749	4148.205128	4152.69230749	4160.38461518	4155.12820492	4135.89743569	4138.71794851	4157.17948697	4155.89743569	
4134.61538434	4209.74358968	4154.23076903	4124.74358947	4140.76923056	4149.35897415	4152.43589723	4152.17948697	4158.07692287	4157.69230749	4134.35897408	4133.0769228	4157.05128185	4153.97435877	
4130.89743562	4207.43589737	4154.74358954	4125.38461511	4130.89743562	4138.205128	4145.64102544	4150.89743569	4161.41025621	4162.05128185	4130.7692305	4130.51282024	4151.92307672	4149.87179467	
4139.23076903	4207.5641025	4168.07692287	4142.69230749	4143.84615364	4143.46153826	4150.25641005	4159.9999998	4169.48717935	4166.41025621	4143.46153826	4145.25641005	4159.48717928	4158.97435877	
4150.12820492	4228.07692301	4179.10256397	4155.12820492	4161.15384595	4154.48717928	4159.23076903	4167.3076921	4170.25641012	4168.84615371	4156.92307672	4156.53846133	4171.41025628	4172.30769217	
4146.28205108	4235.8974359	4173.07692294	4143.33333313	4156.41025621	4145.38461518	4154.23076903	4160.12820492	4163.07692287	4166.28205108	4149.48717928	4149.1025639	4167.43589723	4168.84615371	
4140.64102544	4221.6666666	4166.92307672	4137.17948697	4154.9999998	4142.3076921	4151.66666646	4158.07692287	4164.61538441	4160.89743569	4143.07692287	4145.64102544	4162.3076921	4162.56410236	
4144.61538441	4222.17948711	4173.84615371	4142.82051262	4154.48717928	4156.66666646	4161.66666646	4168.3333332	4173.84615371	4168.71794858	4150.38461518	4156.53846133	4170.51282038	4172.56410243	
4146.79487159	4235.76923077	4177.69230756	4137.05128185	4144.23076903	4161.53846133	4168.71794858	4170.89743576	4176.92307679	4180.12820499	4151.15384595	4157.94871774	4172.94871781	4177.69230756	
4147.69230749	4241.41025641	4176.02564089	4144.87179467	4147.3076921	4154.74358954	4166.53846133	4170.89743576	4178.97435884	4179.48717935	4150.64102544	4153.84615364	4169.61538448	4170.25641012	
4149.9999998	4235.8974359	4178.84615371	4163.84615364	4166.02564082	4158.33333313	4163.33333313	4174.87179474	4180.12820499	4175.25641012	4155.12820492	4155.89743569	4168.20512807	4166.92307672	
4143.205128	4222.30769224	4171.15384602	4143.07692287	4162.43589723	4159.9999998	4161.79487159	4166.66666646	4168.71794858	4166.79487159	4146.28205108	4147.17948697	4159.9999998	4161.92307672	
4136.79487159	4217.82051275	4159.74358954	4122.94871767	4144.74358954	4148.58974339	4158.84615364	4157.05128185	4160.76923056	4159.23076903	4138.33333313	4138.97435877	4157.94871774	4158.58974339	
4146.66666646	4234.35897436	4170.51282038	4151.15384595	4156.02564082	4150.12820492	4162.17948697	4166.28205108	4173.07692294	4169.87179474	4150.89743569	4152.17948697	4171.15384602	4168.20512807	
4148.84615364	4241.28205129	4174.99999986	4155.64102544	4159.35897415	4161.66666646	4163.71794851	4164.87179467	4172.17948704	4171.79487166	4150.89743569	4155.12820492	4168.07692287	4168.58974345	
4133.9743587	4212.05128199	4154.87179467	4125.38461511	4130.64102537	4149.87179467	4149.74358954	4146.79487159	4154.1025639	4150.12820492	4133.58974332	4134.99999973	4147.43589723	4150.64102544	
4125.89743562	4184.35897422	4144.35897415	4122.17948691	4122.43589716	4128.9743587	4133.71794844	4138.46153826	4149.9999998	4138.46153826	4129.99999973	4126.28205101	4143.46153826	4141.79487159	
4126.15384588	4174.2307691	4147.05128185	4133.20512793	4134.35897408	4128.9743587	4132.17948691	4136.66666646	4151.02564082	4140.12820492	4129.8717946	4126.79487152	4143.97435877	4143.33333313	
4119.8717946	4163.205128	4138.84615364	4121.79487152	4132.82051255	4133.9743587	4131.53846126	4127.94871767	4140.51282031	4130.38461511	4116.41025614	4116.15384588	4129.23076896	4136.28205108	
4116.92307665	4159.87179467	4134.35897408	4105.7692305	4121.41025614	4128.84615357	4125.38461511	4123.71794844	4134.35897408	4123.84615357	4109.8717946	4109.61538434	4122.43589716	4130.64102537	
4125.25640998	4166.28205108	4144.1025639	4113.58974332	4105.25640998	4134.48717921	4132.43589716	4131.15384588	4141.15384595	4132.17948691	4120.64102537	4117.56410229	4132.05128178	4137.69230749	
4127.17948691	4161.66666646	4144.23076903	4125.51282024	4113.46153819	4139.87179467	4140.12820492	4138.58974339	4147.3076921	4138.58974339	4122.05128178	4120.51282024	4134.10256383	4141.53846133	
4117.56410229	4141.92307672	4129.35897408	4110.7692305	4146.41025621	4128.33333306	4133.0769228	4135.76923056	4143.97435877	4131.53846126	4100.38461504	4109.61538434	4118.84615357	4131.92307665	
4119.10256383	4137.82051262	4129.35897408	4094.10256376	4138.33333313	4129.99999973	4132.05128178	4132.30769203	4139.9999998	4123.9743587	4094.7435894	4110.38461511	4114.74358947	4132.43589716	
4140.38461518	4165.89743569	4156.28205108	4121.15384588	4115.89743562	4149.35897415	4148.07692287	4146.02564082	4151.53846133	4136.92307672	4130.89743562	4138.84615364	4141.79487159	4154.1025639	
4156.53846133	4191.15384602	4178.20512807	4156.15384595	4144.87179467	4154.23076903	4160.76923056	4164.48717928	4169.48717935	4162.05128185	4166.15384595	4167.56410236	4168.71794858	4172.4358973	
4157.69230749	4197.82051269	4179.35897422	4154.61538441	4165.89743569	4154.48717928	4164.87179467	4169.99999986	4173.97435884	4171.02564089	4168.97435884	4174.74358961	4172.4358973	4177.05128192	
4164.61538441	4215.51282045	4184.35897422	4148.97435877	4154.61538441	4174.35897422	4173.58974345	4178.46153833	4177.94871781	4177.4358973	4169.74358961	4178.84615371	4177.69230756	4181.02564089	
4171.41025628	4232.94871788	4194.2307691	4163.84615364	4176.66666653	4186.28205115	4180.64102551	4190.12820499	4189.48717935	4193.58974345	4180.12820499	4185.12820499	4189.10256397	4187.17948704	
4168.97435884	4233.07692301	4193.71794858	4176.41025628	4201.53846147	4178.20512807	4181.79487166	4186.15384602	4188.97435884	4190.76923063	4178.58974345	4185.38461525	4186.5384614	4187.4358973	
4175.25641012	4241.15384616	4197.94871781	4176.15384602	4183.97435884	4176.41025628	4183.84615371	4183.71794858	4183.97435884	4183.07692294	4176.66666653	4190.51282038	4187.4358973	4191.41025628	
4189.10256397	4258.84615385	4212.69230763	4185.51282038	4183.84615371	4185.25641012	4190.89743576	4196.41025628	4193.46153833	4199.74358961	4188.97435884	4202.43589737	4201.53846147	4202.17948711	
4186.66666653	4258.07692308	4213.4615384	4192.94871781	4205.38461532	4187.69230756	4192.56410243	4200.76923063	4198.3333332	4206.53846147	4193.3333332	4202.43589737	4204.23076917	4204.23076917	
4182.05128192	4251.66666667	4206.6666666	4185.25641012	4204.23076917	4188.20512807	4190.25641012	4199.48717935	4195.64102551	4198.20512807	4189.48717935	4199.99999986	4201.92307686	4201.6666666	
4189.35897422	4254.61538462	4208.71794865	4181.79487166	4201.28205122	4197.05128192	4195.25641012	4203.4615384	4198.46153833	4206.02564096	4192.4358973	4204.99999993	4207.17948711	4203.4615384	
4186.66666653	4252.6923077	4204.74358968	4181.02564089	4203.58974352	4189.87179474	4190.12820499	4191.92307679	4192.82051269	4203.07692301	4189.35897422	4196.02564089	4200.64102551	4197.56410243	
4175.89743576	4243.84615385	4195.51282038	4176.41025628	4188.46153833	4177.30769217	4179.35897422	4178.58974345	4183.3333332	4184.48717935	4181.41025628	4182.69230756	4192.17948704	4186.15384602	
4177.94871781	4238.58974359	4196.79487166	4176.15384602	4177.56410243	4187.30769217	4185.12820499	4189.2307691	4191.02564089	4197.05128192	4188.20512807	4190.12820499	4200.51282038	4190.89743576	
4188.58974345	4251.53846154	4206.53846147	4187.30769217	4191.5384614	4199.10256397	4196.02564089	4199.48717935	4198.58974345	4215.89743583	4196.5384614	4202.43589737	4206.02564096	4201.15384609	
4195.76923063	4273.97435905	4214.74358968	4197.82051269	4212.69230763	4197.30769217	4197.05128192	4197.4358973	4196.41025628	4207.17948711	4195.12820499	4207.05128199	4204.87179481	4203.58974352	
4201.41025634	4278.97435905	4220.38461532	4201.6666666	4223.20512814	4193.07692294	4196.66666653	4204.87179481	4202.5641025	4204.99999993	4200.25641012	4213.84615378	4212.94871788	4208.20512814	
4208.97435891	4276.41025648	4225.64102558	4203.07692301	4227.43589737	4201.6666666	4204.99999993	4220.12820506	4213.58974352	4222.17948711	4210.7692307	4221.53846147	4224.23076917	4216.02564096	
4207.17948711	4273.84615392	4225.38461532	4201.6666666	4222.05128199	4213.20512814	4211.6666666	4221.6666666	4213.20512814	4227.05128199	4209.10256404	4221.53846147	4223.4615384	4215.25641019	
4191.5384614	4255.64102564	4209.99999993	4194.61538448	4196.5384614	4205.7692307	4200.51282038	4203.58974352	4201.53846147	4210.25641019	4192.05128192	4207.82051275	4205.12820506	4201.92307686	
4175.51282038	4227.17948711	4187.94871781	4172.94871781	4163.84615364	4183.71794858	4178.46153833	4180.51282038	4185.25641012	4184.48717935	4169.2307691	4183.3333332	4181.02564089	4184.35897422	
4167.69230749	4209.10256404	4177.94871781	4147.69230749	4170.51282038	4169.87179474	4166.79487159	4166.28205108	4172.4358973	4164.48717928	4153.07692287	4165.12820492	4165.25641005	4170.12820499	
4164.87179467	4197.4358973	4175.89743576	4143.46153826	4195.51282038	4167.69230749	4166.28205108	4163.46153826	4169.87179474	4166.92307672	4149.1025639	4160.38461518	4160.51282031	4166.53846133	
4163.07692287	4187.4358973	4171.15384602	4151.02564082	4178.3333332	4164.48717928	4162.69230749	4162.94871774	4169.61538448	4174.87179474	4148.84615364	4158.33333313	4159.23076903	4168.07692287	
4160.76923056	4187.17948704	4167.94871774	4147.94871774	4156.41025621	4160.76923056	4154.23076903	4158.07692287	4165.51282031	4165.76923056	4144.87179467	4154.9999998	4155.89743569	4163.205128	
4166.02564082	4194.48717935	4176.5384614	4149.87179467	4173.20512807	4165.89743569	4160.64102544	4165.76923056	4171.79487166	4168.58974345	4153.07692287	4163.84615364	4164.23076903	4168.58974345	
4179.61538448	4203.97435891	4189.87179474	4159.9999998	4169.35897422	4182.17948704	4179.99999986	4183.84615371	4184.48717935	4189.10256397	4171.41025628	4181.41025628	4184.2307691	4187.4358973	
4182.05128192	4216.41025634	4192.17948704	4160.89743569	4151.53846133	4193.3333332	4185.64102551	4186.66666653	4183.58974345	4189.99999986	4174.35897422	4185.38461525	4187.82051269	4190.25641012	
4180.76923063	4219.23076917	4191.79487166	4164.9999998	4193.71794858	4188.84615371	4180.76923063	4185.89743576	4183.84615371	4184.87179474	4171.15384602	4181.92307679	4181.41025628	4186.15384602	
4182.82051269	4205.64102558	4190.89743576	4162.05128185	4216.53846147	4182.17948704	4180.76923063	4187.4358973	4187.82051269	4189.48717935	4174.2307691	4181.92307679	4183.46153833	4189.48717935	
4177.94871781	4196.02564089	4186.79487166	4154.48717928	4164.23076903	4175.51282038	4175.64102551	4177.05128192	4178.58974345	4181.41025628	4171.02564089	4178.84615371	4182.69230756	4184.61538448	
4180.76923063	4209.10256404	4191.28205115	4173.84615371	4162.56410236	4171.5384614	4173.20512807	4177.94871781	4179.61538448	4186.02564089	4170.89743576	4181.79487166	4185.38461525	4185.25641012	
4192.56410243	4223.58974352	4197.94871781	4186.79487166	4203.97435891	4187.30769217	4186.66666653	4193.71794858	4192.69230756	4206.6666666	4181.5384614	4192.05128192	4197.30769217	4197.94871781	
4188.84615371	4209.23076917	4194.74358961	4163.97435877	4186.41025628	4200.51282038	4189.2307691	4191.5384614	4188.97435884	4200.38461525	4187.17948704	4191.41025628	4196.15384602	4193.20512807	
4179.10256397	4190.64102551	4191.66666653	4152.82051262	4169.2307691	4184.35897422	4173.20512807	4179.10256397	4179.35897422	4184.10256397	4181.66666653	4184.99999986	4183.84615371	4181.28205115	
4184.74358961	4202.43589737	4192.69230756	4163.97435877	4199.10256397	4173.71794858	4170.51282038	4180.25641012	4181.15384602	4186.92307679	4176.02564089	4186.28205115	4181.28205115	4185.12820499	
4192.82051269	4221.28205122	4198.07692294	4173.3333332	4203.84615378	4186.5384614	4182.94871781	4186.15384602	4183.84615371	4191.28205115	4180.89743576	4194.35897422	4188.3333332	4191.92307679	
4200.51282038	4232.43589737	4214.61538455	4189.61538448	4190.12820499	4197.30769217	4195.51282038	4195.89743576	4191.28205115	4198.97435884	4196.02564089	4208.58974352	4202.43589737	4201.02564096	
4219.99999993	4252.56410257	4236.02564103	4215.25641019	4220.25641019	4208.33333327	4208.84615378	4220.7692307	4214.10256404	4229.87179481	4219.35897429	4231.41025634	4226.53846147	4221.41025634	
4230.7692307	4268.33333341	4241.28205129	4224.10256404	4246.02564103	4222.69230763	4218.84615378	4238.07692308	4227.5641025	4253.33333334	4232.43589737	4243.33333334	4238.97435898	4231.28205122	
4228.33333327	4270.51282059	4237.43589744	4216.79487173	4232.82051275	4233.84615385	4224.99999993	4238.07692308	4227.30769224	4250.0	4231.02564096	4242.30769231	4236.92307693	4228.97435891	
4227.94871788	4277.82051289	4239.74358975	4214.74358968	4233.58974352	4233.07692301	4225.64102558	4234.74358975	4225.89743583	4242.43589744	4230.25641019	4243.84615385	4239.23076923	4230.64102558	
4221.15384609	4269.74358982	4231.15384609	4205.51282045	4238.46153847	4212.17948711	4210.89743583	4222.05128199	4212.43589737	4230.89743583	4218.71794865	4231.28205122	4229.23076917	4218.07692301	
4215.12820506	4250.0	4222.43589737	4199.10256397	4224.10256404	4205.51282045	4205.12820506	4215.7692307	4205.25641019	4226.53846147	4208.33333327	4220.64102558	4217.5641025	4208.20512814	
4222.94871788	4257.82051282	4229.23076917	4211.28205122	4224.10256404	4227.05128199	4218.33333327	4225.7692307	4215.25641019	4236.53846154	4217.5641025	4232.43589737	4228.97435891	4222.43589737	
4217.17948711	4254.35897436	4223.4615384	4207.69230763	4233.97435898	4222.5641025	4212.30769224	4217.94871788	4207.69230763	4231.15384609	4213.07692301	4226.02564096	4224.10256404	4216.53846147	
4195.89743576	4221.28205122	4199.35897422	4181.66666653	4211.15384609	4194.74358961	4191.92307679	4192.56410243	4184.10256397	4199.48717935	4182.30769217	4194.48717935	4188.46153833	4185.12820499	
4194.74358961	4216.15384609	4194.48717935	4171.66666653	4189.74358961	4196.79487166	4194.35897422	4193.71794858	4187.4358973	4193.07692294	4176.66666653	4190.64102551	4179.99999986	4183.46153833	
4212.43589737	4241.02564103	4212.30769224	4187.94871781	4216.53846147	4215.51282045	4213.20512814	4220.38461532	4212.30769224	4229.35897429	4205.64102558	4218.84615378	4212.30769224	4210.38461532	
4222.69230763	4250.25641026	4222.43589737	4206.28205122	4239.87179488	4221.6666666	4222.82051275	4235.12820513	4222.82051275	4248.07692308	4220.64102558	4234.87179488	4232.69230763	4220.25641019	
4228.07692301	4254.48717949	4228.97435891	4216.92307686	4232.30769224	4227.05128199	4224.23076917	4237.43589744	4224.23076917	4240.38461539	4221.53846147	4239.35897436	4234.23076923	4218.33333327	
4226.6666666	4258.97435898	4231.79487173	4216.92307686	4229.35897429	4230.89743583	4221.79487173	4237.17948718	4226.79487173	4240.25641026	4222.69230763	4242.43589744	4234.23076923	4220.25641019	
4216.79487173	4242.05128206	4221.79487173	4209.87179481	4242.30769231	4221.92307686	4216.53846147	4232.05128199	4225.25641019	4243.58974359	4218.4615384	4236.15384616	4229.10256404	4216.79487173	
4217.43589737	4242.17948718	4220.38461532	4208.71794865	4240.0	4220.12820506	4219.23076917	4230.51282045	4222.69230763	4241.15384616	4216.92307686	4231.6666666	4226.92307686	4214.35897429	
4227.05128199	4268.71794879	4231.02564096	4212.17948711	4227.05128199	4233.20512814	4229.99999993	4234.23076923	4221.28205122	4237.6923077	4221.53846147	4234.87179488	4230.12820506	4219.10256404	
4234.35897436	4278.33333341	4241.02564103	4222.17948711	4236.02564103	4241.41025641	4238.84615385	4243.20512821	4228.84615378	4248.33333334	4232.5641025	4244.87179488	4239.35897436	4230.51282045	
4239.23076923	4280.00000007	4244.74358975	4227.43589737	4249.10256411	4236.15384616	4237.6923077	4249.35897436	4236.7948718	4260.38461539	4241.28205129	4252.6923077	4248.07692308	4239.23076923	
4236.15384616	4283.71794879	4236.02564103	4217.5641025	4248.58974359	4231.53846147	4231.79487173	4239.61538462	4225.89743583	4249.35897436	4232.5641025	4242.6923077	4238.46153847	4231.6666666	
4230.25641019	4281.66666674	4230.25641019	4218.97435891	4252.17948718	4232.5641025	4233.4615384	4231.92307686	4216.92307686	4237.56410257	4223.20512814	4232.5641025	4228.4615384	4224.74358968	
4237.56410257	4286.41025648	4237.56410257	4224.23076917	4254.74358975	4231.15384609	4238.84615385	4240.12820513	4224.87179481	4244.23076923	4227.69230763	4240.76923077	4234.74358975	4231.92307686	
4241.66666667	4282.43589751	4234.87179488	4209.74358968	4238.33333334	4228.33333327	4236.15384616	4242.56410257	4226.6666666	4242.6923077	4225.64102558	4243.20512821	4233.33333327	4230.25641019	
4227.43589737	4257.82051282	4222.05128199	4198.20512807	4226.15384609	4229.10256404	4226.79487173	4232.43589737	4217.69230763	4229.74358968	4212.30769224	4229.35897429	4218.07692301	4217.30769224	
4224.35897429	4249.87179488	4224.99999993	4208.20512814	4228.33333327	4230.7692307	4225.12820506	4231.15384609	4219.61538455	4234.23076923	4211.6666666	4229.23076917	4220.25641019	4219.99999993	
4241.41025641	4270.89743597	4237.17948718	4221.53846147	4233.71794865	4233.33333327	4231.02564096	4241.92307693	4230.51282045	4248.97435898	4224.61538455	4247.30769231	4235.51282052	4234.10256411	
4250.25641026	4293.84615392	4241.15384616	4225.64102558	4249.87179488	4238.84615385	4235.25641026	4243.84615385	4232.17948711	4248.07692308	4226.53846147	4250.76923077	4235.25641026	4235.64102564	
4239.35897436	4284.74358982	4231.6666666	4204.23076917	4255.76923077	4235.38461539	4236.02564103	4239.23076923	4226.92307686	4239.35897436	4211.02564096	4236.02564103	4226.02564096	4227.17948711	
4218.84615378	4226.79487173	4206.53846147	4167.17948697	4225.12820506	4212.30769224	4219.61538455	4222.82051275	4210.89743583	4222.94871788	4188.07692294	4214.10256404	4205.89743583	4208.4615384	
4197.69230756	4168.71794858	4181.02564089	4161.41025621	4180.25641012	4186.5384614	4184.48717935	4185.64102551	4179.87179474	4189.74358961	4161.66666646	4185.51282038	4171.28205115	4180.38461525	
4190.51282038	4166.53846133	4174.48717935	4169.74358961	4159.74358954	4176.5384614	4168.07692287	4161.79487159	4159.87179467	4159.35897415	4142.05128185	4167.82051262	4152.82051262	4166.53846133	
4199.61538448	4189.10256397	4182.05128192	4162.3076921	4172.82051269	4186.66666653	4182.30769217	4170.51282038	4165.12820492	4158.97435877	4138.84615364	4172.30769217	4158.46153826	4175.76923063	
4209.99999993	4193.97435884	4193.58974345	4177.17948704	4203.84615378	4196.66666653	4193.58974345	4186.28205115	4179.61538448	4177.4358973	4144.9999998	4186.5384614	4167.94871774	4188.71794858	
4218.84615378	4194.74358961	4206.02564096	4204.99999993	4219.10256404	4195.25641012	4194.74358961	4194.10256397	4189.10256397	4189.99999986	4155.25641005	4201.6666666	4182.05128192	4197.05128192	
4229.23076917	4206.79487173	4217.5641025	4201.41025634	4213.33333327	4198.07692294	4202.17948711	4206.53846147	4200.64102551	4205.25641019	4170.76923063	4216.53846147	4202.30769224	4206.53846147	
4237.43589744	4229.23076917	4227.43589737	4199.61538448	4213.4615384	4210.12820506	4212.43589737	4219.48717942	4212.69230763	4223.58974352	4185.64102551	4225.12820506	4213.71794865	4216.79487173	
4246.92307693	4250.0	4237.17948718	4225.25641019	4222.05128199	4226.15384609	4226.53846147	4232.5641025	4223.58974352	4236.53846154	4197.30769217	4234.23076923	4221.6666666	4228.07692301	
4253.84615385	4256.7948718	4238.71794872	4229.35897429	4233.58974352	4235.51282052	4238.97435898	4240.64102564	4228.84615378	4237.05128206	4201.02564096	4240.25641026	4226.6666666	4232.5641025	
4251.28205129	4259.23076923	4236.53846154	4218.07692301	4251.66666667	4231.79487173	4236.28205129	4237.82051282	4225.64102558	4231.6666666	4198.58974345	4236.66666667	4225.7692307	4230.51282045	
4249.10256411	4268.07692315	4237.82051282	4219.87179481	4251.02564103	4232.43589737	4232.94871788	4237.94871795	4224.61538455	4234.48717949	4198.71794858	4236.28205129	4230.12820506	4232.69230763	
4253.20512821	4273.33333341	4241.53846154	4225.25641019	4233.4615384	4234.87179488	4235.51282052	4240.64102564	4227.5641025	4242.43589744	4201.02564096	4243.84615385	4236.15384616	4235.8974359	
4256.28205129	4265.64102564	4244.87179488	4234.35897436	4238.58974359	4224.61538455	4236.02564103	4241.7948718	4230.7692307	4245.25641026	4205.12820506	4249.35897436	4238.33333334	4237.6923077	
4252.56410257	4257.17948718	4242.56410257	4232.30769224	4246.41025641	4220.89743583	4235.12820513	4241.53846154	4227.82051275	4240.38461539	4206.41025634	4243.97435898	4236.15384616	4237.6923077	
4247.05128206	4253.07692308	4232.05128199	4211.28205122	4234.23076923	4230.51282045	4231.6666666	4232.05128199	4220.12820506	4232.5641025	4192.05128192	4230.64102558	4223.4615384	4227.17948711	
4236.92307693	4239.48717949	4220.7692307	4197.82051269	4228.58974352	4219.87179481	4217.94871788	4215.89743583	4212.43589737	4217.43589737	4171.79487166	4216.15384609	4204.61538455	4213.07692301	
4223.4615384	4220.64102558	4213.4615384	4201.92307686	4227.69230763	4195.76923063	4201.53846147	4207.30769224	4203.71794865	4202.43589737	4166.15384595	4206.02564096	4196.15384602	4207.94871788	
4220.64102558	4216.53846147	4208.84615378	4199.35897422	4217.69230763	4201.92307686	4203.4615384	4208.58974352	4201.41025634	4204.87179481	4166.66666646	4202.30769224	4197.05128192	4204.10256404	
4222.17948711	4214.48717942	4203.84615378	4184.74358961	4206.02564096	4220.7692307	4212.30769224	4208.58974352	4206.28205122	4211.02564096	4162.05128185	4199.74358961	4194.74358961	4198.20512807	
4220.7692307	4210.38461532	4201.02564096	4186.66666653	4204.35897429	4216.79487173	4213.07692301	4208.84615378	4207.30769224	4209.10256404	4163.07692287	4198.58974345	4194.61538448	4200.25641012	
4222.5641025	4219.48717942	4207.30769224	4198.3333332	4212.17948711	4207.05128199	4209.10256404	4212.17948711	4206.41025634	4210.25641019	4169.48717935	4205.38461532	4200.64102551	4205.89743583	
4227.94871788	4223.33333327	4214.48717942	4201.6666666	4217.82051275	4208.20512814	4204.23076917	4212.82051275	4210.25641019	4213.33333327	4173.07692294	4212.82051275	4204.99999993	4207.17948711	
4231.02564096	4217.82051275	4214.23076917	4201.53846147	4218.58974352	4211.41025634	4204.10256404	4211.41025634	4212.43589737	4211.92307686	4176.66666653	4210.12820506	4206.6666666	4210.51282045	
4229.74358968	4220.12820506	4212.05128199	4202.17948711	4222.82051275	4214.61538455	4210.51282045	4211.02564096	4207.69230763	4208.33333327	4171.92307679	4206.28205122	4203.58974352	4212.94871788	
4233.4615384	4232.30769224	4217.30769224	4200.25641012	4231.02564096	4225.25641019	4218.07692301	4214.61538455	4206.6666666	4210.38461532	4166.79487159	4214.87179481	4202.82051275	4214.87179481	
4238.58974359	4236.53846154	4224.35897429	4199.48717935	4235.38461539	4228.07692301	4214.87179481	4219.10256404	4213.33333327	4219.61538455	4179.61538448	4224.48717942	4214.35897429	4220.12820506	
4229.35897429	4213.71794865	4216.28205122	4198.07692294	4222.05128199	4211.41025634	4200.38461525	4208.71794865	4208.20512814	4217.94871788	4182.82051269	4216.79487173	4213.97435891	4214.35897429	
4223.58974352	4207.17948711	4214.23076917	4195.51282038	4208.20512814	4202.94871788	4195.12820499	4201.15384609	4199.74358961	4210.38461532	4174.87179474	4217.05128199	4205.38461532	4210.7692307	
4238.46153847	4235.64102564	4228.33333327	4201.53846147	4214.99999993	4211.53846147	4205.64102558	4218.07692301	4211.28205122	4220.7692307	4188.71794858	4234.48717949	4216.6666666	4221.15384609	
4239.10256411	4235.0	4223.4615384	4199.10256397	4215.38461532	4219.10256404	4213.58974352	4224.35897429	4216.92307686	4226.28205122	4193.71794858	4229.35897429	4217.69230763	4217.82051275	
4233.71794865	4226.6666666	4222.43589737	4202.82051275	4227.69230763	4223.4615384	4218.20512814	4222.17948711	4214.99999993	4223.84615378	4190.89743576	4226.92307686	4213.4615384	4213.97435891	
4254.10256411	4263.97435898	4249.35897436	4234.74358975	4268.20512828	4231.6666666	4230.64102558	4241.41025641	4230.51282045	4244.61538462	4215.25641019	4255.8974359	4237.6923077	4235.64102564	
4251.02564103	4260.0	4238.07692308	4230.12820506	4246.41025641	4228.71794865	4224.10256404	4233.33333327	4225.12820506	4240.25641026	4210.38461532	4246.7948718	4233.71794865	4231.92307686	
4208.20512814	4188.97435884	4186.5384614	4176.41025628	4176.02564089	4204.10256404	4193.84615371	4188.46153833	4187.30769217	4190.89743576	4157.3076921	4192.94871781	4183.71794858	4190.76923063	
4196.02564089	4162.69230749	4180.12820499	4161.79487159	4177.05128192	4181.66666653	4178.71794858	4181.66666653	4181.02564089	4181.28205115	4144.35897415	4182.4358973	4171.92307679	4181.79487166	
4220.12820506	4185.25641012	4205.25641019	4189.99999986	4213.71794865	4187.05128192	4189.10256397	4205.12820506	4203.58974352	4210.7692307	4171.41025628	4209.61538455	4198.71794858	4202.5641025	
4225.89743583	4197.94871781	4206.28205122	4194.99999986	4207.5641025	4206.28205122	4200.38461525	4200.64102551	4202.30769224	4205.89743583	4170.51282038	4211.53846147	4196.41025628	4205.12820506	
4224.35897429	4214.10256404	4208.07692301	4196.28205115	4214.61538455	4211.02564096	4205.12820506	4199.61538448	4198.07692294	4194.74358961	4168.84615371	4210.25641019	4192.56410243	4205.38461532	
4237.94871795	4233.07692301	4224.61538455	4217.30769224	4241.02564103	4211.28205122	4215.7692307	4227.05128199	4216.15384609	4220.25641019	4195.89743576	4230.7692307	4217.17948711	4222.69230763	
4243.58974359	4237.43589744	4227.5641025	4214.35897429	4227.5641025	4224.99999993	4224.61538455	4235.25641026	4223.33333327	4230.51282045	4205.38461532	4235.76923077	4226.6666666	4227.30769224	
4242.43589744	4243.97435898	4224.48717942	4207.05128199	4225.51282045	4239.61538462	4230.12820506	4234.61538462	4223.20512814	4225.38461532	4191.41025628	4227.69230763	4219.87179481	4222.05128199	
4248.20512821	4253.33333334	4232.43589737	4230.12820506	4260.8974359	4239.87179488	4237.17948718	4254.10256411	4238.58974359	4243.07692308	4195.76923063	4236.92307693	4230.64102558	4229.10256404	
4246.41025641	4246.7948718	4232.30769224	4231.53846147	4256.66666667	4231.02564096	4235.12820513	4255.76923077	4240.76923077	4250.76923077	4209.87179481	4244.23076923	4236.7948718	4229.74358968	
4228.97435891	4218.97435891	4213.07692301	4198.3333332	4213.71794865	4223.4615384	4217.30769224	4227.05128199	4219.35897429	4226.92307686	4199.10256397	4228.07692301	4216.41025634	4214.74358968	
4217.69230763	4195.64102551	4201.41025634	4187.4358973	4200.12820499	4212.5641025	4200.12820499	4210.12820506	4207.30769224	4211.15384609	4181.41025628	4209.61538455	4202.82051275	4203.07692301	
4225.38461532	4199.87179474	4208.97435891	4196.28205115	4221.28205122	4207.94871788	4202.82051275	4215.7692307	4214.23076917	4222.30769224	4181.79487166	4209.48717942	4212.05128199	4204.10256404	
4233.20512814	4212.5641025	4213.97435891	4193.97435884	4230.64102558	4217.69230763	4211.02564096	4218.4615384	4217.82051275	4226.92307686	4184.87179474	4215.7692307	4216.41025634	4208.33333327	
4233.58974352	4217.82051275	4217.94871788	4202.5641025	4227.17948711	4221.02564096	4213.97435891	4223.84615378	4221.92307686	4226.92307686	4187.56410243	4223.71794865	4217.69230763	4217.94871788	
4238.20512821	4222.94871788	4229.61538455	4221.6666666	4232.43589737	4218.71794865	4220.89743583	4238.33333334	4232.94871788	4241.15384616	4201.6666666	4234.74358975	4231.79487173	4231.41025634	
4247.6923077	4229.35897429	4234.10256411	4211.28205122	4236.15384616	4231.02564096	4231.28205122	4249.10256411	4240.51282052	4252.30769231	4214.48717942	4239.23076923	4244.35897436	4237.43589744	
4251.41025641	4233.4615384	4232.17948711	4193.97435884	4235.38461539	4238.58974359	4231.53846147	4251.41025641	4242.30769231	4249.87179488	4214.48717942	4239.61538462	4245.25641026	4239.61538462	
4250.25641026	4233.97435898	4232.82051275	4205.51282045	4242.6923077	4224.61538455	4224.74358968	4244.35897436	4235.76923077	4246.28205129	4211.15384609	4240.64102564	4242.30769231	4239.74358975	
4252.56410257	4233.84615385	4234.61538462	4222.30769224	4258.07692308	4230.7692307	4233.4615384	4241.92307693	4232.05128199	4252.82051282	4212.82051275	4241.7948718	4243.33333334	4241.92307693	
4258.97435898	4250.51282052	4243.84615385	4227.5641025	4263.20512821	4257.82051282	4250.0	4257.82051282	4245.76923077	4266.28205129	4222.82051275	4247.6923077	4253.58974359	4250.76923077	
4266.15384616	4277.69230777	4254.87179488	4230.38461532	4261.7948718	4263.84615385	4254.74358975	4272.43589751	4257.6923077	4271.15384623	4232.43589737	4255.8974359	4263.46153847	4256.92307693	
4273.58974366	4285.38461546	4257.56410257	4241.28205129	4269.35897443	4257.17948718	4254.87179488	4272.30769238	4256.66666667	4271.0256411	4236.02564103	4261.7948718	4267.05128212	4258.58974359	
4275.76923084	4277.82051289	4255.38461539	4243.71794872	4270.89743597	4258.20512821	4257.30769231	4272.82051289	4260.12820513	4279.35897443	4237.30769231	4263.58974359	4268.07692315	4259.87179488	
4272.30769238	4278.46153853	4252.56410257	4231.15384609	4271.0256411	4257.82051282	4256.28205129	4275.89743597	4265.0	4284.10256418	4238.07692308	4261.02564103	4264.61538462	4258.84615385	
4272.43589751	4289.2307693	4253.97435898	4232.43589737	4278.33333341	4257.6923077	4256.66666667	4278.07692315	4262.17948718	4280.51282059	4242.56410257	4260.12820513	4266.02564103	4259.87179488	
4270.00000007	4284.48717956	4253.97435898	4239.10256411	4268.84615392	4265.64102564	4256.41025641	4278.46153853	4259.10256411	4280.00000007	4241.53846154	4258.97435898	4268.58974366	4258.46153847	
4258.46153847	4264.48717949	4240.76923077	4225.7692307	4246.28205129	4263.84615385	4247.43589744	4265.51282052	4252.6923077	4271.923077	4228.33333327	4249.23076923	4254.74358975	4244.61538462	
4256.41025641	4262.56410257	4236.41025641	4219.35897429	4256.02564103	4248.46153847	4240.8974359	4257.43589744	4246.28205129	4263.20512821	4223.97435891	4243.97435898	4245.8974359	4238.20512821	
4268.58974366	4275.1282052	4249.74358975	4241.15384616	4284.74358982	4244.35897436	4245.51282052	4269.2307693	4252.82051282	4274.10256418	4237.05128206	4254.23076923	4261.7948718	4251.66666667	
4271.923077	4282.17948725	4252.30769231	4249.74358975	4278.84615392	4251.15384616	4246.53846154	4269.87179495	4256.15384616	4279.2307693	4242.30769231	4257.56410257	4267.43589751	4255.8974359	
4265.8974359	4283.33333341	4244.23076923	4233.07692301	4256.53846154	4255.38461539	4245.64102564	4257.43589744	4248.46153847	4266.79487187	4234.74358975	4251.53846154	4255.38461539	4247.56410257	
4263.97435898	4277.17948725	4242.43589744	4224.23076917	4257.05128206	4255.51282052	4248.20512821	4259.23076923	4247.6923077	4263.33333334	4229.99999993	4249.35897436	4251.66666667	4245.8974359	
4264.10256411	4263.58974359	4242.6923077	4229.61538455	4261.53846154	4262.94871795	4251.02564103	4264.35897436	4249.87179488	4263.84615385	4230.7692307	4245.51282052	4254.10256411	4248.46153847	
4263.46153847	4263.58974359	4241.53846154	4239.23076923	4261.53846154	4259.35897436	4245.25641026	4256.28205129	4244.61538462	4259.23076923	4231.92307686	4240.25641026	4252.82051282	4249.10256411	
4242.82051282	4237.6923077	4217.17948711	4211.28205122	4252.05128206	4227.17948711	4216.6666666	4228.58974352	4222.94871788	4235.8974359	4205.7692307	4215.89743583	4224.99999993	4226.02564096	
4202.17948711	4152.56410236	4171.02564089	4158.58974339	4208.07692301	4191.15384602	4177.30769217	4187.82051269	4188.46153833	4193.97435884	4158.46153826	4171.02564089	4175.25641012	4182.56410243	
4185.12820499	4095.89743555	4149.48717928	4140.64102544	4165.76923056	4178.58974345	4159.35897415	4167.05128185	4170.51282038	4169.10256397	4141.28205108	4147.69230749	4157.69230749	4163.33333313	
4199.35897422	4114.99999973	4162.05128185	4152.94871774	4166.66666646	4181.5384614	4167.82051262	4174.99999986	4179.10256397	4176.92307679	4155.89743569	4159.48717928	4176.28205115	4175.76923063	
4206.53846147	4133.20512793	4171.15384602	4154.9999998	4179.99999986	4188.07692294	4179.87179474	4183.46153833	4188.97435884	4193.97435884	4161.02564082	4171.5384614	4183.71794858	4186.28205115	
4206.6666666	4124.23076896	4173.3333332	4159.23076903	4185.64102551	4202.43589737	4185.12820499	4190.51282038	4192.69230756	4203.33333327	4165.89743569	4176.66666653	4184.74358961	4191.02564089	
4217.30769224	4136.28205108	4181.5384614	4179.87179474	4196.41025628	4201.92307686	4187.17948704	4202.30769224	4198.46153833	4203.84615378	4182.82051269	4188.07692294	4198.84615371	4198.07692294	
4226.02564096	4160.12820492	4189.48717935	4185.12820499	4202.5641025	4192.17948704	4191.41025628	4206.92307686	4204.61538455	4201.28205122	4186.41025628	4194.87179474	4203.84615378	4204.23076917	
4231.92307686	4167.94871774	4198.58974345	4181.41025628	4202.82051275	4205.51282045	4204.10256404	4214.35897429	4212.94871788	4212.94871788	4188.46153833	4201.92307686	4204.23076917	4212.94871788	
4238.97435898	4169.48717935	4202.82051275	4187.82051269	4216.92307686	4219.48717942	4209.74358968	4221.92307686	4215.12820506	4222.43589737	4195.89743576	4208.84615378	4210.38461532	4214.61538455	
4243.84615385	4173.20512807	4206.79487173	4199.87179474	4238.46153847	4222.69230763	4214.99999993	4222.69230763	4216.53846147	4228.4615384	4202.94871788	4216.41025634	4221.28205122	4218.20512814	
4249.10256411	4182.82051269	4217.30769224	4208.58974352	4244.23076923	4232.82051275	4227.30769224	4228.33333327	4225.64102558	4239.61538462	4213.33333327	4228.97435891	4232.82051275	4230.89743583	
4252.94871795	4193.3333332	4221.6666666	4207.94871788	4231.79487173	4242.82051282	4229.61538455	4235.0	4230.64102558	4240.38461539	4217.82051275	4231.79487173	4233.84615385	4231.02564096	
4255.38461539	4194.48717935	4223.4615384	4211.41025634	4227.05128199	4237.82051282	4227.82051275	4240.25641026	4233.97435898	4242.05128206	4220.38461532	4232.5641025	4236.92307693	4229.99999993	
4254.23076923	4187.69230756	4222.05128199	4207.17948711	4236.15384616	4231.02564096	4229.48717942	4238.97435898	4232.05128199	4244.10256411	4219.35897429	4233.4615384	4239.74358975	4234.48717949	
4255.25641026	4182.56410243	4222.94871788	4212.5641025	4241.53846154	4232.5641025	4230.51282045	4237.30769231	4229.23076917	4244.87179488	4221.02564096	4235.51282052	4241.7948718	4234.61538462	
4263.84615385	4194.35897422	4233.07692301	4230.25641019	4248.20512821	4238.07692308	4233.71794865	4246.66666667	4238.58974359	4254.61538462	4234.23076923	4247.6923077	4252.05128206	4241.92307693	
4267.69230777	4215.12820506	4236.28205129	4223.4615384	4256.92307693	4246.15384616	4236.66666667	4248.58974359	4241.15384616	4255.25641026	4237.05128206	4252.17948718	4254.23076923	4249.23076923	
4266.66666674	4218.20512814	4233.33333327	4216.79487173	4262.30769231	4253.46153847	4237.94871795	4241.92307693	4233.58974352	4247.30769231	4228.33333327	4246.28205129	4249.23076923	4247.05128206	
4271.0256411	4206.92307686	4240.64102564	4233.4615384	4257.05128206	4252.30769231	4242.05128206	4251.66666667	4242.05128206	4256.02564103	4237.82051282	4253.71794872	4257.82051282	4251.66666667	
4277.69230777	4214.35897429	4249.23076923	4239.87179488	4251.7948718	4240.38461539	4241.53846154	4261.66666667	4250.51282052	4266.79487187	4253.33333334	4265.8974359	4268.46153853	4259.48717949	
4277.30769238	4225.64102558	4247.17948718	4227.69230763	4257.82051282	4239.74358975	4236.7948718	4251.41025641	4242.43589744	4261.15384616	4247.6923077	4260.76923077	4262.6923077	4255.12820513	
4272.05128212	4207.94871788	4242.17948718	4226.79487173	4253.20512821	4247.30769231	4236.7948718	4246.92307693	4239.23076923	4255.12820513	4237.30769231	4250.76923077	4257.30769231	4249.35897436	
4268.33333341	4193.07692294	4234.48717949	4228.58974352	4240.38461539	4239.35897436	4232.05128199	4248.58974359	4238.46153847	4250.38461539	4233.20512814	4245.0	4255.12820513	4245.12820513	
4268.07692315	4204.48717942	4229.74358968	4220.25641019	4247.94871795	4230.38461532	4227.30769224	4243.20512821	4233.07692301	4249.10256411	4233.20512814	4243.97435898	4251.15384616	4242.56410257	
4274.87179495	4217.30769224	4239.23076923	4223.97435891	4261.15384616	4247.94871795	4240.76923077	4251.15384616	4242.6923077	4260.0	4242.6923077	4253.33333334	4257.94871795	4253.20512821	
4283.46153853	4227.69230763	4249.87179488	4235.0	4267.82051289	4268.58974366	4252.43589744	4267.69230777	4255.64102564	4266.923077	4250.8974359	4259.48717949	4265.8974359	4261.7948718	
4285.51282059	4234.74358975	4247.05128206	4234.48717949	4274.87179495	4259.35897436	4245.25641026	4263.97435898	4248.97435898	4259.87179488	4246.15384616	4253.97435898	4261.28205129	4256.7948718	
4287.05128212	4233.97435898	4250.38461539	4241.7948718	4281.28205136	4250.64102564	4247.17948718	4262.56410257	4248.20512821	4263.58974359	4249.48717949	4259.61538462	4265.38461539	4260.38461539	
4292.56410264	4238.71794872	4263.84615385	4259.74358975	4273.58974366	4257.05128206	4258.71794872	4276.79487187	4260.64102564	4281.28205136	4263.33333334	4272.17948725	4282.82051289	4270.25641033	
4288.84615392	4234.23076923	4257.05128206	4245.12820513	4256.28205129	4256.41025641	4253.84615385	4269.48717956	4255.25641026	4273.58974366	4254.10256411	4261.41025641	4275.64102571	4261.41025641	
4281.79487187	4217.17948711	4242.6923077	4227.30769224	4264.48717949	4261.41025641	4248.84615385	4255.76923077	4246.15384616	4252.82051282	4238.33333334	4249.23076923	4256.41025641	4252.17948718	
4282.82051289	4218.84615378	4245.12820513	4238.84615385	4271.15384623	4266.28205129	4254.48717949	4259.74358975	4248.58974359	4253.58974359	4241.15384616	4251.02564103	4254.87179488	4255.12820513	
4282.69230777	4231.41025634	4248.46153847	4239.35897436	4254.61538462	4251.7948718	4252.30769231	4261.92307693	4248.07692308	4258.71794872	4242.30769231	4247.94871795	4258.97435898	4253.97435898	
4278.58974366	4218.33333327	4240.38461539	4223.97435891	4258.58974359	4243.20512821	4246.53846154	4258.97435898	4245.64102564	4252.17948718	4234.61538462	4243.33333334	4257.56410257	4251.15384616	
4272.43589751	4191.79487166	4231.79487173	4221.6666666	4268.46153853	4248.71794872	4243.58974359	4255.0	4241.66666667	4239.74358975	4226.6666666	4236.66666667	4247.30769231	4246.7948718	
4269.87179495	4192.17948704	4231.53846147	4228.97435891	4250.0	4248.97435898	4237.56410257	4248.20512821	4234.10256411	4235.25641026	4222.69230763	4227.94871788	4239.23076923	4241.02564103	
4270.89743597	4197.17948704	4231.02564096	4224.10256404	4245.64102564	4246.92307693	4233.4615384	4244.74358975	4231.92307686	4240.64102564	4224.23076917	4226.79487173	4243.58974359	4240.51282052	
4263.33333334	4179.10256397	4220.64102558	4210.38461532	4258.20512821	4236.66666667	4227.30769224	4239.61538462	4230.64102558	4238.33333334	4220.51282045	4221.02564096	4240.8974359	4236.41025641	
4243.33333334	4143.58974339	4198.84615371	4189.35897422	4212.43589737	4218.4615384	4211.15384609	4220.12820506	4214.99999993	4214.74358968	4195.12820499	4196.66666653	4211.6666666	4216.79487173	
4229.48717942	4108.9743587	4182.17948704	4170.38461525	4166.79487159	4206.79487173	4199.2307691	4205.7692307	4200.25641012	4190.51282038	4172.82051269	4177.82051269	4188.84615371	4198.97435884	
4232.17948711	4099.48717914	4183.84615371	4166.66666646	4195.76923063	4202.05128199	4198.58974345	4207.05128199	4203.97435891	4190.51282038	4177.30769217	4179.61538448	4195.38461525	4201.15384609	
4237.17948718	4111.66666639	4188.71794858	4173.97435884	4220.64102558	4210.25641019	4201.28205122	4208.33333327	4208.97435891	4200.76923063	4186.5384614	4182.82051269	4203.20512814	4208.71794865	
4246.28205129	4130.7692305	4195.76923063	4188.07692294	4211.79487173	4224.10256404	4208.20512814	4216.53846147	4212.30769224	4212.05128199	4194.74358961	4191.92307679	4208.58974352	4213.97435891	
4267.17948725	4152.3076921	4219.48717942	4211.41025634	4231.6666666	4231.41025634	4224.35897429	4237.56410257	4228.33333327	4228.71794865	4218.07692301	4220.38461532	4232.5641025	4231.15384609	
4267.17948725	4152.3076921	4219.48717942	4211.41025634	4231.6666666	4231.41025634	4224.35897429	4237.56410257	4228.33333327	4228.71794865	4218.07692301	4220.38461532	4232.5641025	4231.15384609	
4282.69230777	4171.15384602	4239.74358975	4229.10256404	4261.41025641	4242.82051282	4240.8974359	4252.82051282	4243.71794872	4242.43589744	4236.41025641	4240.25641026	4252.56410257	4249.87179488	
4285.25641033	4184.2307691	4239.10256411	4222.43589737	4250.0	4259.23076923	4251.53846154	4257.82051282	4244.48717949	4245.76923077	4228.07692301	4237.6923077	4249.61538462	4254.74358975	
4295.51282059	4202.17948711	4252.17948718	4235.0	4253.84615385	4262.6923077	4257.17948718	4268.58974366	4252.30769231	4258.84615385	4237.56410257	4252.05128206	4263.58974359	4265.25641026	
4307.69230784	4223.58974352	4271.66666674	4263.97435898	4286.66666674	4261.53846154	4257.05128206	4273.97435905	4263.58974359	4275.89743597	4266.923077	4275.25641033	4285.25641033	4277.82051289	
4306.79487194	4234.35897436	4268.71794879	4257.05128206	4294.2307693	4272.69230777	4257.17948718	4268.58974366	4258.20512821	4270.89743597	4269.2307693	4272.56410264	4280.76923084	4274.48717956	
4305.89743604	4237.43589744	4268.71794879	4251.28205129	4282.17948725	4280.38461546	4264.35897436	4273.84615392	4256.41025641	4265.12820513	4262.6923077	4270.38461546	4280.25641033	4273.33333341	
4311.1538463	4235.51282052	4278.97435905	4272.17948725	4279.2307693	4282.69230777	4274.35897443	4290.00000007	4271.66666674	4280.76923084	4278.33333341	4285.25641033	4298.58974366	4286.53846161	
4308.84615399	4234.35897436	4273.07692315	4265.76923077	4282.30769238	4286.15384623	4275.38461546	4295.00000007	4279.48717956	4292.94871802	4284.61538469	4286.0256411	4300.2564104	4287.56410264	
4304.3589745	4242.05128206	4265.12820513	4246.28205129	4290.1282052	4282.94871802	4272.43589751	4290.25641033	4273.20512828	4289.2307693	4276.15384623	4279.2307693	4286.923077	4279.48717956	
4312.43589758	4256.15384616	4280.00000007	4265.76923077	4307.69230784	4281.79487187	4279.35897443	4297.43589751	4277.56410264	4294.2307693	4286.923077	4291.28205136	4296.15384623	4288.97435905	
4322.56410271	4272.17948725	4293.46153853	4284.48717956	4316.1538463	4293.33333341	4287.94871802	4307.82051296	4287.30769238	4302.05128219	4301.1538463	4301.92307707	4312.43589758	4302.56410271	
4320.2564104	4279.10256418	4288.20512828	4273.33333341	4300.89743604	4296.53846161	4288.07692315	4303.71794886	4282.56410264	4291.15384623	4296.66666674	4295.64102571	4306.02564117	4298.33333341	
4307.94871809	4266.79487187	4276.0256411	4258.33333334	4286.15384623	4284.74358982	4281.41025648	4293.84615392	4272.94871802	4278.33333341	4285.51282059	4285.00000007	4292.43589751	4286.15384623	
4302.82051296	4255.76923077	4272.69230777	4258.71794872	4291.15384623	4284.10256418	4276.28205136	4290.64102571	4271.79487187	4282.82051289	4283.58974366	4284.87179495	4294.87179495	4285.51282059	
4308.97435912	4268.46153853	4281.41025648	4265.38461539	4299.2307693	4286.66666674	4276.0256411	4293.58974366	4275.76923084	4290.00000007	4289.74358982	4291.79487187	4303.84615399	4290.38461546	
4317.43589758	4291.66666674	4291.53846161	4273.33333341	4305.76923091	4285.38461546	4283.71794879	4305.38461553	4285.89743597	4293.46153853	4299.35897443	4299.61538476	4309.23076937	4297.30769238	
4322.94871809	4308.4615386	4298.58974366	4290.00000007	4317.69230784	4301.28205142	4294.48717956	4320.51282066	4297.82051289	4304.74358989	4308.4615386	4310.38461553	4318.4615386	4306.92307707	
4324.87179501	4318.07692322	4300.38461553	4293.84615392	4321.79487194	4309.61538476	4296.28205136	4318.84615399	4296.15384623	4311.79487194	4308.07692322	4315.64102578	4320.64102578	4307.17948732	
4327.30769245	4322.43589758	4300.38461553	4281.0256411	4323.20512835	4297.17948725	4295.76923084	4309.23076937	4289.2307693	4305.2564104	4302.30769245	4313.20512835	4313.97435912	4304.48717963	
4331.79487194	4328.4615386	4307.69230784	4289.74358982	4331.66666681	4301.28205142	4302.56410271	4317.30769245	4296.53846161	4307.30769245	4309.74358989	4320.38461553	4320.2564104	4310.38461553	
4332.94871816	4333.97435919	4313.33333348	4306.53846168	4329.87179501	4313.97435912	4307.30769245	4326.66666681	4302.56410271	4313.58974373	4321.02564117	4330.00000014	4329.10256425	4315.12820527	
4320.51282066	4320.89743604	4296.66666674	4282.69230777	4309.74358989	4298.07692315	4290.64102571	4306.66666681	4284.48717956	4293.71794879	4304.48717963	4310.64102578	4310.12820527	4299.2307693	
4308.84615399	4303.07692322	4282.56410264	4262.94871795	4298.71794879	4280.76923084	4271.15384623	4284.87179495	4266.53846154	4272.56410264	4286.15384623	4288.33333341	4289.74358982	4282.94871802	
4313.07692322	4304.87179501	4292.05128212	4282.17948725	4305.2564104	4285.00000007	4277.94871802	4289.48717956	4271.15384623	4278.58974366	4294.10256418	4295.25641033	4295.51282059	4288.46153853	
4322.82051296	4316.28205142	4302.94871809	4294.61538469	4316.92307707	4286.28205136	4289.87179495	4301.1538463	4283.33333341	4291.28205136	4305.12820527	4307.69230784	4307.17948732	4299.74358989	
4319.61538476	4323.97435912	4296.28205136	4282.17948725	4314.61538476	4287.69230777	4284.61538469	4298.20512828	4282.05128212	4287.82051289	4295.1282052	4301.02564117	4301.66666681	4295.76923084	
4305.00000014	4312.56410271	4279.48717956	4263.97435898	4296.28205136	4293.97435905	4272.94871802	4281.0256411	4266.79487187	4267.17948725	4274.2307693	4282.17948725	4281.53846161	4279.61538469	
4299.74358989	4291.0256411	4271.28205136	4258.20512821	4290.00000007	4281.28205136	4266.79487187	4269.74358982	4256.41025641	4250.8974359	4267.43589751	4273.33333341	4270.00000007	4271.923077	
4294.2307693	4274.74358982	4264.10256411	4252.17948718	4276.53846161	4262.56410257	4258.46153847	4264.61538462	4251.15384616	4245.12820513	4258.97435898	4266.66666674	4265.0	4266.41025641	
4285.76923084	4261.66666667	4257.30769231	4241.7948718	4249.10256411	4258.71794872	4249.35897436	4259.74358975	4250.12820513	4245.64102564	4251.92307693	4259.48717949	4263.84615385	4262.82051282	
4286.53846161	4261.92307693	4259.35897436	4237.30769231	4251.02564103	4256.28205129	4244.87179488	4255.38461539	4250.0	4247.05128206	4258.97435898	4259.61538462	4267.56410264	4264.74358975	
4287.43589751	4266.02564103	4257.6923077	4229.74358968	4270.64102571	4252.82051282	4239.61538462	4245.12820513	4242.56410257	4237.94871795	4260.0	4258.97435898	4263.07692308	4258.33333334	
4286.66666674	4255.0	4256.02564103	4230.89743583	4272.30769238	4259.35897436	4238.71794872	4241.02564103	4241.41025641	4241.15384616	4260.12820513	4262.94871795	4263.84615385	4257.56410257	
4290.25641033	4245.8974359	4265.38461539	4241.92307693	4263.20512821	4256.02564103	4241.66666667	4251.41025641	4250.76923077	4258.20512821	4269.61538469	4271.53846161	4276.66666674	4268.84615392	
4286.79487187	4254.35897436	4264.87179488	4234.10256411	4248.58974359	4244.74358975	4241.02564103	4251.92307693	4247.05128206	4249.10256411	4265.51282052	4264.74358975	4271.923077	4265.8974359	
4283.20512828	4258.84615385	4256.15384616	4225.12820506	4244.23076923	4257.6923077	4244.74358975	4249.74358975	4242.56410257	4237.6923077	4257.43589744	4257.17948718	4259.48717949	4257.82051282	
4291.923077	4257.82051282	4265.0	4235.76923077	4264.87179488	4267.82051289	4252.30769231	4263.58974359	4254.10256411	4253.58974359	4270.25641033	4268.97435905	4268.33333341	4266.02564103	
4297.43589751	4270.51282059	4274.87179495	4242.82051282	4277.82051289	4256.02564103	4254.61538462	4272.17948725	4260.12820513	4263.07692308	4276.53846161	4273.71794879	4278.71794879	4272.05128212	
4294.87179495	4281.28205136	4271.28205136	4243.07692308	4269.61538469	4254.74358975	4251.7948718	4269.10256418	4256.92307693	4258.84615385	4271.41025648	4268.46153853	4278.07692315	4268.20512828	
4290.38461546	4267.82051289	4262.30769231	4239.10256411	4264.87179488	4262.05128206	4246.28205129	4262.94871795	4252.94871795	4259.87179488	4271.53846161	4267.30769238	4274.48717956	4264.87179488	
4281.53846161	4249.35897436	4252.6923077	4226.41025634	4264.48717949	4253.97435898	4240.8974359	4252.6923077	4247.94871795	4254.10256411	4265.76923077	4259.48717949	4267.05128212	4259.61538462	
4280.1282052	4252.94871795	4252.30769231	4225.25641019	4258.33333334	4247.43589744	4240.64102564	4252.05128206	4249.74358975	4250.0	4260.25641026	4254.35897436	4265.76923077	4257.94871795	
4291.79487187	4275.00000007	4264.87179488	4237.56410257	4263.33333334	4259.48717949	4250.76923077	4265.25641026	4259.35897436	4265.51282052	4270.51282059	4266.66666674	4275.51282059	4265.51282052	
4302.82051296	4290.76923084	4274.74358982	4250.64102564	4284.10256418	4275.38461546	4266.02564103	4274.2307693	4267.43589751	4278.20512828	4284.61538469	4280.51282059	4286.41025648	4274.10256418	
4302.30769245	4293.97435905	4273.46153853	4258.20512821	4287.05128212	4279.61538469	4271.66666674	4273.97435905	4267.05128212	4274.35897443	4282.82051289	4278.07692315	4286.15384623	4275.1282052	
4298.33333341	4298.97435905	4272.05128212	4251.7948718	4277.43589751	4277.69230777	4266.66666674	4275.89743597	4266.41025641	4271.53846161	4277.05128212	4274.61538469	4282.56410264	4274.61538469	
4298.71794879	4296.79487187	4271.923077	4245.51282052	4283.33333341	4273.71794879	4260.76923077	4281.53846161	4270.38461546	4279.35897443	4280.38461546	4279.61538469	4287.05128212	4279.2307693	
4299.87179501	4288.33333341	4268.84615392	4246.53846154	4282.17948725	4271.79487187	4261.28205129	4284.87179495	4274.35897443	4286.66666674	4279.48717956	4280.38461546	4290.38461546	4282.43589751	
4298.71794879	4300.2564104	4269.74358982	4246.66666667	4270.89743597	4273.33333341	4263.71794872	4282.56410264	4274.74358982	4283.58974366	4274.48717956	4276.66666674	4284.61538469	4280.00000007	
4282.82051289	4292.05128212	4253.97435898	4227.94871788	4261.28205129	4259.74358975	4248.71794872	4265.38461539	4261.15384616	4261.53846154	4259.23076923	4258.58974359	4263.71794872	4261.92307693	
4249.10256411	4226.28205122	4212.05128199	4188.97435884	4231.92307686	4231.92307686	4213.58974352	4228.20512814	4228.07692301	4219.87179481	4222.43589737	4216.28205122	4224.74358968	4225.38461532	
4230.7692307	4187.4358973	4192.94871781	4173.07692294	4206.28205122	4210.38461532	4193.3333332	4199.99999986	4204.61538455	4192.94871781	4196.79487166	4189.87179474	4197.94871781	4204.23076917	
4246.92307693	4222.94871788	4212.5641025	4190.12820499	4224.23076917	4217.17948711	4206.15384609	4208.58974352	4216.53846147	4205.25641019	4210.7692307	4208.33333327	4214.23076917	4220.12820506	
4269.61538469	4255.8974359	4231.02564096	4209.61538455	4243.71794872	4250.38461539	4229.35897429	4237.94871795	4240.76923077	4235.64102564	4236.28205129	4238.33333334	4246.02564103	4246.92307693	
4278.33333341	4265.25641026	4239.48717949	4222.94871788	4244.87179488	4267.56410264	4241.02564103	4255.12820513	4250.25641026	4251.02564103	4247.82051282	4251.41025641	4258.46153847	4260.38461539	
4283.58974366	4291.66666674	4250.8974359	4234.35897436	4271.41025648	4263.20512821	4246.28205129	4257.30769231	4250.76923077	4249.61538462	4254.10256411	4257.56410257	4262.43589744	4264.35897436	
4286.41025648	4311.53846168	4255.51282052	4237.56410257	4292.17948725	4265.38461539	4253.84615385	4261.66666667	4253.20512821	4250.76923077	4256.66666667	4260.0	4268.33333341	4264.35897436	
4286.28205136	4300.89743604	4252.05128206	4239.87179488	4276.41025648	4272.30769238	4257.30769231	4271.0256411	4259.61538462	4259.23076923	4258.71794872	4258.97435898	4268.71794879	4265.25641026	
4283.84615392	4299.48717963	4250.8974359	4241.28205129	4267.56410264	4267.82051289	4250.0	4270.89743597	4261.7948718	4258.97435898	4261.7948718	4256.66666667	4264.87179488	4263.97435898	
4278.46153853	4309.61538476	4247.6923077	4238.46153847	4273.71794879	4270.64102571	4246.41025641	4267.17948725	4259.48717949	4251.28205129	4256.66666667	4251.15384616	4265.0	4258.84615385	
4276.0256411	4300.76923091	4246.02564103	4237.17948718	4272.56410264	4272.43589751	4248.33333334	4266.53846154	4260.25641026	4253.07692308	4252.6923077	4251.02564103	4267.82051289	4258.20512821	
4271.79487187	4281.41025648	4239.87179488	4216.41025634	4256.02564103	4252.6923077	4239.48717949	4252.30769231	4251.66666667	4246.92307693	4251.92307693	4249.48717949	4259.23076923	4254.87179488	
4267.56410264	4273.33333341	4234.10256411	4203.58974352	4237.30769231	4244.48717949	4233.33333327	4242.6923077	4242.94871795	4235.8974359	4253.97435898	4246.41025641	4252.05128206	4250.76923077	
4268.71794879	4277.30769238	4238.71794872	4221.53846147	4234.48717949	4255.51282052	4240.0	4252.05128206	4249.61538462	4240.25641026	4258.97435898	4249.74358975	4258.97435898	4252.94871795	
4266.923077	4282.94871802	4237.6923077	4220.25641019	4248.46153847	4252.82051282	4238.33333334	4249.10256411	4251.66666667	4242.6923077	4255.76923077	4246.02564103	4260.0	4251.41025641	
4260.38461539	4279.74358982	4229.87179481	4205.64102558	4254.87179488	4240.76923077	4230.7692307	4239.61538462	4243.97435898	4233.20512814	4250.38461539	4238.84615385	4252.6923077	4245.51282052	
4259.10256411	4269.61538469	4228.84615378	4211.92307686	4251.15384616	4245.25641026	4234.48717949	4244.35897436	4242.6923077	4228.33333327	4249.23076923	4239.87179488	4248.07692308	4244.87179488	
4256.53846154	4259.48717949	4225.25641019	4206.15384609	4242.56410257	4251.66666667	4231.92307686	4238.20512821	4237.43589744	4225.51282045	4238.46153847	4234.48717949	4241.02564103	4241.28205129	
4246.15384616	4240.51282052	4212.94871788	4181.5384614	4216.92307686	4237.94871795	4215.64102558	4220.7692307	4224.10256404	4214.35897429	4222.82051275	4221.02564096	4230.89743583	4233.4615384	
4235.64102564	4215.25641019	4202.05128199	4172.17948704	4199.10256397	4214.35897429	4199.2307691	4210.12820506	4215.64102558	4199.87179474	4214.35897429	4210.7692307	4220.7692307	4225.25641019	
4222.43589737	4196.28205115	4186.79487166	4165.25641005	4194.10256397	4197.17948704	4181.02564089	4193.84615371	4203.20512814	4179.35897422	4200.12820499	4196.02564089	4202.82051275	4208.33333327	
4212.05128199	4179.48717935	4174.48717935	4152.3076921	4181.79487166	4194.74358961	4172.05128192	4183.20512807	4195.25641012	4167.3076921	4186.92307679	4183.20512807	4189.35897422	4198.3333332	
4218.20512814	4170.51282038	4183.07692294	4159.9999998	4186.66666653	4199.87179474	4182.05128192	4194.99999986	4206.92307686	4183.97435884	4197.30769217	4189.99999986	4202.69230763	4207.05128199	
4227.30769224	4186.28205115	4192.69230756	4169.48717935	4200.89743576	4210.64102558	4191.41025628	4202.43589737	4214.23076917	4196.02564089	4208.84615378	4197.82051269	4214.87179481	4211.28205122	
4225.25641019	4210.7692307	4190.38461525	4162.3076921	4192.4358973	4219.74358968	4191.66666653	4197.4358973	4208.71794865	4189.10256397	4204.35897429	4195.89743576	4207.69230763	4208.07692301	
4225.12820506	4213.58974352	4191.66666653	4166.41025621	4190.38461525	4216.79487173	4197.17948704	4202.30769224	4212.69230763	4191.02564089	4203.84615378	4201.92307686	4206.53846147	4213.58974352	
4233.07692301	4209.35897429	4202.17948711	4183.58974345	4218.71794865	4214.87179481	4205.7692307	4217.5641025	4226.53846147	4206.15384609	4215.25641019	4213.58974352	4219.48717942	4223.07692301	
4239.35897436	4224.10256404	4210.89743583	4192.30769217	4233.84615385	4223.07692301	4208.33333327	4230.64102558	4234.48717949	4215.7692307	4225.38461532	4218.20512814	4229.87179481	4227.69230763	
4242.17948718	4240.51282052	4215.25641019	4195.25641012	4218.07692301	4232.5641025	4213.20512814	4234.48717949	4236.15384616	4215.7692307	4229.23076917	4219.87179481	4233.07692301	4232.17948711	
4244.87179488	4240.51282052	4221.79487173	4203.84615378	4211.02564096	4234.23076923	4218.84615378	4232.43589737	4235.64102564	4221.41025634	4237.17948718	4227.94871788	4238.97435898	4237.17948718	
4243.71794872	4246.41025641	4223.07692301	4203.97435891	4225.64102558	4233.84615385	4215.51282045	4228.07692301	4229.61538455	4224.10256404	4238.07692308	4228.58974352	4236.53846154	4235.76923077	
4239.87179488	4255.12820513	4215.12820506	4191.02564089	4237.05128206	4232.69230763	4209.61538455	4223.4615384	4222.69230763	4207.82051275	4222.5641025	4216.92307686	4227.30769224	4230.25641019	
4237.43589744	4240.76923077	4207.30769224	4186.66666653	4219.61538455	4213.58974352	4198.3333332	4217.43589737	4217.5641025	4190.89743576	4213.20512814	4213.07692301	4222.94871788	4228.71794865	
4233.71794865	4222.94871788	4205.12820506	4188.3333332	4192.94871781	4196.41025628	4188.20512807	4205.51282045	4212.5641025	4192.69230756	4215.64102558	4213.33333327	4218.58974352	4228.71794865	
4227.30769224	4221.02564096	4203.33333327	4182.4358973	4187.56410243	4210.7692307	4195.12820499	4199.48717935	4210.7692307	4194.61538448	4210.51282045	4204.87179481	4211.28205122	4222.17948711	
4225.89743583	4229.35897429	4202.05128199	4176.66666653	4205.12820506	4222.17948711	4202.94871788	4203.97435891	4211.92307686	4186.92307679	4202.94871788	4196.92307679	4206.6666666	4215.7692307	
4240.25641026	4253.07692308	4214.87179481	4195.76923063	4230.25641019	4215.7692307	4203.20512814	4214.23076917	4217.94871788	4196.66666653	4217.05128199	4210.89743583	4221.28205122	4226.02564096	
4246.28205129	4262.30769231	4222.5641025	4209.87179481	4220.12820506	4217.05128199	4204.74358968	4214.99999993	4221.53846147	4206.53846147	4228.4615384	4222.94871788	4231.53846147	4234.23076923	
4222.17948711	4222.30769224	4200.12820499	4181.41025628	4180.64102551	4209.99999993	4193.97435884	4195.76923063	4206.53846147	4184.48717935	4204.74358968	4198.3333332	4206.41025634	4216.79487173	
4206.53846147	4191.15384602	4180.64102551	4160.89743569	4167.43589723	4190.25641012	4177.05128192	4182.05128192	4192.94871781	4161.28205108	4181.92307679	4175.25641012	4182.56410243	4201.02564096	
4215.25641019	4203.20512814	4188.07692294	4168.3333332	4185.12820499	4193.58974345	4181.28205115	4188.3333332	4199.48717935	4166.41025621	4190.64102551	4182.94871781	4193.58974345	4206.79487173	
4217.94871788	4208.33333327	4195.76923063	4169.48717935	4203.4615384	4199.87179474	4188.84615371	4191.02564089	4202.69230763	4177.30769217	4201.92307686	4189.48717935	4205.64102558	4208.84615378	
4211.92307686	4200.51282038	4188.97435884	4162.43589723	4196.15384602	4191.28205115	4182.82051269	4182.82051269	4195.76923063	4171.15384602	4193.58974345	4178.97435884	4194.48717935	4199.99999986	
4214.99999993	4207.30769224	4187.17948704	4162.69230749	4175.38461525	4198.3333332	4186.92307679	4185.12820499	4198.3333332	4166.02564082	4188.20512807	4177.4358973	4190.51282038	4201.02564096	
4223.84615378	4225.25641019	4200.12820499	4184.99999986	4186.41025628	4213.84615378	4198.07692294	4197.30769217	4209.48717942	4179.87179474	4204.87179481	4196.5384614	4209.23076917	4213.58974352	
4222.30769224	4227.05128199	4200.38461525	4191.79487166	4200.51282038	4211.6666666	4197.94871781	4202.05128199	4211.41025634	4188.58974345	4212.17948711	4201.41025634	4217.5641025	4216.6666666	
4213.20512814	4218.20512814	4183.07692294	4161.28205108	4177.4358973	4203.07692301	4193.3333332	4200.38461525	4205.7692307	4177.17948704	4193.3333332	4184.74358961	4203.97435891	4210.38461532	
4218.84615378	4228.97435891	4190.51282038	4159.48717928	4178.71794858	4206.41025634	4195.38461525	4202.69230763	4207.43589737	4173.46153833	4195.12820499	4191.02564089	4207.43589737	4216.28205122	
4232.82051275	4248.58974359	4216.28205122	4196.41025628	4209.35897429	4205.51282045	4195.76923063	4204.87179481	4211.53846147	4181.28205115	4219.23076917	4212.82051275	4226.41025634	4225.51282045	
4222.5641025	4232.30769224	4208.71794865	4193.20512807	4191.66666653	4189.87179474	4183.20512807	4193.3333332	4202.82051275	4173.71794858	4208.20512814	4200.12820499	4214.10256404	4214.74358968	
4195.25641012	4187.17948704	4177.69230756	4155.38461518	4154.87179467	4177.4358973	4162.82051262	4166.28205108	4178.20512807	4143.46153826	4166.53846133	4164.74358954	4175.38461525	4188.97435884	
4186.15384602	4164.87179467	4166.66666646	4149.1025639	4153.33333313	4178.07692294	4155.89743569	4151.28205108	4164.87179467	4122.82051255	4151.15384595	4153.46153826	4158.97435877	4177.17948704	
4185.12820499	4156.15384595	4164.23076903	4146.28205108	4145.89743569	4182.94871781	4162.17948697	4158.07692287	4171.92307679	4126.02564075	4153.46153826	4154.87179467	4160.64102544	4178.07692294	
4171.02564089	4132.94871767	4146.53846133	4115.12820485	4129.61538434	4171.41025628	4152.43589723	4152.05128185	4168.07692287	4115.12820485	4135.64102544	4136.79487159	4144.23076903	4165.64102544	
4159.35897415	4110.7692305	4128.9743587	4094.7435894	4138.71794851	4149.74358954	4133.58974332	4131.28205101	4149.74358954	4094.10256376	4117.56410229	4114.35897408	4123.46153819	4148.58974339	
4161.66666646	4096.15384581	4127.05128178	4105.25640998	4133.58974332	4149.61538441	4135.51282031	4126.92307665	4147.56410236	4100.12820478	4122.69230742	4112.05128178	4126.66666639	4149.61538441	
4170.25641012	4098.07692273	4137.05128185	4126.79487152	4113.33333306	4166.02564082	4149.74358954	4141.28205108	4164.35897415	4121.66666639	4138.97435877	4126.92307665	4145.76923056	4162.56410236	
4181.79487166	4121.53846126	4150.89743569	4143.07692287	4139.61538441	4173.84615371	4158.71794851	4159.61538441	4178.20512807	4130.25640998	4152.82051262	4143.46153826	4162.43589723	4177.17948704	
4188.07692294	4143.46153826	4160.12820492	4151.28205108	4169.87179474	4174.74358961	4161.66666646	4165.38461518	4178.07692294	4130.12820485	4158.07692287	4152.56410236	4165.12820492	4185.12820499	
4182.17948704	4144.74358954	4157.3076921	4141.53846133	4150.38461518	4176.28205115	4160.38461518	4155.25641005	4169.10256397	4128.0769228	4150.89743569	4147.05128185	4155.12820492	4178.46153833	
4177.82051269	4140.64102544	4152.82051262	4134.99999973	4145.76923056	4176.92307679	4159.87179467	4155.76923056	4169.99999986	4128.58974332	4146.02564082	4141.79487159	4156.79487159	4172.30769217	
4184.74358961	4145.38461518	4157.05128185	4150.38461518	4163.58974339	4177.56410243	4165.12820492	4171.92307679	4183.97435884	4137.43589723	4160.76923056	4153.84615364	4172.30769217	4181.5384614	
4187.17948704	4150.76923056	4159.35897415	4157.82051262	4158.46153826	4182.94871781	4169.61538448	4174.35897422	4187.4358973	4143.97435877	4170.38461525	4159.61538441	4175.76923063	4186.02564089	
4177.30769217	4144.87179467	4151.28205108	4138.97435877	4154.35897415	4185.76923063	4165.89743569	4159.35897415	4174.61538448	4134.48717921	4154.48717928	4144.23076903	4161.41025621	4174.10256397	
4173.46153833	4136.66666646	4151.15384595	4134.61538434	4157.69230749	4183.84615371	4164.9999998	4158.33333313	4173.71794858	4130.25640998	4147.82051262	4142.43589723	4157.3076921	4172.05128192	
4183.71794858	4149.87179467	4165.51282031	4162.3076921	4161.28205108	4187.05128192	4174.48717935	4176.28205115	4189.87179474	4150.51282031	4167.82051262	4163.71794851	4173.46153833	4187.4358973	
4191.41025628	4171.15384602	4171.5384614	4168.71794858	4174.61538448	4191.79487166	4180.76923063	4182.94871781	4195.64102551	4159.48717928	4173.3333332	4170.76923063	4180.25641012	4193.3333332	
4193.58974345	4179.74358961	4173.3333332	4159.74358954	4186.79487166	4192.82051269	4181.79487166	4179.87179474	4192.17948704	4151.92307672	4166.92307672	4167.82051262	4179.74358961	4192.05128192	
4202.17948711	4188.84615371	4187.05128192	4180.25641012	4187.69230756	4195.25641012	4187.82051269	4189.99999986	4199.74358961	4162.17948697	4183.71794858	4180.12820499	4195.51282038	4202.17948711	
