4207.5641025	4193.3333332	3995.38461483	4174.99999986	4227.30769224	4195.64102551	4051.410256	4253.20512821	4250.76923077	4243.33333334	4276.41025648	4342.17948739	4218.33333327	4288.33333341	
4204.87179481	4190.64102551	3991.02564047	4167.3076921	4232.82051275	4195.89743576	4047.43589702	4254.61538462	4247.30769231	4256.7948718	4266.02564103	4349.4871797	4212.69230763	4287.82051289	
4204.87179481	4189.10256397	3996.66666611	4171.92307679	4232.30769224	4194.48717935	4043.20512779	4278.97435905	4283.97435905	4266.02564103	4322.05128219	4376.02564131	4244.61538462	4302.17948732	
4205.38461532	4193.07692294	3999.61538406	4178.58974345	4228.33333327	4195.89743576	4041.15384574	4283.58974366	4295.51282059	4261.7948718	4339.35897457	4399.87179522	4254.23076923	4307.30769245	
4203.20512814	4194.61538448	3994.23076868	4172.69230756	4229.48717942	4196.92307679	4037.05128164	4266.79487187	4269.61538469	4258.46153847	4301.02564117	4396.53846182	4235.0	4301.66666681	
4203.84615378	4188.71794858	3986.66666611	4165.12820492	4228.07692301	4193.3333332	4031.79487131	4258.07692308	4255.25641026	4249.23076923	4287.69230777	4384.87179515	4225.89743583	4293.33333341	
4206.15384609	4188.46153833	3987.43589688	4168.97435884	4224.87179481	4196.02564089	4033.20512772	4256.92307693	4255.64102564	4242.6923077	4289.35897443	4389.74359003	4224.61538455	4289.10256418	
4208.4615384	4195.51282038	3996.28205073	4176.41025628	4224.99999993	4200.76923063	4034.35897388	4257.94871795	4261.92307693	4250.8974359	4287.17948725	4395.38461567	4226.41025634	4294.35897443	
4207.17948711	4195.25641012	3996.02564047	4176.92307679	4224.74358968	4197.17948704	4026.92307644	4265.64102564	4271.15384623	4256.7948718	4303.07692322	4388.84615413	4236.7948718	4298.97435905	
4204.10256404	4196.28205115	3992.17948663	4175.38461525	4229.61538455	4198.3333332	4023.97435849	4269.2307693	4268.58974366	4254.10256411	4307.30769245	4388.717949	4243.20512821	4298.33333341	
4206.02564096	4202.30769224	4000.2564097	4178.71794858	4240.38461539	4206.02564096	4029.487179	4263.46153847	4263.97435898	4254.74358975	4286.66666674	4386.28205156	4236.02564103	4300.76923091	
4211.28205122	4203.33333327	4004.487179	4183.97435884	4241.15384616	4207.43589737	4028.97435849	4263.33333334	4267.82051289	4258.46153847	4283.07692315	4367.30769259	4233.33333327	4300.2564104	
4211.92307686	4203.71794865	4001.28205073	4185.12820499	4232.30769224	4204.35897429	4023.71794824	4264.74358975	4262.94871795	4253.20512821	4293.20512828	4351.15384637	4232.05128199	4292.82051289	
4212.30769224	4201.6666666	4008.07692259	4183.71794858	4233.07692301	4200.89743576	4022.1794867	4260.8974359	4254.23076923	4246.53846154	4290.1282052	4342.17948739	4231.79487173	4292.82051289	
4212.17948711	4199.10256397	4016.02564054	4183.58974345	4235.76923077	4200.64102551	4018.97435849	4260.12820513	4254.48717949	4250.12820513	4281.923077	4332.17948732	4235.76923077	4295.1282052	
4208.20512814	4201.79487173	4012.1794867	4180.51282038	4229.74358968	4202.82051275	4014.10256362	4260.0	4251.41025641	4251.53846154	4282.43589751	4323.84615399	4231.28205122	4289.87179495	
4207.82051275	4201.41025634	4011.41025593	4177.4358973	4228.71794865	4202.5641025	4014.23076875	4253.84615385	4244.74358975	4244.61538462	4275.00000007	4319.74358989	4224.35897429	4287.56410264	
4211.02564096	4198.3333332	4017.43589695	4179.2307691	4230.38461532	4200.38461525	4012.94871747	4248.46153847	4240.76923077	4239.74358975	4261.53846154	4313.84615399	4219.99999993	4291.15384623	
4210.51282045	4198.97435884	4020.76923029	4180.64102551	4230.89743583	4206.79487173	4008.46153798	4251.02564103	4240.0	4243.97435898	4259.87179488	4311.1538463	4214.99999993	4291.0256411	
4211.15384609	4202.05128199	4024.99999952	4181.02564089	4233.97435898	4212.5641025	4009.23076875	4251.7948718	4245.8974359	4247.6923077	4265.76923077	4316.28205142	4217.82051275	4289.87179495	
4213.71794865	4202.82051275	4031.2820508	4183.58974345	4234.23076923	4206.6666666	4008.84615336	4254.74358975	4258.07692308	4250.12820513	4275.51282059	4319.74358989	4233.58974352	4298.71794879	
4212.43589737	4201.6666666	4031.41025593	4185.25641012	4228.33333327	4203.07692301	4001.92307637	4263.20512821	4263.46153847	4255.8974359	4287.17948725	4318.07692322	4242.30769231	4303.97435912	
4210.38461532	4200.12820499	4028.71794824	4182.05128192	4226.79487173	4204.87179481	4000.38461483	4260.51282052	4253.33333334	4251.7948718	4283.58974366	4309.61538476	4229.35897429	4294.48717956	
4210.25641019	4199.48717935	4035.64102516	4179.61538448	4230.7692307	4205.51282045	4002.82051227	4249.87179488	4240.25641026	4244.74358975	4265.38461539	4289.2307693	4217.43589737	4289.10256418	
4211.53846147	4199.10256397	4045.12820472	4184.35897422	4232.05128199	4207.5641025	4000.89743535	4250.0	4243.84615385	4251.7948718	4264.74358975	4275.1282052	4224.87179481	4295.64102571	
4214.35897429	4200.38461525	4045.89743548	4188.07692294	4236.7948718	4211.41025634	3995.51281996	4257.6923077	4254.48717949	4258.97435898	4275.89743597	4279.10256418	4240.12820513	4298.46153853	
4212.94871788	4203.97435891	4045.38461497	4184.2307691	4239.74358975	4210.64102558	3994.35897381	4256.02564103	4252.30769231	4251.53846154	4269.48717956	4278.71794879	4238.58974359	4298.71794879	
4214.48717942	4207.30769224	4053.20512779	4185.51282038	4236.7948718	4210.12820506	3996.92307637	4253.33333334	4250.38461539	4246.66666667	4268.07692315	4263.71794872	4231.53846147	4302.69230784	
4219.74358968	4205.89743583	4058.97435856	4191.66666653	4235.8974359	4214.87179481	3995.89743535	4258.71794872	4258.20512821	4254.48717949	4275.64102571	4254.10256411	4232.94871788	4302.30769245	
4217.69230763	4201.92307686	4055.89743548	4186.66666653	4237.30769231	4215.38461532	3989.99999945	4256.15384616	4256.66666667	4255.0	4273.07692315	4251.02564103	4233.84615385	4298.46153853	
4209.99999993	4200.12820499	4049.74358933	4177.56410243	4236.28205129	4210.89743583	3985.51281996	4246.02564103	4245.25641026	4244.23076923	4270.1282052	4243.58974359	4227.69230763	4292.82051289	
4207.82051275	4199.35897422	4042.43589702	4176.79487166	4229.48717942	4211.53846147	3986.1538456	4245.38461539	4239.10256411	4239.74358975	4271.28205136	4236.92307693	4222.17948711	4287.82051289	
4212.05128199	4199.2307691	4039.74358933	4182.05128192	4224.48717942	4213.97435891	3986.41025586	4250.0	4236.66666667	4245.38461539	4262.43589744	4231.79487173	4222.69230763	4286.41025648	
4215.89743583	4200.38461525	4045.89743548	4186.41025628	4229.48717942	4211.92307686	3987.43589688	4249.10256411	4237.05128206	4248.20512821	4261.28205129	4223.97435891	4223.07692301	4285.64102571	
4214.35897429	4202.05128199	4052.05128164	4186.02564089	4236.15384616	4209.87179481	3988.71794817	4250.64102564	4243.71794872	4251.53846154	4271.79487187	4223.07692301	4226.53846147	4289.2307693	
4209.35897429	4197.30769217	4050.38461497	4178.97435884	4230.12820506	4206.6666666	3982.9487174	4251.28205129	4244.48717949	4253.97435898	4265.12820513	4223.97435891	4228.33333327	4292.82051289	
4209.23076917	4191.66666653	4048.20512779	4173.97435884	4222.05128199	4203.71794865	3978.33333278	4245.25641026	4237.94871795	4247.30769231	4258.07692308	4216.53846147	4223.58974352	4286.923077	
4213.58974352	4197.05128192	4052.43589702	4179.74358961	4226.6666666	4206.6666666	3983.20512765	4244.74358975	4239.61538462	4245.51282052	4270.38461546	4208.71794865	4224.48717942	4285.1282052	
4214.48717942	4202.82051275	4058.84615343	4187.05128192	4231.92307686	4208.4615384	3988.20512765	4245.0	4239.61538462	4247.94871795	4266.41025641	4207.05128199	4222.17948711	4289.2307693	
4212.30769224	4201.02564096	4060.5128201	4187.94871781	4228.97435891	4207.94871788	3985.51281996	4238.97435898	4227.30769224	4238.71794872	4246.53846154	4203.33333327	4213.20512814	4285.00000007	
4214.48717942	4199.2307691	4061.15384574	4186.79487166	4227.17948711	4211.15384609	3984.87179432	4240.0	4225.12820506	4234.35897436	4250.25641026	4197.30769217	4215.51282045	4281.66666674	
4217.30769224	4204.48717942	4068.33333292	4190.76923063	4231.15384609	4216.02564096	3988.84615329	4243.84615385	4231.6666666	4240.25641026	4258.46153847	4191.15384602	4221.79487173	4287.17948725	
4213.4615384	4207.43589737	4071.53846119	4192.30769217	4234.61538462	4212.43589737	3989.74358919	4237.05128206	4225.89743583	4236.41025641	4246.41025641	4180.89743576	4213.97435891	4286.79487187	
4211.79487173	4203.84615378	4067.05128164	4188.46153833	4233.33333327	4206.79487173	3989.74358919	4236.7948718	4223.97435891	4235.12820513	4243.20512821	4182.69230756	4216.41025634	4282.43589751	
4215.64102558	4205.25641019	4072.05128171	4191.02564089	4233.33333327	4210.38461532	3989.99999945	4245.76923077	4236.02564103	4245.12820513	4249.61538462	4194.87179474	4231.15384609	4289.2307693	
4213.58974352	4206.6666666	4079.99999966	4190.64102551	4233.07692301	4213.07692301	3989.61538406	4238.71794872	4231.28205122	4239.48717949	4235.76923077	4191.41025628	4219.99999993	4288.07692315	
4207.43589737	4202.5641025	4071.66666632	4179.10256397	4226.15384609	4204.99999993	3989.74358919	4226.6666666	4214.35897429	4227.69230763	4224.23076917	4177.05128192	4200.76923063	4273.33333341	
4208.97435891	4203.97435891	4069.7435894	4177.94871781	4227.94871788	4203.97435891	3993.58974304	4230.7692307	4216.41025634	4232.05128199	4237.30769231	4180.51282038	4204.87179481	4271.41025648	
4215.7692307	4212.69230763	4087.94871761	4191.79487166	4241.41025641	4217.94871788	3998.84615329	4243.46153847	4231.15384609	4243.07692308	4245.8974359	4193.71794858	4219.99999993	4284.74358982	
4216.02564096	4215.64102558	4094.61538427	4192.69230756	4240.25641026	4220.7692307	3999.74358919	4247.43589744	4237.82051282	4246.66666667	4240.25641026	4189.87179474	4224.74358968	4288.84615392	
4211.02564096	4208.07692301	4084.10256376	4178.20512807	4225.38461532	4209.48717942	3996.66666611	4239.35897436	4230.25641019	4243.71794872	4237.82051282	4182.69230756	4217.05128199	4282.82051289	
4208.71794865	4203.33333327	4085.38461504	4176.41025628	4226.15384609	4205.89743583	3995.51281996	4232.69230763	4224.99999993	4241.7948718	4240.51282052	4183.20512807	4214.99999993	4281.15384623	
4213.97435891	4208.07692301	4098.46153812	4186.15384602	4236.53846154	4212.05128199	3999.10256355	4234.23076923	4229.35897429	4238.84615385	4240.51282052	4181.28205115	4220.38461532	4278.46153853	
4218.84615378	4212.17948711	4106.15384588	4188.46153833	4233.4615384	4215.64102558	4003.58974304	4236.02564103	4228.58974352	4230.51282045	4236.41025641	4181.28205115	4218.97435891	4277.43589751	
4217.17948711	4209.74358968	4106.66666639	4181.66666653	4224.99999993	4211.79487173	4003.71794817	4236.28205129	4224.74358968	4227.94871788	4234.48717949	4186.28205115	4216.41025634	4283.20512828	
4215.7692307	4208.84615378	4110.51282024	4181.41025628	4224.48717942	4210.12820506	4002.0512815	4238.07692308	4226.79487173	4235.64102564	4237.05128206	4192.05128192	4219.23076917	4284.74358982	
4219.10256404	4212.82051275	4130.25640998	4188.97435884	4224.99999993	4213.71794865	4005.3846149	4244.35897436	4236.15384616	4238.58974359	4242.82051282	4207.43589737	4225.51282045	4292.17948725	
4225.25641019	4213.84615378	4158.71794851	4194.99999986	4224.61538455	4216.28205122	4011.15384567	4256.15384616	4251.15384616	4236.92307693	4250.64102564	4236.02564103	4237.43589744	4311.1538463	
4228.97435891	4216.79487173	4185.51282038	4198.07692294	4226.6666666	4213.97435891	4014.74358926	4268.71794879	4267.94871802	4243.58974359	4258.58974359	4264.74358975	4251.92307693	4327.17948732	
4228.07692301	4219.87179481	4212.94871788	4199.10256397	4225.12820506	4212.43589737	4016.02564054	4270.89743597	4274.2307693	4246.41025641	4260.8974359	4288.71794879	4257.6923077	4330.51282066	
4226.28205122	4217.5641025	4234.74358975	4197.05128192	4221.15384609	4212.30769224	4014.487179	4263.71794872	4266.923077	4235.76923077	4254.23076923	4297.43589751	4252.43589744	4328.84615399	
4225.64102558	4216.6666666	4241.53846154	4195.51282038	4219.99999993	4208.71794865	4014.99999952	4259.87179488	4260.64102564	4228.84615378	4245.51282052	4286.28205136	4246.92307693	4328.84615399	
4221.92307686	4217.17948711	4240.0	4194.2307691	4220.89743583	4207.17948711	4018.58974311	4254.61538462	4250.64102564	4227.30769224	4232.5641025	4269.10256418	4238.84615385	4320.89743604	
4217.05128199	4212.17948711	4235.8974359	4189.74358961	4224.35897429	4215.89743583	4018.84615336	4243.20512821	4235.76923077	4220.25641019	4220.7692307	4252.82051282	4223.84615378	4309.10256425	
4220.51282045	4206.41025634	4226.41025634	4188.46153833	4224.61538455	4220.7692307	4019.87179439	4244.35897436	4238.97435898	4220.38461532	4227.43589737	4243.84615385	4226.79487173	4312.05128219	
4222.94871788	4207.17948711	4224.48717942	4191.5384614	4221.79487173	4213.97435891	4023.71794824	4256.15384616	4252.05128206	4235.12820513	4234.35897436	4240.8974359	4246.92307693	4322.43589758	
4219.35897429	4207.94871788	4223.58974352	4189.99999986	4220.89743583	4210.51282045	4024.487179	4258.97435898	4253.20512821	4246.66666667	4228.97435891	4239.23076923	4251.7948718	4320.89743604	
4219.61538455	4207.17948711	4207.05128199	4188.07692294	4221.92307686	4214.48717942	4025.12820465	4257.30769231	4253.20512821	4246.53846154	4239.10256411	4234.61538462	4247.30769231	4313.71794886	
4221.6666666	4209.35897429	4189.74358961	4191.5384614	4223.07692301	4217.17948711	4030.89743541	4252.43589744	4249.23076923	4237.30769231	4247.43589744	4215.7692307	4244.35897436	4309.74358989	
4218.33333327	4205.12820506	4179.99999986	4190.89743576	4223.4615384	4217.30769224	4030.51282003	4237.82051282	4227.94871788	4223.33333327	4222.82051275	4183.71794858	4224.99999993	4300.38461553	
4211.53846147	4198.07692294	4163.46153826	4182.56410243	4221.41025634	4213.07692301	4023.58974311	4231.92307686	4220.51282045	4221.41025634	4210.7692307	4164.87179467	4213.4615384	4293.07692315	
4209.87179481	4198.97435884	4146.92307672	4178.71794858	4220.7692307	4207.43589737	4026.15384567	4238.71794872	4230.64102558	4229.74358968	4227.94871788	4157.3076921	4227.05128199	4292.05128212	
4213.33333327	4204.99999993	4147.05128185	4186.5384614	4228.71794865	4209.35897429	4034.87179439	4237.17948718	4227.30769224	4229.23076917	4225.89743583	4141.02564082	4227.94871788	4289.74358982	
4212.69230763	4206.92307686	4149.9999998	4194.87179474	4236.41025641	4218.71794865	4038.20512779	4234.10256411	4224.87179481	4228.58974352	4215.12820506	4128.9743587	4219.48717942	4288.46153853	
4209.23076917	4206.28205122	4145.12820492	4193.97435884	4238.71794872	4221.15384609	4038.33333292	4239.74358975	4235.51282052	4232.82051275	4222.05128199	4126.92307665	4225.89743583	4288.20512828	
4209.10256404	4202.5641025	4139.48717928	4188.84615371	4237.94871795	4215.89743583	4038.7179483	4232.69230763	4224.48717942	4229.10256404	4213.84615378	4113.71794844	4220.64102558	4279.87179495	
4209.48717942	4195.89743576	4133.71794844	4184.48717935	4232.5641025	4213.4615384	4038.84615343	4217.82051275	4199.99999986	4218.71794865	4188.3333332	4095.51282017	4203.07692301	4270.76923084	
4210.51282045	4197.05128192	4133.9743587	4185.25641012	4229.35897429	4218.20512814	4041.02564061	4223.20512814	4207.30769224	4219.10256404	4192.05128192	4097.30769196	4209.23076917	4276.79487187	
4213.97435891	4204.61538455	4142.94871774	4189.87179474	4234.48717949	4220.64102558	4043.84615343	4237.6923077	4229.99999993	4230.64102558	4217.30769224	4106.02564075	4227.05128199	4286.79487187	
4215.51282045	4209.10256404	4149.23076903	4193.20512807	4237.56410257	4220.51282045	4044.6153842	4240.25641026	4230.38461532	4236.66666667	4219.99999993	4098.97435863	4226.41025634	4286.28205136	
4212.5641025	4207.17948711	4145.38461518	4194.2307691	4231.92307686	4221.15384609	4045.64102523	4236.41025641	4219.35897429	4236.53846154	4209.35897429	4091.02564068	4224.48717942	4285.38461546	
4210.7692307	4201.79487173	4138.58974339	4191.41025628	4230.64102558	4219.74358968	4047.69230728	4233.71794865	4216.53846147	4235.76923077	4208.07692301	4091.79487145	4225.51282045	4284.10256418	
4211.41025634	4204.48717942	4137.17948697	4190.38461525	4238.07692308	4220.64102558	4049.99999959	4233.58974352	4220.51282045	4238.58974359	4208.71794865	4087.94871761	4222.5641025	4280.25641033	
4213.84615378	4211.53846147	4137.43589723	4196.02564089	4243.20512821	4227.43589737	4050.5128201	4236.15384616	4225.64102558	4244.35897436	4208.07692301	4078.71794837	4227.82051275	4284.2307693	
4217.05128199	4211.28205122	4131.53846126	4196.79487166	4243.46153847	4232.69230763	4052.56410215	4234.74358975	4227.17948711	4241.02564103	4206.79487173	4074.10256376	4232.82051275	4287.30769238	
4214.99999993	4206.92307686	4121.92307665	4191.41025628	4243.46153847	4231.79487173	4055.5128201	4229.23076917	4221.15384609	4229.48717942	4203.4615384	4072.56410222	4223.33333327	4279.35897443	
4213.97435891	4206.6666666	4116.02564075	4193.46153833	4247.56410257	4229.48717942	4058.20512779	4233.4615384	4224.23076917	4231.02564096	4208.20512814	4069.7435894	4223.97435891	4280.1282052	
4215.89743583	4210.38461532	4110.25640998	4194.2307691	4247.05128206	4230.12820506	4058.84615343	4238.20512821	4230.12820506	4243.33333334	4211.92307686	4067.05128164	4234.74358975	4287.30769238	
4213.84615378	4211.02564096	4108.84615357	4189.99999986	4239.10256411	4226.79487173	4057.30769189	4231.02564096	4221.92307686	4240.76923077	4204.61538455	4067.05128164	4232.05128199	4281.66666674	
4212.69230763	4208.84615378	4115.51282024	4192.56410243	4237.6923077	4223.4615384	4056.28205087	4228.84615378	4218.20512814	4231.41025634	4199.2307691	4067.17948677	4223.71794865	4279.10256418	
4214.74358968	4208.84615378	4118.46153819	4198.07692294	4244.48717949	4226.92307686	4058.46153805	4235.8974359	4221.28205122	4229.87179481	4198.58974345	4063.46153805	4223.20512814	4285.1282052	
4215.12820506	4213.20512814	4115.12820485	4196.28205115	4244.87179488	4228.33333327	4062.17948677	4234.48717949	4216.41025634	4229.74358968	4196.79487166	4060.89743548	4224.87179481	4280.00000007	
4215.51282045	4216.92307686	4116.28205101	4194.10256397	4240.38461539	4224.10256404	4062.82051241	4226.15384609	4213.20512814	4226.53846147	4193.71794858	4061.53846113	4224.74358968	4273.58974366	
4217.5641025	4215.51282045	4122.94871767	4196.41025628	4241.28205129	4223.4615384	4060.5128201	4227.94871788	4217.69230763	4222.94871788	4196.28205115	4063.07692266	4225.89743583	4279.2307693	
4215.89743583	4211.6666666	4121.28205101	4197.4358973	4241.7948718	4223.58974352	4060.89743548	4235.0	4220.12820506	4223.58974352	4202.5641025	4061.28205087	4228.58974352	4283.46153853	
4212.82051275	4209.61538455	4114.99999973	4195.38461525	4239.61538462	4221.28205122	4063.7179483	4233.33333327	4219.10256404	4225.12820506	4202.30769224	4056.28205087	4229.48717942	4278.84615392	
4216.41025634	4214.61538455	4119.99999973	4196.5384614	4242.17948718	4224.23076917	4064.99999959	4230.38461532	4223.4615384	4230.38461532	4200.76923063	4054.23076882	4232.82051275	4277.30769238	
4220.7692307	4218.97435891	4128.71794844	4201.15384609	4245.0	4231.28205122	4064.35897395	4237.30769231	4231.53846147	4240.12820513	4205.12820506	4056.79487138	4239.10256411	4282.43589751	
4216.6666666	4215.51282045	4126.28205101	4199.48717935	4241.66666667	4229.10256404	4063.58974318	4240.51282052	4233.97435898	4242.94871795	4208.33333327	4055.89743548	4240.64102564	4283.46153853	
4211.02564096	4212.17948711	4120.25640998	4196.02564089	4236.92307693	4221.79487173	4062.56410215	4234.23076923	4230.25641019	4235.0	4206.28205122	4053.33333292	4237.56410257	4280.64102571	
4214.99999993	4213.84615378	4128.46153819	4201.79487173	4239.74358975	4224.10256404	4066.410256	4240.38461539	4236.28205129	4236.28205129	4209.87179481	4059.35897395	4245.64102564	4285.38461546	
4223.84615378	4218.84615378	4137.82051262	4209.87179481	4245.76923077	4230.25641019	4071.79487145	4252.94871795	4250.64102564	4245.12820513	4219.99999993	4069.6153842	4258.58974359	4295.51282059	
4223.97435891	4221.15384609	4134.8717946	4209.99999993	4244.74358975	4226.6666666	4071.02564068	4249.61538462	4250.25641026	4240.76923077	4222.94871788	4071.79487145	4255.38461539	4297.30769238	
4216.02564096	4216.6666666	4135.12820485	4203.97435891	4238.84615385	4221.92307686	4068.46153805	4238.97435898	4235.38461539	4233.20512814	4214.23076917	4066.28205087	4241.7948718	4287.94871802	
4214.87179481	4212.69230763	4140.51282031	4201.6666666	4237.17948718	4226.02564096	4068.07692266	4237.30769231	4227.69230763	4230.12820506	4206.41025634	4062.69230728	4237.43589744	4278.84615392	
4221.92307686	4215.38461532	4139.87179467	4203.97435891	4243.33333334	4230.25641019	4068.84615343	4238.84615385	4234.23076923	4227.30769224	4209.35897429	4066.15384574	4244.74358975	4280.89743597	
4223.07692301	4217.94871788	4139.35897415	4206.79487173	4248.33333334	4228.33333327	4069.87179453	4235.25641026	4237.43589744	4229.74358968	4211.79487173	4068.84615343	4243.20512821	4286.15384623	
4217.82051275	4213.71794865	4138.46153826	4203.97435891	4244.61538462	4225.25641019	4070.89743555	4232.17948711	4229.74358968	4231.28205122	4206.15384609	4063.20512779	4230.64102558	4277.94871802	
4215.89743583	4210.12820506	4129.74358947	4196.41025628	4241.92307693	4225.38461532	4070.76923043	4229.35897429	4221.02564096	4226.28205122	4198.58974345	4055.38461497	4227.43589737	4268.71794879	
4217.94871788	4214.35897429	4129.61538434	4197.82051269	4247.05128206	4227.69230763	4072.43589709	4232.5641025	4224.61538455	4229.10256404	4201.41025634	4061.92307651	4238.46153847	4275.64102571	
4219.87179481	4217.82051275	4141.53846133	4206.41025634	4247.05128206	4229.23076917	4073.07692273	4241.15384616	4234.48717949	4236.7948718	4211.28205122	4072.56410222	4246.02564103	4287.82051289	
4219.87179481	4213.97435891	4144.23076903	4205.7692307	4239.10256411	4227.05128199	4069.6153842	4235.25641026	4230.7692307	4229.35897429	4209.87179481	4068.20512779	4237.94871795	4283.46153853	
4219.99999993	4212.30769224	4142.3076921	4201.41025634	4239.74358975	4225.51282045	4070.12820478	4227.43589737	4222.5641025	4219.74358968	4203.97435891	4060.89743548	4230.89743583	4273.58974366	
4219.74358968	4216.02564096	4145.64102544	4206.53846147	4244.23076923	4226.15384609	4073.71794837	4234.61538462	4227.69230763	4221.41025634	4206.92307686	4066.15384574	4237.05128206	4277.43589751	
4218.71794865	4212.30769224	4144.61538441	4208.4615384	4239.87179488	4224.35897429	4070.76923043	4236.66666667	4229.61538455	4220.51282045	4206.02564096	4068.7179483	4241.92307693	4281.41025648	
4217.82051275	4208.84615378	4142.43589723	4204.10256404	4235.25641026	4219.23076917	4069.35897395	4228.58974352	4223.4615384	4218.97435891	4200.12820499	4062.43589702	4237.56410257	4276.0256411	
4215.38461532	4212.17948711	4143.84615364	4201.92307686	4232.82051275	4215.89743583	4071.92307658	4224.35897429	4217.94871788	4219.10256404	4197.82051269	4056.79487138	4228.4615384	4269.61538469	
4214.74358968	4209.48717942	4142.3076921	4198.84615371	4225.64102558	4215.12820506	4070.12820478	4220.25641019	4208.4615384	4213.07692301	4188.84615371	4050.76923036	4221.15384609	4265.38461539	
4216.41025634	4206.53846147	4140.76923056	4195.12820499	4224.10256404	4213.58974352	4068.20512779	4217.82051275	4205.64102558	4212.30769224	4183.97435884	4046.02564061	4219.74358968	4260.38461539	
4215.12820506	4209.87179481	4142.17948697	4196.92307679	4232.69230763	4216.15384609	4071.41025607	4221.15384609	4212.69230763	4219.61538455	4194.48717935	4042.82051241	4221.02564096	4260.0	
4213.97435891	4210.38461532	4141.79487159	4199.48717935	4236.92307693	4220.64102558	4071.79487145	4221.6666666	4211.02564096	4220.7692307	4194.10256397	4037.30769189	4220.7692307	4263.97435898	
4216.15384609	4207.30769224	4141.66666646	4197.56410243	4232.43589737	4220.89743583	4069.7435894	4221.28205122	4205.51282045	4220.12820506	4181.02564089	4033.58974311	4218.07692301	4265.8974359	
4213.97435891	4205.89743583	4140.89743569	4194.74358961	4228.07692301	4218.84615378	4067.56410215	4220.64102558	4206.41025634	4218.71794865	4178.58974345	4030.76923029	4213.07692301	4262.56410257	
4209.48717942	4201.92307686	4134.48717921	4190.64102551	4227.30769224	4214.61538455	4066.02564061	4211.92307686	4197.05128192	4212.94871788	4175.76923063	4021.92307644	4204.35897429	4255.25641026	
4211.92307686	4199.2307691	4134.99999973	4189.61538448	4227.82051275	4214.87179481	4068.84615343	4206.6666666	4184.48717935	4215.7692307	4168.71794858	4012.69230721	4200.51282038	4253.33333334	
4215.7692307	4202.17948711	4146.79487159	4192.4358973	4227.69230763	4219.74358968	4070.76923043	4215.64102558	4198.84615371	4224.61538455	4178.58974345	4015.25640977	4211.28205122	4257.82051282	
4211.53846147	4200.89743576	4144.9999998	4187.56410243	4221.79487173	4217.43589737	4066.15384574	4220.64102558	4213.33333327	4222.17948711	4191.79487166	4017.30769183	4217.05128199	4257.82051282	
4206.41025634	4198.07692294	4133.0769228	4180.12820499	4218.71794865	4213.84615378	4062.94871754	4215.38461532	4203.33333327	4217.30769224	4188.84615371	4012.56410208	4209.99999993	4253.84615385	
4211.41025634	4202.30769224	4139.35897415	4185.25641012	4225.64102558	4216.6666666	4067.82051241	4217.43589737	4203.20512814	4223.84615378	4189.48717935	4007.82051234	4213.33333327	4260.51282052	
4218.58974352	4207.5641025	4152.82051262	4193.58974345	4228.4615384	4218.71794865	4070.6410253	4220.7692307	4214.23076917	4225.25641019	4194.48717935	4004.61538413	4219.87179481	4267.69230777	
4217.17948711	4207.82051275	4153.07692287	4191.28205115	4224.35897429	4217.17948711	4067.56410215	4216.02564096	4209.61538455	4216.41025634	4189.10256397	4003.71794817	4214.10256404	4260.38461539	
4212.69230763	4206.6666666	4152.17948697	4187.94871781	4225.64102558	4217.17948711	4066.53846113	4214.23076917	4200.64102551	4211.15384609	4184.48717935	4000.76923022	4210.25641019	4255.0	
4214.10256404	4204.23076917	4153.71794851	4188.58974345	4227.69230763	4216.79487173	4066.66666625	4213.4615384	4199.74358961	4207.82051275	4186.02564089	3991.66666611	4212.17948711	4259.10256411	
4218.58974352	4204.23076917	4153.46153826	4190.89743576	4227.17948711	4216.53846147	4067.56410215	4214.61538455	4204.10256404	4211.53846147	4187.82051269	3990.64102509	4217.43589737	4267.17948725	
4220.38461532	4210.38461532	4157.82051262	4196.5384614	4233.4615384	4221.28205122	4069.6153842	4223.58974352	4215.51282045	4223.97435891	4193.3333332	4003.20512765	4224.48717942	4273.58974366	
4219.35897429	4211.6666666	4159.87179467	4197.69230756	4236.66666667	4222.43589737	4069.35897395	4224.99999993	4217.43589737	4226.15384609	4194.2307691	4000.76923022	4221.6666666	4272.05128212	
4217.94871788	4210.12820506	4156.28205108	4195.25641012	4235.38461539	4220.7692307	4066.53846113	4218.84615378	4208.84615378	4218.84615378	4191.02564089	3986.79487124	4218.4615384	4268.20512828	
4219.87179481	4209.99999993	4161.41025621	4198.3333332	4238.07692308	4219.35897429	4066.53846113	4223.4615384	4213.4615384	4222.69230763	4193.84615371	3989.74358919	4227.94871788	4273.07692315	
4220.51282045	4206.79487173	4165.51282031	4199.61538448	4237.05128206	4219.35897429	4068.7179483	4226.41025634	4216.53846147	4227.17948711	4194.2307691	3989.61538406	4229.87179481	4275.51282059	
4215.89743583	4205.12820506	4160.89743569	4194.87179474	4232.43589737	4224.48717942	4066.410256	4217.5641025	4205.51282045	4221.02564096	4190.38461525	3974.74358919	4222.30769224	4266.66666674	
4212.82051275	4207.82051275	4165.12820492	4193.97435884	4235.0	4224.61538455	4065.25640984	4216.15384609	4203.97435891	4219.74358968	4194.48717935	3972.43589688	4225.12820506	4262.30769231	
4214.87179481	4208.20512814	4176.15384602	4197.30769217	4239.74358975	4220.7692307	4067.17948677	4220.64102558	4207.05128199	4218.97435891	4197.4358973	3978.71794817	4225.89743583	4262.94871795	
4219.48717942	4210.25641019	4181.02564089	4202.05128199	4240.12820513	4221.92307686	4066.53846113	4219.10256404	4204.74358968	4211.6666666	4193.07692294	3976.41025586	4218.71794865	4262.17948718	
4221.41025634	4213.84615378	4180.64102551	4206.41025634	4238.71794872	4224.10256404	4066.53846113	4218.07692301	4207.05128199	4209.74358968	4188.58974345	3972.69230714	4218.33333327	4261.7948718	
4219.99999993	4212.17948711	4180.64102551	4207.43589737	4239.23076923	4220.7692307	4070.6410253	4220.64102558	4208.4615384	4215.51282045	4186.15384602	3976.1538456	4222.05128199	4262.82051282	
4216.41025634	4210.25641019	4177.56410243	4200.38461525	4237.94871795	4218.07692301	4069.7435894	4219.23076917	4204.10256404	4218.07692301	4185.76923063	3969.74358912	4218.4615384	4264.23076923	
4214.35897429	4206.6666666	4168.84615371	4192.17948704	4229.99999993	4216.79487173	4062.56410215	4210.38461532	4197.17948704	4207.5641025	4181.5384614	3951.9230763	4207.5641025	4256.7948718	
4212.82051275	4199.48717935	4160.89743569	4186.15384602	4225.64102558	4213.58974352	4056.92307651	4197.17948704	4182.56410243	4192.69230756	4166.28205108	3937.56410187	4194.87179474	4241.53846154	
4210.25641019	4197.69230756	4157.3076921	4179.61538448	4228.71794865	4212.30769224	4056.15384574	4191.41025628	4174.10256397	4192.4358973	4160.76923056	3933.5897429	4189.48717935	4235.51282052	
4212.43589737	4202.82051275	4164.35897415	4183.97435884	4227.82051275	4212.30769224	4056.53846113	4199.99999986	4186.28205115	4205.38461532	4173.46153833	3941.79487117	4199.2307691	4245.38461539	
4213.07692301	4206.53846147	4179.48717935	4193.71794858	4224.74358968	4211.02564096	4056.28205087	4208.33333327	4198.20512807	4211.28205122	4179.99999986	3949.23076861	4210.38461532	4255.64102564	
4211.53846147	4203.4615384	4186.15384602	4192.56410243	4225.12820506	4212.69230763	4056.02564061	4211.41025634	4200.76923063	4208.20512814	4178.97435884	3948.97435835	4211.15384609	4257.94871795	
4210.51282045	4198.71794858	4180.64102551	4188.07692294	4223.4615384	4212.5641025	4054.35897395	4210.25641019	4199.61538448	4206.6666666	4183.07692294	3946.0256404	4211.28205122	4254.74358975	
4207.30769224	4199.2307691	4177.30769217	4187.94871781	4221.41025634	4209.10256404	4051.66666625	4204.61538455	4192.94871781	4209.35897429	4178.3333332	3940.64102502	4211.53846147	4247.56410257	
4207.5641025	4199.87179474	4178.97435884	4187.56410243	4224.10256404	4210.7692307	4050.89743548	4207.43589737	4194.99999986	4215.89743583	4171.92307679	3931.15384546	4209.23076917	4247.05128206	
4208.97435891	4200.12820499	4179.35897422	4189.2307691	4226.41025634	4213.07692301	4053.20512779	4217.30769224	4205.89743583	4223.71794865	4179.61538448	3926.41025572	4211.6666666	4253.84615385	
4207.17948711	4203.4615384	4182.69230756	4190.51282038	4224.99999993	4210.89743583	4052.30769189	4217.05128199	4206.02564096	4223.20512814	4186.41025628	3929.99999931	4214.48717942	4255.64102564	
4206.41025634	4201.92307686	4183.84615371	4182.82051269	4221.15384609	4206.6666666	4046.66666625	4206.79487173	4194.74358961	4214.74358968	4179.10256397	3924.74358905	4206.92307686	4249.35897436	
4206.6666666	4193.84615371	4177.17948704	4179.10256397	4216.15384609	4203.84615378	4044.74358933	4201.02564096	4183.46153833	4208.71794865	4163.97435877	3914.99999931	4197.94871781	4242.82051282	
4204.99999993	4194.87179474	4178.58974345	4187.56410243	4218.07692301	4205.51282045	4046.92307651	4200.38461525	4181.15384602	4207.5641025	4160.38461518	3910.25640957	4195.25641012	4239.61538462	
4206.79487173	4200.38461525	4185.64102551	4189.35897422	4222.5641025	4207.82051275	4048.07692266	4196.92307679	4179.99999986	4201.92307686	4167.17948697	3904.99999924	4190.89743576	4235.0	
4209.10256404	4196.15384602	4182.69230756	4181.02564089	4220.12820506	4205.25641019	4046.410256	4189.99999986	4170.76923063	4189.87179474	4162.56410236	3895.89743514	4184.99999986	4227.69230763	
4203.97435891	4194.10256397	4181.02564089	4177.30769217	4218.07692301	4203.4615384	4044.87179446	4187.56410243	4165.25641005	4185.64102551	4152.82051262	3890.12820437	4184.35897422	4226.15384609	
4204.23076917	4197.17948704	4186.5384614	4181.5384614	4216.02564096	4208.07692301	4043.46153805	4192.17948704	4171.28205115	4190.76923063	4158.71794851	3889.10256334	4186.02564089	4232.17948711	
4210.64102558	4195.64102551	4186.41025628	4181.79487166	4210.51282045	4205.12820506	4041.66666625	4193.46153833	4173.07692294	4194.2307691	4164.9999998	3888.07692232	4187.30769217	4236.41025641	
4208.58974352	4194.10256397	4184.61538448	4179.48717935	4209.74358968	4199.35897422	4040.25640984	4191.66666653	4168.84615371	4193.84615371	4159.74358954	3890.12820437	4189.74358961	4235.0	
4205.38461532	4197.94871781	4188.3333332	4182.4358973	4211.92307686	4202.43589737	4039.48717907	4197.4358973	4176.41025628	4197.69230756	4163.84615364	3895.38461462	4193.58974345	4238.58974359	
4208.58974352	4199.10256397	4188.46153833	4183.97435884	4210.51282045	4205.51282045	4038.07692266	4203.71794865	4189.99999986	4207.69230763	4171.15384602	3900.76923001	4201.15384609	4251.28205129	
4211.02564096	4195.76923063	4183.58974345	4183.07692294	4211.53846147	4204.61538455	4036.92307651	4206.6666666	4194.99999986	4213.07692301	4173.20512807	3909.10256341	4209.48717942	4261.66666667	
4209.23076917	4195.76923063	4177.4358973	4184.35897422	4209.48717942	4201.41025634	4037.17948677	4206.6666666	4191.66666653	4207.30769224	4178.46153833	3916.66666598	4208.07692301	4258.71794872	
4206.79487173	4192.4358973	4170.76923063	4181.15384602	4202.94871788	4199.10256397	4034.10256362	4196.41025628	4180.64102551	4192.4358973	4177.17948704	3909.61538392	4193.58974345	4246.28205129	
4207.94871788	4190.89743576	4166.53846133	4177.69230756	4203.58974352	4199.48717935	4032.82051234	4185.76923063	4170.12820499	4181.5384614	4162.56410236	3897.30769155	4179.2307691	4238.58974359	
4211.02564096	4197.94871781	4163.71794851	4183.58974345	4207.82051275	4199.2307691	4038.20512779	4188.3333332	4169.74358961	4182.69230756	4156.02564082	3901.53846078	4181.02564089	4240.51282052	
4208.58974352	4199.87179474	4162.69230749	4186.79487166	4206.41025634	4201.02564096	4037.56410215	4195.64102551	4173.20512807	4187.17948704	4165.25641005	3911.15384546	4192.4358973	4243.46153847	
4205.64102558	4194.74358961	4164.1025639	4176.92307679	4204.35897429	4203.20512814	4027.56410208	4197.17948704	4178.58974345	4183.46153833	4166.53846133	3906.66666598	4194.61538448	4242.17948718	
4209.10256404	4196.66666653	4165.76923056	4172.94871781	4207.05128199	4202.94871788	4026.92307644	4195.89743576	4179.10256397	4179.61538448	4161.92307672	3901.02564027	4189.35897422	4241.15384616	
4210.38461532	4197.56410243	4164.35897415	4178.58974345	4208.33333327	4201.6666666	4034.487179	4193.07692294	4166.53846133	4182.05128192	4161.02564082	3908.20512751	4189.10256397	4241.7948718	
4205.12820506	4184.74358961	4162.05128185	4178.71794858	4204.61538455	4200.25641012	4024.487179	4186.02564089	4175.64102551	4176.15384602	4156.28205108	3910.64102495	4184.61538448	4235.38461539	
4202.94871788	4182.30769217	4165.76923056	4175.25641012	4188.07692294	4199.35897422	4027.30769183	4183.3333332	4141.92307672	4170.12820499	4151.02564082	3906.02564033	4177.69230756	4230.25641019	
4207.05128199	4192.82051269	4174.10256397	4176.66666653	4157.94871774	4202.30769224	4107.82051255	4189.48717935	4087.17948684	4177.17948704	4152.05128185	3906.02564033	4183.20512807	4236.66666667	
4208.33333327	4190.76923063	4177.69230756	4177.30769217	4137.69230749	4205.89743583	4189.10256397	4191.66666653	4132.82051255	4181.02564089	4156.53846133	3906.53846085	4188.71794858	4242.82051282	
4206.6666666	4184.87179474	4177.05128192	4175.51282038	4140.51282031	4202.43589737	4165.76923056	4187.82051269	4149.35897415	4175.64102551	4158.33333313	3907.30769162	4185.64102551	4236.28205129	
4207.82051275	4190.89743576	4179.87179474	4176.02564089	4145.89743569	4200.25641012	4143.58974339	4189.35897422	4119.74358947	4177.94871781	4160.51282031	3911.41025572	4187.05128192	4233.20512814	
4209.48717942	4195.64102551	4182.05128192	4175.38461525	4140.89743569	4201.6666666	4165.89743569	4190.89743576	4137.82051262	4183.07692294	4157.94871774	3910.89743521	4187.56410243	4236.41025641	
4207.94871788	4188.71794858	4178.3333332	4170.64102551	4137.56410236	4198.84615371	4159.1025639	4184.2307691	4133.33333306	4175.12820499	4148.205128	3905.38461462	4178.3333332	4231.02564096	
4202.94871788	4182.05128192	4175.76923063	4164.35897415	4133.84615357	4196.5384614	4152.05128185	4178.58974345	4119.8717946	4166.66666646	4143.71794851	3907.30769162	4172.30769217	4223.84615378	
4201.53846147	4181.15384602	4175.64102551	4161.41025621	4129.61538434	4193.46153833	4150.38461518	4177.69230756	4121.92307665	4164.48717928	4143.07692287	3908.07692239	4172.56410243	4223.71794865	
4202.05128199	4184.61538448	4176.5384614	4165.38461518	4133.20512793	4191.02564089	4148.205128	4181.15384602	4123.84615357	4168.07692287	4146.02564082	3904.3589736	4176.02564089	4228.20512814	
4202.82051275	4190.12820499	4179.10256397	4172.94871781	4137.43589723	4196.5384614	4155.25641005	4185.89743576	4131.02564075	4176.5384614	4154.87179467	3909.4871788	4183.97435884	4230.7692307	
4203.97435891	4190.89743576	4180.38461525	4174.2307691	4138.33333313	4202.30769224	4155.64102544	4188.46153833	4136.79487159	4182.82051269	4159.9999998	3918.33333264	4188.3333332	4228.84615378	
4204.10256404	4192.82051269	4183.58974345	4173.58974345	4141.15384595	4200.89743576	4158.33333313	4193.97435884	4142.05128185	4187.4358973	4159.61538441	3922.82051213	4190.89743576	4231.6666666	
4206.53846147	4196.41025628	4187.82051269	4178.84615371	4147.56410236	4202.69230763	4161.28205108	4201.41025634	4147.43589723	4189.74358961	4163.84615364	3928.07692239	4197.4358973	4242.6923077	
4209.74358968	4193.58974345	4190.25641012	4180.89743576	4149.61538441	4204.87179481	4159.35897415	4197.94871781	4144.48717928	4185.25641012	4166.79487159	3931.7948711	4197.94871781	4244.61538462	
4207.82051275	4191.15384602	4189.61538448	4178.58974345	4148.205128	4202.43589737	4158.97435877	4189.74358961	4133.0769228	4176.66666653	4156.66666646	3925.51281982	4188.3333332	4233.4615384	
4204.23076917	4192.05128192	4186.79487166	4179.35897422	4149.35897415	4202.69230763	4160.89743569	4189.99999986	4128.20512793	4174.99999986	4150.12820492	3915.89743521	4180.76923063	4227.5641025	
4206.15384609	4192.56410243	4188.3333332	4180.76923063	4148.58974339	4204.74358968	4161.66666646	4188.3333332	4129.8717946	4175.51282038	4155.51282031	3917.05128136	4182.56410243	4227.17948711	
4209.74358968	4193.3333332	4194.10256397	4181.66666653	4149.48717928	4204.23076917	4160.12820492	4184.61538448	4131.41025614	4175.51282038	4159.74358954	3924.35897367	4187.30769217	4227.94871788	
4208.97435891	4194.61538448	4195.25641012	4185.51282038	4154.48717928	4204.61538455	4161.53846133	4190.51282038	4135.89743569	4179.99999986	4160.38461518	3926.41025572	4189.48717935	4233.4615384	
4209.61538455	4196.41025628	4198.3333332	4188.97435884	4158.205128	4207.43589737	4167.3076921	4201.6666666	4143.97435877	4187.69230756	4166.66666646	3931.53846085	4198.84615371	4242.82051282	
4214.99999993	4202.5641025	4211.53846147	4188.71794858	4157.94871774	4206.92307686	4172.4358973	4206.15384609	4151.28205108	4195.89743576	4177.94871781	3944.87179425	4210.7692307	4250.8974359	
4216.15384609	4202.5641025	4213.71794865	4188.97435884	4158.71794851	4205.12820506	4163.97435877	4201.92307686	4148.205128	4194.35897422	4174.74358961	3946.53846092	4205.38461532	4247.56410257	
4212.17948711	4198.97435884	4204.10256404	4187.05128192	4155.76923056	4203.71794865	4163.58974339	4193.3333332	4146.28205108	4184.99999986	4159.9999998	3937.05128136	4191.15384602	4239.10256411	
4214.23076917	4201.02564096	4205.7692307	4181.41025628	4145.12820492	4206.53846147	4179.10256397	4191.79487166	4135.12820485	4181.5384614	4157.43589723	3938.20512751	4189.61538448	4238.46153847	
4216.02564096	4199.61538448	4207.69230763	4178.20512807	4157.17948697	4209.61538455	4140.89743569	4194.87179474	4121.53846126	4181.66666653	4160.89743569	3943.97435835	4191.66666653	4237.6923077	
4208.58974352	4197.4358973	4201.28205122	4181.41025628	4192.94871781	4205.7692307	4063.97435856	4187.69230756	4179.74358961	4174.74358961	4153.84615364	3940.38461476	4182.56410243	4228.58974352	
4207.05128199	4200.64102551	4200.38461525	4183.46153833	4212.30769224	4207.5641025	4010.89743541	4181.92307679	4200.64102551	4170.12820499	4148.205128	3935.76923008	4175.64102551	4222.94871788	
4213.07692301	4202.5641025	4201.53846147	4185.38461525	4209.74358968	4212.82051275	4013.97435849	4184.74358961	4148.84615364	4175.89743576	4153.71794851	3938.20512751	4179.48717935	4223.71794865	
4209.23076917	4198.3333332	4193.58974345	4187.56410243	4207.43589737	4209.74358968	4032.69230721	4184.74358961	4162.82051262	4175.25641012	4153.58974339	3940.12820451	4181.15384602	4219.35897429	
4202.05128199	4195.51282038	4189.35897422	4183.07692294	4207.43589737	4206.53846147	4016.66666618	4180.51282038	4171.66666653	4170.64102551	4148.97435877	3936.66666598	4175.12820499	4215.64102558	
4206.02564096	4195.89743576	4194.61538448	4180.64102551	4202.17948711	4209.74358968	4019.23076875	4180.25641012	4156.28205108	4172.4358973	4149.35897415	3939.61538399	4174.87179474	4220.7692307	
4210.89743583	4197.4358973	4199.2307691	4184.61538448	4200.25641012	4210.12820506	4031.41025593	4186.41025628	4169.87179474	4174.35897422	4152.94871774	3951.41025579	4183.71794858	4225.51282045	
4207.43589737	4195.38461525	4202.05128199	4183.71794858	4203.33333327	4208.58974352	4026.02564054	4193.20512807	4171.28205115	4180.51282038	4157.05128185	3959.10256348	4187.56410243	4224.48717942	
4205.51282045	4190.64102551	4201.79487173	4178.3333332	4206.92307686	4213.07692301	4026.2820508	4195.12820499	4172.4358973	4189.61538448	4160.12820492	3964.87179425	4186.92307679	4224.10256404	
4208.97435891	4192.94871781	4200.76923063	4177.17948704	4208.4615384	4213.71794865	4028.20512772	4193.3333332	4176.15384602	4190.76923063	4161.53846133	3974.99999945	4189.35897422	4226.6666666	
4210.7692307	4198.07692294	4204.74358968	4180.12820499	4208.58974352	4212.69230763	4033.97435849	4194.99999986	4179.10256397	4190.64102551	4163.71794851	3980.51281996	4193.58974345	4232.05128199	
4210.38461532	4198.58974345	4210.64102558	4184.99999986	4209.99999993	4214.48717942	4034.10256362	4201.6666666	4183.20512807	4195.25641012	4165.51282031	3982.9487174	4196.41025628	4235.0	
4211.41025634	4199.61538448	4216.92307686	4189.2307691	4211.41025634	4214.61538455	4031.66666618	4207.30769224	4188.71794858	4195.76923063	4167.69230749	3996.1538456	4202.82051275	4234.10256411	
4216.02564096	4203.4615384	4224.48717942	4188.71794858	4210.89743583	4213.20512814	4037.05128164	4214.61538455	4201.02564096	4198.20512807	4178.71794858	4013.07692259	4212.30769224	4242.43589744	
4216.41025634	4202.94871788	4229.87179481	4189.74358961	4210.12820506	4212.43589737	4039.74358933	4222.69230763	4211.79487173	4210.51282045	4190.51282038	4022.05128157	4219.10256404	4256.66666667	
4214.35897429	4202.30769224	4230.12820506	4192.94871781	4211.6666666	4212.43589737	4037.05128164	4223.20512814	4213.84615378	4214.35897429	4189.99999986	4023.97435849	4223.97435891	4258.33333334	
4218.33333327	4206.28205122	4231.92307686	4191.92307679	4210.89743583	4213.58974352	4038.20512779	4219.48717942	4211.02564096	4208.84615378	4184.48717935	4024.99999952	4224.99999993	4253.33333334	
4219.23076917	4206.6666666	4236.53846154	4192.4358973	4206.53846147	4216.15384609	4039.10256369	4215.38461532	4206.15384609	4207.5641025	4179.99999986	4028.71794824	4217.43589737	4250.8974359	
4214.35897429	4203.97435891	4237.82051282	4193.58974345	4201.53846147	4212.82051275	4034.61538413	4211.79487173	4200.76923063	4203.71794865	4177.05128192	4031.79487131	4208.58974352	4249.23076923	
4211.15384609	4202.94871788	4233.07692301	4190.64102551	4202.30769224	4208.07692301	4034.23076875	4214.10256404	4197.30769217	4196.02564089	4176.41025628	4035.64102516	4207.30769224	4248.58974359	
4209.99999993	4199.99999986	4225.25641019	4187.30769217	4204.48717942	4206.53846147	4030.3846149	4214.99999993	4194.74358961	4192.56410243	4176.41025628	4039.23076882	4205.12820506	4244.35897436	
4210.7692307	4196.41025628	4221.92307686	4186.92307679	4200.25641012	4208.4615384	4037.94871754	4211.28205122	4201.53846147	4196.66666653	4176.28205115	4041.66666625	4202.69230763	4241.7948718	
4211.28205122	4196.66666653	4220.25641019	4187.4358973	4198.20512807	4209.35897429	4042.30769189	4219.10256404	4203.84615378	4201.41025634	4176.66666653	4042.94871754	4207.5641025	4246.15384616	
4207.05128199	4194.99999986	4215.64102558	4185.12820499	4199.74358961	4200.25641012	4012.82051234	4207.43589737	4188.97435884	4207.05128199	4177.94871781	4045.64102523	4208.58974352	4246.15384616	
4205.51282045	4193.97435884	4216.15384609	4182.4358973	4183.97435884	4207.94871788	4079.35897402	4182.82051269	4223.4615384	4208.20512814	4180.89743576	4049.99999959	4206.28205122	4245.8974359	
4209.74358968	4193.58974345	4218.4615384	4181.5384614	4154.23076903	4221.41025634	4198.3333332	4120.25640998	4246.41025641	4210.12820506	4173.46153833	4045.76923036	4201.15384609	4243.46153847	
4207.94871788	4189.2307691	4210.89743583	4179.10256397	4142.56410236	4209.99999993	4194.61538448	4009.23076875	4174.61538448	4221.6666666	4151.15384595	4032.1794867	4182.4358973	4227.94871788	
4203.71794865	4189.48717935	4208.4615384	4179.10256397	4148.33333313	4210.25641019	4175.12820499	4017.43589695	4160.38461518	4219.10256404	4147.56410236	4032.94871747	4171.41025628	4221.41025634	
4206.92307686	4197.82051269	4222.05128199	4184.48717935	4153.84615364	4224.99999993	4203.4615384	4068.97435856	4204.10256404	4222.69230763	4166.53846133	4051.02564061	4188.3333332	4235.64102564	
4210.89743583	4202.30769224	4231.41025634	4190.25641012	4158.205128	4230.12820506	4210.51282045	4047.05128164	4195.64102551	4235.51282052	4174.48717935	4059.99999959	4205.7692307	4245.38461539	
4210.64102558	4198.97435884	4232.05128199	4189.2307691	4158.07692287	4233.97435898	4206.15384609	4054.99999959	4190.38461525	4231.79487173	4170.89743576	4057.05128164	4200.25641012	4243.71794872	
4210.89743583	4194.99999986	4236.28205129	4185.12820499	4156.66666646	4236.15384616	4206.41025634	4065.25640984	4196.02564089	4230.38461532	4169.10256397	4057.82051241	4194.10256397	4242.17948718	
4210.7692307	4194.10256397	4240.64102564	4183.46153833	4154.61538441	4236.02564103	4210.64102558	4062.05128164	4193.84615371	4228.71794865	4166.79487159	4063.97435856	4199.10256397	4240.76923077	
4210.38461532	4194.87179474	4242.94871795	4185.38461525	4153.205128	4240.76923077	4212.69230763	4069.87179453	4194.48717935	4227.30769224	4165.38461518	4069.10256369	4200.25641012	4240.8974359	
4211.02564096	4197.05128192	4243.97435898	4185.89743576	4154.74358954	4243.58974359	4214.74358968	4072.17948684	4193.58974345	4230.51282045	4166.41025621	4068.7179483	4196.5384614	4240.51282052	
4208.58974352	4195.25641012	4240.25641026	4181.79487166	4152.43589723	4239.87179488	4216.28205122	4074.10256376	4194.35897422	4229.10256404	4167.94871774	4069.35897395	4196.92307679	4240.12820513	
4208.20512814	4192.30769217	4243.07692308	4183.07692294	4152.05128185	4243.97435898	4218.58974352	4071.15384581	4194.74358961	4229.23076917	4165.12820492	4072.43589709	4197.56410243	4240.8974359	
4213.20512814	4196.15384602	4258.84615385	4191.92307679	4160.51282031	4261.15384616	4231.02564096	4075.89743555	4192.56410243	4229.99999993	4162.56410236	4075.76923043	4196.5384614	4241.66666667	
4217.94871788	4203.07692301	4272.30769238	4194.99999986	4164.9999998	4277.05128212	4248.71794872	4098.20512786	4201.92307686	4240.38461539	4180.38461525	4092.94871761	4207.82051275	4252.30769231	
4218.33333327	4204.74358968	4280.64102571	4194.10256397	4164.1025639	4286.15384623	4261.41025641	4125.89743562	4222.05128199	4256.41025641	4199.2307691	4120.38461511	4223.20512814	4264.87179488	
4215.12820506	4201.02564096	4297.94871802	4196.41025628	4168.07692287	4298.58974366	4277.05128212	4140.25641005	4221.02564096	4252.56410257	4185.38461525	4136.66666646	4215.38461532	4260.8974359	
4216.6666666	4201.02564096	4321.92307707	4197.05128192	4170.76923063	4320.51282066	4299.87179501	4151.15384595	4209.61538455	4243.20512821	4173.46153833	4150.12820492	4204.87179481	4256.53846154	
4221.02564096	4202.5641025	4337.30769252	4194.74358961	4167.17948697	4338.46153867	4316.02564117	4173.71794858	4219.35897429	4252.94871795	4191.02564089	4171.28205115	4215.7692307	4266.28205129	
4220.12820506	4202.05128199	4344.35897457	4197.17948704	4167.69230749	4344.10256431	4323.71794886	4183.97435884	4223.71794865	4255.51282052	4193.3333332	4179.10256397	4216.53846147	4264.35897436	
4215.12820506	4198.97435884	4343.84615406	4197.30769217	4166.41025621	4341.02564124	4324.48717963	4176.41025628	4207.82051275	4241.53846154	4174.10256397	4174.61538448	4199.2307691	4251.15384616	
4212.30769224	4194.99999986	4332.30769252	4192.82051269	4160.89743569	4334.10256431	4312.17948732	4177.4358973	4204.35897429	4240.8974359	4173.58974345	4176.5384614	4199.2307691	4252.82051282	
4213.58974352	4197.4358973	4318.97435912	4193.20512807	4161.66666646	4323.84615399	4295.76923084	4183.07692294	4215.12820506	4248.07692308	4182.69230756	4178.71794858	4210.25641019	4259.74358975	
4213.71794865	4203.20512814	4305.64102578	4196.28205115	4166.79487159	4306.66666681	4282.05128212	4174.87179474	4214.23076917	4246.66666667	4179.87179474	4170.38461525	4209.87179481	4256.28205129	
4212.5641025	4204.87179481	4290.25641033	4197.17948704	4168.46153833	4288.07692315	4266.923077	4163.58974339	4207.43589737	4244.87179488	4178.20512807	4163.33333313	4207.94871788	4250.64102564	
4216.92307686	4202.43589737	4278.97435905	4198.07692294	4169.10256397	4277.94871802	4256.28205129	4168.20512807	4213.84615378	4248.20512821	4187.69230756	4167.43589723	4215.12820506	4257.6923077	
4220.7692307	4203.97435891	4272.82051289	4198.07692294	4172.17948704	4273.71794879	4250.64102564	4173.58974345	4223.58974352	4254.74358975	4196.15384602	4171.79487166	4226.02564096	4267.30769238	
4217.69230763	4204.61538455	4264.10256411	4196.79487166	4171.79487166	4265.51282052	4239.10256411	4167.05128185	4219.61538455	4255.0	4192.69230756	4167.05128185	4229.48717942	4264.23076923	
4215.7692307	4202.17948711	4252.82051282	4196.5384614	4168.20512807	4253.20512821	4223.71794865	4162.17948697	4209.74358968	4247.17948718	4182.94871781	4158.97435877	4218.84615378	4255.12820513	
4218.20512814	4203.33333327	4247.30769231	4197.30769217	4167.69230749	4246.53846154	4218.58974352	4164.74358954	4208.20512814	4244.61538462	4183.07692294	4155.89743569	4212.5641025	4253.58974359	
4219.23076917	4202.94871788	4244.23076923	4198.71794858	4167.82051262	4244.87179488	4219.74358968	4163.46153826	4215.38461532	4250.38461539	4190.89743576	4159.1025639	4219.35897429	4259.87179488	
4217.05128199	4201.92307686	4240.51282052	4200.76923063	4167.43589723	4240.76923077	4213.33333327	4155.64102544	4215.64102558	4250.12820513	4189.10256397	4155.76923056	4222.69230763	4260.64102564	
4216.6666666	4204.99999993	4236.28205129	4199.48717935	4169.99999986	4235.51282052	4208.07692301	4156.79487159	4209.48717942	4247.30769231	4184.35897422	4152.17948697	4221.28205122	4255.8974359	
4218.84615378	4206.92307686	4233.07692301	4198.58974345	4172.4358973	4236.28205129	4210.89743583	4164.1025639	4213.4615384	4250.8974359	4189.35897422	4159.9999998	4224.35897429	4260.0	
4218.33333327	4206.15384609	4233.58974352	4202.69230763	4171.79487166	4238.71794872	4209.74358968	4167.82051262	4220.89743583	4254.35897436	4196.41025628	4169.10256397	4228.07692301	4266.923077	
4216.53846147	4207.69230763	4235.64102564	4202.05128199	4169.61538448	4235.12820513	4206.79487173	4171.28205115	4218.20512814	4253.97435898	4196.41025628	4169.99999986	4227.30769224	4263.71794872	
4213.20512814	4205.12820506	4231.92307686	4195.25641012	4166.02564082	4230.7692307	4207.17948711	4171.28205115	4212.82051275	4249.23076923	4192.30769217	4170.64102551	4224.23076917	4256.53846154	
4210.89743583	4198.71794858	4223.58974352	4192.17948704	4163.58974339	4226.6666666	4202.17948711	4168.20512807	4211.15384609	4241.92307693	4189.87179474	4167.05128185	4219.48717942	4254.35897436	
4212.05128199	4201.41025634	4225.7692307	4195.89743576	4164.9999998	4226.53846147	4198.71794858	4168.58974345	4209.74358968	4241.66666667	4190.38461525	4162.05128185	4220.7692307	4254.23076923	
4214.10256404	4208.84615378	4234.61538462	4201.6666666	4167.43589723	4233.20512814	4206.53846147	4169.99999986	4209.23076917	4245.76923077	4188.20512807	4165.76923056	4223.33333327	4252.56410257	
4212.69230763	4207.30769224	4230.89743583	4201.92307686	4167.56410236	4233.4615384	4206.02564096	4165.89743569	4205.89743583	4239.87179488	4179.74358961	4165.64102544	4213.33333327	4247.94871795	
4211.41025634	4202.82051275	4225.89743583	4197.17948704	4166.79487159	4228.20512814	4197.82051269	4164.74358954	4201.15384609	4233.97435898	4174.87179474	4159.23076903	4208.33333327	4246.41025641	
4213.33333327	4205.51282045	4232.94871788	4198.58974345	4171.41025628	4232.69230763	4203.58974352	4171.15384602	4205.51282045	4240.25641026	4181.5384614	4165.38461518	4220.12820506	4252.30769231	
4213.84615378	4208.20512814	4237.05128206	4204.61538455	4174.87179474	4239.10256411	4210.51282045	4175.76923063	4211.41025634	4244.48717949	4189.48717935	4174.61538448	4228.58974352	4256.41025641	
4214.48717942	4206.28205122	4233.71794865	4201.02564096	4172.30769217	4237.6923077	4207.94871788	4175.12820499	4208.4615384	4242.05128206	4190.12820499	4171.41025628	4222.5641025	4253.84615385	
4216.15384609	4205.51282045	4234.23076923	4198.07692294	4173.46153833	4235.8974359	4208.97435891	4171.92307679	4203.20512814	4239.87179488	4185.12820499	4167.43589723	4216.02564096	4248.97435898	
4214.48717942	4205.12820506	4237.56410257	4202.5641025	4175.25641012	4237.30769231	4211.28205122	4172.82051269	4201.53846147	4236.66666667	4184.74358961	4171.15384602	4218.20512814	4245.76923077	
4213.97435891	4204.23076917	4239.74358975	4202.94871788	4171.5384614	4237.6923077	4212.5641025	4177.30769217	4203.07692301	4235.8974359	4189.99999986	4173.58974345	4224.61538455	4248.46153847	
4218.58974352	4205.89743583	4243.58974359	4203.20512814	4173.20512807	4242.82051282	4219.48717942	4179.35897422	4205.38461532	4239.74358975	4192.4358973	4174.2307691	4230.38461532	4252.43589744	
4219.99999993	4211.6666666	4249.10256411	4209.99999993	4181.66666653	4252.56410257	4227.30769224	4179.48717935	4207.5641025	4241.28205129	4195.12820499	4179.74358961	4234.35897436	4252.82051282	
4216.79487173	4213.07692301	4249.35897436	4206.79487173	4177.4358973	4253.71794872	4226.02564096	4184.2307691	4209.87179481	4240.51282052	4197.17948704	4183.71794858	4233.97435898	4254.10256411	
4213.84615378	4204.99999993	4243.84615385	4196.66666653	4167.05128185	4245.38461539	4219.23076917	4186.5384614	4208.07692301	4240.64102564	4191.02564089	4178.97435884	4226.92307686	4253.20512821	
4210.7692307	4199.2307691	4240.64102564	4196.79487166	4167.82051262	4242.05128206	4217.94871788	4182.94871781	4201.41025634	4237.30769231	4184.99999986	4177.82051269	4219.87179481	4246.28205129	
4211.79487173	4203.58974352	4243.33333334	4198.58974345	4170.64102551	4245.12820513	4219.23076917	4184.10256397	4198.71794858	4232.82051275	4185.12820499	4184.99999986	4218.4615384	4242.56410257	
4214.61538455	4204.61538455	4244.23076923	4193.97435884	4166.28205108	4244.87179488	4217.69230763	4186.41025628	4201.79487173	4235.8974359	4182.4358973	4186.66666653	4218.58974352	4245.76923077	
4211.41025634	4201.02564096	4243.33333334	4192.17948704	4162.3076921	4242.05128206	4214.87179481	4185.38461525	4199.99999986	4238.20512821	4177.82051269	4182.94871781	4216.6666666	4245.0	
4211.6666666	4203.58974352	4241.02564103	4194.87179474	4166.53846133	4241.15384616	4212.69230763	4185.25641012	4193.71794858	4231.28205122	4178.84615371	4183.58974345	4216.02564096	4239.23076923	
4217.82051275	4205.64102558	4238.07692308	4197.17948704	4171.15384602	4240.38461539	4213.20512814	4190.51282038	4194.87179474	4226.28205122	4179.48717935	4190.25641012	4214.74358968	4239.48717949	
4214.99999993	4204.74358968	4240.12820513	4197.4358973	4169.48717935	4241.66666667	4214.23076917	4199.35897422	4198.07692294	4232.5641025	4178.07692294	4199.35897422	4216.41025634	4243.07692308	
4208.58974352	4201.79487173	4238.84615385	4194.87179474	4162.17948697	4240.76923077	4212.94871788	4202.05128199	4195.76923063	4233.71794865	4179.48717935	4200.89743576	4218.97435891	4241.7948718	
4210.64102558	4199.10256397	4236.66666667	4192.94871781	4162.43589723	4238.84615385	4212.5641025	4201.15384609	4193.07692294	4227.82051275	4182.4358973	4198.58974345	4217.69230763	4238.84615385	
4215.38461532	4201.6666666	4241.7948718	4197.4358973	4173.07692294	4240.25641026	4215.38461532	4203.20512814	4194.10256397	4228.4615384	4185.51282038	4200.89743576	4219.23076917	4240.76923077	
4214.61538455	4204.48717942	4240.12820513	4202.82051275	4176.41025628	4240.0	4212.94871788	4203.58974352	4194.87179474	4229.23076917	4181.5384614	4202.17948711	4218.20512814	4240.8974359	
4212.5641025	4204.10256404	4234.23076923	4202.82051275	4170.64102551	4237.6923077	4210.12820506	4199.99999986	4192.30769217	4224.99999993	4177.4358973	4198.3333332	4212.30769224	4234.87179488	
4211.79487173	4201.79487173	4236.7948718	4198.97435884	4166.41025621	4235.8974359	4213.58974352	4202.43589737	4190.25641012	4224.48717942	4179.61538448	4201.53846147	4211.53846147	4233.20512814	
4209.61538455	4197.17948704	4237.17948718	4193.97435884	4164.35897415	4233.07692301	4209.74358968	4206.92307686	4190.38461525	4225.51282045	4178.20512807	4207.05128199	4214.48717942	4236.15384616	
4207.43589737	4195.64102551	4232.5641025	4191.5384614	4163.58974339	4231.92307686	4204.23076917	4206.53846147	4191.41025628	4224.99999993	4173.07692294	4205.89743583	4210.25641019	4236.7948718	
4210.7692307	4202.30769224	4240.25641026	4197.82051269	4170.12820499	4241.7948718	4215.12820506	4211.41025634	4197.56410243	4231.79487173	4175.12820499	4210.25641019	4213.58974352	4241.41025641	
4218.07692301	4208.97435891	4252.94871795	4205.64102558	4177.69230756	4252.56410257	4230.25641019	4223.07692301	4208.20512814	4241.66666667	4180.76923063	4221.02564096	4223.20512814	4250.25641026	
4218.71794865	4206.41025634	4254.87179488	4206.28205122	4178.20512807	4252.56410257	4230.38461532	4231.6666666	4212.43589737	4243.07692308	4183.58974345	4228.97435891	4223.07692301	4253.84615385	
4213.4615384	4202.05128199	4250.12820513	4201.6666666	4174.74358961	4248.71794872	4220.7692307	4227.94871788	4206.53846147	4239.61538462	4186.28205115	4227.17948711	4224.87179481	4250.0	
4212.05128199	4202.05128199	4245.0	4197.4358973	4169.74358961	4245.12820513	4217.17948711	4219.87179481	4202.5641025	4237.17948718	4185.25641012	4220.12820506	4227.43589737	4245.12820513	
4212.43589737	4201.92307686	4246.7948718	4195.38461525	4168.58974345	4247.56410257	4223.58974352	4223.20512814	4203.71794865	4237.30769231	4183.3333332	4219.99999993	4222.43589737	4244.74358975	
4211.79487173	4201.41025634	4254.87179488	4196.02564089	4170.89743576	4254.74358975	4228.71794865	4232.05128199	4207.05128199	4240.76923077	4191.15384602	4228.58974352	4222.94871788	4250.12820513	
4212.69230763	4201.53846147	4258.07692308	4198.84615371	4171.41025628	4256.66666667	4229.99999993	4238.58974359	4212.94871788	4246.53846154	4199.10256397	4237.17948718	4233.07692301	4255.76923077	
4214.87179481	4201.92307686	4257.56410257	4202.94871788	4170.64102551	4256.15384616	4232.69230763	4242.43589744	4217.30769224	4247.82051282	4196.66666653	4240.76923077	4235.38461539	4257.6923077	
4213.33333327	4200.64102551	4257.56410257	4201.15384609	4170.89743576	4257.82051282	4234.74358975	4247.30769231	4212.82051275	4242.82051282	4196.5384614	4245.51282052	4231.28205122	4257.05128206	
4212.82051275	4202.43589737	4257.94871795	4197.05128192	4172.4358973	4260.12820513	4235.76923077	4254.10256411	4207.69230763	4241.41025641	4204.48717942	4250.25641026	4234.74358975	4253.71794872	
4216.6666666	4208.33333327	4260.64102564	4204.74358968	4176.5384614	4263.97435898	4240.0	4259.74358975	4213.33333327	4249.10256411	4207.30769224	4256.28205129	4240.64102564	4255.25641026	
4218.33333327	4208.84615378	4262.56410257	4209.87179481	4179.35897422	4266.02564103	4241.02564103	4264.10256411	4223.84615378	4257.82051282	4205.89743583	4262.43589744	4245.0	4264.23076923	
4213.20512814	4201.92307686	4256.28205129	4199.87179474	4171.79487166	4257.30769231	4233.71794865	4262.43589744	4223.20512814	4254.10256411	4203.58974352	4261.28205129	4241.15384616	4265.8974359	
4211.15384609	4197.94871781	4251.66666667	4194.87179474	4167.56410236	4251.66666667	4228.58974352	4255.64102564	4213.33333327	4245.12820513	4197.05128192	4254.35897436	4232.05128199	4256.53846154	
4215.25641019	4200.25641012	4258.97435898	4198.97435884	4174.2307691	4257.94871795	4231.92307686	4252.94871795	4210.12820506	4244.61538462	4191.66666653	4250.8974359	4230.64102558	4252.30769231	
4215.51282045	4200.64102551	4262.43589744	4202.43589737	4178.20512807	4261.66666667	4235.38461539	4257.05128206	4213.20512814	4246.28205129	4195.51282038	4252.82051282	4236.28205129	4255.51282052	
4212.17948711	4198.84615371	4255.76923077	4203.84615378	4174.35897422	4257.6923077	4231.28205122	4252.6923077	4210.25641019	4240.76923077	4200.12820499	4250.51282052	4232.17948711	4251.28205129	
4210.64102558	4199.61538448	4256.66666667	4199.10256397	4171.5384614	4256.92307693	4231.41025634	4243.07692308	4201.79487173	4235.25641026	4199.10256397	4244.35897436	4224.10256404	4243.20512821	
4211.02564096	4197.69230756	4263.71794872	4195.38461525	4173.07692294	4260.76923077	4240.25641026	4243.46153847	4199.74358961	4236.02564103	4195.76923063	4240.38461539	4222.69230763	4243.97435898	
4212.5641025	4195.51282038	4263.58974359	4201.28205122	4173.97435884	4261.92307693	4241.28205129	4247.17948718	4203.20512814	4236.92307693	4193.46153833	4241.66666667	4222.43589737	4247.94871795	
4212.05128199	4197.56410243	4263.20512821	4205.12820506	4175.12820499	4261.66666667	4238.07692308	4244.48717949	4205.7692307	4237.17948718	4194.99999986	4243.58974359	4223.20512814	4248.33333334	
4210.7692307	4200.38461525	4269.61538469	4204.48717942	4176.66666653	4267.30769238	4242.43589744	4236.41025641	4207.43589737	4239.61538462	4201.02564096	4238.46153847	4229.87179481	4249.74358975	
4214.48717942	4201.6666666	4274.10256418	4208.4615384	4179.48717935	4275.64102571	4251.7948718	4233.84615385	4211.53846147	4242.82051282	4208.4615384	4231.15384609	4236.7948718	4256.15384616	
4216.02564096	4201.92307686	4271.15384623	4208.84615378	4180.64102551	4274.61538469	4251.15384616	4237.43589744	4210.38461532	4242.17948718	4208.20512814	4230.12820506	4234.35897436	4255.38461539	
4211.41025634	4201.41025634	4269.61538469	4202.69230763	4174.35897422	4270.38461546	4245.76923077	4232.94871788	4202.82051275	4237.56410257	4201.15384609	4231.41025634	4226.28205122	4246.66666667	
4211.53846147	4203.07692301	4282.05128212	4204.99999993	4174.48717935	4282.82051289	4257.6923077	4225.51282045	4201.92307686	4236.28205129	4195.51282038	4226.79487173	4221.53846147	4245.25641026	
4216.92307686	4204.48717942	4304.61538476	4211.02564096	4182.69230756	4304.87179501	4282.56410264	4236.02564103	4207.94871788	4240.25641026	4195.25641012	4230.12820506	4221.92307686	4252.94871795	
4216.6666666	4202.30769224	4324.61538476	4210.89743583	4184.10256397	4322.05128219	4302.30769245	4257.82051282	4216.02564096	4248.33333334	4201.28205122	4253.20512821	4226.53846147	4258.20512821	
4214.48717942	4199.2307691	4342.94871816	4206.28205122	4177.30769217	4342.43589765	4322.17948732	4274.48717956	4221.28205122	4254.23076923	4205.25641019	4275.64102571	4229.35897429	4258.84615385	
4220.25641019	4202.69230763	4366.79487208	4208.71794865	4180.25641012	4367.69230797	4348.5897438	4290.89743597	4223.33333327	4257.17948718	4210.12820506	4286.53846161	4234.23076923	4266.41025641	
4225.38461532	4211.6666666	4384.10256438	4216.28205122	4190.12820499	4382.56410285	4363.84615406	4301.02564117	4228.07692301	4261.02564103	4219.10256404	4293.46153853	4244.10256411	4275.64102571	
4223.58974352	4211.02564096	4384.23076951	4215.89743583	4188.07692294	4383.58974387	4362.94871816	4293.84615392	4234.61538462	4263.71794872	4220.12820506	4293.58974366	4247.30769231	4276.53846161	
4222.69230763	4204.61538455	4380.25641054	4210.51282045	4181.92307679	4381.28205156	4363.33333355	4287.17948725	4235.38461539	4266.15384616	4214.87179481	4289.2307693	4241.92307693	4273.97435905	
4225.38461532	4205.7692307	4380.38461567	4210.38461532	4183.20512807	4380.25641054	4363.07692329	4293.97435905	4232.94871788	4268.71794879	4217.82051275	4291.66666674	4244.74358975	4275.00000007	
4223.97435891	4206.53846147	4372.17948746	4211.53846147	4182.82051269	4373.33333362	4351.15384637	4290.38461546	4231.41025634	4264.48717949	4217.82051275	4289.87179495	4244.74358975	4273.33333341	
4217.94871788	4201.28205122	4355.89743611	4208.07692301	4177.4358973	4358.46153867	4335.3846156	4270.38461546	4218.20512814	4248.71794872	4201.79487173	4270.38461546	4224.99999993	4256.41025641	
4217.5641025	4199.48717935	4345.3846156	4206.41025634	4179.10256397	4345.51282073	4325.12820527	4254.87179488	4203.84615378	4237.94871795	4192.82051269	4250.38461539	4213.33333327	4245.25641026	
4219.87179481	4203.33333327	4335.3846156	4207.69230763	4181.66666653	4336.15384637	4312.56410271	4245.51282052	4204.87179481	4240.25641026	4196.41025628	4240.25641026	4222.05128199	4250.51282052	
4221.28205122	4205.7692307	4326.02564117	4207.30769224	4181.79487166	4328.07692322	4301.53846168	4232.94871788	4208.07692301	4240.38461539	4193.97435884	4229.74358968	4223.58974352	4252.56410257	
4224.74358968	4207.43589737	4323.07692322	4211.28205122	4187.30769217	4322.94871809	4298.84615392	4223.58974352	4208.33333327	4238.97435898	4193.71794858	4221.53846147	4219.35897429	4251.41025641	
4225.12820506	4207.17948711	4315.89743604	4213.84615378	4186.79487166	4313.4615386	4290.1282052	4216.28205122	4209.35897429	4242.94871795	4199.61538448	4213.4615384	4223.84615378	4253.84615385	
4219.61538455	4203.4615384	4296.53846161	4207.17948711	4177.82051269	4294.10256418	4271.53846161	4195.25641012	4200.38461525	4237.56410257	4190.89743576	4191.79487166	4217.5641025	4246.15384616	
4215.12820506	4197.30769217	4277.05128212	4199.48717935	4173.46153833	4276.41025648	4256.92307693	4173.20512807	4188.97435884	4223.58974352	4178.07692294	4169.48717935	4204.61538455	4232.69230763	
4216.15384609	4194.74358961	4273.58974366	4201.92307686	4174.74358961	4273.33333341	4251.28205129	4164.9999998	4192.05128192	4223.58974352	4185.25641012	4164.48717928	4208.58974352	4235.0	
4218.20512814	4201.28205122	4276.53846161	4208.84615378	4178.20512807	4276.0256411	4249.87179488	4160.38461518	4195.38461525	4230.7692307	4190.76923063	4159.1025639	4211.15384609	4240.38461539	
4214.74358968	4203.07692301	4266.66666674	4203.07692301	4177.30769217	4266.15384616	4240.8974359	4150.12820492	4189.74358961	4225.64102558	4181.02564089	4144.74358954	4201.02564096	4233.58974352	
4208.4615384	4197.69230756	4253.97435898	4193.71794858	4170.76923063	4253.71794872	4229.61538455	4139.61538441	4188.20512807	4220.12820506	4178.71794858	4137.56410236	4199.35897422	4228.20512814	
4209.48717942	4197.82051269	4252.17948718	4197.69230756	4170.25641012	4250.51282052	4225.51282045	4136.28205108	4190.51282038	4221.92307686	4183.58974345	4135.51282031	4204.61538455	4229.23076917	
4214.87179481	4199.74358961	4251.28205129	4204.10256404	4175.64102551	4248.71794872	4222.94871788	4135.25640998	4191.92307679	4223.71794865	4187.4358973	4131.92307665	4206.41025634	4232.17948711	
4215.51282045	4199.35897422	4243.71794872	4202.82051275	4177.69230756	4242.43589744	4219.23076917	4132.56410229	4194.2307691	4225.25641019	4194.10256397	4132.82051255	4214.23076917	4235.12820513	
4215.12820506	4200.64102551	4241.66666667	4203.71794865	4180.25641012	4240.64102564	4218.84615378	4130.25640998	4192.94871781	4225.64102558	4197.56410243	4129.74358947	4222.5641025	4236.66666667	
4214.61538455	4203.58974352	4243.46153847	4209.87179481	4181.79487166	4243.58974359	4218.97435891	4129.99999973	4191.02564089	4224.10256404	4196.02564089	4123.71794844	4218.07692301	4237.43589744	
4212.05128199	4204.23076917	4240.38461539	4208.97435891	4178.97435884	4242.94871795	4217.43589737	4125.64102537	4191.66666653	4221.79487173	4195.25641012	4121.15384588	4210.25641019	4235.12820513	
4211.53846147	4205.64102558	4239.74358975	4207.43589737	4179.2307691	4241.41025641	4217.30769224	4118.9743587	4187.05128192	4219.48717942	4192.4358973	4120.12820485	4209.74358968	4229.99999993	
4213.33333327	4205.64102558	4243.97435898	4210.64102558	4182.05128192	4243.20512821	4219.23076917	4120.64102537	4182.94871781	4221.15384609	4192.4358973	4122.69230742	4212.94871788	4229.99999993	
4213.84615378	4205.25641019	4245.38461539	4211.15384609	4180.12820499	4247.94871795	4219.61538455	4128.0769228	4187.82051269	4224.61538455	4196.15384602	4124.61538434	4215.12820506	4234.10256411	
4214.74358968	4206.53846147	4243.46153847	4208.4615384	4177.30769217	4248.71794872	4220.51282045	4130.89743562	4193.07692294	4224.74358968	4197.30769217	4123.9743587	4216.6666666	4237.05128206	
4218.20512814	4207.5641025	4245.38461539	4208.84615378	4179.10256397	4245.12820513	4222.94871788	4131.02564075	4194.99999986	4229.35897429	4197.56410243	4125.25640998	4220.64102558	4241.7948718	
4218.97435891	4207.17948711	4245.0	4211.28205122	4181.28205115	4242.43589744	4219.35897429	4129.99999973	4194.2307691	4232.30769224	4198.97435884	4125.89743562	4223.07692301	4242.30769231	
4212.82051275	4204.23076917	4234.48717949	4205.12820506	4173.97435884	4236.02564103	4208.07692301	4126.53846126	4183.07692294	4218.20512814	4192.94871781	4122.30769203	4214.74358968	4227.43589737	
4209.10256404	4202.05128199	4226.53846147	4194.48717935	4164.35897415	4226.41025634	4199.2307691	4120.7692305	4170.89743576	4204.10256404	4181.02564089	4119.74358947	4198.84615371	4215.38461532	
4208.20512814	4196.92307679	4223.4615384	4190.25641012	4160.76923056	4221.6666666	4194.99999986	4119.74358947	4166.66666646	4200.89743576	4175.38461525	4120.25640998	4185.76923063	4214.87179481	
4203.84615378	4188.58974345	4216.15384609	4188.97435884	4156.02564082	4219.48717942	4188.3333332	4123.0769228	4162.82051262	4197.17948704	4174.87179474	4120.25640998	4183.07692294	4211.53846147	
4201.02564096	4189.2307691	4209.35897429	4187.94871781	4153.71794851	4212.82051275	4182.82051269	4129.74358947	4159.61538441	4197.17948704	4175.64102551	4127.43589716	4188.07692294	4207.69230763	
4204.23076917	4195.76923063	4211.6666666	4191.41025628	4160.12820492	4211.02564096	4186.92307679	4141.53846133	4165.25641005	4204.87179481	4178.84615371	4141.79487159	4194.61538448	4210.7692307	
4205.64102558	4195.25641012	4216.92307686	4192.69230756	4162.94871774	4217.82051275	4192.17948704	4150.76923056	4170.76923063	4207.30769224	4182.30769217	4151.02564082	4197.05128192	4214.74358968	
4204.23076917	4189.99999986	4218.58974352	4188.58974345	4157.56410236	4221.02564096	4192.56410243	4158.97435877	4168.71794858	4205.51282045	4181.15384602	4154.61538441	4197.05128192	4214.74358968	
4205.64102558	4191.41025628	4219.74358968	4187.56410243	4158.07692287	4218.97435891	4191.5384614	4167.69230749	4167.94871774	4207.05128199	4176.79487166	4158.84615364	4197.30769217	4215.64102558	
4207.30769224	4196.15384602	4216.53846147	4192.05128192	4162.3076921	4218.71794865	4191.15384602	4171.92307679	4168.20512807	4206.79487173	4176.79487166	4167.3076921	4196.66666653	4216.41025634	
4207.43589737	4201.92307686	4213.33333327	4199.10256397	4166.41025621	4220.38461532	4192.82051269	4177.4358973	4168.20512807	4206.02564096	4181.02564089	4176.79487166	4196.41025628	4215.64102558	
4207.69230763	4202.94871788	4216.02564096	4196.5384614	4168.71794858	4220.38461532	4192.4358973	4186.28205115	4169.48717935	4207.43589737	4181.79487166	4183.46153833	4194.35897422	4213.33333327	
4208.20512814	4199.10256397	4218.71794865	4191.41025628	4166.79487159	4218.20512814	4190.76923063	4192.56410243	4172.69230756	4208.33333327	4178.3333332	4190.25641012	4194.48717935	4214.48717942	
4208.97435891	4198.97435884	4221.6666666	4199.35897422	4166.02564082	4220.7692307	4193.46153833	4201.28205122	4177.30769217	4212.05128199	4180.12820499	4200.12820499	4201.92307686	4221.6666666	
4210.7692307	4202.30769224	4227.05128199	4205.7692307	4171.66666653	4228.07692301	4199.2307691	4213.4615384	4181.15384602	4219.35897429	4187.69230756	4210.89743583	4209.99999993	4226.92307686	
4212.5641025	4206.41025634	4229.87179481	4202.05128199	4177.30769217	4229.87179481	4201.6666666	4219.10256404	4181.79487166	4219.48717942	4189.61538448	4217.05128199	4210.38461532	4226.28205122	
4211.28205122	4205.64102558	4223.71794865	4201.79487173	4175.25641012	4223.97435891	4196.28205115	4216.92307686	4174.61538448	4209.48717942	4182.69230756	4213.4615384	4201.02564096	4220.38461532	
4208.71794865	4197.82051269	4218.20512814	4204.61538455	4173.20512807	4220.7692307	4190.51282038	4213.4615384	4166.02564082	4203.33333327	4177.94871781	4209.23076917	4193.84615371	4213.33333327	
4207.82051275	4196.92307679	4219.48717942	4199.99999986	4172.56410243	4221.41025634	4192.56410243	4214.48717942	4166.53846133	4205.38461532	4179.61538448	4211.92307686	4196.79487166	4213.33333327	
4210.51282045	4201.53846147	4218.97435891	4196.66666653	4169.10256397	4219.61538455	4195.64102551	4216.28205122	4172.69230756	4207.82051275	4180.64102551	4214.87179481	4201.28205122	4218.20512814	
4211.53846147	4202.43589737	4219.48717942	4197.05128192	4165.25641005	4220.25641019	4192.30769217	4216.41025634	4172.82051269	4207.5641025	4181.02564089	4213.84615378	4202.05128199	4219.48717942	
4209.35897429	4198.46153833	4222.69230763	4192.69230756	4162.43589723	4221.79487173	4190.25641012	4217.69230763	4169.61538448	4205.51282045	4180.25641012	4214.61538455	4198.84615371	4214.23076917	
4209.10256404	4197.82051269	4223.84615378	4191.92307679	4164.61538441	4223.07692301	4194.2307691	4217.94871788	4171.66666653	4206.02564096	4179.35897422	4214.99999993	4193.71794858	4214.10256404	
4209.99999993	4202.5641025	4224.23076917	4198.97435884	4170.38461525	4225.25641019	4196.5384614	4214.87179481	4172.94871781	4208.97435891	4181.5384614	4213.58974352	4194.35897422	4220.51282045	
4211.41025634	4203.4615384	4225.64102558	4201.41025634	4171.66666653	4226.15384609	4196.28205115	4215.12820506	4173.58974345	4208.33333327	4182.69230756	4216.6666666	4199.99999986	4222.69230763	
4210.64102558	4199.99999986	4231.6666666	4199.74358961	4170.76923063	4232.43589737	4203.4615384	4226.02564096	4180.51282038	4213.58974352	4184.99999986	4224.74358968	4206.15384609	4225.12820506	
4211.6666666	4201.79487173	4241.02564103	4205.51282045	4176.79487166	4242.94871795	4214.99999993	4231.41025634	4188.58974345	4225.89743583	4191.79487166	4227.82051275	4212.94871788	4232.69230763	
4215.89743583	4204.99999993	4244.61538462	4207.17948711	4176.92307679	4243.20512821	4216.79487173	4221.53846147	4187.82051269	4228.4615384	4195.25641012	4221.53846147	4216.92307686	4232.94871788	
4216.79487173	4201.53846147	4237.6923077	4201.92307686	4170.25641012	4236.53846154	4209.87179481	4216.02564096	4183.07692294	4219.35897429	4193.3333332	4214.35897429	4213.4615384	4225.38461532	
4215.25641019	4201.6666666	4235.38461539	4203.20512814	4173.71794858	4237.6923077	4208.58974352	4218.58974352	4181.5384614	4213.84615378	4194.35897422	4211.53846147	4212.05128199	4225.89743583	
4212.43589737	4204.10256404	4237.56410257	4202.69230763	4173.97435884	4239.48717949	4209.48717942	4209.48717942	4177.69230756	4215.51282045	4193.71794858	4203.71794865	4211.6666666	4224.10256404	
4206.53846147	4195.12820499	4226.15384609	4191.28205115	4160.64102544	4227.17948711	4198.3333332	4191.02564089	4165.64102544	4206.79487173	4181.66666653	4191.15384602	4195.76923063	4210.25641019	
4200.51282038	4185.51282038	4213.71794865	4184.2307691	4154.35897415	4214.23076917	4188.97435884	4183.97435884	4156.02564082	4192.69230756	4166.15384595	4182.30769217	4177.30769217	4200.64102551	
4201.15384609	4184.2307691	4213.33333327	4185.76923063	4159.61538441	4210.12820506	4186.92307679	4180.25641012	4150.64102544	4186.5384614	4159.61538441	4173.71794858	4171.92307679	4196.79487166	
4204.87179481	4187.05128192	4212.05128199	4187.4358973	4158.07692287	4209.87179481	4182.94871781	4171.15384602	4143.97435877	4182.4358973	4158.58974339	4167.43589723	4171.02564089	4191.66666653	
4206.41025634	4195.38461525	4212.82051275	4193.07692294	4158.97435877	4214.48717942	4186.15384602	4169.2307691	4146.41025621	4182.69230756	4162.69230749	4168.71794858	4172.56410243	4194.87179474	
4206.92307686	4197.56410243	4220.38461532	4195.64102551	4165.64102544	4221.41025634	4192.82051269	4170.38461525	4155.51282031	4188.71794858	4169.48717935	4167.69230749	4176.79487166	4202.5641025	
4204.61538455	4191.79487166	4220.25641019	4191.66666653	4163.84615364	4221.02564096	4191.79487166	4166.53846133	4154.87179467	4189.99999986	4169.2307691	4162.94871774	4176.02564089	4200.64102551	
4202.17948711	4190.64102551	4215.51282045	4190.89743576	4160.64102544	4220.64102558	4189.87179474	4161.53846133	4151.92307672	4187.56410243	4167.69230749	4159.35897415	4172.05128192	4200.25641012	
4203.20512814	4192.56410243	4221.15384609	4192.4358973	4161.15384595	4224.99999993	4195.64102551	4160.38461518	4156.53846133	4193.07692294	4170.89743576	4157.82051262	4177.4358973	4205.89743583	
4206.53846147	4193.71794858	4230.51282045	4192.69230756	4161.02564082	4228.71794865	4202.5641025	4164.48717928	4164.87179467	4202.82051275	4178.20512807	4161.41025621	4189.35897422	4211.41025634	
4206.53846147	4194.35897422	4234.23076923	4192.05128192	4159.9999998	4231.41025634	4203.58974352	4164.35897415	4168.97435884	4205.89743583	4181.5384614	4164.61538441	4193.46153833	4215.51282045	
4202.17948711	4190.25641012	4232.30769224	4191.66666653	4160.64102544	4233.07692301	4202.30769224	4159.23076903	4166.53846133	4203.07692301	4179.99999986	4157.82051262	4190.64102551	4214.35897429	
4197.82051269	4182.56410243	4224.23076917	4188.3333332	4157.43589723	4225.7692307	4200.12820499	4149.61538441	4160.51282031	4195.76923063	4177.4358973	4144.74358954	4184.10256397	4207.30769224	
4200.12820499	4182.69230756	4221.53846147	4186.79487166	4153.71794851	4223.33333327	4201.15384609	4140.89743569	4159.61538441	4196.66666653	4173.84615371	4138.71794851	4178.07692294	4208.4615384	
4207.69230763	4190.64102551	4234.48717949	4191.5384614	4159.61538441	4237.30769231	4208.07692301	4145.76923056	4169.2307691	4206.92307686	4176.41025628	4145.12820492	4184.35897422	4217.17948711	
4207.94871788	4191.79487166	4242.94871795	4195.25641012	4165.64102544	4249.10256411	4213.58974352	4153.205128	4177.69230756	4210.7692307	4183.58974345	4149.23076903	4194.61538448	4220.38461532	
4202.30769224	4187.05128192	4234.74358975	4190.25641012	4159.23076903	4241.7948718	4210.7692307	4147.56410236	4174.99999986	4208.84615378	4183.58974345	4143.58974339	4191.79487166	4219.35897429	
4205.25641019	4190.89743576	4233.58974352	4189.2307691	4156.79487159	4236.28205129	4210.64102558	4143.205128	4173.3333332	4211.41025634	4180.25641012	4141.02564082	4188.97435884	4222.43589737	
4213.71794865	4198.3333332	4247.30769231	4200.76923063	4170.51282038	4248.20512821	4221.28205122	4150.12820492	4181.79487166	4218.97435891	4189.99999986	4146.02564082	4199.48717935	4229.74358968	
4212.94871788	4196.92307679	4248.71794872	4204.61538455	4176.28205115	4251.41025641	4222.43589737	4147.3076921	4184.35897422	4219.74358968	4195.12820499	4143.46153826	4202.5641025	4228.33333327	
4205.7692307	4192.05128192	4232.69230763	4197.4358973	4167.05128185	4235.76923077	4207.69230763	4135.64102544	4174.10256397	4211.6666666	4181.66666653	4134.48717921	4193.3333332	4220.12820506	
4202.5641025	4192.56410243	4221.15384609	4192.17948704	4161.92307672	4224.35897429	4195.76923063	4131.41025614	4170.51282038	4205.7692307	4177.56410243	4128.46153819	4189.48717935	4219.48717942	
4202.17948711	4194.99999986	4220.51282045	4193.71794858	4164.35897415	4224.10256404	4195.51282038	4127.56410229	4171.5384614	4206.02564096	4187.05128192	4125.89743562	4193.07692294	4219.48717942	
4205.38461532	4196.5384614	4225.64102558	4199.2307691	4169.2307691	4226.15384609	4198.84615371	4124.8717946	4170.64102551	4208.33333327	4190.38461525	4124.99999973	4196.66666653	4215.38461532	
4209.87179481	4198.3333332	4227.17948711	4201.92307686	4171.92307679	4224.61538455	4196.66666653	4125.7692305	4172.82051269	4208.97435891	4187.4358973	4123.71794844	4195.89743576	4217.17948711	
4210.89743583	4197.69230756	4221.92307686	4197.17948704	4171.41025628	4221.41025634	4192.82051269	4126.15384588	4175.51282038	4208.71794865	4187.30769217	4123.9743587	4193.97435884	4222.05128199	
4209.99999993	4193.84615371	4218.33333327	4194.87179474	4172.56410243	4219.61538455	4191.28205115	4125.89743562	4174.74358961	4209.23076917	4184.99999986	4124.99999973	4193.20512807	4219.74358968	
4206.79487173	4192.30769217	4218.97435891	4200.64102551	4176.28205115	4219.87179481	4191.79487166	4124.10256383	4171.92307679	4209.23076917	4182.05128192	4121.66666639	4190.76923063	4216.02564096	
4204.61538455	4199.10256397	4218.71794865	4201.79487173	4172.56410243	4219.99999993	4193.07692294	4123.33333306	4169.61538448	4207.82051275	4184.87179474	4118.58974332	4187.69230756	4216.02564096	
4206.92307686	4202.30769224	4217.05128199	4200.51282038	4168.71794858	4220.38461532	4192.69230756	4122.82051255	4171.79487166	4208.20512814	4187.30769217	4118.9743587	4190.38461525	4220.12820506	
4209.10256404	4198.3333332	4218.33333327	4203.71794865	4172.30769217	4222.82051275	4190.25641012	4121.28205101	4176.15384602	4208.58974352	4188.07692294	4119.35897408	4193.20512807	4224.99999993	
4209.87179481	4201.79487173	4221.53846147	4207.30769224	4176.28205115	4223.33333327	4192.82051269	4122.43589716	4177.05128192	4213.4615384	4190.64102551	4121.02564075	4196.5384614	4225.25641019	
4213.4615384	4204.87179481	4225.7692307	4209.10256404	4178.58974345	4224.99999993	4200.38461525	4124.61538434	4179.74358961	4222.82051275	4195.89743576	4123.0769228	4205.12820506	4225.7692307	
4215.38461532	4200.64102551	4228.97435891	4207.82051275	4177.30769217	4228.58974352	4205.64102558	4123.20512793	4185.76923063	4224.35897429	4201.02564096	4120.7692305	4211.79487173	4230.7692307	
4214.87179481	4202.30769224	4233.07692301	4208.58974352	4180.12820499	4233.58974352	4207.82051275	4126.53846126	4192.17948704	4224.99999993	4204.35897429	4124.61538434	4214.61538455	4237.17948718	
4214.74358968	4209.99999993	4237.82051282	4215.38461532	4190.12820499	4238.07692308	4209.35897429	4134.8717946	4198.3333332	4232.94871788	4208.07692301	4131.53846126	4217.43589737	4241.15384616	
4210.51282045	4207.30769224	4233.4615384	4216.92307686	4190.25641012	4233.58974352	4205.7692307	4134.48717921	4197.94871781	4234.10256411	4207.5641025	4127.69230742	4217.5641025	4240.12820513	
4209.10256404	4203.07692301	4230.51282045	4210.64102558	4181.28205115	4231.28205122	4204.35897429	4129.99999973	4193.97435884	4227.5641025	4205.25641019	4126.41025614	4213.4615384	4239.61538462	
4214.99999993	4205.7692307	4238.58974359	4211.41025634	4184.35897422	4237.6923077	4208.33333327	4132.43589716	4194.99999986	4227.69230763	4205.64102558	4133.71794844	4212.69230763	4240.12820513	
4218.20512814	4208.97435891	4241.41025641	4218.84615378	4192.82051269	4241.53846154	4211.6666666	4137.82051262	4199.61538448	4232.94871788	4208.33333327	4133.9743587	4219.74358968	4242.56410257	
4214.10256404	4209.48717942	4235.0	4220.12820506	4189.87179474	4240.8974359	4213.33333327	4139.1025639	4200.64102551	4236.53846154	4213.33333327	4131.02564075	4225.25641019	4247.05128206	
4213.58974352	4208.20512814	4237.82051282	4219.61538455	4189.61538448	4242.82051282	4217.82051275	4138.33333313	4201.41025634	4238.84615385	4218.58974352	4136.79487159	4226.28205122	4252.30769231	
4218.20512814	4212.05128199	4248.20512821	4224.87179481	4197.94871781	4246.28205129	4222.5641025	4140.38461518	4205.51282045	4240.8974359	4219.10256404	4142.82051262	4229.35897429	4253.97435898	
4217.30769224	4213.07692301	4248.07692308	4226.15384609	4198.20512807	4244.74358975	4221.41025634	4139.61538441	4204.23076917	4237.56410257	4210.7692307	4135.64102544	4227.69230763	4246.53846154	
4214.23076917	4207.69230763	4243.71794872	4222.43589737	4191.92307679	4243.46153847	4219.48717942	4136.41025621	4200.12820499	4233.97435898	4207.05128199	4130.7692305	4222.30769224	4241.41025641	
4215.51282045	4204.48717942	4243.07692308	4219.48717942	4188.97435884	4243.20512821	4217.05128199	4138.71794851	4201.79487173	4239.61538462	4209.99999993	4137.05128185	4220.64102558	4247.43589744	
4214.35897429	4205.25641019	4238.71794872	4216.28205122	4185.51282038	4238.97435898	4211.41025634	4137.43589723	4202.94871788	4242.05128206	4204.87179481	4137.3076921	4217.30769224	4249.74358975	
4211.53846147	4204.35897429	4234.61538462	4213.4615384	4182.56410243	4236.28205129	4209.61538455	4130.89743562	4198.20512807	4232.82051275	4197.82051269	4129.99999973	4211.79487173	4244.10256411	
4213.33333327	4204.61538455	4235.38461539	4213.58974352	4184.61538448	4237.43589744	4212.5641025	4137.17948697	4201.15384609	4232.82051275	4202.82051275	4134.23076896	4217.5641025	4247.43589744	
4218.33333327	4210.89743583	4241.7948718	4219.48717942	4190.12820499	4242.56410257	4217.05128199	4148.71794851	4212.17948711	4245.76923077	4213.07692301	4144.74358954	4228.97435891	4258.84615385	
4218.97435891	4214.61538455	4249.61538462	4224.61538455	4194.35897422	4248.71794872	4222.94871788	4146.02564082	4209.23076917	4243.07692308	4208.20512814	4142.05128185	4223.84615378	4254.35897436	
4213.58974352	4213.07692301	4249.74358975	4220.51282045	4191.15384602	4249.87179488	4224.23076917	4136.79487159	4193.84615371	4226.28205122	4194.10256397	4135.51282031	4207.43589737	4238.58974359	
4209.99999993	4204.99999993	4244.61538462	4213.84615378	4184.87179474	4246.41025641	4218.4615384	4137.05128185	4187.69230756	4224.10256404	4192.82051269	4136.41025621	4202.94871788	4233.97435898	
4210.51282045	4198.71794858	4242.94871795	4211.6666666	4182.82051269	4244.10256411	4217.69230763	4142.94871774	4191.66666653	4230.64102558	4197.69230756	4139.48717928	4211.28205122	4238.97435898	
4210.51282045	4201.28205122	4242.30769231	4208.71794865	4180.89743576	4243.84615385	4218.97435891	4143.205128	4193.97435884	4228.07692301	4195.12820499	4140.76923056	4210.64102558	4238.71794872	
4212.17948711	4202.5641025	4238.71794872	4207.5641025	4178.3333332	4240.76923077	4212.69230763	4139.35897415	4190.51282038	4223.84615378	4192.4358973	4138.46153826	4203.84615378	4236.15384616	
4210.64102558	4198.97435884	4237.17948718	4211.15384609	4179.2307691	4237.94871795	4208.20512814	4137.69230749	4184.74358961	4222.94871788	4197.4358973	4135.89743569	4205.7692307	4231.6666666	
4205.7692307	4196.92307679	4237.17948718	4206.53846147	4177.69230756	4235.76923077	4209.23076917	4140.76923056	4181.28205115	4218.33333327	4196.92307679	4137.43589723	4207.43589737	4224.23076917	
4204.61538455	4198.07692294	4236.7948718	4204.74358968	4177.17948704	4236.28205129	4211.28205122	4147.43589723	4186.02564089	4217.82051275	4194.99999986	4144.1025639	4205.7692307	4227.69230763	
4210.64102558	4202.43589737	4240.8974359	4216.15384609	4186.41025628	4242.82051282	4215.64102558	4157.69230749	4195.25641012	4231.15384609	4204.23076917	4154.87179467	4212.82051275	4242.82051282	
4215.25641019	4209.35897429	4243.84615385	4222.94871788	4193.84615371	4245.12820513	4221.02564096	4166.02564082	4199.48717935	4237.6923077	4209.23076917	4162.82051262	4220.51282045	4247.82051282	
4212.69230763	4210.38461532	4241.15384616	4222.69230763	4193.46153833	4241.15384616	4219.35897429	4167.94871774	4195.38461525	4229.23076917	4201.02564096	4165.51282031	4213.71794865	4239.61538462	
4210.89743583	4204.87179481	4238.46153847	4221.28205122	4190.64102551	4238.46153847	4213.4615384	4169.10256397	4191.41025628	4227.05128199	4196.28205115	4167.56410236	4206.15384609	4237.05128206	
4215.38461532	4207.30769224	4243.84615385	4217.5641025	4188.97435884	4244.35897436	4217.30769224	4176.02564089	4195.38461525	4235.38461539	4203.20512814	4176.41025628	4211.28205122	4242.94871795	
4219.74358968	4211.92307686	4253.97435898	4218.84615378	4193.07692294	4254.61538462	4228.97435891	4186.28205115	4203.71794865	4241.28205129	4208.4615384	4186.79487166	4221.41025634	4247.6923077	
4217.5641025	4207.43589737	4255.12820513	4222.30769224	4196.02564089	4255.51282052	4228.97435891	4188.07692294	4201.6666666	4234.74358975	4205.7692307	4186.79487166	4221.28205122	4243.97435898	
4213.58974352	4203.07692301	4248.33333334	4219.23076917	4192.17948704	4248.71794872	4217.43589737	4183.07692294	4191.66666653	4226.41025634	4202.30769224	4180.51282038	4212.43589737	4238.20512821	
4214.74358968	4207.05128199	4250.25641026	4219.23076917	4191.02564089	4250.0	4220.64102558	4189.35897422	4197.4358973	4233.33333327	4204.48717942	4189.10256397	4216.92307686	4243.97435898	
4218.20512814	4208.33333327	4260.0	4224.99999993	4195.38461525	4261.41025641	4237.43589744	4204.61538455	4212.17948711	4246.7948718	4210.64102558	4207.17948711	4226.79487173	4252.6923077	
4216.6666666	4204.87179481	4263.84615385	4225.7692307	4194.87179474	4266.15384616	4243.07692308	4207.17948711	4205.25641019	4240.76923077	4205.89743583	4206.53846147	4217.82051275	4248.07692308	
4212.05128199	4203.97435891	4265.51282052	4221.02564096	4192.17948704	4264.87179488	4239.48717949	4203.58974352	4190.25641012	4225.7692307	4194.2307691	4199.35897422	4201.02564096	4236.66666667	
4213.4615384	4202.94871788	4275.38461546	4219.23076917	4191.66666653	4272.56410264	4249.35897436	4218.97435891	4193.97435884	4229.74358968	4194.35897422	4216.92307686	4202.69230763	4237.05128206	
4215.51282045	4201.79487173	4293.71794879	4220.38461532	4191.41025628	4294.35897443	4275.1282052	4250.12820513	4206.28205122	4242.56410257	4205.7692307	4250.64102564	4214.61538455	4249.35897436	
4215.38461532	4204.74358968	4320.89743604	4219.61538455	4190.89743576	4322.94871809	4300.2564104	4282.05128212	4217.69230763	4251.28205129	4216.28205122	4281.53846161	4226.15384609	4263.58974359	
4218.07692301	4207.82051275	4344.35897457	4217.69230763	4190.51282038	4342.17948739	4317.82051296	4304.48717963	4228.4615384	4260.76923077	4222.94871788	4301.79487194	4238.20512821	4272.94871802	
4223.20512814	4211.92307686	4352.05128226	4221.28205122	4193.97435884	4351.53846175	4331.41025655	4312.43589758	4233.4615384	4268.20512828	4225.64102558	4310.2564104	4241.15384616	4275.64102571	
4223.58974352	4213.84615378	4355.51282073	4226.53846147	4197.82051269	4357.17948739	4337.17948739	4315.89743604	4236.53846154	4269.2307693	4227.17948711	4313.71794886	4238.07692308	4275.1282052	
4218.84615378	4208.4615384	4357.82051303	4222.05128199	4193.97435884	4355.25641047	4331.92307707	4325.12820527	4238.84615385	4269.61538469	4235.12820513	4320.76923091	4243.46153847	4277.69230777	
4216.6666666	4200.89743576	4346.79487201	4213.71794865	4188.3333332	4344.74358996	4323.58974373	4332.17948732	4240.76923077	4273.46153853	4243.58974359	4325.89743604	4249.87179488	4282.82051289	
4216.28205122	4199.99999986	4329.74358989	4209.61538455	4184.48717935	4331.92307707	4310.51282066	4328.58974373	4240.51282052	4272.56410264	4243.33333334	4324.74358989	4248.20512821	4281.79487187	
4214.23076917	4200.64102551	4317.94871809	4208.97435891	4179.10256397	4320.51282066	4293.07692315	4317.17948732	4234.23076923	4267.56410264	4236.7948718	4315.2564104	4241.7948718	4276.15384623	
4211.02564096	4199.48717935	4310.2564104	4208.97435891	4177.56410243	4311.92307707	4286.15384623	4303.58974373	4222.94871788	4260.8974359	4230.12820506	4297.05128212	4235.12820513	4268.97435905	
4212.05128199	4196.5384614	4306.28205142	4208.58974352	4181.15384602	4308.20512835	4287.17948725	4291.79487187	4218.4615384	4254.61538462	4224.87179481	4286.53846161	4230.25641019	4264.10256411	
4214.10256404	4194.74358961	4304.48717963	4209.10256404	4180.12820499	4304.61538476	4278.46153853	4283.33333341	4219.99999993	4252.94871795	4217.43589737	4282.43589751	4227.43589737	4262.56410257	
4211.02564096	4197.05128192	4298.71794879	4208.84615378	4177.17948704	4297.82051289	4268.20512828	4270.64102571	4215.25641019	4250.64102564	4210.38461532	4266.41025641	4220.12820506	4258.84615385	
4209.87179481	4197.4358973	4289.10256418	4207.5641025	4176.79487166	4290.1282052	4265.76923077	4256.41025641	4210.38461532	4245.64102564	4212.05128199	4250.51282052	4215.89743583	4256.02564103	
4210.12820506	4194.35897422	4281.923077	4205.7692307	4175.25641012	4282.94871802	4261.28205129	4248.58974359	4206.28205122	4240.0	4213.4615384	4248.07692308	4214.35897429	4253.20512821	
4206.92307686	4195.76923063	4276.66666674	4205.51282045	4174.99999986	4276.923077	4252.30769231	4236.02564103	4195.25641012	4229.74358968	4199.35897422	4235.25641026	4203.71794865	4241.41025641	
4207.30769224	4198.58974345	4271.923077	4209.35897429	4179.10256397	4273.46153853	4246.7948718	4220.89743583	4185.89743576	4221.15384609	4187.17948704	4215.12820506	4194.61538448	4230.7692307	
4212.94871788	4199.87179474	4273.20512828	4212.82051275	4184.74358961	4274.74358982	4250.12820513	4223.07692301	4192.69230756	4229.87179481	4199.48717935	4219.99999993	4206.6666666	4238.07692308	
4214.35897429	4202.05128199	4276.53846161	4211.28205122	4187.30769217	4276.66666674	4253.20512821	4228.4615384	4204.99999993	4241.66666667	4217.30769224	4229.23076917	4223.20512814	4246.92307693	
4211.02564096	4203.4615384	4272.05128212	4210.38461532	4184.61538448	4273.07692315	4246.41025641	4219.48717942	4201.53846147	4234.23076923	4214.23076917	4218.33333327	4218.33333327	4242.05128206	
4207.94871788	4197.17948704	4261.92307693	4211.41025634	4179.35897422	4265.51282052	4237.6923077	4211.79487173	4190.89743576	4223.07692301	4200.89743576	4208.20512814	4203.84615378	4234.48717949	
4205.64102558	4192.82051269	4254.61538462	4206.02564096	4175.25641012	4256.66666667	4230.51282045	4209.61538455	4188.20512807	4223.4615384	4198.46153833	4206.92307686	4201.79487173	4232.05128199	
4204.61538455	4194.10256397	4249.87179488	4200.51282038	4174.2307691	4249.48717949	4223.97435891	4202.05128199	4186.41025628	4222.05128199	4201.02564096	4198.97435884	4201.28205122	4231.28205122	
4203.97435891	4193.20512807	4244.87179488	4202.5641025	4172.69230756	4246.53846154	4221.6666666	4195.51282038	4180.64102551	4217.43589737	4196.28205115	4191.15384602	4196.15384602	4228.20512814	
4203.20512814	4188.20512807	4241.92307693	4202.82051275	4168.46153833	4244.23076923	4220.25641019	4192.30769217	4178.20512807	4216.02564096	4189.2307691	4187.82051269	4194.10256397	4223.4615384	
4206.02564096	4192.17948704	4247.30769231	4204.48717942	4174.10256397	4248.58974359	4222.69230763	4192.4358973	4186.28205115	4222.30769224	4194.61538448	4185.25641012	4198.58974345	4227.82051275	
4204.74358968	4211.15384609	4262.30769231	4219.23076917	4192.69230756	4265.51282052	4238.58974359	4201.28205122	4203.33333327	4236.41025641	4211.15384609	4195.89743576	4212.30769224	4246.66666667	
4196.92307679	4226.92307686	4277.05128212	4239.23076923	4209.10256404	4279.35897443	4254.48717949	4209.87179481	4216.41025634	4250.38461539	4222.30769224	4209.74358968	4231.6666666	4262.6923077	
4194.87179474	4231.53846147	4285.38461546	4249.87179488	4218.4615384	4284.61538469	4260.51282052	4215.12820506	4222.94871788	4260.38461539	4229.74358968	4212.94871788	4245.76923077	4268.84615392	
4199.35897422	4238.71794872	4291.66666674	4254.23076923	4227.05128199	4291.79487187	4268.46153853	4217.43589737	4228.84615378	4265.25641026	4238.07692308	4212.5641025	4252.05128206	4273.97435905	
4201.15384609	4243.46153847	4295.00000007	4257.30769231	4231.15384609	4296.28205136	4272.94871802	4211.6666666	4231.28205122	4262.30769231	4237.6923077	4211.92307686	4250.38461539	4275.00000007	
4200.12820499	4239.10256411	4291.66666674	4256.7948718	4226.02564096	4292.69230777	4267.30769238	4208.4615384	4228.84615378	4260.76923077	4235.76923077	4210.12820506	4247.30769231	4273.58974366	
4200.12820499	4240.12820513	4290.38461546	4255.8974359	4226.41025634	4290.51282059	4267.82051289	4216.02564096	4233.20512814	4269.61538469	4246.15384616	4214.87179481	4256.02564103	4278.84615392	
4199.74358961	4244.87179488	4291.0256411	4255.38461539	4231.15384609	4289.87179495	4267.43589751	4217.05128199	4240.76923077	4273.20512828	4253.84615385	4215.64102558	4263.58974359	4282.56410264	
4200.25641012	4241.53846154	4286.28205136	4255.12820513	4228.71794865	4287.69230777	4262.6923077	4208.84615378	4236.41025641	4267.82051289	4245.64102564	4205.89743583	4254.87179488	4277.05128212	
4202.05128199	4244.23076923	4286.53846161	4257.94871795	4229.61538455	4289.87179495	4265.38461539	4208.71794865	4232.30769224	4266.79487187	4239.23076923	4203.4615384	4247.05128206	4273.46153853	
4201.79487173	4252.17948718	4290.25641033	4260.12820513	4236.7948718	4291.0256411	4266.923077	4215.12820506	4236.41025641	4269.74358982	4242.43589744	4209.87179481	4250.0	4277.43589751	
4200.12820499	4252.56410257	4285.89743597	4259.74358975	4237.05128206	4286.53846161	4260.12820513	4217.05128199	4239.61538462	4273.07692315	4244.10256411	4211.53846147	4256.66666667	4282.30769238	
4199.74358961	4249.87179488	4278.46153853	4257.82051282	4231.53846147	4278.97435905	4252.30769231	4211.92307686	4237.30769231	4271.923077	4241.7948718	4207.30769224	4256.92307693	4281.0256411	
4200.76923063	4249.61538462	4271.923077	4258.84615385	4230.64102558	4269.61538469	4243.84615385	4204.87179481	4231.92307686	4263.33333334	4239.35897436	4203.97435891	4252.17948718	4272.82051289	
4201.41025634	4252.43589744	4267.82051289	4262.82051282	4235.12820513	4269.35897443	4242.94871795	4205.7692307	4233.07692301	4264.10256411	4240.64102564	4205.7692307	4254.10256411	4276.28205136	
4202.82051275	4254.10256411	4270.76923084	4262.56410257	4238.97435898	4275.00000007	4253.84615385	4214.74358968	4243.07692308	4277.30769238	4245.64102564	4211.41025634	4263.20512821	4289.48717956	
4203.84615378	4252.56410257	4273.20512828	4256.7948718	4235.51282052	4273.46153853	4254.48717949	4216.15384609	4247.56410257	4279.2307693	4250.0	4214.35897429	4265.25641026	4289.87179495	
4203.07692301	4252.6923077	4271.53846161	4258.20512821	4231.28205122	4271.79487187	4245.0	4212.94871788	4241.02564103	4272.17948725	4249.10256411	4210.25641019	4262.56410257	4282.17948725	
4203.71794865	4254.23076923	4271.41025648	4262.17948718	4233.84615385	4275.1282052	4244.48717949	4213.20512814	4239.48717949	4275.51282059	4247.05128206	4209.74358968	4265.12820513	4283.71794879	
4203.71794865	4253.07692308	4272.05128212	4259.23076923	4235.76923077	4274.35897443	4250.12820513	4213.71794865	4245.76923077	4279.87179495	4248.46153847	4209.48717942	4266.15384616	4288.97435905	
4204.61538455	4255.64102564	4277.17948725	4262.6923077	4236.66666667	4275.64102571	4256.28205129	4217.82051275	4253.46153847	4282.43589751	4253.84615385	4209.74358968	4269.74358982	4292.69230777	
4211.15384609	4261.53846154	4284.87179495	4270.76923084	4240.64102564	4283.20512828	4260.0	4219.99999993	4256.15384616	4286.0256411	4256.92307693	4212.43589737	4275.1282052	4295.64102571	
4213.20512814	4259.87179488	4282.17948725	4265.8974359	4240.38461539	4282.69230777	4256.02564103	4211.02564096	4248.58974359	4280.76923084	4250.38461539	4209.10256404	4270.1282052	4292.05128212	
4206.6666666	4255.25641026	4272.05128212	4258.58974359	4236.41025641	4272.05128212	4246.02564103	4201.41025634	4239.35897436	4269.61538469	4243.58974359	4198.46153833	4259.35897436	4284.10256418	
4202.17948711	4254.23076923	4265.8974359	4258.97435898	4233.33333327	4266.66666674	4238.20512821	4195.12820499	4234.48717949	4264.87179488	4239.74358975	4189.99999986	4251.28205129	4276.41025648	
4202.17948711	4253.84615385	4261.92307693	4255.76923077	4227.5641025	4264.74358975	4237.82051282	4181.92307679	4227.30769224	4262.43589744	4230.64102558	4181.15384602	4244.23076923	4270.25641033	
4201.79487173	4248.84615385	4261.41025641	4250.8974359	4224.87179481	4263.33333334	4241.53846154	4170.38461525	4223.07692301	4259.87179488	4223.71794865	4169.48717935	4242.17948718	4271.0256411	
4202.94871788	4247.17948718	4262.56410257	4252.43589744	4225.25641019	4262.30769231	4238.71794872	4168.84615371	4226.92307686	4260.8974359	4228.20512814	4167.56410236	4246.28205129	4273.20512828	
