4206.6666666	4189.48717935	4206.41025634	4190.51282038	4160.89743569	4203.33333327	4175.76923063	4238.33333334	4183.46153833	4215.89743583	4190.51282038	4238.07692308	4186.28205115	4225.38461532	
4209.23076917	4193.07692294	4213.58974352	4190.38461525	4160.12820492	4209.61538455	4183.3333332	4238.33333334	4182.30769217	4214.74358968	4188.3333332	4235.51282052	4189.48717935	4224.10256404	
4208.33333327	4194.87179474	4212.5641025	4187.56410243	4159.48717928	4211.02564096	4184.2307691	4235.51282052	4176.15384602	4209.99999993	4179.74358961	4232.94871788	4180.38461525	4222.5641025	
4206.02564096	4191.92307679	4208.07692301	4187.4358973	4160.51282031	4207.94871788	4180.12820499	4235.38461539	4176.5384614	4209.99999993	4179.2307691	4236.15384616	4177.94871781	4221.41025634	
4206.02564096	4189.2307691	4206.15384609	4188.71794858	4161.15384595	4207.17948711	4179.35897422	4239.61538462	4183.58974345	4214.74358968	4187.17948704	4238.84615385	4189.74358961	4224.10256404	
4205.38461532	4189.61538448	4202.17948711	4189.48717935	4162.3076921	4205.12820506	4179.87179474	4240.0	4185.12820499	4214.99999993	4190.25641012	4234.87179488	4192.56410243	4225.89743583	
4203.33333327	4192.82051269	4196.66666653	4190.51282038	4162.94871774	4198.07692294	4174.2307691	4236.7948718	4180.64102551	4212.30769224	4185.89743576	4232.5641025	4183.3333332	4224.74358968	
4203.71794865	4192.17948704	4191.79487166	4189.87179474	4160.76923056	4192.17948704	4163.58974339	4233.33333327	4175.89743576	4209.48717942	4184.48717935	4233.20512814	4177.69230756	4218.84615378	
4205.7692307	4193.46153833	4188.97435884	4192.4358973	4162.43589723	4189.2307691	4158.84615364	4231.53846147	4174.35897422	4209.10256404	4187.82051269	4231.79487173	4177.4358973	4215.64102558	
4204.48717942	4195.64102551	4186.02564089	4192.94871781	4165.12820492	4184.61538448	4159.61538441	4230.89743583	4178.71794858	4210.38461532	4190.51282038	4227.69230763	4181.41025628	4219.35897429	
4204.61538455	4187.17948704	4183.46153833	4186.79487166	4162.17948697	4182.56410243	4156.79487159	4229.23076917	4182.82051269	4211.41025634	4192.17948704	4225.89743583	4188.46153833	4221.79487173	
4207.69230763	4187.56410243	4186.15384602	4187.4358973	4160.89743569	4188.46153833	4158.58974339	4228.33333327	4185.64102551	4218.33333327	4195.89743576	4226.79487173	4195.25641012	4224.23076917	
4209.74358968	4201.28205122	4194.87179474	4193.07692294	4165.25641005	4196.15384602	4169.48717935	4224.48717942	4186.15384602	4221.02564096	4198.46153833	4222.5641025	4196.92307679	4228.07692301	
4211.15384609	4202.69230763	4202.43589737	4195.25641012	4166.66666646	4199.10256397	4175.25641012	4219.74358968	4185.25641012	4217.5641025	4200.51282038	4218.58974352	4194.74358961	4228.71794865	
4213.4615384	4199.61538448	4202.05128199	4196.02564089	4167.69230749	4198.58974345	4171.79487166	4216.15384609	4186.41025628	4219.35897429	4198.84615371	4215.25641019	4195.25641012	4227.69230763	
4213.20512814	4202.5641025	4196.92307679	4195.51282038	4167.82051262	4196.02564089	4167.82051262	4206.28205122	4184.87179474	4220.25641019	4188.97435884	4205.64102558	4190.51282038	4226.6666666	
4214.10256404	4203.07692301	4198.97435884	4196.79487166	4168.20512807	4199.2307691	4172.56410243	4197.30769217	4182.69230756	4216.15384609	4183.58974345	4195.38461525	4184.61538448	4225.38461532	
4217.43589737	4201.6666666	4203.97435891	4199.10256397	4171.5384614	4204.74358968	4178.84615371	4191.41025628	4179.74358961	4212.17948711	4184.61538448	4191.28205115	4183.20512807	4222.5641025	
4214.48717942	4201.6666666	4198.84615371	4198.3333332	4170.76923063	4199.10256397	4173.97435884	4186.02564089	4174.35897422	4207.69230763	4180.38461525	4187.30769217	4177.05128192	4219.35897429	
4208.4615384	4197.05128192	4193.46153833	4195.51282038	4165.76923056	4192.56410243	4165.12820492	4181.15384602	4173.97435884	4205.12820506	4179.10256397	4179.74358961	4173.58974345	4218.07692301	
4206.92307686	4190.89743576	4191.02564089	4192.94871781	4163.71794851	4191.15384602	4160.76923056	4174.35897422	4175.51282038	4206.92307686	4183.46153833	4172.4358973	4178.07692294	4215.38461532	
4204.99999993	4189.99999986	4185.64102551	4189.61538448	4163.58974339	4186.92307679	4158.33333313	4162.69230749	4169.61538448	4200.51282038	4178.71794858	4163.33333313	4173.46153833	4208.20512814	
4202.94871788	4189.2307691	4181.41025628	4187.94871781	4160.89743569	4181.66666653	4157.3076921	4154.23076903	4159.87179467	4191.5384614	4169.99999986	4153.58974339	4158.97435877	4202.5641025	
4203.4615384	4189.2307691	4182.82051269	4191.28205115	4162.94871774	4184.35897422	4160.12820492	4159.61538441	4163.97435877	4198.58974345	4175.12820499	4156.92307672	4166.92307672	4207.30769224	
4204.74358968	4189.74358961	4185.76923063	4192.56410243	4165.89743569	4188.46153833	4160.51282031	4168.07692287	4175.38461525	4209.61538455	4187.4358973	4166.53846133	4187.30769217	4218.20512814	
4207.94871788	4188.20512807	4190.12820499	4189.2307691	4159.74358954	4190.51282038	4161.41025621	4164.23076903	4175.89743576	4209.87179481	4188.84615371	4163.07692287	4186.15384602	4219.87179481	
4211.15384609	4190.89743576	4199.87179474	4189.48717935	4159.1025639	4198.71794858	4171.92307679	4160.38461518	4171.5384614	4205.51282045	4184.87179474	4158.97435877	4175.25641012	4214.61538455	
4210.25641019	4198.58974345	4204.74358968	4195.12820499	4167.3076921	4203.33333327	4176.92307679	4169.10256397	4172.30769217	4205.51282045	4187.05128192	4167.43589723	4178.20512807	4214.10256404	
4211.02564096	4200.38461525	4200.76923063	4197.82051269	4169.87179474	4197.56410243	4170.76923063	4171.92307679	4174.99999986	4208.07692301	4188.3333332	4170.38461525	4184.2307691	4215.25641019	
4211.92307686	4197.05128192	4196.66666653	4193.84615371	4164.23076903	4195.25641012	4169.2307691	4163.71794851	4171.02564089	4203.84615378	4181.66666653	4162.94871774	4176.66666653	4210.64102558	
4210.25641019	4199.87179474	4199.61538448	4193.46153833	4164.9999998	4200.89743576	4176.66666653	4167.43589723	4166.41025621	4200.38461525	4174.99999986	4164.9999998	4170.64102551	4208.4615384	
4211.15384609	4200.51282038	4203.33333327	4195.64102551	4168.84615371	4201.02564096	4178.84615371	4179.35897422	4169.10256397	4203.84615378	4178.46153833	4175.25641012	4174.87179474	4210.7692307	
4213.71794865	4194.99999986	4201.6666666	4196.41025628	4168.58974345	4196.79487166	4172.17948704	4186.79487166	4176.92307679	4210.12820506	4187.05128192	4185.38461525	4182.94871781	4216.41025634	
4211.92307686	4195.38461525	4199.48717935	4198.58974345	4167.56410236	4198.3333332	4169.35897422	4194.2307691	4179.74358961	4212.43589737	4188.58974345	4194.61538448	4184.74358961	4222.94871788	
4206.28205122	4195.38461525	4195.12820499	4194.2307691	4165.12820492	4196.66666653	4168.07692287	4199.35897422	4169.87179474	4204.48717942	4178.97435884	4195.89743576	4175.64102551	4215.64102558	
4206.02564096	4190.25641012	4193.84615371	4189.99999986	4165.25641005	4192.82051269	4166.66666646	4201.15384609	4164.87179467	4199.87179474	4177.17948704	4199.10256397	4171.5384614	4206.6666666	
4210.64102558	4191.28205115	4196.28205115	4196.15384602	4167.94871774	4194.74358961	4170.12820499	4209.74358968	4171.28205115	4206.15384609	4184.48717935	4211.02564096	4176.79487166	4211.6666666	
4211.02564096	4199.10256397	4197.4358973	4199.99999986	4169.2307691	4199.35897422	4173.84615371	4222.94871788	4174.10256397	4209.74358968	4182.56410243	4219.23076917	4178.84615371	4216.28205122	
4208.33333327	4203.84615378	4199.48717935	4196.79487166	4168.20512807	4200.64102551	4172.30769217	4232.69230763	4174.35897422	4207.05128199	4184.35897422	4227.17948711	4180.64102551	4217.43589737	
4208.4615384	4201.92307686	4198.46153833	4195.12820499	4167.56410236	4196.66666653	4168.46153833	4241.15384616	4177.94871781	4209.74358968	4194.35897422	4240.25641026	4186.28205115	4222.43589737	
4207.69230763	4195.38461525	4193.20512807	4194.74358961	4166.28205108	4192.05128192	4167.3076921	4248.97435898	4175.25641012	4210.64102558	4193.71794858	4249.23076923	4183.20512807	4219.35897429	
4206.41025634	4195.51282038	4194.48717935	4194.35897422	4165.64102544	4196.41025628	4171.79487166	4257.30769231	4172.69230756	4207.82051275	4187.56410243	4255.12820513	4179.10256397	4210.89743583	
4206.92307686	4198.3333332	4201.28205122	4194.87179474	4164.35897415	4201.02564096	4174.74358961	4266.41025641	4176.5384614	4208.97435891	4187.17948704	4264.48717949	4182.4358973	4213.97435891	
4205.7692307	4191.66666653	4196.28205115	4187.4358973	4158.07692287	4194.2307691	4169.2307691	4268.58974366	4169.10256397	4203.97435891	4183.3333332	4267.30769238	4179.2307691	4214.87179481	
4206.41025634	4189.74358961	4191.66666653	4187.17948704	4159.48717928	4193.20512807	4168.07692287	4271.53846161	4159.48717928	4197.30769217	4175.64102551	4269.61538469	4173.84615371	4210.38461532	
4209.35897429	4199.35897422	4198.3333332	4197.69230756	4168.07692287	4201.6666666	4175.25641012	4279.2307693	4165.76923056	4201.6666666	4176.5384614	4277.69230777	4174.10256397	4211.28205122	
4206.79487173	4197.56410243	4198.97435884	4194.10256397	4167.3076921	4200.25641012	4172.56410243	4280.76923084	4167.17948697	4202.94871788	4177.17948704	4277.69230777	4172.82051269	4211.15384609	
4200.76923063	4185.12820499	4189.74358961	4184.2307691	4157.05128185	4189.99999986	4159.9999998	4277.17948725	4158.71794851	4197.82051269	4174.35897422	4274.48717956	4171.02564089	4208.07692301	
4202.69230763	4190.12820499	4187.56410243	4187.05128192	4157.3076921	4189.35897422	4158.97435877	4279.61538469	4164.1025639	4202.69230763	4174.2307691	4277.05128212	4174.87179474	4209.87179481	
4208.4615384	4201.6666666	4199.10256397	4195.12820499	4168.07692287	4198.84615371	4171.15384602	4284.87179495	4176.02564089	4212.17948711	4181.66666653	4280.89743597	4182.30769217	4216.02564096	
4208.97435891	4197.69230756	4204.99999993	4197.4358973	4169.48717935	4204.10256404	4178.84615371	4284.10256418	4175.25641012	4209.48717942	4189.10256397	4282.17948725	4185.64102551	4218.71794865	
4207.30769224	4194.35897422	4198.58974345	4198.07692294	4165.89743569	4200.76923063	4174.48717935	4281.0256411	4173.84615371	4207.43589737	4187.69230756	4281.0256411	4187.94871781	4219.61538455	
4205.12820506	4194.35897422	4194.10256397	4193.46153833	4165.51282031	4195.38461525	4164.61538441	4276.41025648	4175.38461525	4210.7692307	4183.58974345	4276.41025648	4186.28205115	4217.17948711	
4204.23076917	4189.74358961	4193.58974345	4187.4358973	4162.56410236	4192.82051269	4160.25641005	4267.82051289	4167.3076921	4201.92307686	4179.74358961	4267.56410264	4175.64102551	4209.87179481	
4206.6666666	4191.41025628	4192.30769217	4191.15384602	4160.51282031	4193.97435884	4165.89743569	4262.43589744	4161.41025621	4195.38461525	4180.51282038	4261.41025641	4172.05128192	4207.82051275	
4209.99999993	4198.58974345	4196.41025628	4196.15384602	4166.28205108	4200.38461525	4176.15384602	4261.92307693	4167.69230749	4204.87179481	4186.28205115	4259.35897436	4182.05128192	4213.97435891	
4211.53846147	4198.71794858	4208.20512814	4197.82051269	4169.61538448	4207.17948711	4182.30769217	4262.94871795	4173.84615371	4211.02564096	4192.56410243	4259.87179488	4191.5384614	4220.12820506	
4209.61538455	4196.41025628	4212.94871788	4197.69230756	4166.53846133	4208.71794865	4181.92307679	4260.51282052	4175.51282038	4209.35897429	4192.56410243	4258.07692308	4191.41025628	4220.12820506	
4208.20512814	4197.05128192	4208.84615378	4193.71794858	4164.87179467	4208.84615378	4180.38461525	4254.74358975	4178.71794858	4212.17948711	4188.46153833	4252.6923077	4188.84615371	4221.92307686	
4209.87179481	4197.69230756	4208.84615378	4191.41025628	4165.25641005	4209.87179481	4180.25641012	4248.20512821	4181.79487166	4215.51282045	4190.64102551	4247.43589744	4189.48717935	4226.15384609	
4213.07692301	4199.48717935	4210.51282045	4195.64102551	4167.17948697	4211.92307686	4181.02564089	4240.8974359	4177.82051269	4210.12820506	4191.28205115	4238.46153847	4188.46153833	4222.82051275	
4207.5641025	4195.64102551	4201.15384609	4194.87179474	4166.53846133	4206.6666666	4176.92307679	4228.07692301	4169.99999986	4203.4615384	4183.84615371	4223.71794865	4178.20512807	4214.10256404	
4199.48717935	4189.35897422	4192.05128192	4186.5384614	4159.74358954	4196.41025628	4168.71794858	4215.12820506	4162.94871774	4198.58974345	4173.3333332	4211.41025634	4164.61538441	4207.05128199	
4202.82051275	4191.66666653	4194.48717935	4187.82051269	4158.205128	4193.20512807	4164.61538441	4213.84615378	4161.53846133	4196.41025628	4175.64102551	4212.30769224	4167.56410236	4207.94871788	
4205.64102558	4196.41025628	4195.76923063	4195.76923063	4163.84615364	4196.41025628	4168.71794858	4215.51282045	4163.84615364	4200.25641012	4184.74358961	4212.82051275	4177.94871781	4210.38461532	
4202.43589737	4193.84615371	4195.38461525	4193.84615371	4162.94871774	4198.71794858	4172.82051269	4209.99999993	4164.9999998	4203.84615378	4185.76923063	4204.99999993	4177.30769217	4207.82051275	
4204.10256404	4190.38461525	4199.74358961	4187.94871781	4160.12820492	4201.02564096	4173.84615371	4207.82051275	4169.35897422	4205.7692307	4186.5384614	4205.38461532	4177.69230756	4213.20512814	
4208.97435891	4195.64102551	4205.51282045	4192.56410243	4164.35897415	4206.53846147	4180.51282038	4212.30769224	4175.12820499	4207.17948711	4191.02564089	4211.79487173	4184.87179474	4219.87179481	
4206.02564096	4196.79487166	4209.35897429	4195.76923063	4164.48717928	4210.25641019	4185.25641012	4212.94871788	4172.05128192	4205.89743583	4192.56410243	4211.15384609	4184.99999986	4213.97435891	
4200.89743576	4188.46153833	4212.5641025	4188.20512807	4159.1025639	4212.69230763	4184.74358961	4213.4615384	4168.84615371	4204.87179481	4191.15384602	4212.82051275	4178.58974345	4211.92307686	
4204.61538455	4186.92307679	4222.43589737	4187.82051269	4161.53846133	4223.20512814	4195.51282038	4221.92307686	4174.87179474	4208.33333327	4190.25641012	4222.5641025	4177.82051269	4221.15384609	
4209.35897429	4192.82051269	4241.15384616	4192.69230756	4163.33333313	4238.46153847	4214.23076917	4234.23076923	4178.71794858	4213.20512814	4190.12820499	4233.71794865	4184.2307691	4224.61538455	
4209.10256404	4194.74358961	4259.10256411	4191.28205115	4160.64102544	4254.61538462	4229.87179481	4251.28205129	4181.5384614	4217.43589737	4195.89743576	4249.35897436	4192.30769217	4223.4615384	
4209.35897429	4200.51282038	4275.25641033	4197.94871781	4168.97435884	4274.87179495	4250.76923077	4271.28205136	4191.66666653	4223.97435891	4201.28205122	4268.46153853	4195.38461525	4232.82051275	
4211.15384609	4204.10256404	4293.33333341	4204.74358968	4175.89743576	4294.48717956	4272.94871802	4284.61538469	4197.82051269	4230.38461532	4196.92307679	4278.58974366	4194.48717935	4241.66666667	
4210.51282045	4200.12820499	4304.23076937	4200.76923063	4172.4358973	4305.89743604	4284.87179495	4289.35897443	4197.82051269	4233.71794865	4194.2307691	4283.58974366	4193.71794858	4241.53846154	
4214.87179481	4202.69230763	4309.10256425	4199.99999986	4172.56410243	4314.48717963	4291.53846161	4290.51282059	4198.20512807	4235.0	4198.84615371	4287.17948725	4193.58974345	4241.02564103	
4216.92307686	4204.87179481	4315.51282066	4202.43589737	4173.07692294	4320.64102578	4295.38461546	4288.84615392	4198.58974345	4235.0	4202.82051275	4285.76923084	4196.66666653	4241.15384616	
4212.05128199	4201.02564096	4315.38461553	4197.4358973	4169.10256397	4314.48717963	4291.53846161	4283.97435905	4200.38461525	4237.17948718	4202.5641025	4282.43589751	4202.5641025	4241.41025641	
4214.23076917	4201.41025634	4308.58974373	4195.76923063	4170.64102551	4305.51282066	4284.87179495	4284.61538469	4204.48717942	4239.10256411	4204.35897429	4281.53846161	4204.23076917	4245.8974359	
4220.38461532	4204.35897429	4306.1538463	4200.64102551	4173.84615371	4306.41025655	4284.74358982	4287.17948725	4204.61538455	4237.94871795	4212.17948711	4281.28205136	4205.12820506	4248.33333334	
4219.10256404	4203.71794865	4305.38461553	4198.07692294	4166.92307672	4307.43589758	4282.82051289	4284.74358982	4204.35897429	4237.56410257	4216.41025634	4280.51282059	4208.4615384	4245.38461539	
4216.41025634	4200.64102551	4297.69230777	4192.82051269	4162.3076921	4298.71794879	4273.84615392	4284.74358982	4208.84615378	4241.41025641	4216.28205122	4282.56410264	4213.07692301	4249.35897436	
4216.6666666	4199.61538448	4285.38461546	4193.20512807	4163.33333313	4284.48717956	4260.38461539	4288.46153853	4209.87179481	4242.05128206	4216.28205122	4285.64102571	4214.99999993	4255.25641026	
4215.64102558	4200.51282038	4270.89743597	4190.64102551	4160.25641005	4270.51282059	4245.25641026	4283.97435905	4201.53846147	4232.69230763	4207.94871788	4280.76923084	4204.74358968	4245.76923077	
4212.69230763	4197.4358973	4257.17948718	4184.61538448	4157.43589723	4258.97435898	4233.07692301	4276.53846161	4189.10256397	4220.51282045	4192.94871781	4274.87179495	4187.69230756	4230.64102558	
4207.05128199	4189.74358961	4247.94871795	4182.4358973	4155.51282031	4248.97435898	4224.35897429	4280.76923084	4183.71794858	4216.79487173	4189.35897422	4280.1282052	4182.05128192	4225.38461532	
4205.25641019	4189.35897422	4236.7948718	4182.30769217	4152.17948697	4240.12820513	4213.33333327	4282.17948725	4182.82051269	4214.99999993	4194.2307691	4282.56410264	4184.87179474	4225.25641019	
4208.33333327	4193.97435884	4226.79487173	4182.69230756	4153.84615364	4232.5641025	4203.84615378	4277.30769238	4177.82051269	4208.97435891	4192.17948704	4276.0256411	4184.10256397	4222.82051275	
4209.10256404	4196.5384614	4227.94871788	4188.97435884	4161.79487159	4228.07692301	4203.71794865	4279.74358982	4177.17948704	4211.41025634	4193.58974345	4275.76923084	4188.20512807	4223.33333327	
4209.35897429	4197.94871781	4232.43589737	4193.84615371	4165.12820492	4226.53846147	4203.20512814	4279.10256418	4179.87179474	4218.58974352	4199.61538448	4276.41025648	4193.20512807	4226.02564096	
4207.94871788	4193.97435884	4222.30769224	4189.48717935	4159.35897415	4221.28205122	4191.92307679	4265.0	4172.17948704	4210.51282045	4188.97435884	4258.84615385	4178.46153833	4218.07692301	
4201.92307686	4189.87179474	4202.82051275	4182.56410243	4153.205128	4206.79487173	4176.66666653	4243.20512821	4155.89743569	4191.5384614	4170.76923063	4234.23076923	4158.46153826	4201.6666666	
4198.07692294	4192.56410243	4197.82051269	4182.94871781	4154.35897415	4198.71794858	4172.56410243	4231.41025634	4150.89743569	4187.56410243	4172.30769217	4228.97435891	4161.53846133	4196.79487166	
4204.48717942	4195.76923063	4208.07692301	4189.48717935	4160.89743569	4206.02564096	4178.84615371	4233.58974352	4166.02564082	4202.94871788	4190.38461525	4233.84615385	4182.30769217	4210.38461532	
4209.48717942	4196.66666653	4210.25641019	4192.94871781	4165.51282031	4209.87179481	4180.12820499	4235.51282052	4181.66666653	4214.61538455	4202.82051275	4233.58974352	4195.64102551	4224.87179481	
4206.02564096	4193.97435884	4202.17948711	4190.12820499	4162.43589723	4203.07692301	4175.12820499	4230.89743583	4181.5384614	4212.30769224	4206.92307686	4229.10256404	4195.64102551	4227.05128199	
4204.23076917	4190.76923063	4202.82051275	4186.28205115	4158.71794851	4201.15384609	4173.58974345	4228.84615378	4177.82051269	4211.79487173	4207.05128199	4222.69230763	4194.2307691	4223.58974352	
4205.51282045	4194.61538448	4205.38461532	4185.51282038	4159.9999998	4202.43589737	4174.10256397	4225.12820506	4178.58974345	4216.15384609	4202.5641025	4216.79487173	4195.25641012	4222.5641025	
4206.02564096	4200.51282038	4197.56410243	4188.3333332	4162.56410236	4196.92307679	4169.74358961	4219.74358968	4179.87179474	4213.71794865	4202.17948711	4217.82051275	4195.89743576	4223.71794865	
4208.97435891	4198.84615371	4193.58974345	4195.12820499	4164.9999998	4194.35897422	4169.48717935	4221.92307686	4181.79487166	4212.5641025	4207.05128199	4222.05128199	4194.87179474	4225.51282045	
4211.53846147	4196.5384614	4198.46153833	4197.17948704	4166.02564082	4199.61538448	4172.94871781	4225.38461532	4181.66666653	4214.61538455	4203.71794865	4219.99999993	4193.3333332	4225.12820506	
4208.97435891	4198.20512807	4199.35897422	4193.97435884	4166.28205108	4201.41025634	4172.4358973	4224.48717942	4176.66666653	4212.05128199	4196.15384602	4220.64102558	4192.82051269	4221.92307686	
4207.5641025	4198.84615371	4197.17948704	4194.2307691	4166.66666646	4196.66666653	4170.12820499	4226.53846147	4176.41025628	4209.99999993	4195.76923063	4227.43589737	4188.97435884	4219.74358968	
4209.48717942	4197.05128192	4195.51282038	4194.74358961	4165.76923056	4192.4358973	4167.17948697	4231.53846147	4175.12820499	4206.92307686	4193.84615371	4231.02564096	4183.07692294	4216.6666666	
4208.4615384	4195.51282038	4190.64102551	4191.79487166	4164.1025639	4190.76923063	4160.64102544	4231.28205122	4163.46153826	4197.4358973	4186.79487166	4229.23076917	4175.12820499	4209.23076917	
4207.05128199	4193.97435884	4185.51282038	4190.12820499	4162.56410236	4189.10256397	4155.64102544	4231.41025634	4155.64102544	4190.12820499	4186.92307679	4232.30769224	4168.97435884	4204.23076917	
4206.41025634	4191.41025628	4183.84615371	4189.2307691	4160.64102544	4184.61538448	4154.9999998	4239.74358975	4159.23076903	4192.30769217	4191.28205115	4242.56410257	4169.99999986	4205.38461532	
4204.48717942	4190.51282038	4182.05128192	4188.84615371	4156.41025621	4179.10256397	4151.79487159	4245.51282052	4159.74358954	4194.61538448	4193.3333332	4246.15384616	4176.92307679	4206.02564096	
4208.07692301	4193.58974345	4182.94871781	4192.4358973	4159.87179467	4180.76923063	4154.23076903	4250.51282052	4161.66666646	4199.35897422	4202.94871788	4249.48717949	4188.46153833	4208.97435891	
4214.23076917	4198.3333332	4185.51282038	4189.48717935	4164.74358954	4186.02564089	4158.71794851	4259.23076923	4171.66666653	4207.30769224	4211.92307686	4256.41025641	4196.02564089	4214.99999993	
4208.4615384	4197.94871781	4181.92307679	4182.94871781	4159.23076903	4183.07692294	4153.46153826	4259.87179488	4172.94871781	4206.53846147	4205.25641019	4255.51282052	4192.94871781	4213.20512814	
4202.30769224	4191.92307679	4174.2307691	4186.79487166	4154.9999998	4177.05128192	4146.41025621	4250.64102564	4166.02564082	4202.30769224	4197.82051269	4248.07692308	4189.35897422	4208.58974352	
4206.15384609	4191.79487166	4172.05128192	4190.89743576	4160.12820492	4174.87179474	4146.28205108	4249.10256411	4168.84615371	4205.12820506	4204.35897429	4247.17948718	4194.87179474	4212.82051275	
4207.30769224	4195.76923063	4172.17948704	4188.20512807	4163.205128	4171.79487166	4144.61538441	4254.10256411	4174.61538448	4210.25641019	4208.84615378	4252.30769231	4196.02564089	4217.30769224	
4206.6666666	4196.02564089	4168.58974345	4186.15384602	4160.89743569	4167.56410236	4138.46153826	4247.94871795	4172.82051269	4206.6666666	4201.6666666	4249.48717949	4193.07692294	4216.02564096	
4209.48717942	4191.92307679	4164.9999998	4187.56410243	4160.89743569	4165.64102544	4138.205128	4237.30769231	4169.74358961	4200.89743576	4198.46153833	4239.23076923	4195.38461525	4214.61538455	
4208.84615378	4191.41025628	4164.87179467	4186.66666653	4160.64102544	4163.205128	4137.82051262	4232.82051275	4168.20512807	4202.5641025	4199.2307691	4231.02564096	4188.71794858	4213.07692301	
4207.30769224	4192.17948704	4161.53846133	4185.64102551	4157.17948697	4159.9999998	4132.05128178	4229.99999993	4165.51282031	4202.94871788	4196.66666653	4227.69230763	4181.66666653	4210.51282045	
4210.12820506	4191.66666653	4154.61538441	4185.25641012	4157.05128185	4157.3076921	4124.74358947	4221.41025634	4163.46153826	4196.92307679	4196.41025628	4218.71794865	4184.99999986	4207.69230763	
4208.58974352	4187.56410243	4153.07692287	4181.92307679	4155.64102544	4154.9999998	4122.05128178	4208.20512814	4162.56410236	4193.46153833	4197.4358973	4203.97435891	4183.3333332	4206.02564096	
4208.71794865	4184.2307691	4159.23076903	4183.46153833	4153.84615364	4156.66666646	4126.66666639	4201.15384609	4163.205128	4194.74358961	4193.3333332	4197.82051269	4182.17948704	4206.92307686	
4216.6666666	4188.20512807	4161.79487159	4186.28205115	4154.9999998	4159.23076903	4130.89743562	4195.64102551	4163.97435877	4197.05128192	4187.94871781	4192.82051269	4186.02564089	4207.43589737	
4215.89743583	4187.94871781	4158.84615364	4183.3333332	4154.87179467	4158.33333313	4128.33333306	4191.15384602	4164.23076903	4200.38461525	4189.2307691	4184.99999986	4185.64102551	4207.30769224	
4216.6666666	4183.58974345	4161.66666646	4179.10256397	4149.87179467	4162.94871774	4129.74358947	4192.30769217	4168.84615371	4205.12820506	4193.71794858	4184.99999986	4184.74358961	4212.43589737	
4232.5641025	4186.02564089	4172.69230756	4176.79487166	4145.38461518	4173.58974345	4144.1025639	4194.99999986	4179.87179474	4211.41025634	4194.35897422	4192.82051269	4191.41025628	4223.20512814	
4248.46153847	4184.2307691	4184.61538448	4170.12820499	4143.07692287	4183.46153833	4155.51282031	4202.94871788	4187.94871781	4221.92307686	4196.02564089	4201.6666666	4199.2307691	4233.07692301	
4255.12820513	4175.51282038	4196.66666653	4164.9999998	4140.38461518	4194.48717935	4165.64102544	4215.64102558	4195.64102551	4232.43589737	4202.30769224	4213.71794865	4204.48717942	4241.7948718	
4253.84615385	4175.25641012	4218.58974352	4174.10256397	4141.79487159	4216.53846147	4191.5384614	4228.71794865	4207.05128199	4239.87179488	4210.89743583	4229.87179481	4211.41025634	4248.58974359	
4243.84615385	4183.46153833	4240.64102564	4181.02564089	4149.87179467	4240.64102564	4216.41025634	4235.0	4207.69230763	4238.07692308	4212.05128199	4232.43589737	4208.58974352	4245.76923077	
4231.53846147	4188.20512807	4250.76923077	4181.41025628	4156.79487159	4254.10256411	4225.89743583	4233.07692301	4195.12820499	4227.43589737	4203.71794865	4226.28205122	4195.76923063	4240.0	
4227.82051275	4191.15384602	4260.64102564	4189.99999986	4159.9999998	4262.43589744	4235.0	4231.28205122	4192.17948704	4225.25641019	4205.12820506	4226.79487173	4194.99999986	4240.8974359	
4226.28205122	4190.12820499	4264.87179488	4191.79487166	4159.48717928	4264.10256411	4240.51282052	4231.92307686	4198.58974345	4231.79487173	4218.58974352	4227.69230763	4206.15384609	4239.61538462	
4222.43589737	4189.87179474	4261.66666667	4184.87179474	4158.97435877	4263.46153847	4238.58974359	4226.02564096	4193.20512807	4227.5641025	4219.35897429	4219.99999993	4202.30769224	4233.07692301	
4224.61538455	4195.89743576	4263.33333334	4189.2307691	4160.89743569	4266.53846154	4240.8974359	4212.69230763	4187.17948704	4219.48717942	4208.71794865	4211.02564096	4191.79487166	4231.79487173	
4226.79487173	4194.35897422	4263.33333334	4190.89743576	4160.12820492	4263.07692308	4238.97435898	4205.38461532	4190.38461525	4221.79487173	4208.20512814	4205.51282045	4198.84615371	4232.43589737	
4221.53846147	4184.87179474	4258.20512821	4179.87179474	4154.74358954	4256.7948718	4232.30769224	4199.61538448	4188.71794858	4222.30769224	4212.30769224	4196.15384602	4202.05128199	4226.28205122	
4219.87179481	4184.10256397	4255.38461539	4179.10256397	4150.89743569	4255.51282052	4229.74358968	4187.17948704	4183.46153833	4217.82051275	4206.79487173	4184.48717935	4196.02564089	4224.87179481	
4219.48717942	4188.71794858	4247.56410257	4186.02564089	4151.92307672	4247.56410257	4223.07692301	4173.58974345	4180.64102551	4217.30769224	4201.53846147	4172.94871781	4196.15384602	4228.20512814	
4216.53846147	4183.84615371	4227.43589737	4179.35897422	4149.61538441	4228.71794865	4203.58974352	4159.9999998	4174.48717935	4213.84615378	4198.84615371	4157.69230749	4192.30769217	4222.82051275	
4215.51282045	4175.76923063	4214.99999993	4171.28205115	4143.58974339	4218.07692301	4188.71794858	4142.82051262	4165.76923056	4202.43589737	4194.61538448	4139.74358954	4182.94871781	4213.33333327	
4211.92307686	4180.51282038	4216.41025634	4178.20512807	4147.69230749	4216.41025634	4189.35897422	4126.41025614	4161.66666646	4192.94871781	4191.5384614	4123.58974332	4177.4358973	4207.94871788	
4206.28205122	4183.46153833	4205.89743583	4182.30769217	4151.92307672	4204.35897429	4179.99999986	4113.71794844	4161.28205108	4193.84615371	4189.2307691	4111.28205101	4177.17948704	4207.30769224	
4200.76923063	4174.87179474	4185.51282038	4173.07692294	4143.84615364	4186.28205115	4158.84615364	4102.43589709	4157.43589723	4194.74358961	4191.66666653	4099.99999966	4179.48717935	4204.61538455	
4195.12820499	4173.3333332	4176.79487166	4169.74358961	4140.89743569	4177.94871781	4150.12820492	4091.28205094	4146.15384595	4185.12820499	4190.89743576	4088.33333299	4172.30769217	4193.71794858	
4194.2307691	4175.51282038	4174.10256397	4175.76923063	4147.43589723	4174.2307691	4147.3076921	4078.46153812	4135.51282031	4173.07692294	4182.82051269	4073.46153812	4162.05128185	4182.4358973	
4191.79487166	4171.41025628	4164.87179467	4171.5384614	4143.97435877	4164.61538441	4134.23076896	4063.7179483	4131.53846126	4167.69230749	4177.4358973	4059.74358933	4159.74358954	4177.56410243	
4186.66666653	4173.20512807	4159.48717928	4163.46153826	4136.28205108	4157.82051262	4126.79487152	4051.92307651	4124.8717946	4162.43589723	4171.15384602	4051.92307651	4150.76923056	4173.07692294	
4186.5384614	4180.51282038	4164.48717928	4170.38461525	4141.41025621	4164.1025639	4137.05128185	4050.12820472	4121.41025614	4158.205128	4166.41025621	4048.7179483	4143.58974339	4169.74358961	
4189.74358961	4180.51282038	4166.92307672	4178.84615371	4148.07692287	4170.25641012	4141.41025621	4052.30769189	4127.69230742	4163.07692287	4171.79487166	4046.92307651	4154.23076903	4175.76923063	
4192.94871781	4183.46153833	4165.76923056	4177.17948704	4147.05128185	4168.97435884	4137.82051262	4051.92307651	4141.66666646	4177.05128192	4183.3333332	4050.12820472	4167.17948697	4187.82051269	
4197.82051269	4189.10256397	4168.84615371	4178.46153833	4148.71794851	4169.48717935	4142.69230749	4055.76923036	4152.05128185	4189.35897422	4189.2307691	4055.5128201	4172.69230756	4195.25641012	
4200.38461525	4186.15384602	4168.97435884	4180.51282038	4151.02564082	4169.61538448	4145.38461518	4059.74358933	4149.74358954	4189.48717935	4186.92307679	4055.25640984	4173.97435884	4194.2307691	
4199.74358961	4184.74358961	4162.43589723	4177.4358973	4148.205128	4164.23076903	4135.89743569	4056.66666625	4149.48717928	4188.07692294	4185.12820499	4052.30769189	4173.07692294	4196.66666653	
4197.4358973	4184.87179474	4159.61538441	4174.99999986	4145.38461518	4158.71794851	4127.69230742	4051.66666625	4157.3076921	4192.30769217	4188.3333332	4050.5128201	4176.5384614	4202.17948711	
4195.89743576	4178.71794858	4160.12820492	4174.99999986	4146.28205108	4156.28205108	4128.46153819	4052.30769189	4163.07692287	4194.87179474	4193.97435884	4052.30769189	4184.48717935	4203.07692301	
4194.61538448	4176.28205115	4158.205128	4176.5384614	4149.61538441	4157.3076921	4129.23076896	4051.92307651	4159.35897415	4191.02564089	4195.38461525	4050.5128201	4181.15384602	4200.89743576	
4190.51282038	4179.99999986	4154.48717928	4175.12820499	4147.3076921	4155.12820492	4125.38461511	4044.99999959	4145.51282031	4180.89743576	4188.07692294	4042.05128164	4168.20512807	4194.35897422	
4186.66666653	4180.12820499	4150.64102544	4173.84615371	4142.94871774	4149.87179467	4119.23076896	4039.74358933	4136.79487159	4174.35897422	4176.41025628	4037.17948677	4160.38461518	4184.48717935	
4184.35897422	4178.3333332	4147.94871774	4176.41025628	4144.48717928	4149.35897415	4118.33333306	4037.30769189	4137.05128185	4174.35897422	4173.84615371	4035.12820465	4159.23076903	4181.79487166	
4186.5384614	4182.4358973	4153.07692287	4179.48717935	4148.07692287	4154.35897415	4126.92307665	4038.97435856	4140.25641005	4177.82051269	4184.35897422	4035.51282003	4165.51282031	4190.38461525	
4191.66666653	4188.71794858	4162.82051262	4184.99999986	4154.74358954	4161.28205108	4135.64102544	4042.82051241	4143.84615364	4181.5384614	4191.15384602	4040.89743548	4175.89743576	4195.64102551	
4192.94871781	4192.17948704	4165.12820492	4189.99999986	4162.56410236	4166.66666646	4135.64102544	4042.56410215	4144.61538441	4182.4358973	4191.02564089	4043.84615343	4179.35897422	4191.41025628	
4191.15384602	4192.56410243	4159.74358954	4192.69230756	4163.58974339	4164.87179467	4131.79487152	4037.94871754	4140.64102544	4178.58974345	4193.20512807	4038.20512779	4174.61538448	4188.58974345	
4188.84615371	4188.58974345	4155.64102544	4191.66666653	4161.28205108	4157.56410236	4128.84615357	4035.51282003	4138.205128	4175.51282038	4192.4358973	4034.99999952	4171.15384602	4187.82051269	
4189.10256397	4185.76923063	4158.46153826	4186.15384602	4161.53846133	4156.79487159	4127.43589716	4037.43589702	4141.53846133	4177.30769217	4187.82051269	4035.89743541	4172.94871781	4187.30769217	
4188.20512807	4187.05128192	4163.84615364	4183.07692294	4158.84615364	4162.56410236	4132.30769203	4037.43589702	4143.33333313	4179.48717935	4191.5384614	4034.87179439	4177.56410243	4188.97435884	
4187.82051269	4187.30769217	4163.58974339	4184.87179474	4152.82051262	4163.84615364	4136.41025621	4036.02564054	4143.205128	4181.15384602	4194.35897422	4034.99999952	4175.89743576	4191.28205115	
4189.61538448	4186.41025628	4159.87179467	4184.87179474	4153.07692287	4162.3076921	4134.8717946	4031.79487131	4143.46153826	4180.38461525	4182.17948704	4029.99999952	4167.3076921	4192.56410243	
4187.17948704	4185.64102551	4163.97435877	4184.35897422	4158.84615364	4165.89743569	4137.82051262	4027.69230721	4143.205128	4176.66666653	4175.12820499	4023.84615336	4166.53846133	4190.12820499	
4186.79487166	4184.99999986	4174.2307691	4186.79487166	4160.89743569	4174.48717935	4144.74358954	4030.3846149	4142.82051262	4176.41025628	4181.28205115	4027.43589695	4170.12820499	4186.66666653	
4190.38461525	4185.76923063	4175.76923063	4185.51282038	4156.28205108	4176.15384602	4145.51282031	4033.20512772	4141.79487159	4179.10256397	4182.94871781	4031.41025593	4167.94871774	4185.38461525	
4188.07692294	4185.51282038	4169.10256397	4180.38461525	4150.64102544	4169.10256397	4140.76923056	4031.15384567	4138.07692287	4174.2307691	4181.28205115	4028.46153798	4163.33333313	4182.4358973	
4184.48717935	4179.48717935	4158.84615364	4177.94871781	4148.58974339	4159.61538441	4132.82051255	4022.30769183	4125.89743562	4161.28205108	4175.51282038	4019.35897388	4155.12820492	4171.66666653	
4183.97435884	4175.64102551	4151.28205108	4177.69230756	4147.56410236	4153.84615364	4125.25640998	4014.99999952	4112.56410229	4153.97435877	4162.94871774	4011.92307644	4145.25641005	4161.02564082	
4183.46153833	4176.66666653	4153.46153826	4178.58974345	4148.46153826	4156.66666646	4127.43589716	4018.33333285	4111.41025614	4153.46153826	4164.9999998	4016.2820508	4145.12820492	4160.64102544	
4181.41025628	4175.38461525	4157.05128185	4176.92307679	4151.53846133	4157.17948697	4128.84615357	4022.94871747	4113.84615357	4149.23076903	4173.20512807	4022.30769183	4148.205128	4161.66666646	
4177.82051269	4174.48717935	4152.56410236	4175.12820499	4150.12820492	4147.43589723	4119.35897408	4018.58974311	4107.94871767	4143.07692287	4168.20512807	4017.69230721	4142.17948697	4157.05128185	
4174.87179474	4174.10256397	4147.05128185	4177.56410243	4147.43589723	4143.58974339	4116.66666639	4019.35897388	4107.17948691	4147.05128185	4165.76923056	4016.92307644	4140.64102544	4155.76923056	
4176.41025628	4172.17948704	4153.205128	4181.15384602	4151.66666646	4155.89743569	4128.33333306	4034.99999952	4120.25640998	4158.07692287	4175.89743576	4031.79487131	4153.97435877	4167.43589723	
4180.25641012	4176.41025628	4168.20512807	4186.15384602	4158.46153826	4171.66666653	4140.12820492	4051.53846113	4132.17948691	4163.97435877	4182.4358973	4049.23076882	4167.43589723	4181.02564089	
4178.46153833	4185.89743576	4179.74358961	4190.12820499	4160.12820492	4178.20512807	4146.28205108	4064.48717907	4135.89743569	4172.05128192	4186.02564089	4061.66666625	4171.92307679	4182.94871781	
4175.89743576	4187.4358973	4179.48717935	4189.99999986	4160.51282031	4178.07692294	4150.38461518	4073.46153812	4136.53846133	4177.94871781	4192.82051269	4069.6153842	4171.02564089	4180.12820499	
4175.12820499	4180.89743576	4175.64102551	4188.3333332	4162.69230749	4177.30769217	4147.94871774	4072.69230735	4132.43589716	4170.12820499	4190.12820499	4068.7179483	4167.05128185	4177.69230756	
4173.46153833	4179.48717935	4178.46153833	4187.4358973	4160.64102544	4176.79487166	4144.87179467	4075.25640991	4127.82051255	4163.58974339	4185.76923063	4069.6153842	4165.51282031	4175.89743576	
4171.66666653	4182.30769217	4180.64102551	4189.35897422	4158.71794851	4177.05128192	4149.9999998	4088.71794837	4128.9743587	4167.94871774	4189.2307691	4083.58974325	4171.28205115	4177.17948704	
4168.84615371	4183.3333332	4179.48717935	4191.41025628	4161.15384595	4179.61538448	4155.89743569	4095.6410253	4130.25640998	4168.46153833	4193.3333332	4096.28205094	4172.69230756	4178.71794858	
4161.28205108	4183.84615371	4179.2307691	4191.15384602	4164.9999998	4181.79487166	4151.53846133	4094.7435894	4124.61538434	4158.33333313	4190.12820499	4094.48717914	4164.48717928	4172.69230756	
4152.82051262	4180.76923063	4178.97435884	4191.5384614	4164.61538441	4179.10256397	4144.23076903	4100.6410253	4113.84615357	4149.9999998	4185.12820499	4094.23076889	4158.97435877	4161.02564082	
4149.74358954	4177.05128192	4177.82051269	4192.56410243	4162.69230749	4178.3333332	4146.28205108	4112.17948691	4107.56410229	4148.84615364	4189.61538448	4109.99999973	4160.12820492	4156.41025621	
4153.33333313	4180.76923063	4177.30769217	4189.87179474	4161.15384595	4179.10256397	4149.35897415	4121.28205101	4111.28205101	4151.15384595	4196.66666653	4123.20512793	4163.58974339	4161.02564082	
4171.79487166	4182.69230756	4168.71794858	4182.05128192	4154.9999998	4166.66666646	4137.94871774	4124.61538434	4121.15384588	4156.53846133	4194.2307691	4122.82051255	4166.79487159	4168.58974345	
4201.28205122	4172.17948704	4149.23076903	4174.99999986	4146.02564082	4146.28205108	4116.15384588	4127.17948691	4133.71794844	4168.58974345	4188.20512807	4125.64102537	4171.92307679	4179.48717935	
4217.82051275	4164.23076903	4138.205128	4171.5384614	4141.28205108	4139.87179467	4108.0769228	4138.71794851	4151.15384595	4187.30769217	4196.66666653	4140.51282031	4183.71794858	4197.82051269	
4219.23076917	4170.25641012	4150.25641005	4174.87179474	4145.25641005	4151.92307672	4122.94871767	4156.02564082	4166.66666646	4203.07692301	4211.02564096	4154.74358954	4199.99999986	4213.33333327	
4215.12820506	4172.94871781	4168.71794858	4180.25641012	4150.89743569	4167.05128185	4140.12820492	4165.25641005	4170.25641012	4205.25641019	4216.79487173	4163.84615364	4206.41025634	4215.25641019	
4207.5641025	4170.38461525	4172.17948704	4180.25641012	4152.05128185	4172.82051269	4144.87179467	4170.64102551	4165.76923056	4199.35897422	4218.84615378	4169.74358961	4198.3333332	4210.25641019	
4202.69230763	4176.41025628	4169.61538448	4179.99999986	4152.17948697	4171.5384614	4143.97435877	4178.46153833	4162.43589723	4197.30769217	4220.64102558	4174.48717935	4192.69230756	4208.20512814	
4204.99999993	4181.5384614	4173.97435884	4180.76923063	4152.56410236	4173.07692294	4146.79487159	4183.07692294	4163.71794851	4200.38461525	4217.30769224	4182.17948704	4196.66666653	4208.20512814	
4207.17948711	4174.10256397	4175.51282038	4179.10256397	4150.25641005	4174.10256397	4146.79487159	4185.38461525	4162.17948697	4196.92307679	4209.23076917	4186.5384614	4195.12820499	4207.30769224	
4206.41025634	4173.20512807	4174.35897422	4178.20512807	4151.28205108	4174.10256397	4146.28205108	4192.17948704	4161.15384595	4192.30769217	4206.02564096	4190.25641012	4188.84615371	4208.71794865	
4207.94871788	4181.41025628	4179.61538448	4185.38461525	4160.25641005	4178.71794858	4151.53846133	4199.74358961	4167.05128185	4198.84615371	4206.28205122	4198.3333332	4193.46153833	4209.99999993	
4207.30769224	4179.61538448	4184.2307691	4194.87179474	4166.79487159	4181.66666653	4154.74358954	4205.64102558	4169.2307691	4202.94871788	4209.99999993	4204.74358968	4202.30769224	4208.07692301	
4199.74358961	4178.46153833	4185.51282038	4194.74358961	4166.79487159	4183.46153833	4156.41025621	4211.92307686	4164.35897415	4197.56410243	4220.51282045	4208.33333327	4201.79487173	4207.69230763	
4194.48717935	4186.5384614	4190.76923063	4190.89743576	4166.02564082	4190.76923063	4162.17948697	4216.53846147	4158.97435877	4193.20512807	4225.89743583	4216.28205122	4197.4358973	4208.97435891	
4189.61538448	4186.92307679	4199.35897422	4195.64102551	4169.61538448	4199.10256397	4170.76923063	4224.48717942	4161.02564082	4192.82051269	4227.82051275	4225.51282045	4201.15384609	4205.12820506	
4182.05128192	4184.74358961	4205.38461532	4200.25641012	4171.79487166	4205.7692307	4176.41025628	4235.12820513	4160.25641005	4189.74358961	4230.7692307	4231.28205122	4204.74358968	4197.94871781	
4186.92307679	4185.38461525	4204.61538455	4194.99999986	4165.38461518	4206.53846147	4177.69230756	4240.76923077	4156.41025621	4190.51282038	4225.64102558	4240.76923077	4203.07692301	4202.05128199	
4202.5641025	4183.07692294	4203.97435891	4190.12820499	4161.53846133	4204.99999993	4178.3333332	4251.92307693	4167.05128185	4204.48717942	4224.23076917	4253.71794872	4209.99999993	4214.48717942	
4204.99999993	4181.41025628	4213.58974352	4192.82051269	4164.9999998	4212.69230763	4185.76923063	4271.0256411	4179.87179474	4212.05128199	4234.87179488	4267.82051289	4218.33333327	4219.35897429	
4200.51282038	4185.76923063	4231.15384609	4196.41025628	4168.84615371	4231.53846147	4204.74358968	4286.28205136	4179.35897422	4211.15384609	4234.61538462	4282.94871802	4211.6666666	4219.48717942	
4205.7692307	4191.41025628	4250.38461539	4198.3333332	4173.3333332	4250.8974359	4227.69230763	4303.71794886	4180.38461525	4218.97435891	4225.64102558	4301.79487194	4203.20512814	4225.7692307	
4210.7692307	4192.56410243	4267.69230777	4196.15384602	4173.97435884	4267.05128212	4245.25641026	4335.3846156	4194.87179474	4229.87179481	4235.51282052	4331.66666681	4216.28205122	4236.15384616	
4207.69230763	4194.61538448	4283.58974366	4195.38461525	4170.64102551	4281.79487187	4258.71794872	4363.33333355	4202.17948711	4231.53846147	4247.6923077	4360.51282073	4227.05128199	4242.56410257	
4202.5641025	4195.64102551	4294.2307693	4201.79487173	4173.71794858	4291.41025648	4269.87179495	4376.02564131	4196.79487166	4229.10256404	4241.41025641	4375.76923105	4216.92307686	4242.17948718	
4198.46153833	4192.69230756	4297.05128212	4204.35897429	4175.38461525	4294.74358982	4273.33333341	4386.02564131	4197.17948704	4229.99999993	4241.41025641	4385.25641054	4213.20512814	4239.23076923	
4195.64102551	4194.99999986	4301.53846168	4205.64102558	4179.10256397	4299.74358989	4279.35897443	4400.64102599	4200.38461525	4230.38461532	4251.53846154	4399.10256445	4222.43589737	4240.0	
4192.56410243	4204.48717942	4311.1538463	4214.99999993	4190.89743576	4309.87179501	4291.53846161	4408.58974394	4198.97435884	4229.61538455	4249.10256411	4407.30769266	4221.79487173	4240.0	
4183.84615371	4205.7692307	4307.17948732	4217.5641025	4190.25641012	4307.56410271	4286.0256411	4400.00000035	4188.07692294	4220.7692307	4234.48717949	4398.97435933	4204.23076917	4227.05128199	
4172.69230756	4195.25641012	4288.20512828	4208.71794865	4177.94871781	4289.48717956	4265.12820513	4389.6153849	4175.64102551	4207.17948711	4231.15384609	4388.33333362	4196.15384602	4214.74358968	
4168.97435884	4196.66666653	4283.07692315	4208.4615384	4182.56410243	4282.05128212	4259.61538462	4391.66666695	4174.74358961	4206.79487173	4241.15384616	4390.25641054	4202.82051275	4214.99999993	
4162.17948697	4203.58974352	4288.84615392	4218.4615384	4194.2307691	4286.66666674	4265.64102564	4394.6153849	4171.79487166	4205.51282045	4237.82051282	4393.84615413	4199.2307691	4212.05128199	
4152.56410236	4203.84615378	4279.48717956	4219.61538455	4192.94871781	4279.87179495	4257.56410257	4391.28205156	4161.53846133	4194.10256397	4226.02564096	4389.35897464	4191.66666653	4204.35897429	
4154.9999998	4204.48717942	4264.61538462	4214.48717942	4190.76923063	4264.48717949	4243.07692308	4391.53846182	4159.61538441	4191.79487166	4229.99999993	4389.48717977	4199.87179474	4203.4615384	
4156.28205108	4204.35897429	4259.23076923	4213.97435891	4189.61538448	4255.0	4234.23076923	4395.38461567	4160.12820492	4192.94871781	4237.05128206	4394.35897464	4203.20512814	4201.6666666	
4150.64102544	4199.10256397	4248.71794872	4212.82051275	4185.76923063	4246.41025641	4220.89743583	4397.9487183	4154.23076903	4187.69230756	4229.48717942	4395.76923105	4190.25641012	4197.05128192	
4155.64102544	4197.4358973	4233.71794865	4212.43589737	4187.94871781	4235.76923077	4209.10256404	4407.0512824	4161.28205108	4194.35897422	4228.58974352	4405.00000035	4194.2307691	4204.61538455	
4168.07692287	4199.61538448	4225.38461532	4212.5641025	4186.5384614	4224.99999993	4202.69230763	4414.35897471	4169.61538448	4204.74358968	4231.79487173	4412.17948753	4204.74358968	4211.6666666	
4183.3333332	4196.66666653	4216.41025634	4204.74358968	4177.17948704	4213.4615384	4190.76923063	4411.28205163	4163.71794851	4199.99999986	4225.25641019	4408.8461542	4200.51282038	4208.07692301	
4206.15384609	4191.66666653	4202.94871788	4196.02564089	4171.28205115	4201.15384609	4173.97435884	4410.76923112	4169.87179474	4203.71794865	4225.64102558	4409.23076958	4206.79487173	4213.20512814	
4224.35897429	4185.25641012	4183.71794858	4193.3333332	4167.17948697	4184.74358961	4156.02564082	4411.41025676	4189.99999986	4222.30769224	4228.84615378	4411.02564138	4221.02564096	4228.07692301	
4231.02564096	4178.84615371	4170.25641012	4190.25641012	4159.48717928	4170.64102551	4142.94871774	4408.71794907	4198.97435884	4231.28205122	4226.79487173	4406.79487215	4227.69230763	4239.10256411	
4237.05128206	4179.99999986	4173.71794858	4186.02564089	4158.07692287	4170.51282038	4144.35897415	4412.0512824	4200.89743576	4234.48717949	4232.43589737	4408.33333368	4236.02564103	4245.38461539	
4240.38461539	4182.05128192	4181.28205115	4187.56410243	4161.41025621	4179.61538448	4150.76923056	4416.02564138	4207.82051275	4242.05128206	4243.33333334	4412.82051317	4243.46153847	4248.07692308	
4235.25641026	4183.71794858	4176.02564089	4191.02564089	4159.9999998	4177.05128192	4148.07692287	4409.87179522	4207.82051275	4238.46153847	4243.97435898	4406.66666702	4238.07692308	4244.61538462	
4229.35897429	4186.15384602	4169.10256397	4190.38461525	4158.58974339	4166.41025621	4141.41025621	4402.17948753	4196.5384614	4226.02564096	4237.94871795	4398.46153881	4228.4615384	4238.97435898	
4224.23076917	4185.12820499	4168.46153833	4186.28205115	4159.35897415	4164.48717928	4138.58974339	4400.64102599	4192.4358973	4226.41025634	4233.84615385	4396.9230772	4225.89743583	4233.33333327	
4217.43589737	4180.76923063	4168.3333332	4181.79487166	4155.89743569	4168.3333332	4137.69230749	4397.17948746	4193.20512807	4226.15384609	4231.6666666	4397.17948746	4225.64102558	4227.82051275	
4214.23076917	4181.02564089	4167.82051262	4181.66666653	4152.43589723	4166.53846133	4136.92307672	4388.84615413	4184.48717935	4214.48717942	4230.64102558	4387.8205131	4220.89743583	4224.10256404	
4208.07692301	4179.35897422	4159.35897415	4177.69230756	4147.56410236	4157.69230749	4129.61538434	4379.6153849	4168.84615371	4202.94871788	4221.15384609	4373.33333362	4206.02564096	4213.4615384	
4204.61538455	4175.25641012	4156.02564082	4173.71794858	4142.43589723	4156.28205108	4126.02564075	4375.00000028	4165.38461518	4200.51282038	4213.84615378	4372.43589772	4199.10256397	4205.64102558	
4211.79487173	4179.48717935	4168.20512807	4182.30769217	4152.56410236	4167.05128185	4137.94871774	4373.84615413	4174.87179474	4206.53846147	4222.05128199	4375.89743618	4209.74358968	4216.02564096	
4212.69230763	4186.15384602	4173.58974345	4190.89743576	4165.64102544	4172.05128192	4143.46153826	4367.43589772	4180.76923063	4212.43589737	4223.33333327	4365.25641054	4214.61538455	4224.10256404	
4208.20512814	4186.92307679	4168.71794858	4187.4358973	4159.74358954	4171.15384602	4142.56410236	4359.87179508	4178.20512807	4211.53846147	4209.23076917	4355.64102585	4206.53846147	4220.64102558	
4210.38461532	4186.79487166	4176.5384614	4183.71794858	4153.33333313	4178.3333332	4154.23076903	4358.71794893	4176.41025628	4209.48717942	4206.02564096	4359.23076944	4195.89743576	4219.74358968	
4209.99999993	4183.46153833	4180.76923063	4185.51282038	4159.61538441	4177.30769217	4152.56410236	4349.61538483	4176.5384614	4210.51282045	4210.38461532	4348.46153867	4187.4358973	4214.99999993	
4203.58974352	4177.69230756	4162.05128185	4187.30769217	4162.05128185	4161.92307672	4130.7692305	4335.12820534	4173.20512807	4208.20512814	4200.51282038	4328.07692322	4183.07692294	4210.7692307	
4203.84615378	4182.56410243	4159.23076903	4188.46153833	4158.97435877	4164.35897415	4132.30769203	4336.53846175	4177.17948704	4209.87179481	4192.82051269	4331.28205142	4188.71794858	4220.89743583	
4207.30769224	4189.87179474	4175.25641012	4188.97435884	4159.48717928	4174.35897422	4147.69230749	4335.51282073	4180.76923063	4212.69230763	4200.38461525	4335.12820534	4198.20512807	4223.58974352	
4203.97435891	4184.10256397	4165.38461518	4188.71794858	4161.53846133	4159.61538441	4133.71794844	4311.1538463	4166.41025621	4199.48717935	4204.61538455	4309.87179501	4191.5384614	4205.12820506	
4201.53846147	4181.92307679	4148.84615364	4190.12820499	4162.94871774	4146.92307672	4117.56410229	4295.51282059	4154.23076903	4186.02564089	4203.33333327	4292.30769238	4179.99999986	4195.38461525	
4203.4615384	4185.51282038	4158.07692287	4190.64102551	4162.94871774	4156.92307672	4125.38461511	4302.82051296	4161.53846133	4191.66666653	4204.99999993	4300.00000014	4188.46153833	4205.12820506	
4204.48717942	4186.5384614	4164.1025639	4191.15384602	4162.94871774	4163.46153826	4132.05128178	4304.61538476	4170.25641012	4201.79487173	4209.61538455	4300.76923091	4199.35897422	4209.99999993	
4204.61538455	4186.41025628	4161.53846133	4191.5384614	4162.05128185	4163.97435877	4136.66666646	4296.15384623	4168.46153833	4201.6666666	4207.5641025	4293.07692315	4193.58974345	4207.30769224	
4206.02564096	4185.89743576	4172.82051269	4189.10256397	4158.71794851	4170.51282038	4144.1025639	4296.0256411	4167.56410236	4200.89743576	4200.25641012	4295.89743597	4194.99999986	4209.74358968	
4204.74358968	4182.17948704	4170.76923063	4184.74358961	4156.92307672	4166.28205108	4135.76923056	4296.15384623	4167.17948697	4198.97435884	4192.17948704	4296.0256411	4193.07692294	4210.64102558	
4200.76923063	4178.3333332	4149.48717928	4181.15384602	4154.35897415	4150.89743569	4120.25640998	4285.76923084	4163.205128	4195.38461525	4188.07692294	4283.46153853	4174.61538448	4204.61538455	
4202.5641025	4179.74358961	4150.38461518	4183.20512807	4155.76923056	4151.15384595	4124.48717921	4279.10256418	4164.1025639	4201.02564096	4195.12820499	4276.66666674	4176.66666653	4205.38461532	
4208.97435891	4183.07692294	4167.17948697	4182.30769217	4155.76923056	4163.84615364	4137.94871774	4280.25641033	4169.10256397	4207.43589737	4194.87179474	4279.74358982	4194.2307691	4212.5641025	
4208.71794865	4183.20512807	4164.74358954	4176.5384614	4148.205128	4163.205128	4134.48717921	4280.64102571	4170.51282038	4205.89743583	4182.05128192	4278.20512828	4195.64102551	4213.84615378	
4203.4615384	4177.56410243	4154.9999998	4178.3333332	4149.74358954	4154.87179467	4123.33333306	4277.82051289	4166.02564082	4200.89743576	4181.28205115	4272.94871802	4186.02564089	4208.33333327	
4206.41025634	4175.25641012	4151.28205108	4183.97435884	4157.05128185	4149.87179467	4120.12820485	4267.94871802	4160.12820492	4193.58974345	4181.66666653	4264.87179488	4171.41025628	4203.58974352	
4208.71794865	4177.17948704	4149.23076903	4183.07692294	4153.58974339	4146.66666646	4122.94871767	4254.35897436	4157.94871774	4188.97435884	4167.17948697	4253.20512821	4162.3076921	4201.53846147	
4204.23076917	4176.92307679	4150.51282031	4181.5384614	4150.89743569	4146.41025621	4119.10256383	4247.6923077	4156.41025621	4189.35897422	4161.02564082	4245.25641026	4165.89743569	4197.30769217	
4203.71794865	4179.87179474	4148.205128	4183.84615371	4156.02564082	4147.3076921	4113.71794844	4246.28205129	4152.56410236	4187.05128192	4170.12820499	4244.87179488	4162.56410236	4191.92307679	
4204.87179481	4183.3333332	4147.69230749	4183.71794858	4154.87179467	4149.9999998	4122.17948691	4245.8974359	4151.79487159	4185.51282038	4175.76923063	4246.28205129	4160.76923056	4195.64102551	
4205.7692307	4183.46153833	4155.64102544	4182.69230756	4152.3076921	4154.35897415	4129.10256383	4247.94871795	4159.23076903	4196.02564089	4178.07692294	4247.30769231	4179.74358961	4204.61538455	
4208.84615378	4183.3333332	4162.17948697	4186.41025628	4158.205128	4158.84615364	4129.74358947	4247.82051282	4165.12820492	4202.17948711	4183.58974345	4246.92307693	4189.2307691	4207.30769224	
4209.99999993	4184.2307691	4163.97435877	4188.07692294	4159.1025639	4163.58974339	4135.38461518	4246.28205129	4162.69230749	4194.99999986	4186.92307679	4245.12820513	4180.38461525	4205.64102558	
4205.12820506	4184.10256397	4163.71794851	4183.71794858	4152.17948697	4164.61538441	4137.94871774	4245.12820513	4160.38461518	4190.25641012	4185.25641012	4243.97435898	4176.15384602	4203.97435891	
4203.58974352	4178.84615371	4162.43589723	4178.20512807	4148.205128	4163.33333313	4133.46153819	4246.41025641	4160.89743569	4194.10256397	4182.17948704	4245.0	4181.28205115	4204.74358968	
4204.48717942	4176.41025628	4163.46153826	4174.61538448	4147.94871774	4162.94871774	4133.58974332	4248.20512821	4163.46153826	4198.84615371	4183.3333332	4245.12820513	4185.38461525	4207.94871788	
4201.53846147	4178.46153833	4169.48717935	4176.41025628	4148.97435877	4167.56410236	4141.53846133	4247.05128206	4164.61538441	4197.56410243	4187.4358973	4246.92307693	4182.4358973	4206.28205122	
4199.74358961	4176.79487166	4168.46153833	4179.99999986	4151.28205108	4169.48717935	4141.41025621	4245.8974359	4161.66666646	4193.97435884	4187.17948704	4246.92307693	4175.76923063	4202.30769224	
4201.92307686	4175.64102551	4163.97435877	4181.5384614	4153.84615364	4165.12820492	4135.51282031	4248.58974359	4161.02564082	4194.2307691	4189.48717935	4245.8974359	4178.97435884	4204.74358968	
4204.23076917	4178.58974345	4168.20512807	4181.28205115	4152.05128185	4165.89743569	4136.92307672	4249.87179488	4164.87179467	4196.92307679	4195.51282038	4247.30769231	4186.28205115	4208.97435891	
4203.58974352	4175.12820499	4167.56410236	4177.56410243	4147.69230749	4164.74358954	4137.82051262	4249.61538462	4165.89743569	4197.4358973	4194.99999986	4250.38461539	4180.89743576	4209.99999993	
4204.48717942	4172.69230756	4162.43589723	4176.02564089	4150.38461518	4161.02564082	4133.20512793	4255.51282052	4164.61538441	4198.84615371	4194.61538448	4253.33333334	4181.41025628	4211.15384609	
4207.69230763	4180.12820499	4165.25641005	4181.66666653	4156.28205108	4164.35897415	4132.30769203	4257.94871795	4166.41025621	4201.6666666	4199.61538448	4252.43589744	4190.12820499	4208.07692301	
4203.84615378	4181.92307679	4164.1025639	4182.30769217	4153.33333313	4163.33333313	4133.58974332	4251.7948718	4164.87179467	4198.97435884	4200.12820499	4248.97435898	4186.15384602	4203.33333327	
4196.79487166	4176.28205115	4156.02564082	4180.38461525	4150.12820492	4154.35897415	4127.94871767	4246.66666667	4155.89743569	4189.10256397	4194.87179474	4246.92307693	4177.69230756	4200.25641012	
4199.48717935	4177.56410243	4156.53846133	4185.25641012	4155.64102544	4153.33333313	4125.12820485	4251.66666667	4152.3076921	4183.84615371	4192.56410243	4249.61538462	4177.4358973	4197.17948704	
4205.89743583	4181.41025628	4161.92307672	4186.15384602	4157.69230749	4161.53846133	4133.71794844	4259.35897436	4157.94871774	4190.12820499	4195.25641012	4256.7948718	4180.51282038	4199.2307691	
4203.58974352	4186.66666653	4165.76923056	4183.97435884	4154.23076903	4167.56410236	4142.43589723	4262.05128206	4163.205128	4196.66666653	4200.89743576	4261.53846154	4183.46153833	4205.38461532	
4204.99999993	4189.61538448	4176.41025628	4187.94871781	4156.79487159	4175.51282038	4148.84615364	4268.71794879	4165.51282031	4199.99999986	4203.20512814	4265.38461539	4189.2307691	4209.35897429	
4208.58974352	4186.28205115	4183.58974345	4188.97435884	4159.9999998	4181.79487166	4153.84615364	4277.43589751	4167.82051262	4204.23076917	4200.51282038	4270.76923084	4188.84615371	4210.7692307	
4204.61538455	4184.10256397	4177.4358973	4188.58974345	4160.64102544	4178.97435884	4152.3076921	4280.00000007	4172.05128192	4206.79487173	4203.07692301	4276.28205136	4186.41025628	4211.92307686	
4207.05128199	4186.92307679	4179.35897422	4194.48717935	4164.87179467	4181.41025628	4152.43589723	4281.28205136	4176.66666653	4207.43589737	4208.20512814	4279.61538469	4189.99999986	4214.99999993	
4211.6666666	4190.12820499	4192.56410243	4196.02564089	4166.15384595	4190.89743576	4160.76923056	4286.79487187	4178.07692294	4209.48717942	4206.79487173	4284.61538469	4192.69230756	4219.87179481	
4209.10256404	4189.87179474	4195.51282038	4190.25641012	4161.28205108	4194.35897422	4167.43589723	4294.35897443	4180.64102551	4214.87179481	4207.43589737	4292.17948725	4193.71794858	4225.25641019	
4209.74358968	4186.66666653	4189.2307691	4189.2307691	4160.51282031	4190.64102551	4165.12820492	4299.35897443	4182.69230756	4216.15384609	4205.64102558	4296.15384623	4192.17948704	4227.17948711	
4209.99999993	4180.12820499	4185.12820499	4187.82051269	4159.35897415	4185.25641012	4157.69230749	4298.33333341	4179.74358961	4211.79487173	4196.66666653	4295.89743597	4188.97435884	4223.97435891	
4199.99999986	4176.28205115	4180.64102551	4181.5384614	4152.82051262	4178.97435884	4149.87179467	4294.48717956	4172.82051269	4207.43589737	4196.5384614	4293.58974366	4183.20512807	4216.6666666	
4196.41025628	4179.87179474	4175.64102551	4181.92307679	4154.61538441	4176.15384602	4148.58974339	4296.923077	4166.92307672	4202.17948711	4204.99999993	4293.07692315	4177.56410243	4209.87179481	
4203.58974352	4179.10256397	4175.51282038	4188.97435884	4161.41025621	4177.82051269	4149.1025639	4295.76923084	4163.46153826	4195.12820499	4204.35897429	4295.25641033	4177.30769217	4205.64102558	
4199.74358961	4171.15384602	4174.35897422	4185.76923063	4156.66666646	4173.20512807	4142.05128185	4287.43589751	4156.53846133	4190.51282038	4197.17948704	4290.1282052	4174.10256397	4198.97435884	
4194.35897422	4167.56410236	4167.17948697	4175.89743576	4147.17948697	4164.35897415	4139.48717928	4285.1282052	4149.23076903	4188.07692294	4191.92307679	4283.46153853	4167.17948697	4192.94871781	
4198.46153833	4173.84615371	4164.23076903	4178.58974345	4150.12820492	4166.92307672	4143.205128	4290.51282059	4152.17948697	4188.84615371	4192.4358973	4288.07692315	4171.02564089	4197.05128192	
4200.12820499	4181.41025628	4173.71794858	4188.07692294	4160.12820492	4176.5384614	4147.69230749	4297.94871802	4162.69230749	4196.92307679	4200.89743576	4299.74358989	4181.92307679	4205.7692307	
4199.61538448	4182.82051269	4185.25641012	4190.12820499	4160.89743569	4180.64102551	4156.53846133	4307.30769245	4168.07692287	4205.12820506	4211.02564096	4308.33333348	4188.46153833	4208.84615378	
4203.07692301	4183.07692294	4188.3333332	4189.87179474	4159.23076903	4184.10256397	4162.69230749	4317.43589758	4172.94871781	4207.30769224	4221.41025634	4313.4615386	4195.51282038	4210.64102558	
4205.12820506	4184.10256397	4186.92307679	4191.92307679	4163.84615364	4186.66666653	4156.28205108	4319.87179501	4177.17948704	4207.30769224	4224.99999993	4316.02564117	4198.3333332	4216.28205122	
4201.79487173	4177.94871781	4178.58974345	4190.12820499	4162.17948697	4176.28205115	4144.87179467	4313.07692322	4168.71794858	4201.41025634	4210.7692307	4311.41025655	4186.79487166	4212.69230763	
4197.94871781	4169.48717935	4163.33333313	4182.17948704	4153.205128	4161.79487159	4135.89743569	4308.4615386	4157.82051262	4191.79487166	4198.3333332	4306.02564117	4174.10256397	4200.51282038	
4196.41025628	4168.20512807	4157.43589723	4173.71794858	4149.35897415	4159.74358954	4129.8717946	4308.71794886	4157.17948697	4190.64102551	4201.92307686	4306.79487194	4173.71794858	4198.84615371	
4197.69230756	4172.17948704	4165.12820492	4174.2307691	4150.51282031	4163.46153826	4134.74358947	4312.94871809	4164.74358954	4199.74358961	4206.02564096	4312.30769245	4185.12820499	4209.35897429	
4203.71794865	4175.64102551	4169.61538448	4183.20512807	4152.82051262	4165.12820492	4141.66666646	4316.79487194	4172.4358973	4207.05128199	4202.82051275	4315.76923091	4192.05128192	4214.61538455	
4206.15384609	4180.64102551	4167.3076921	4189.10256397	4159.35897415	4167.82051262	4140.89743569	4317.30769245	4175.38461525	4205.64102558	4205.25641019	4315.76923091	4187.94871781	4212.94871788	
4202.43589737	4183.07692294	4168.46153833	4186.02564089	4160.12820492	4167.43589723	4138.46153826	4312.05128219	4172.94871781	4202.30769224	4210.12820506	4312.30769245	4184.61538448	4213.07692301	
4200.12820499	4179.61538448	4164.23076903	4182.56410243	4153.97435877	4159.9999998	4133.33333306	4301.79487194	4164.35897415	4199.87179474	4202.69230763	4302.56410271	4180.25641012	4206.41025634	
4197.56410243	4172.17948704	4147.94871774	4181.15384602	4149.74358954	4148.46153826	4118.9743587	4292.43589751	4151.02564082	4187.94871781	4185.12820499	4292.30769238	4165.76923056	4194.10256397	
4192.05128192	4164.61538441	4140.51282031	4177.30769217	4146.66666646	4142.56410236	4109.35897408	4289.74358982	4142.17948697	4175.64102551	4178.20512807	4287.43589751	4155.76923056	4187.69230756	
4194.87179474	4168.58974345	4153.205128	4179.87179474	4149.74358954	4151.79487159	4121.79487152	4295.89743597	4149.61538441	4182.17948704	4190.12820499	4292.43589751	4166.41025621	4191.02564089	
4201.53846147	4177.4358973	4162.43589723	4188.07692294	4157.43589723	4160.38461518	4132.56410229	4300.00000014	4159.74358954	4195.76923063	4197.17948704	4299.48717963	4178.84615371	4199.87179474	
4199.35897422	4178.20512807	4158.84615364	4188.97435884	4159.48717928	4157.94871774	4129.74358947	4300.2564104	4164.23076903	4199.10256397	4192.4358973	4298.33333341	4181.15384602	4208.07692301	
4199.48717935	4177.17948704	4163.58974339	4186.5384614	4159.61538441	4165.89743569	4136.66666646	4305.00000014	4168.58974345	4201.53846147	4198.46153833	4301.92307707	4185.89743576	4211.41025634	
4206.92307686	4183.84615371	4176.41025628	4190.64102551	4163.46153826	4177.94871781	4151.28205108	4308.20512835	4171.66666653	4206.28205122	4207.5641025	4306.28205142	4187.05128192	4211.15384609	
4206.53846147	4186.92307679	4176.66666653	4194.10256397	4163.84615364	4174.87179474	4149.9999998	4307.30769245	4171.66666653	4208.20512814	4202.17948711	4302.69230784	4179.99999986	4213.84615378	
4201.79487173	4182.82051269	4168.84615371	4187.94871781	4157.43589723	4169.35897422	4142.3076921	4306.1538463	4171.28205115	4208.71794865	4197.4358973	4302.69230784	4178.58974345	4214.61538455	
4200.25641012	4182.82051269	4169.87179474	4183.07692294	4157.94871774	4171.66666653	4144.1025639	4302.94871809	4170.76923063	4205.64102558	4198.58974345	4305.76923091	4181.28205115	4210.51282045	
4197.69230756	4177.30769217	4168.84615371	4182.30769217	4157.43589723	4166.28205108	4138.97435877	4295.89743597	4163.205128	4194.2307691	4187.17948704	4295.76923084	4171.5384614	4204.35897429	
4195.89743576	4167.56410236	4163.07692287	4179.87179474	4150.64102544	4161.92307672	4133.33333306	4296.66666674	4157.82051262	4189.48717935	4175.89743576	4292.30769238	4165.12820492	4202.05128199	
4199.61538448	4172.4358973	4168.84615371	4181.15384602	4152.56410236	4170.64102551	4141.41025621	4307.82051296	4167.43589723	4202.17948711	4190.76923063	4308.71794886	4179.74358961	4208.20512814	
4202.82051275	4182.05128192	4178.20512807	4187.17948704	4161.02564082	4177.05128192	4149.23076903	4316.79487194	4179.2307691	4213.97435891	4207.82051275	4314.61538476	4193.20512807	4218.07692301	
4202.5641025	4184.10256397	4177.56410243	4189.99999986	4162.56410236	4177.30769217	4148.205128	4319.10256425	4180.25641012	4213.84615378	4208.4615384	4311.1538463	4194.10256397	4223.58974352	
4204.35897429	4185.25641012	4177.30769217	4191.02564089	4163.46153826	4177.56410243	4149.23076903	4318.20512835	4180.25641012	4213.97435891	4210.12820506	4314.48717963	4197.05128192	4222.82051275	
4205.25641019	4187.05128192	4182.4358973	4193.84615371	4167.17948697	4180.76923063	4155.51282031	4316.1538463	4184.61538448	4217.69230763	4215.38461532	4316.66666681	4202.17948711	4222.94871788	
4203.84615378	4186.02564089	4183.07692294	4193.20512807	4163.71794851	4181.79487166	4156.79487159	4313.71794886	4179.10256397	4213.97435891	4210.38461532	4311.66666681	4198.97435884	4220.25641019	
4202.94871788	4183.84615371	4180.89743576	4189.2307691	4159.87179467	4179.87179474	4153.97435877	4309.3589745	4167.82051262	4202.94871788	4199.99999986	4305.51282066	4188.84615371	4211.6666666	
4202.17948711	4183.3333332	4180.76923063	4190.12820499	4162.43589723	4180.12820499	4151.79487159	4307.82051296	4164.48717928	4198.20512807	4196.5384614	4307.82051296	4181.41025628	4206.92307686	
4201.15384609	4183.97435884	4181.92307679	4188.58974345	4159.61538441	4181.66666653	4152.56410236	4314.10256425	4170.12820499	4202.69230763	4195.89743576	4315.64102578	4185.38461525	4211.79487173	
4202.5641025	4184.48717935	4185.51282038	4183.97435884	4154.74358954	4183.58974345	4156.41025621	4316.28205142	4176.5384614	4207.69230763	4196.28205115	4316.28205142	4189.74358961	4218.07692301	
4203.20512814	4181.41025628	4186.15384602	4182.82051269	4156.41025621	4182.56410243	4156.53846133	4316.1538463	4176.79487166	4208.4615384	4199.74358961	4314.23076937	4186.15384602	4219.48717942	
4199.74358961	4179.48717935	4182.05128192	4181.02564089	4156.66666646	4181.02564089	4150.89743569	4319.10256425	4176.79487166	4209.48717942	4200.12820499	4317.05128219	4186.15384602	4217.5641025	
4198.71794858	4180.64102551	4178.58974345	4181.66666653	4153.97435877	4178.71794858	4148.97435877	4317.30769245	4176.28205115	4209.10256404	4196.28205115	4314.48717963	4186.66666653	4215.12820506	
4202.5641025	4181.5384614	4180.76923063	4187.69230756	4156.79487159	4179.74358961	4153.97435877	4313.20512835	4174.10256397	4206.6666666	4196.79487166	4310.64102578	4184.35897422	4216.79487173	
4203.20512814	4184.48717935	4186.28205115	4189.74358961	4160.51282031	4185.64102551	4158.46153826	4317.17948732	4174.99999986	4208.33333327	4203.33333327	4316.41025655	4187.69230756	4217.05128199	
4201.53846147	4186.41025628	4190.25641012	4187.56410243	4159.1025639	4187.94871781	4160.89743569	4321.1538463	4179.74358961	4211.92307686	4206.02564096	4318.20512835	4194.61538448	4218.71794865	
4202.82051275	4189.35897422	4190.12820499	4193.07692294	4160.76923056	4187.69230756	4162.56410236	4314.10256425	4180.38461525	4210.51282045	4201.53846147	4310.38461553	4191.92307679	4219.99999993	
4205.25641019	4192.94871781	4187.17948704	4196.79487166	4166.53846133	4188.07692294	4160.51282031	4306.92307707	4170.76923063	4204.48717942	4195.51282038	4306.79487194	4182.17948704	4211.6666666	
4206.6666666	4191.5384614	4188.58974345	4193.46153833	4169.99999986	4190.51282038	4162.56410236	4309.74358989	4166.79487159	4203.20512814	4197.56410243	4309.3589745	4183.58974345	4207.82051275	
4205.7692307	4189.61538448	4192.82051269	4195.51282038	4169.74358961	4194.48717935	4167.94871774	4315.2564104	4177.69230756	4209.23076917	4200.89743576	4309.74358989	4191.02564089	4217.17948711	
4203.33333327	4185.38461525	4190.38461525	4191.28205115	4161.15384595	4190.38461525	4162.05128185	4315.00000014	4183.20512807	4212.30769224	4198.71794858	4311.1538463	4190.76923063	4224.99999993	
4202.94871788	4178.58974345	4182.82051269	4179.48717935	4152.43589723	4182.17948704	4157.05128185	4317.94871809	4178.97435884	4213.20512814	4202.17948711	4319.23076937	4186.41025628	4222.5641025	
4202.82051275	4179.74358961	4188.46153833	4181.66666653	4155.12820492	4188.3333332	4168.07692287	4329.48717963	4181.28205115	4216.02564096	4208.33333327	4328.71794886	4188.20512807	4221.6666666	
4204.23076917	4184.74358961	4206.53846147	4190.64102551	4159.9999998	4206.15384609	4177.94871781	4339.10256431	4191.28205115	4222.82051275	4209.61538455	4337.6923079	4199.10256397	4231.41025634	
4207.5641025	4183.3333332	4213.4615384	4186.79487166	4159.1025639	4213.20512814	4182.17948704	4345.00000021	4197.56410243	4231.53846147	4211.6666666	4345.64102585	4209.10256404	4242.17948718	
4207.05128199	4184.48717935	4211.79487173	4182.17948704	4160.25641005	4211.79487173	4188.07692294	4349.87179508	4196.02564089	4231.53846147	4215.25641019	4349.10256431	4205.38461532	4238.46153847	
4205.64102558	4186.92307679	4218.20512814	4185.12820499	4158.33333313	4215.64102558	4193.97435884	4353.07692329	4190.25641012	4222.43589737	4210.64102558	4349.61538483	4191.41025628	4227.82051275	
4203.97435891	4183.46153833	4228.71794865	4184.74358961	4149.61538441	4227.43589737	4202.43589737	4355.76923098	4184.99999986	4216.28205122	4201.41025634	4353.46153867	4185.25641012	4224.74358968	
4202.94871788	4182.4358973	4241.7948718	4182.30769217	4151.53846133	4244.87179488	4219.23076917	4365.00000021	4184.61538448	4216.02564096	4196.92307679	4363.71794893	4184.74358961	4226.28205122	
4208.97435891	4187.4358973	4264.23076923	4188.07692294	4163.33333313	4264.35897436	4240.8974359	4388.07692336	4191.5384614	4221.15384609	4202.5641025	4386.02564131	4187.82051269	4232.82051275	
4218.84615378	4193.46153833	4288.33333341	4194.61538448	4167.3076921	4284.2307693	4262.82051282	4419.48717984	4205.64102558	4236.02564103	4218.58974352	4417.9487183	4204.61538455	4245.38461539	
4219.61538455	4193.97435884	4301.1538463	4192.56410243	4164.74358954	4297.94871802	4277.94871802	4433.58974401	4211.6666666	4244.48717949	4221.79487173	4432.56410298	4212.69230763	4250.51282052	
4213.33333327	4190.76923063	4303.97435912	4192.4358973	4165.12820492	4301.66666681	4282.17948725	4430.38461574	4203.84615378	4236.15384616	4209.99999993	4427.9487183	4201.6666666	4243.33333334	
4213.58974352	4191.15384602	4303.84615399	4194.74358961	4167.05128185	4303.4615386	4284.35897443	4430.12820548	4199.10256397	4231.41025634	4206.15384609	4426.66666702	4192.56410243	4237.56410257	
4216.41025634	4190.89743576	4306.1538463	4194.61538448	4166.66666646	4307.17948732	4285.64102571	4429.74359009	4196.66666653	4230.51282045	4203.58974352	4428.07692343	4188.97435884	4236.02564103	
4209.61538455	4184.99999986	4304.3589745	4188.3333332	4161.53846133	4303.71794886	4279.61538469	4426.28205163	4192.82051269	4226.6666666	4193.97435884	4425.38461574	4185.12820499	4231.79487173	
4202.94871788	4182.4358973	4295.51282059	4178.97435884	4152.69230749	4294.35897443	4274.35897443	4428.07692343	4198.3333332	4228.4615384	4197.94871781	4424.61538497	4186.5384614	4233.84615385	
4207.94871788	4184.61538448	4289.2307693	4176.79487166	4150.38461518	4288.84615392	4270.64102571	4429.87179522	4206.53846147	4234.48717949	4214.74358968	4428.20512856	4198.3333332	4244.10256411	
4210.89743583	4179.99999986	4283.71794879	4183.20512807	4154.1025639	4282.56410264	4258.71794872	4417.69230804	4198.20512807	4228.84615378	4204.35897429	4420.38461574	4195.64102551	4242.56410257	
4206.15384609	4176.02564089	4269.35897443	4181.5384614	4151.79487159	4267.17948725	4242.56410257	4402.0512824	4187.17948704	4220.25641019	4183.3333332	4402.9487183	4178.84615371	4232.30769224	
4207.69230763	4181.66666653	4258.58974359	4178.07692294	4150.38461518	4257.43589744	4236.15384616	4397.69230797	4192.30769217	4225.38461532	4190.64102551	4394.48717977	4181.92307679	4235.25641026	
4212.30769224	4189.10256397	4257.05128206	4187.4358973	4158.58974339	4258.46153847	4234.23076923	4400.64102599	4198.58974345	4232.94871788	4204.99999993	4399.23076958	4198.71794858	4243.20512821	
4210.51282045	4187.4358973	4249.87179488	4188.97435884	4161.79487159	4250.12820513	4224.87179481	4398.71794907	4197.30769217	4230.89743583	4205.89743583	4398.46153881	4201.15384609	4240.8974359	
4207.05128199	4183.07692294	4235.25641026	4182.30769217	4157.43589723	4234.35897436	4212.43589737	4384.87179515	4192.4358973	4223.71794865	4204.23076917	4381.9230772	4193.20512807	4233.4615384	
4204.74358968	4184.74358961	4226.28205122	4184.2307691	4156.28205108	4228.33333327	4201.41025634	4368.717949	4187.94871781	4219.74358968	4202.5641025	4367.43589772	4191.92307679	4228.71794865	
4201.15384609	4185.38461525	4219.48717942	4182.05128192	4152.82051262	4221.53846147	4191.66666653	4358.97435919	4183.46153833	4214.35897429	4193.58974345	4358.71794893	4187.4358973	4225.12820506	
4198.71794858	4178.3333332	4209.48717942	4174.48717935	4145.25641005	4208.20512814	4184.35897422	4350.51282073	4176.79487166	4206.79487173	4187.69230756	4347.94871816	4177.05128192	4217.05128199	
4194.87179474	4176.02564089	4204.23076917	4175.89743576	4145.38461518	4202.43589737	4178.97435884	4340.89743611	4174.48717935	4207.05128199	4190.12820499	4339.10256431	4174.48717935	4211.28205122	
4193.46153833	4177.82051269	4201.02564096	4176.79487166	4146.92307672	4200.76923063	4172.30769217	4332.6923079	4175.38461525	4208.97435891	4187.30769217	4332.94871816	4176.92307679	4213.71794865	
4198.07692294	4175.38461525	4194.48717935	4170.25641012	4141.92307672	4194.74358961	4168.20512807	4327.05128219	4173.20512807	4206.92307686	4180.76923063	4325.12820527	4175.76923063	4214.35897429	
4197.4358973	4176.66666653	4192.30769217	4171.92307679	4144.35897415	4192.05128192	4169.10256397	4321.66666681	4169.87179474	4204.48717942	4176.15384602	4315.89743604	4168.84615371	4207.94871788	
4194.35897422	4182.4358973	4195.76923063	4179.35897422	4153.33333313	4193.58974345	4169.2307691	4319.23076937	4174.10256397	4207.5641025	4180.89743576	4313.84615399	4172.69230756	4213.07692301	
4199.74358961	4183.71794858	4197.69230756	4181.79487166	4154.23076903	4195.12820499	4167.3076921	4320.38461553	4180.25641012	4213.97435891	4189.10256397	4318.20512835	4181.79487166	4225.38461532	
4202.05128199	4178.07692294	4194.48717935	4179.10256397	4148.33333313	4193.97435884	4163.97435877	4312.17948732	4177.69230756	4210.89743583	4184.74358961	4310.51282066	4175.12820499	4220.12820506	
4198.07692294	4177.56410243	4193.3333332	4175.51282038	4148.71794851	4193.46153833	4165.64102544	4299.35897443	4174.48717935	4205.64102558	4177.82051269	4298.84615392	4167.43589723	4213.4615384	
4198.84615371	4183.84615371	4197.17948704	4174.99999986	4150.12820492	4196.92307679	4173.07692294	4298.46153853	4179.35897422	4212.43589737	4188.20512807	4300.00000014	4178.97435884	4223.71794865	
4198.07692294	4180.51282038	4192.94871781	4176.41025628	4144.23076903	4192.82051269	4167.69230749	4296.53846161	4183.07692294	4216.53846147	4197.05128192	4294.10256418	4188.97435884	4225.7692307	
4194.2307691	4171.41025628	4180.76923063	4172.05128192	4141.79487159	4181.41025628	4151.92307672	4282.17948725	4175.89743576	4206.41025634	4187.4358973	4277.17948725	4180.76923063	4211.53846147	
4193.46153833	4171.15384602	4174.61538448	4168.07692287	4144.35897415	4174.10256397	4145.12820492	4269.74358982	4162.82051262	4195.89743576	4180.89743576	4271.41025648	4171.79487166	4204.35897429	
4193.97435884	4173.71794858	4172.82051269	4171.66666653	4142.3076921	4171.92307679	4143.46153826	4265.0	4157.3076921	4193.58974345	4184.61538448	4269.10256418	4172.05128192	4207.43589737	
4195.38461525	4176.28205115	4170.89743576	4178.3333332	4144.61538441	4172.82051269	4143.205128	4266.02564103	4164.23076903	4197.94871781	4184.35897422	4261.28205129	4176.5384614	4209.87179481	
4194.99999986	4182.30769217	4170.25641012	4182.30769217	4155.51282031	4170.51282038	4143.84615364	4270.1282052	4166.92307672	4201.41025634	4178.20512807	4262.43589744	4173.84615371	4206.92307686	
4192.56410243	4181.41025628	4168.84615371	4182.94871781	4159.35897415	4165.25641005	4138.97435877	4265.51282052	4158.205128	4193.3333332	4173.97435884	4264.35897436	4163.46153826	4198.97435884	
4196.28205115	4178.3333332	4168.07692287	4184.10256397	4155.38461518	4168.3333332	4138.07692287	4261.02564103	4155.76923056	4187.69230756	4174.74358961	4261.15384616	4161.28205108	4198.58974345	
4202.30769224	4184.99999986	4172.17948704	4182.56410243	4155.64102544	4173.84615371	4144.74358954	4271.41025648	4163.84615364	4196.66666653	4177.69230756	4267.30769238	4171.66666653	4206.92307686	
4200.38461525	4189.2307691	4172.69230756	4183.20512807	4157.56410236	4170.89743576	4143.07692287	4279.61538469	4166.28205108	4200.64102551	4176.15384602	4276.0256411	4175.89743576	4210.51282045	
4198.07692294	4182.69230756	4166.92307672	4182.4358973	4154.61538441	4165.12820492	4135.89743569	4278.07692315	4161.02564082	4194.48717935	4172.05128192	4277.94871802	4164.35897415	4206.6666666	
4199.74358961	4176.79487166	4164.61538441	4175.12820499	4149.87179467	4163.205128	4134.61538434	4276.0256411	4161.79487159	4197.05128192	4172.69230756	4275.64102571	4158.07692287	4204.87179481	
4199.10256397	4180.89743576	4168.07692287	4173.84615371	4147.56410236	4165.25641005	4137.17948697	4274.87179495	4164.87179467	4201.79487173	4171.5384614	4273.33333341	4162.69230749	4206.28205122	
4196.66666653	4183.71794858	4168.20512807	4178.20512807	4146.15384595	4167.43589723	4138.46153826	4275.64102571	4163.97435877	4197.82051269	4165.89743569	4273.33333341	4165.38461518	4208.58974352	
4194.48717935	4173.20512807	4163.46153826	4178.07692294	4146.41025621	4164.48717928	4134.8717946	4278.33333341	4164.35897415	4196.66666653	4166.02564082	4277.17948725	4165.25641005	4208.58974352	
4192.30769217	4168.07692287	4163.205128	4175.12820499	4147.17948697	4162.43589723	4132.30769203	4281.15384623	4165.25641005	4197.05128192	4173.97435884	4281.53846161	4165.25641005	4206.6666666	
4193.58974345	4172.17948704	4163.97435877	4173.58974345	4142.43589723	4163.46153826	4136.66666646	4282.30769238	4161.92307672	4194.61538448	4178.20512807	4280.38461546	4163.84615364	4207.30769224	
4196.02564089	4168.46153833	4161.66666646	4170.64102551	4139.35897415	4162.17948697	4138.205128	4281.15384623	4159.48717928	4193.97435884	4174.48717935	4278.46153853	4163.205128	4204.87179481	
4194.61538448	4168.46153833	4161.79487159	4170.25641012	4143.97435877	4163.58974339	4135.38461518	4280.51282059	4160.38461518	4194.35897422	4174.2307691	4280.51282059	4164.1025639	4200.38461525	
4193.3333332	4175.38461525	4161.79487159	4172.30769217	4143.84615364	4164.9999998	4132.94871767	4283.46153853	4160.38461518	4194.48717935	4176.66666653	4283.58974366	4166.15384595	4201.79487173	
4192.05128192	4169.48717935	4158.97435877	4167.82051262	4136.41025621	4160.25641005	4131.79487152	4279.48717956	4156.66666646	4191.15384602	4173.07692294	4276.66666674	4163.205128	4200.38461525	
4190.89743576	4161.41025621	4159.35897415	4162.82051262	4135.25640998	4159.48717928	4131.92307665	4271.53846161	4151.02564082	4183.20512807	4164.48717928	4268.58974366	4154.74358954	4193.07692294	
4191.66666653	4166.66666646	4162.17948697	4165.76923056	4140.76923056	4162.56410236	4132.94871767	4268.97435905	4147.69230749	4179.74358961	4163.97435877	4268.07692315	4154.1025639	4191.28205115	
4192.4358973	4172.69230756	4163.71794851	4174.10256397	4143.71794851	4163.71794851	4134.99999973	4271.79487187	4153.205128	4187.30769217	4171.41025628	4270.51282059	4163.07692287	4196.92307679	
4193.07692294	4174.10256397	4166.28205108	4174.74358961	4144.35897415	4165.51282031	4137.3076921	4274.10256418	4160.64102544	4192.30769217	4173.71794858	4271.923077	4167.94871774	4200.76923063	
4190.89743576	4172.94871781	4165.25641005	4169.35897422	4143.07692287	4165.51282031	4133.9743587	4270.25641033	4157.69230749	4188.46153833	4164.9999998	4269.35897443	4164.1025639	4197.56410243	
4189.74358961	4169.48717935	4161.02564082	4168.97435884	4139.74358954	4162.94871774	4129.8717946	4263.33333334	4155.51282031	4188.58974345	4154.61538441	4263.46153847	4157.69230749	4196.02564089	
4192.4358973	4174.10256397	4167.17948697	4175.89743576	4143.46153826	4167.82051262	4138.46153826	4261.7948718	4161.92307672	4194.99999986	4153.07692287	4260.25641026	4161.02564082	4203.33333327	
4194.99999986	4183.58974345	4177.4358973	4180.76923063	4151.02564082	4176.15384602	4149.1025639	4267.17948725	4165.12820492	4198.20512807	4159.23076903	4265.51282052	4173.46153833	4210.38461532	
4191.5384614	4178.71794858	4173.97435884	4175.76923063	4150.51282031	4172.56410243	4143.46153826	4265.51282052	4163.07692287	4196.92307679	4165.64102544	4263.97435898	4175.25641012	4208.4615384	
4187.05128192	4167.17948697	4165.12820492	4168.3333332	4142.56410236	4164.35897415	4135.25640998	4253.71794872	4158.71794851	4194.74358961	4165.76923056	4250.51282052	4165.51282031	4202.82051275	
4188.71794858	4168.46153833	4165.12820492	4169.87179474	4140.25641005	4164.1025639	4137.05128185	4249.61538462	4152.3076921	4188.84615371	4161.66666646	4247.30769231	4163.07692287	4199.10256397	
4186.92307679	4171.66666653	4163.07692287	4170.64102551	4140.64102544	4163.46153826	4132.94871767	4246.92307693	4145.25641005	4178.3333332	4159.9999998	4246.15384616	4161.28205108	4189.61538448	
4182.17948704	4167.3076921	4153.97435877	4163.84615364	4137.05128185	4157.05128185	4124.74358947	4234.35897436	4139.48717928	4170.51282038	4155.38461518	4232.82051275	4151.92307672	4178.20512807	
4184.87179474	4168.3333332	4157.17948697	4167.3076921	4140.25641005	4158.84615364	4132.17948691	4232.30769224	4142.17948697	4175.89743576	4152.82051262	4232.69230763	4155.38461518	4183.58974345	
4191.41025628	4173.46153833	4172.30769217	4177.56410243	4148.84615364	4170.64102551	4144.48717928	4247.30769231	4152.82051262	4187.4358973	4159.87179467	4248.46153847	4164.35897415	4197.4358973	
4191.28205115	4173.84615371	4175.76923063	4176.15384602	4147.69230749	4173.07692294	4142.43589723	4246.7948718	4154.74358954	4186.15384602	4161.92307672	4241.66666667	4157.43589723	4195.89743576	
4186.28205115	4172.94871781	4168.3333332	4173.84615371	4146.28205108	4166.92307672	4139.9999998	4238.84615385	4151.15384595	4183.71794858	4159.1025639	4234.10256411	4154.9999998	4191.92307679	
4187.94871781	4174.61538448	4168.07692287	4176.79487166	4150.25641005	4167.69230749	4144.1025639	4244.23076923	4158.07692287	4192.05128192	4163.33333313	4246.28205129	4164.48717928	4199.61538448	
4188.58974345	4172.69230756	4169.87179474	4175.76923063	4146.79487159	4167.17948697	4142.3076921	4243.07692308	4162.82051262	4196.15384602	4166.15384595	4243.58974359	4165.25641005	4203.07692301	
4186.5384614	4169.87179474	4169.35897422	4171.66666653	4140.51282031	4164.35897415	4139.48717928	4235.25641026	4157.05128185	4190.76923063	4159.48717928	4231.6666666	4159.1025639	4198.07692294	
4187.94871781	4169.2307691	4167.17948697	4167.56410236	4139.1025639	4165.51282031	4137.43589723	4232.17948711	4151.28205108	4184.99999986	4149.1025639	4228.97435891	4152.05128185	4193.46153833	
4184.48717935	4168.97435884	4155.51282031	4162.82051262	4133.9743587	4158.84615364	4128.71794844	4222.43589737	4144.1025639	4175.89743576	4143.07692287	4220.51282045	4141.66666646	4185.76923063	
4180.38461525	4168.97435884	4147.3076921	4159.48717928	4128.46153819	4146.15384595	4121.41025614	4213.07692301	4137.05128185	4169.10256397	4144.1025639	4211.53846147	4139.87179467	4180.38461525	
4185.25641012	4167.3076921	4151.28205108	4159.48717928	4130.7692305	4146.92307672	4121.28205101	4214.61538455	4141.28205108	4175.12820499	4153.33333313	4214.74358968	4147.17948697	4186.66666653	
4186.5384614	4163.71794851	4157.05128185	4159.87179467	4134.61538434	4157.69230749	4125.89743562	4216.79487173	4148.58974339	4182.17948704	4161.66666646	4216.28205122	4149.1025639	4192.17948704	
4183.71794858	4162.56410236	4160.64102544	4162.69230749	4134.8717946	4161.92307672	4131.92307665	4212.43589737	4146.28205108	4177.69230756	4158.07692287	4211.28205122	4150.12820492	4188.3333332	
4186.79487166	4165.51282031	4163.97435877	4164.74358954	4133.46153819	4162.05128185	4134.23076896	4206.15384609	4139.1025639	4172.82051269	4151.66666646	4204.23076917	4151.02564082	4182.30769217	
4189.35897422	4168.46153833	4168.20512807	4166.66666646	4136.92307672	4167.3076921	4136.02564082	4203.71794865	4142.56410236	4179.74358961	4158.97435877	4200.12820499	4152.17948697	4187.69230756	
4187.94871781	4169.35897422	4174.2307691	4171.66666653	4143.84615364	4174.35897422	4143.97435877	4210.12820506	4156.28205108	4191.79487166	4172.05128192	4207.5641025	4162.3076921	4202.69230763	
4187.94871781	4170.25641012	4178.46153833	4171.28205115	4143.33333313	4177.94871781	4149.23076903	4217.94871788	4162.56410236	4196.02564089	4174.2307691	4216.6666666	4171.28205115	4205.7692307	
4185.64102551	4166.79487159	4176.28205115	4164.9999998	4136.41025621	4176.66666653	4145.64102544	4217.30769224	4157.17948697	4191.02564089	4169.35897422	4214.99999993	4165.76923056	4196.66666653	
4184.99999986	4162.3076921	4175.64102551	4162.69230749	4132.94871767	4175.25641012	4147.3076921	4214.61538455	4154.87179467	4189.10256397	4167.17948697	4212.43589737	4160.25641005	4197.05128192	
4190.64102551	4163.84615364	4179.99999986	4163.84615364	4133.46153819	4177.56410243	4155.89743569	4216.02564096	4161.15384595	4192.94871781	4167.3076921	4215.38461532	4166.41025621	4207.17948711	
4191.79487166	4167.05128185	4179.99999986	4162.56410236	4132.05128178	4179.35897422	4154.74358954	4213.97435891	4164.35897415	4196.02564089	4163.33333313	4212.30769224	4168.46153833	4204.87179481	
4188.07692294	4166.15384595	4178.71794858	4163.205128	4131.41025614	4180.12820499	4150.89743569	4207.05128199	4161.15384595	4193.46153833	4157.69230749	4203.33333327	4162.94871774	4200.38461525	
4186.5384614	4167.17948697	4181.5384614	4169.61538448	4136.15384595	4181.28205115	4154.87179467	4203.4615384	4160.12820492	4191.02564089	4162.43589723	4201.41025634	4166.66666646	4205.64102558	
4188.07692294	4169.10256397	4180.64102551	4168.97435884	4140.38461518	4177.94871781	4152.82051262	4202.43589737	4161.28205108	4193.58974345	4167.82051262	4203.33333327	4174.48717935	4205.89743583	
4189.61538448	4168.58974345	4176.79487166	4165.25641005	4140.51282031	4174.99999986	4146.53846133	4201.02564096	4159.87179467	4195.38461525	4167.69230749	4199.99999986	4173.71794858	4201.6666666	
4187.69230756	4170.51282038	4176.28205115	4170.12820499	4141.53846133	4177.56410243	4148.71794851	4197.30769217	4154.35897415	4189.99999986	4169.61538448	4193.3333332	4169.48717935	4198.97435884	
4186.66666653	4171.02564089	4177.05128192	4172.4358973	4143.97435877	4177.05128192	4150.12820492	4188.97435884	4151.66666646	4185.76923063	4168.46153833	4189.10256397	4163.97435877	4195.51282038	
4188.07692294	4168.3333332	4176.79487166	4167.56410236	4142.43589723	4174.35897422	4147.3076921	4185.25641012	4152.56410236	4187.94871781	4162.3076921	4185.12820499	4160.51282031	4193.58974345	
4187.94871781	4167.43589723	4174.74358961	4166.41025621	4139.61538441	4173.71794858	4144.9999998	4185.38461525	4149.9999998	4185.76923063	4158.205128	4178.58974345	4160.76923056	4193.3333332	
4184.61538448	4167.43589723	4172.69230756	4168.71794858	4139.87179467	4173.84615371	4143.205128	4174.87179474	4145.38461518	4178.97435884	4155.51282031	4169.48717935	4157.17948697	4188.3333332	
4184.99999986	4168.3333332	4178.20512807	4169.2307691	4142.43589723	4178.20512807	4149.9999998	4167.69230749	4147.56410236	4182.17948704	4157.82051262	4167.94871774	4157.56410236	4190.76923063	
4193.07692294	4172.17948704	4190.25641012	4172.05128192	4145.89743569	4187.56410243	4162.17948697	4179.87179474	4158.46153826	4193.71794858	4166.66666646	4177.30769217	4170.12820499	4205.12820506	
4196.15384602	4172.82051269	4192.4358973	4175.51282038	4147.3076921	4188.71794858	4163.46153826	4184.10256397	4161.02564082	4195.25641012	4168.46153833	4179.48717935	4172.94871781	4206.02564096	
4189.10256397	4168.58974345	4187.05128192	4170.38461525	4142.3076921	4181.5384614	4156.02564082	4172.82051269	4149.87179467	4188.46153833	4160.64102544	4171.15384602	4159.9999998	4192.82051269	
4184.99999986	4168.3333332	4186.41025628	4164.23076903	4134.10256383	4182.05128192	4156.66666646	4167.56410236	4149.23076903	4189.35897422	4160.12820492	4168.58974345	4157.56410236	4192.30769217	
4187.82051269	4168.3333332	4185.51282038	4162.3076921	4131.15384588	4186.5384614	4160.12820492	4166.66666646	4157.3076921	4192.17948704	4164.23076903	4168.58974345	4163.07692287	4200.76923063	
4187.17948704	4166.15384595	4182.69230756	4163.84615364	4134.35897408	4183.58974345	4155.89743569	4164.74358954	4155.76923056	4190.51282038	4165.38461518	4161.02564082	4159.74358954	4200.38461525	
4183.46153833	4166.79487159	4182.17948704	4166.02564082	4136.41025621	4177.94871781	4151.53846133	4160.64102544	4149.48717928	4187.05128192	4162.69230749	4154.1025639	4154.9999998	4196.15384602	
4184.2307691	4165.51282031	4180.64102551	4163.33333313	4133.71794844	4178.20512807	4152.17948697	4153.33333313	4148.84615364	4181.15384602	4158.97435877	4153.33333313	4157.43589723	4194.35897422	
4184.99999986	4163.84615364	4178.97435884	4163.33333313	4136.92307672	4181.5384614	4153.46153826	4149.1025639	4149.9999998	4180.51282038	4160.12820492	4151.79487159	4159.48717928	4194.10256397	
4183.3333332	4166.02564082	4178.46153833	4170.12820499	4144.9999998	4178.46153833	4149.9999998	4148.71794851	4148.84615364	4185.38461525	4163.33333313	4148.07692287	4157.3076921	4193.97435884	
4184.48717935	4169.74358961	4178.20512807	4175.12820499	4145.64102544	4175.64102551	4148.33333313	4144.23076903	4145.89743569	4182.30769217	4163.33333313	4141.79487159	4157.82051262	4190.51282038	
4187.94871781	4172.94871781	4182.4358973	4175.38461525	4144.74358954	4181.5384614	4154.87179467	4139.87179467	4144.9999998	4178.71794858	4161.15384595	4137.3076921	4158.58974339	4189.2307691	
4190.12820499	4174.87179474	4188.84615371	4176.15384602	4146.66666646	4189.61538448	4163.84615364	4141.41025621	4151.53846133	4184.2307691	4160.51282031	4139.61538441	4157.82051262	4194.87179474	
4188.07692294	4172.05128192	4184.99999986	4172.17948704	4143.84615364	4185.25641012	4160.64102544	4142.05128185	4151.92307672	4183.97435884	4161.15384595	4140.25641005	4159.48717928	4194.2307691	
4183.07692294	4168.3333332	4177.05128192	4164.87179467	4137.43589723	4175.12820499	4147.3076921	4138.71794851	4139.35897415	4174.2307691	4158.84615364	4134.35897408	4154.48717928	4183.07692294	
4180.89743576	4168.07692287	4174.87179474	4163.205128	4135.76923056	4173.46153833	4144.48717928	4133.0769228	4133.0769228	4170.38461525	4152.3076921	4130.64102537	4139.74358954	4177.56410243	
4182.05128192	4167.3076921	4178.46153833	4163.58974339	4136.41025621	4179.10256397	4153.46153826	4138.71794851	4140.38461518	4176.5384614	4150.89743569	4137.17948697	4142.94871774	4184.35897422	
4186.66666653	4167.43589723	4183.3333332	4165.89743569	4139.48717928	4184.2307691	4159.48717928	4152.69230749	4154.87179467	4187.69230756	4163.71794851	4148.58974339	4163.46153826	4195.76923063	
4191.5384614	4173.20512807	4185.76923063	4173.07692294	4143.71794851	4185.89743576	4159.23076903	4156.02564082	4160.12820492	4194.74358961	4172.69230756	4154.23076903	4168.71794858	4202.82051275	
4194.61538448	4180.89743576	4186.28205115	4177.56410243	4146.92307672	4184.87179474	4159.35897415	4158.71794851	4162.69230749	4199.48717935	4172.82051269	4157.43589723	4167.94871774	4207.05128199	
4197.69230756	4184.2307691	4183.97435884	4176.41025628	4149.9999998	4181.15384602	4156.15384595	4167.05128185	4172.4358973	4206.15384609	4177.94871781	4160.89743569	4179.87179474	4211.79487173	
4198.20512807	4182.69230756	4178.58974345	4178.07692294	4150.25641005	4177.30769217	4147.69230749	4164.61538441	4171.79487166	4201.28205122	4183.58974345	4159.74358954	4185.38461525	4210.64102558	
4194.74358961	4179.74358961	4174.10256397	4182.69230756	4153.07692287	4176.02564089	4143.97435877	4154.74358954	4161.41025621	4194.87179474	4185.76923063	4155.38461518	4178.71794858	4205.25641019	
4192.94871781	4180.51282038	4172.82051269	4183.07692294	4156.15384595	4173.20512807	4144.74358954	4157.17948697	4160.89743569	4197.4358973	4187.69230756	4154.9999998	4178.71794858	4205.12820506	
4195.12820499	4183.84615371	4174.74358961	4183.20512807	4157.69230749	4174.99999986	4147.17948697	4167.94871774	4166.15384595	4198.84615371	4190.25641012	4159.48717928	4184.48717935	4208.97435891	
4194.99999986	4180.64102551	4178.3333332	4184.10256397	4155.51282031	4179.61538448	4149.48717928	4170.38461525	4165.64102544	4197.82051269	4190.64102551	4162.05128185	4185.38461525	4210.51282045	
4189.2307691	4169.61538448	4174.87179474	4176.66666653	4144.87179467	4171.28205115	4143.97435877	4158.07692287	4156.79487159	4191.5384614	4181.02564089	4157.56410236	4174.2307691	4200.25641012	
4185.64102551	4164.61538441	4169.48717935	4166.79487159	4135.89743569	4164.1025639	4140.12820492	4149.1025639	4147.17948697	4182.17948704	4169.61538448	4151.53846133	4159.1025639	4189.2307691	
4189.61538448	4172.17948704	4174.74358961	4170.12820499	4141.79487159	4173.3333332	4145.76923056	4159.23076903	4155.64102544	4188.97435884	4174.99999986	4157.82051262	4165.51282031	4197.82051269	
4192.56410243	4176.5384614	4180.76923063	4176.92307679	4149.9999998	4180.64102551	4149.61538441	4168.97435884	4171.02564089	4202.94871788	4182.94871781	4167.69230749	4182.56410243	4211.53846147	
4190.76923063	4173.20512807	4180.38461525	4172.4358973	4145.89743569	4179.61538448	4151.66666646	4166.92307672	4164.74358954	4197.30769217	4173.84615371	4167.3076921	4180.38461525	4206.6666666	
4190.51282038	4171.66666653	4181.02564089	4170.12820499	4142.05128185	4180.12820499	4154.61538441	4167.43589723	4155.38461518	4188.20512807	4170.25641012	4165.25641005	4171.15384602	4198.71794858	
4191.02564089	4173.71794858	4183.58974345	4176.02564089	4146.41025621	4182.82051269	4153.46153826	4173.58974345	4161.92307672	4194.74358961	4180.64102551	4170.25641012	4174.87179474	4205.51282045	
4192.30769217	4176.41025628	4178.84615371	4179.87179474	4150.51282031	4182.05128192	4151.28205108	4174.61538448	4165.51282031	4199.61538448	4183.3333332	4172.30769217	4178.71794858	4211.02564096	
4193.97435884	4175.25641012	4175.76923063	4180.38461525	4150.64102544	4181.02564089	4153.46153826	4171.41025628	4159.1025639	4194.10256397	4177.69230756	4170.25641012	4175.51282038	4205.89743583	
4191.5384614	4172.82051269	4181.41025628	4180.76923063	4152.94871774	4180.76923063	4154.1025639	4172.17948704	4153.205128	4186.28205115	4177.05128192	4172.30769217	4173.46153833	4197.05128192	
4188.07692294	4176.92307679	4179.10256397	4181.41025628	4154.74358954	4179.99999986	4149.74358954	4174.10256397	4149.9999998	4183.07692294	4180.51282038	4172.30769217	4174.48717935	4193.46153833	
4187.94871781	4180.76923063	4164.61538441	4181.15384602	4152.17948697	4170.76923063	4141.41025621	4169.48717935	4147.17948697	4182.17948704	4179.61538448	4166.66666646	4173.3333332	4192.69230756	
4186.5384614	4174.35897422	4159.87179467	4179.10256397	4149.9999998	4162.43589723	4136.66666646	4168.3333332	4149.23076903	4185.76923063	4178.71794858	4168.46153833	4173.46153833	4192.56410243	
4184.99999986	4169.2307691	4173.3333332	4177.94871781	4150.38461518	4172.94871781	4145.64102544	4176.92307679	4154.48717928	4191.41025628	4180.38461525	4176.79487166	4176.28205115	4196.15384602	
4186.28205115	4171.28205115	4181.15384602	4178.07692294	4147.56410236	4180.51282038	4152.17948697	4178.3333332	4151.79487159	4185.25641012	4178.97435884	4176.28205115	4169.35897422	4196.5384614	
4185.25641012	4172.30769217	4171.02564089	4178.3333332	4146.02564082	4169.10256397	4142.56410236	4169.2307691	4144.9999998	4177.94871781	4175.51282038	4168.71794858	4159.87179467	4191.02564089	
4183.58974345	4173.3333332	4169.87179474	4177.05128192	4147.94871774	4169.74358961	4143.84615364	4166.02564082	4148.58974339	4184.35897422	4173.84615371	4166.53846133	4164.87179467	4190.64102551	
4187.69230756	4176.66666653	4185.38461525	4174.35897422	4145.64102544	4186.5384614	4161.28205108	4177.05128192	4159.1025639	4192.94871781	4177.56410243	4176.92307679	4174.99999986	4198.20512807	
4189.99999986	4173.97435884	4187.17948704	4171.92307679	4143.07692287	4184.48717935	4157.17948697	4186.28205115	4158.84615364	4192.82051269	4178.58974345	4187.30769217	4175.51282038	4200.38461525	
4183.07692294	4169.74358961	4171.66666653	4172.94871781	4143.46153826	4169.61538448	4139.61538441	4182.17948704	4151.92307672	4189.74358961	4174.2307691	4181.41025628	4172.82051269	4197.30769217	
4180.89743576	4170.64102551	4179.61538448	4171.02564089	4140.25641005	4180.51282038	4154.74358954	4180.38461525	4157.05128185	4192.56410243	4176.92307679	4176.92307679	4174.61538448	4202.30769224	
4185.76923063	4171.5384614	4193.20512807	4164.87179467	4135.38461518	4191.92307679	4168.71794858	4182.05128192	4161.92307672	4194.48717935	4182.30769217	4179.35897422	4174.87179474	4203.71794865	
4185.76923063	4170.51282038	4174.48717935	4168.20512807	4138.07692287	4172.82051269	4143.71794851	4175.76923063	4151.53846133	4185.51282038	4170.89743576	4174.35897422	4165.51282031	4192.30769217	
4185.64102551	4175.89743576	4161.28205108	4177.94871781	4147.05128185	4161.53846133	4130.25640998	4164.74358954	4143.71794851	4175.76923063	4158.205128	4164.35897415	4156.92307672	4186.92307679	
4186.66666653	4178.20512807	4178.46153833	4178.58974345	4147.56410236	4178.46153833	4148.84615364	4158.07692287	4146.28205108	4175.76923063	4165.76923056	4158.205128	4160.51282031	4191.15384602	
4183.71794858	4171.41025628	4183.97435884	4171.5384614	4140.64102544	4183.20512807	4153.46153826	4153.84615364	4144.35897415	4179.2307691	4170.76923063	4152.82051262	4162.94871774	4188.46153833	
4183.71794858	4173.58974345	4171.5384614	4173.84615371	4144.61538441	4171.02564089	4143.07692287	4151.66666646	4142.94871774	4182.05128192	4162.94871774	4149.87179467	4155.12820492	4186.41025628	
4189.48717935	4182.30769217	4177.94871781	4182.56410243	4154.35897415	4177.17948704	4150.76923056	4148.58974339	4144.74358954	4179.74358961	4157.56410236	4145.89743569	4151.15384595	4192.30769217	
4190.76923063	4181.5384614	4197.30769217	4181.79487166	4151.41025621	4196.5384614	4168.3333332	4139.35897415	4144.87179467	4177.82051269	4159.9999998	4137.05128185	4156.53846133	4192.69230756	
4187.30769217	4178.97435884	4197.69230756	4176.41025628	4144.48717928	4196.92307679	4168.3333332	4137.69230749	4151.02564082	4187.94871781	4167.94871774	4138.07692287	4163.46153826	4192.82051269	
4187.69230756	4180.64102551	4182.30769217	4179.10256397	4148.97435877	4180.76923063	4151.02564082	4138.33333313	4155.64102544	4192.4358973	4169.87179474	4139.87179467	4163.84615364	4196.28205115	
4187.30769217	4178.07692294	4169.99999986	4182.4358973	4150.64102544	4169.35897422	4140.64102544	4125.38461511	4146.15384595	4178.97435884	4160.51282031	4126.53846126	4155.89743569	4189.35897422	
4184.48717935	4171.79487166	4169.74358961	4175.89743576	4145.64102544	4170.76923063	4146.28205108	4112.69230742	4137.82051262	4169.61538448	4151.66666646	4109.74358947	4147.43589723	4177.82051269	
4184.61538448	4170.12820499	4179.61538448	4172.56410243	4143.205128	4176.66666653	4140.76923056	4093.20512786	4135.76923056	4178.07692294	4152.82051262	4102.94871767	4145.12820492	4181.02564089	
4187.56410243	4175.64102551	4186.5384614	4178.71794858	4144.87179467	4188.46153833	4163.84615364	4104.99999973	4148.46153826	4180.12820499	4161.15384595	4109.10256383	4151.66666646	4194.10256397	
4188.07692294	4178.71794858	4177.4358973	4180.12820499	4158.58974339	4193.20512807	4200.51282038	4153.205128	4154.61538441	4175.12820499	4160.51282031	4108.46153819	4155.76923056	4195.12820499	
4184.2307691	4171.02564089	4163.97435877	4170.64102551	4180.38461525	4180.51282038	4172.82051269	4140.64102544	4119.74358947	4183.46153833	4150.12820492	4089.99999966	4149.35897415	4182.30769217	
4179.87179474	4168.3333332	4166.92307672	4169.10256397	4187.05128192	4183.3333332	4159.9999998	4143.97435877	4124.8717946	4181.15384602	4150.12820492	4075.51282017	4146.41025621	4174.61538448	
4179.74358961	4176.92307679	4175.12820499	4178.20512807	4181.5384614	4189.74358961	4179.74358961	4181.41025628	4162.05128185	4182.30769217	4163.205128	4074.35897402	4158.46153826	4179.99999986	
4183.3333332	4178.3333332	4179.35897422	4179.48717935	4185.89743576	4181.41025628	4172.17948704	4170.76923063	4154.9999998	4201.6666666	4169.35897422	4078.58974325	4170.12820499	4190.64102551	
4186.41025628	4172.94871781	4184.61538448	4173.84615371	4190.76923063	4182.69230756	4168.58974345	4168.97435884	4150.64102544	4196.41025628	4158.84615364	4078.46153812	4165.76923056	4194.74358961	
4185.25641012	4170.64102551	4176.92307679	4173.84615371	4187.05128192	4184.48717935	4168.97435884	4166.41025621	4144.61538441	4179.61538448	4147.56410236	4064.10256369	4154.23076903	4185.51282038	
4183.3333332	4171.92307679	4166.15384595	4178.97435884	4187.82051269	4184.48717935	4173.20512807	4158.33333313	4136.28205108	4181.66666653	4148.46153826	4048.7179483	4151.02564082	4178.20512807	
