4263.97435898	4222.82051275	4185.64102551	4207.30769224	4219.99999993	4223.20512814	4267.94871802	4582.56410326	5001.28205288	4377.17948746	4948.71795018	4427.0512824	5027.82051449	4294.2307693	
4267.43589751	4222.82051275	4187.05128192	4208.71794865	4222.5641025	4222.69230763	4271.66666674	4583.84615454	4996.02564263	4386.28205156	4941.41025787	4427.43589779	5020.38461699	4295.25641033	
4271.0256411	4221.28205122	4181.15384602	4211.79487173	4221.92307686	4229.10256404	4265.64102564	4580.76923147	4989.87179647	4387.05128233	4933.20512967	4425.64102599	5010.76923237	4294.2307693	
4273.20512828	4223.84615378	4179.61538448	4209.23076917	4220.25641019	4226.15384609	4271.0256411	4582.94871865	4988.84615545	4391.53846182	4934.10256557	4431.2820517	5009.23077083	4298.07692315	
4270.64102571	4222.30769224	4177.56410243	4206.02564096	4223.07692301	4229.48717942	4277.17948725	4582.17948788	4986.6666682	4404.74359009	4927.30769377	4428.20512856	5005.76923237	4296.28205136	
4273.33333341	4221.15384609	4172.94871781	4205.12820506	4229.48717942	4240.8974359	4279.87179495	4584.87179557	4989.61538622	4415.64102599	4931.66666813	4427.69230804	5010.38461699	4295.64102571	
4276.923077	4220.12820506	4169.74358961	4201.53846147	4226.92307686	4237.6923077	4274.61538469	4591.41025711	4994.23077083	4417.9487183	4939.74359121	4431.92307734	5015.51282211	4300.89743604	
4274.35897443	4217.17948711	4169.10256397	4195.12820499	4218.07692301	4226.53846147	4267.30769238	4586.79487249	4986.15384769	4415.25641061	4931.15384762	4426.92307727	5003.97436058	4297.82051289	
4266.923077	4212.94871788	4165.76923056	4188.20512807	4210.51282045	4226.53846147	4265.38461539	4574.1025648	4969.48718102	4417.30769266	4914.23077062	4414.23076958	4985.7692323	4283.07692315	
4265.12820513	4211.92307686	4161.66666646	4187.4358973	4209.87179481	4232.5641025	4269.61538469	4573.84615454	4967.5641041	4426.28205163	4910.51282191	4412.0512824	4983.20512974	4280.00000007	
4274.48717956	4217.43589737	4163.46153826	4193.97435884	4221.92307686	4240.0	4275.51282059	4586.02564172	4978.71795025	4437.69230811	4919.87179627	4419.23076958	4994.87179647	4292.56410264	
4283.97435905	4220.89743583	4164.87179467	4197.4358973	4236.15384616	4247.30769231	4280.76923084	4595.1282059	4982.94871948	4446.41025683	4925.89743736	4421.28205163	4997.56410417	4297.56410264	
4285.1282052	4216.79487173	4162.3076921	4193.71794858	4238.84615385	4249.87179488	4282.56410264	4597.30769308	4981.41025794	4456.15384657	4930.25641172	4422.69230804	4993.46154006	4294.10256418	
4285.00000007	4215.12820506	4161.28205108	4193.46153833	4236.7948718	4250.12820513	4278.97435905	4597.30769308	4985.00000153	4465.76923126	4936.538463	4428.07692343	4995.38461699	4297.82051289	
4292.43589751	4221.92307686	4160.12820492	4197.94871781	4240.64102564	4256.66666667	4281.28205136	4597.4358982	4985.7692323	4466.53846203	4932.4358989	4429.23076958	4993.58974519	4306.53846168	
4298.33333341	4226.41025634	4159.1025639	4199.48717935	4243.58974359	4261.7948718	4291.0256411	4602.69230846	4985.51282205	4470.00000049	4931.538463	4429.87179522	4993.33333494	4310.00000014	
4297.05128212	4222.30769224	4160.25641005	4201.92307686	4240.12820513	4259.74358975	4289.61538469	4609.74359051	4993.58974519	4487.3076928	4948.58974505	4440.38461581	5004.35897596	4313.33333348	
4295.38461546	4219.61538455	4157.94871774	4202.5641025	4236.15384616	4258.97435898	4283.58974366	4612.69230846	5001.66666827	4498.20512876	4961.53846307	4450.51282093	5011.66666827	4320.76923091	
4301.41025655	4218.20512814	4154.35897415	4201.41025634	4240.51282052	4264.35897436	4291.79487187	4616.92307769	5003.58974519	4501.02564159	4961.92307846	4450.76923119	5008.20512981	4328.58974373	
4309.10256425	4217.69230763	4156.28205108	4204.35897429	4248.84615385	4267.05128212	4301.28205142	4619.35897513	5003.58974519	4511.66666723	4965.7692323	4453.33333375	5009.23077083	4328.84615399	
4311.41025655	4224.87179481	4159.35897415	4208.4615384	4254.48717949	4268.20512828	4301.92307707	4622.05128282	5011.92307853	4525.25641082	4978.84615538	4465.89743639	5022.56410424	4331.92307707	
4315.38461553	4229.23076917	4159.48717928	4211.53846147	4258.71794872	4273.46153853	4305.51282066	4631.6666675	5023.84615552	4532.43589807	4987.82051435	4478.2051287	5032.43589911	4342.43589765	
4319.3589745	4222.17948711	4160.25641005	4210.64102558	4259.10256411	4279.10256418	4310.76923091	4637.30769315	5025.89743757	4537.17948781	4986.28205281	4478.33333382	5029.61538629	4346.53846175	
4317.56410271	4217.43589737	4157.43589723	4203.4615384	4258.33333334	4280.38461546	4311.53846168	4635.89743674	5022.17948885	4542.82051345	4986.6666682	4474.35897485	5028.97436065	4342.82051303	
4312.82051296	4219.10256404	4152.56410236	4196.92307679	4257.05128206	4275.00000007	4305.76923091	4629.3589752	5015.25641186	4542.43589807	4987.30769384	4470.512821	5026.66666834	4336.28205149	
4313.07692322	4220.64102558	4152.82051262	4198.20512807	4249.87179488	4270.76923084	4301.02564117	4620.64102641	5002.30769391	4537.56410319	4977.05128358	4464.23076972	5011.15384776	4330.12820527	
4317.43589758	4221.79487173	4150.89743569	4197.17948704	4245.51282052	4271.41025648	4302.82051296	4618.46153923	4996.41025801	4537.82051345	4970.38461692	4462.43589786	5002.05128365	4329.87179501	
4316.66666681	4218.97435891	4142.43589723	4191.5384614	4248.97435898	4268.97435905	4303.58974373	4621.02564179	4998.97436058	4543.20512883	4973.33333487	4464.61538511	5003.71795032	4330.12820527	
4312.94871809	4217.17948711	4139.48717928	4193.46153833	4249.10256411	4266.02564103	4300.64102578	4620.89743667	5000.51282211	4546.6666673	4976.92307846	4464.48717998	5004.74359135	4328.97435912	
4317.56410271	4219.10256404	4142.43589723	4196.15384602	4249.23076923	4272.94871802	4305.89743604	4625.51282128	5008.71795032	4553.9743596	4985.64102717	4466.92307741	5009.1025657	4330.12820527	
4324.48717963	4217.69230763	4139.1025639	4193.07692294	4254.23076923	4276.923077	4312.69230784	4634.48718032	5015.25641186	4561.6666673	4990.8974375	4473.84615434	5011.02564263	4334.10256431	
4320.89743604	4214.35897429	4132.82051255	4191.41025628	4250.0	4268.71794879	4305.89743604	4633.58974443	5009.23077083	4557.82051345	4985.00000153	4476.66666716	5008.58974519	4332.17948732	
4322.30769245	4218.07692301	4137.17948697	4194.87179474	4246.15384616	4269.61538469	4302.17948732	4633.33333417	5009.61538622	4556.41025704	4987.30769384	4478.33333382	5007.17948878	4329.10256425	
4330.64102578	4220.89743583	4144.87179467	4202.17948711	4257.05128206	4281.66666674	4311.1538463	4641.6666675	5019.23077083	4566.79487249	4998.71795032	4488.58974408	5007.17948878	4334.61538483	
4331.66666681	4219.99999993	4144.23076903	4208.4615384	4263.07692308	4286.28205136	4316.41025655	4646.6666675	5022.05128372	4569.61538531	5000.25641186	4496.66666723	5005.8974375	4337.17948739	
4328.07692322	4224.74358968	4138.84615364	4211.28205122	4258.33333334	4285.25641033	4315.2564104	4646.41025725	5021.28205288	4563.46153916	4997.56410417	4492.56410305	5002.94871955	4331.66666681	
4325.89743604	4228.07692301	4134.48717921	4209.74358968	4259.87179488	4286.0256411	4316.1538463	4642.82051366	5018.84615545	4565.25641096	4998.33333494	4487.05128254	4996.66666827	4328.07692322	
4326.66666681	4226.53846147	4133.9743587	4207.43589737	4266.79487187	4286.41025648	4316.79487194	4641.02564186	5012.94871955	4575.76923147	4994.61538622	4489.74359023	4993.33333494	4330.64102578	
4326.53846168	4223.71794865	4134.10256383	4209.23076917	4270.25641033	4288.07692315	4309.74358989	4641.92307776	5011.15384776	4583.58974429	4988.71795032	4490.25641075	4991.7948734	4328.84615399	
4325.64102578	4221.79487173	4132.69230742	4206.6666666	4271.79487187	4289.74358982	4307.94871809	4641.92307776	5010.76923237	4583.71794942	4987.94871948	4482.82051331	4985.7692323	4324.87179501	
4325.76923091	4221.41025634	4132.82051255	4198.97435884	4268.46153853	4282.94871802	4311.92307707	4638.71794956	5005.8974375	4575.8974366	4987.17948871	4478.07692357	4986.53846307	4325.64102578	
4324.23076937	4219.61538455	4138.46153826	4198.07692294	4259.74358975	4273.46153853	4306.53846168	4638.4615393	5019.74359135	4564.74359044	5003.33333494	4480.38461587	5009.23077083	4321.92307707	
4318.07692322	4220.25641019	4141.28205108	4202.82051275	4254.61538462	4270.89743597	4298.58974366	4646.41025725	5063.84615559	4559.35897499	5045.38461706	4486.92307741	5044.35897603	4313.84615399	
4311.79487194	4222.17948711	4139.87179467	4201.92307686	4253.84615385	4271.0256411	4297.56410264	4652.17948802	5089.61538643	4551.92307755	5068.97436072	4487.94871844	5061.53846328	4306.1538463	
4309.87179501	4223.33333327	4141.53846133	4201.15384609	4253.07692308	4267.82051289	4297.94871802	4649.48718032	5081.92307866	4542.69230832	5063.07692482	4483.58974408	5057.94871969	4301.79487194	
4305.00000014	4220.25641019	4142.94871774	4202.30769224	4251.53846154	4265.38461539	4294.2307693	4643.07692391	5076.15384789	4540.89743653	5057.82051456	4483.33333382	5051.92307859	4295.25641033	
4298.07692315	4218.33333327	4141.15384595	4198.84615371	4251.28205129	4266.66666674	4294.2307693	4638.71794956	5075.256412	4539.10256473	5055.38461713	4481.02564152	5046.41025808	4287.05128212	
4293.46153853	4218.07692301	4138.205128	4194.99999986	4248.07692308	4266.28205129	4292.56410264	4637.82051366	5068.97436072	4536.6666673	5048.333335	4471.79487229	5039.35897603	4282.82051289	
4285.1282052	4215.12820506	4135.12820485	4191.15384602	4241.66666667	4259.61538462	4285.25641033	4630.38461622	5059.74359148	4533.9743596	5038.97436065	4462.56410298	5030.1282068	4273.97435905	
4277.43589751	4215.64102558	4132.17948691	4191.02564089	4245.0	4257.56410257	4283.97435905	4624.23077	5050.64102731	4530.7692314	5029.87179654	4462.30769273	5021.92307859	4265.12820513	
4277.94871802	4218.84615378	4129.48717921	4196.92307679	4247.56410257	4264.48717949	4285.25641033	4624.35897513	5042.69230936	4532.43589807	5020.8974375	4459.10256452	5014.48718109	4262.6923077	
4278.46153853	4213.07692301	4125.12820485	4192.4358973	4238.07692308	4260.38461539	4280.1282052	4616.92307769	5031.0256427	4531.41025704	5011.53846314	4448.33333375	5000.8974375	4255.8974359	
4273.33333341	4203.97435891	4116.92307665	4180.76923063	4236.28205129	4246.28205129	4272.05128212	4604.10256487	5015.76923237	4518.84615441	4995.25641186	4440.76923119	4982.94871948	4245.38461539	
4267.17948725	4204.87179481	4112.69230742	4179.48717935	4243.84615385	4245.25641026	4270.38461546	4598.46153923	5007.56410417	4506.79487235	4981.79487333	4433.46153888	4975.51282205	4242.82051282	
4261.28205129	4207.05128199	4111.66666639	4179.74358961	4238.46153847	4250.64102564	4271.28205136	4594.74359044	5002.17948878	4506.5384621	4974.10256564	4422.30769266	4973.58974512	4240.12820513	
4259.74358975	4202.69230763	4105.64102537	4176.28205115	4227.05128199	4248.33333334	4268.33333341	4589.23076993	4990.0000016	4509.10256466	4965.12820666	4415.00000035	4962.69230922	4232.30769224	
4262.30769231	4202.30769224	4104.48717921	4176.5384614	4229.87179481	4244.61538462	4265.51282052	4588.2051289	4982.43589897	4511.5384621	4961.28205281	4418.71794907	4954.74359121	4234.35897436	
4262.30769231	4206.41025634	4109.8717946	4180.25641012	4236.92307693	4244.61538462	4266.15384616	4586.53846224	4984.48718102	4516.79487235	4967.05128358	4425.25641061	4958.46153999	4242.94871795	
4262.94871795	4207.82051275	4111.66666639	4184.10256397	4236.92307693	4242.56410257	4264.48717949	4585.76923147	4991.41025801	4524.35897492	4976.41025794	4429.48717984	4965.25641179	4246.15384616	
4266.53846154	4205.25641019	4111.92307665	4186.28205115	4233.07692301	4240.0	4258.84615385	4589.61538531	4995.0000016	4532.17948781	4978.33333487	4433.33333375	4962.05128358	4246.15384616	
4268.97435905	4205.25641019	4112.82051255	4187.69230756	4230.25641019	4240.64102564	4258.71794872	4589.1025648	4987.17948871	4535.64102627	4972.5641041	4436.15384657	4952.94871941	4250.64102564	
4267.94871802	4207.43589737	4112.69230742	4189.87179474	4231.6666666	4238.33333334	4262.6923077	4586.28205198	4981.41025794	4535.00000063	4971.6666682	4436.92307734	4951.66666813	4254.10256411	
4265.51282052	4207.5641025	4116.79487152	4188.97435884	4229.61538455	4234.10256411	4258.97435898	4584.74359044	4983.58974512	4531.02564165	4972.17948871	4433.0769235	4950.76923223	4248.07692308	
4263.58974359	4207.43589737	4122.82051255	4181.79487166	4224.23076917	4236.28205129	4252.82051282	4577.05128275	4973.71795025	4521.66666723	4959.35897589	4422.9487183	4938.07692454	4234.23076923	
4262.30769231	4208.4615384	4121.02564075	4179.74358961	4226.53846147	4241.92307693	4253.84615385	4568.84615454	4959.61538615	4517.56410312	4946.28205275	4416.02564138	4925.12820659	4226.53846147	
4262.56410257	4208.07692301	4117.82051255	4181.79487166	4227.82051275	4237.94871795	4253.46153847	4567.69230839	4956.41025794	4522.94871851	4943.71795018	4415.12820548	4923.07692454	4229.48717942	
4263.84615385	4206.79487173	4119.48717921	4175.51282038	4218.71794865	4228.20512814	4248.84615385	4566.79487249	4950.25641172	4518.46153902	4936.79487326	4413.97435933	4917.17948857	4229.99999993	
4265.38461539	4207.30769224	4120.89743562	4170.89743576	4217.17948711	4231.79487173	4252.6923077	4564.48718019	4940.12820659	4507.94871851	4928.97436044	4414.23076958	4907.43589883	4226.41025634	
4264.61538462	4204.10256404	4120.89743562	4174.48717935	4225.25641019	4237.05128206	4257.05128206	4562.82051352	4935.51282198	4508.33333389	4925.12820659	4412.0512824	4903.46153986	4224.10256404	
4262.43589744	4198.20512807	4118.46153819	4170.64102551	4222.30769224	4229.23076917	4250.51282052	4560.38461601	4928.97436044	4510.38461594	4914.74359114	4406.41025676	4899.87179627	4221.92307686	
4257.82051282	4197.17948704	4112.56410229	4159.87179467	4212.69230763	4221.02564096	4244.10256411	4558.07692371	4918.07692447	4502.30769287	4905.12820652	4400.51282086	4892.05128344	4217.69230763	
4249.87179488	4194.99999986	4108.84615357	4153.58974339	4207.69230763	4217.94871788	4242.82051282	4550.38461601	4908.71795011	4492.05128254	4897.3076937	4390.64102592	4877.43589876	4208.84615378	
4243.33333334	4191.02564089	4109.61538434	4151.15384595	4204.23076917	4215.89743583	4243.07692308	4542.43589807	4902.43589883	4493.07692357	4885.51282184	4383.46153874	4865.00000132	4204.61538455	
4243.97435898	4192.94871781	4109.74358947	4152.82051262	4203.97435891	4217.05128199	4246.15384616	4545.51282114	4902.69230909	4503.33333389	4885.51282184	4388.33333362	4867.82051414	4212.94871788	
4250.38461539	4199.74358961	4111.92307665	4152.43589723	4207.94871788	4219.74358968	4247.94871795	4551.79487242	4908.33333473	4510.51282107	4896.02564242	4391.41025669	4877.56410389	4219.48717942	
4250.51282052	4200.64102551	4112.56410229	4149.9999998	4213.97435891	4220.12820506	4246.28205129	4552.05128268	4911.4102578	4511.92307748	4899.35897575	4384.74359003	4877.1794885	4215.64102558	
4247.56410257	4198.97435884	4110.89743562	4156.53846133	4218.84615378	4221.79487173	4246.53846154	4551.02564165	4911.02564242	4514.35897492	4897.69230909	4386.53846182	4870.12820645	4216.53846147	
4255.0	4201.6666666	4114.23076896	4164.48717928	4222.82051275	4225.64102558	4248.46153847	4550.7692314	4910.89743729	4516.41025697	4898.84615524	4397.05128233	4871.02564235	4222.5641025	
4263.71794872	4199.2307691	4114.48717921	4160.64102544	4224.99999993	4222.82051275	4245.8974359	4550.12820576	4911.28205268	4517.17948774	4901.15384755	4398.8461542	4873.58974491	4226.53846147	
4263.20512821	4195.25641012	4111.28205101	4154.48717928	4220.38461532	4218.20512814	4244.74358975	4549.61538524	4911.4102578	4522.69230825	4901.92307832	4397.17948746	4871.66666799	4231.28205122	
4263.33333334	4200.76923063	4114.48717921	4158.46153826	4217.05128199	4218.97435891	4243.33333334	4548.46153909	4912.3076937	4530.12820576	4903.71795011	4402.0512824	4872.05128338	4238.20512821	
4266.53846154	4201.15384609	4116.02564075	4164.23076903	4216.53846147	4218.20512814	4236.53846154	4545.7692314	4910.25641165	4532.05128268	4901.15384755	4404.74359009	4869.74359107	4236.7948718	
4267.17948725	4192.30769217	4112.05128178	4162.43589723	4213.07692301	4213.07692301	4234.48717949	4543.20512883	4903.07692447	4528.58974415	4890.64102703	4400.00000035	4860.51282184	4230.89743583	
4267.56410264	4191.66666653	4111.53846126	4154.9999998	4211.15384609	4213.4615384	4238.20512821	4539.74359037	4897.69230909	4527.56410312	4879.48718081	4395.51282079	4853.8461551	4231.53846147	
4266.41025641	4197.56410243	4112.17948691	4150.64102544	4210.64102558	4213.97435891	4233.07692301	4534.48718012	4896.92307832	4528.20512876	4875.64102697	4393.58974387	4852.82051408	4229.61538455	
4264.48717949	4193.58974345	4109.61538434	4150.76923056	4208.33333327	4208.71794865	4225.64102558	4528.97435953	4895.00000139	4525.89743646	4874.48718081	4391.28205156	4847.9487192	4220.38461532	
4261.66666667	4184.48717935	4108.33333306	4147.17948697	4207.30769224	4208.84615378	4229.87179481	4526.92307748	4886.53846286	4520.38461594	4864.23077055	4383.717949	4836.28205254	4211.53846147	
4252.6923077	4183.97435884	4105.38461511	4140.89743569	4205.38461532	4210.89743583	4230.38461532	4521.02564159	4874.8717962	4509.23076979	4847.9487192	4368.46153874	4826.66666792	4202.17948711	
4243.97435898	4186.79487166	4097.17948684	4136.53846133	4200.38461525	4208.20512814	4220.7692307	4511.5384621	4863.84615517	4503.20512876	4835.12820638	4358.07692329	4817.56410375	4190.38461525	
4243.33333334	4182.69230756	4094.48717914	4132.69230742	4197.69230756	4206.6666666	4218.4615384	4511.5384621	4858.9743603	4509.35897492	4833.46153972	4361.53846175	4812.30769349	4183.84615371	
4245.12820513	4176.66666653	4100.38461504	4132.69230742	4194.61538448	4204.35897429	4221.28205122	4518.20512876	4864.61538594	4516.79487235	4841.15384741	4364.61538483	4817.05128324	4183.46153833	
4246.66666667	4178.84615371	4102.82051255	4140.64102544	4196.28205115	4203.84615378	4222.43589737	4522.82051338	4877.94871927	4522.30769287	4850.51282177	4366.15384644	4826.66666792	4186.92307679	
4251.15384616	4186.15384602	4104.61538434	4146.79487159	4208.4615384	4208.20512814	4223.71794865	4526.92307748	4888.33333466	4528.58974415	4863.58974491	4377.17948746	4835.6410269	4191.41025628	
4257.17948718	4186.92307679	4107.82051255	4148.07692287	4213.97435891	4208.71794865	4224.35897429	4529.23076986	4891.53846293	4534.74359037	4872.43589876	4387.30769259	4841.79487305	4189.87179474	
4262.17948718	4184.48717935	4109.48717921	4151.79487159	4203.07692301	4203.4615384	4219.74358968	4524.10256466	4887.30769363	4536.92307755	4863.58974491	4385.00000028	4837.69230895	4186.79487166	
4262.17948718	4183.3333332	4109.48717921	4152.56410236	4193.97435884	4197.94871781	4214.74358968	4515.25641082	4872.69230902	4528.71794928	4846.02564228	4376.41025669	4822.05128324	4179.74358961	
4256.15384616	4181.66666653	4104.74358947	4150.12820492	4197.30769217	4191.66666653	4210.89743583	4504.48718005	4859.35897568	4516.02564159	4837.69230895	4371.02564131	4810.38461657	4162.05128185	
4248.97435898	4176.15384602	4100.76923043	4147.69230749	4193.3333332	4187.69230756	4204.74358968	4491.92307741	4849.87179613	4509.10256466	4831.41025766	4364.4871797	4804.6153858	4144.61538441	
4246.15384616	4170.76923063	4098.8461535	4143.84615364	4185.12820499	4186.79487166	4201.53846147	4487.43589793	4841.15384741	4506.02564159	4820.64102683	4357.43589765	4798.07692426	4138.46153826	
4246.66666667	4170.76923063	4097.94871761	4141.28205108	4182.82051269	4182.69230756	4202.17948711	4486.53846203	4834.743591	4499.7435903	4816.28205247	4355.51282073	4793.84615503	4138.33333313	
4247.56410257	4172.56410243	4098.8461535	4141.79487159	4173.58974345	4176.92307679	4198.71794858	4476.66666716	4821.53846272	4491.92307741	4808.20512939	4352.30769252	4782.94871906	4131.53846126	
4241.53846154	4173.07692294	4097.30769196	4142.3076921	4169.2307691	4171.66666653	4191.79487166	4465.25641075	4801.4102576	4489.48717998	4790.25641137	4344.61538483	4761.53846265	4111.92307665	
4235.0	4174.35897422	4096.92307658	4144.1025639	4171.5384614	4166.28205108	4183.58974345	4459.61538504	4782.43589855	4488.84615434	4772.05128317	4334.23076944	4742.82051387	4083.97435863	
4236.7948718	4173.07692294	4097.56410222	4145.64102544	4170.51282038	4170.38461525	4182.94871781	4458.71794914	4773.71794983	4485.76923126	4764.10256522	4332.94871816	4735.89743694	4065.64102523	
4239.48717949	4168.58974345	4096.92307658	4142.17948697	4171.5384614	4176.92307679	4183.20512807	4456.79487222	4770.3846165	4483.58974408	4761.53846265	4337.05128226	4732.0512831	4059.10256369	
4241.66666667	4170.25641012	4097.05128171	4144.1025639	4169.61538448	4170.76923063	4174.87179474	4449.35897478	4762.05128317	4477.43589793	4753.33333438	4334.10256431	4723.84615482	4051.02564061	
4246.15384616	4174.74358961	4099.23076889	4152.3076921	4163.58974339	4166.53846133	4169.61538448	4443.71794914	4751.28205233	4466.02564152	4746.02564207	4331.28205142	4718.33333431	4048.07692266	
4242.94871795	4171.66666653	4096.53846119	4146.28205108	4157.56410236	4166.79487159	4170.89743576	4438.0769235	4740.38461643	4456.66666709	4735.76923182	4324.61538476	4708.20512918	4047.94871754	
4230.12820506	4164.61538441	4086.92307658	4131.92307665	4151.79487159	4159.35897415	4164.87179467	4423.8461542	4725.25641123	4446.53846196	4717.30769328	4309.48717963	4687.05128296	4038.84615343	
4222.17948711	4160.12820492	4079.7435894	4128.33333306	4148.205128	4153.205128	4154.23076903	4409.35897471	4706.28205226	4428.97435933	4700.25641123	4296.66666674	4665.64102655	4028.20512772	
4219.48717942	4159.74358954	4076.28205094	4124.61538434	4148.07692287	4151.79487159	4151.79487159	4403.33333368	4690.64102655	4417.82051317	4687.43589834	4288.07692315	4653.4615393	4026.53846106	
4216.79487173	4158.205128	4073.97435863	4118.0769228	4146.28205108	4147.94871774	4149.48717928	4402.56410292	4683.97435988	4421.92307727	4679.48718039	4285.51282059	4648.4615393	4028.33333285	
4216.53846147	4155.64102544	4075.25640991	4120.7692305	4139.87179467	4142.94871774	4144.1025639	4395.38461567	4675.76923168	4417.17948753	4671.15384706	4285.51282059	4638.4615393	4022.82051234	
4214.35897429	4155.89743569	4074.61538427	4121.92307665	4137.17948697	4142.43589723	4143.84615364	4382.43589772	4659.3589752	4401.02564138	4658.33333417	4277.56410264	4621.92307769	4014.35897388	
4210.7692307	4155.12820492	4069.6153842	4114.99999973	4141.79487159	4145.25641005	4144.48717928	4378.46153874	4648.07692391	4397.43589772	4649.10256494	4270.76923084	4613.97435974	4015.25640977	
4207.69230763	4154.1025639	4068.20512779	4113.84615357	4142.05128185	4140.25641005	4139.61538441	4379.10256438	4644.74359058	4394.74359003	4642.5641034	4269.74358982	4610.89743667	4016.2820508	
4207.17948711	4155.64102544	4067.43589702	4117.30769203	4133.9743587	4132.05128178	4136.02564082	4370.38461567	4632.30769315	4381.53846182	4627.30769308	4263.33333334	4598.71794949	4008.58974311	
4205.25641019	4153.46153826	4062.56410215	4112.69230742	4126.92307665	4130.38461511	4136.28205108	4359.23076944	4616.41025718	4372.56410285	4609.74359051	4253.97435898	4583.58974429	4002.9487174	
4200.76923063	4150.89743569	4060.25640984	4109.61538434	4124.10256383	4130.51282024	4131.79487152	4355.51282073	4612.56410333	4370.00000028	4603.97435974	4252.17948718	4579.87179557	4003.20512765	
4201.02564096	4152.56410236	4058.84615343	4111.79487152	4122.56410229	4126.28205101	4126.66666639	4356.79487201	4613.3333341	4366.79487208	4603.20512897	4253.20512821	4579.23076993	4007.94871747	
4194.87179474	4148.84615364	4051.410256	4107.30769203	4118.46153819	4118.20512793	4123.0769228	4351.92307714	4606.28205205	4359.87179508	4595.00000077	4245.76923077	4570.12820583	4006.92307644	
4184.87179474	4140.89743569	4045.12820472	4099.23076889	4113.46153819	4112.17948691	4116.15384588	4342.30769252	4593.2051289	4353.46153867	4578.71794942	4233.84615385	4554.8717955	3998.97435842	
4186.41025628	4137.82051262	4044.74358933	4093.33333299	4109.48717921	4109.99999973	4108.9743587	4336.15384637	4577.56410326	4347.82051303	4563.71794942	4225.51282045	4539.61538524	3996.79487124	
4183.07692294	4136.66666646	4040.64102523	4087.30769196	4101.92307658	4103.71794844	4103.84615357	4325.38461553	4563.2051289	4335.12820534	4549.10256473	4217.5641025	4524.87179543	3993.71794817	
4168.20512807	4137.69230749	4036.92307651	4084.61538427	4094.87179453	4095.38461504	4100.25640991	4312.30769245	4557.05128268	4326.79487194	4536.92307755	4211.41025634	4517.69230825	3983.84615329	
4167.82051262	4137.17948697	4038.07692266	4087.43589709	4094.99999966	4094.61538427	4097.56410222	4310.38461553	4555.38461601	4328.20512835	4534.10256473	4207.30769224	4517.56410312	3977.56410201	
4171.15384602	4130.51282024	4035.76923029	4082.56410222	4093.20512786	4094.23076889	4094.61538427	4309.48717963	4550.00000063	4324.23076937	4528.97435953	4200.64102551	4510.6410262	3975.38461483	
4161.15384595	4130.12820485	4034.487179	4075.89743555	4086.92307658	4086.28205094	4090.76923043	4301.92307707	4544.74359037	4313.4615386	4522.17948774	4193.46153833	4504.10256466	3969.99999938	
4161.15384595	4135.51282031	4039.35897395	4079.48717914	4082.05128171	4082.30769196	4092.69230735	4301.92307707	4546.92307755	4311.53846168	4526.15384671	4194.61538448	4510.51282107	3966.66666605	
4168.46153833	4133.20512793	4042.43589702	4078.58974325	4081.28205094	4082.94871761	4095.12820478	4311.02564117	4552.05128268	4313.07692322	4531.6666673	4197.4358973	4515.89743646	3970.64102502	
4159.1025639	4127.69230742	4038.33333292	4070.6410253	4083.07692273	4077.43589709	4087.94871761	4306.66666681	4542.94871858	4303.58974373	4519.61538518	4189.48717935	4504.7435903	3968.84615322	
4147.82051262	4124.48717921	4031.53846106	4067.94871754	4079.10256376	4070.38461504	4080.12820478	4290.51282059	4525.38461594	4287.94871802	4502.56410312	4175.76923063	4490.38461587	3957.69230707	
4147.82051262	4120.64102537	4029.74358926	4067.69230728	4067.82051241	4066.410256	4078.46153812	4283.20512828	4522.82051338	4280.00000007	4496.79487235	4169.48717935	4485.512821	3950.12820451	
4146.02564082	4122.69230742	4031.53846106	4066.92307651	4065.76923036	4064.48717907	4077.69230735	4282.56410264	4522.94871851	4280.25641033	4489.10256459	4166.92307672	4476.15384664	3950.25640963	
4139.74358954	4125.12820485	4028.33333285	4067.69230728	4071.15384581	4063.58974318	4076.92307658	4275.89743597	4508.33333389	4275.25641033	4471.66666716	4160.38461518	4459.48717991	3948.97435835	
4138.07692287	4120.51282024	4022.1794867	4066.66666625	4068.7179483	4061.53846113	4075.38461504	4269.2307693	4495.38461587	4267.69230777	4457.94871837	4155.64102544	4446.66666709	3945.12820451	
4139.9999998	4122.30769203	4024.61538413	4068.58974318	4068.33333292	4062.05128164	4074.10256376	4272.05128212	4498.46153902	4266.02564103	4462.56410298	4156.79487159	4447.94871837	3947.8205122	
4142.43589723	4127.30769203	4031.41025593	4073.58974325	4072.43589709	4062.43589702	4072.43589709	4272.30769238	4504.23076979	4265.64102564	4466.92307741	4157.56410236	4453.46153888	3952.69230707	
4140.25641005	4125.89743562	4030.64102516	4070.12820478	4072.69230735	4056.66666625	4064.10256369	4262.17948718	4497.05128261	4262.6923077	4456.2820517	4153.71794851	4446.92307734	3949.23076861	
4136.02564082	4124.99999973	4028.33333285	4067.43589702	4070.89743555	4050.5128201	4047.56410215	4254.87179488	4485.89743639	4257.30769231	4445.25641068	4151.15384595	4437.05128247	3945.25640963	
4138.97435877	4125.89743562	4031.92307644	4071.28205094	4068.46153805	4051.410256	4039.74358933	4254.48717949	4483.33333382	4250.76923077	4444.61538504	4153.58974339	4436.41025683	3948.46153784	
4138.71794851	4123.46153819	4033.84615336	4069.87179453	4066.66666625	4052.82051241	4042.43589702	4252.17948718	4481.28205177	4244.35897436	4442.30769273	4153.71794851	4434.23076965	3950.25640963	
4130.12820485	4123.84615357	4035.51282003	4067.69230728	4068.58974318	4051.28205087	4041.410256	4245.76923077	4472.3076928	4237.17948718	4432.82051324	4147.82051262	4426.15384651	3944.48717887	
4127.69230742	4125.7692305	4040.25640984	4070.76923043	4070.38461504	4053.84615343	4039.74358933	4241.53846154	4467.17948767	4229.10256404	4428.46153881	4141.66666646	4425.00000035	3940.12820451	
4134.35897408	4124.99999973	4043.7179483	4073.58974325	4070.38461504	4061.02564061	4040.64102523	4247.05128206	4474.10256459	4232.05128199	4434.87179529	4144.9999998	4432.69230811	3944.23076861	
4139.61538441	4132.05128178	4047.43589702	4075.76923043	4076.02564068	4062.43589702	4039.6153842	4257.43589744	4483.07692357	4240.25641026	4445.38461581	4155.38461518	4440.51282093	3951.15384553	
4138.07692287	4132.82051255	4051.53846113	4074.35897402	4079.10256376	4054.74358933	4036.15384567	4252.43589744	4479.35897485	4234.35897436	4444.61538504	4154.87179467	4435.89743632	3950.51281989	
4136.66666646	4125.51282024	4052.94871754	4071.41025607	4072.43589709	4048.97435856	4034.487179	4238.71794872	4470.89743639	4223.07692301	4439.23076965	4147.17948697	4429.10256445	3946.15384553	
4141.79487159	4126.15384588	4054.74358933	4077.17948684	4072.30769196	4053.20512779	4036.2820508	4239.48717949	4470.12820562	4221.79487173	4441.53846196	4151.41025621	4435.76923119	3950.12820451	
4142.05128185	4128.33333306	4056.410256	4083.58974325	4075.51282017	4049.99999959	4032.30769183	4238.71794872	4462.1794876	4219.35897429	4436.53846196	4153.205128	4431.92307734	3951.0256404	
4131.41025614	4130.38461511	4059.74358933	4080.51282017	4065.12820472	4036.2820508	4025.64102516	4219.48717942	4442.82051324	4205.89743583	4418.07692343	4142.69230749	4411.53846189	3940.76923015	
4125.64102537	4132.17948691	4065.89743548	4080.6410253	4046.02564061	4030.51282003	4023.58974311	4207.94871788	4434.48717991	4193.20512807	4409.61538497	4141.66666646	4405.76923112	3935.76923008	
4127.69230742	4127.94871767	4065.89743548	4087.94871761	4039.48717907	4032.43589695	4023.33333285	4208.07692301	4432.69230811	4190.76923063	4414.61538497	4148.33333313	4409.35897471	3937.94871726	
4126.41025614	4127.56410229	4065.12820472	4096.15384581	4043.46153805	4028.84615336	4018.07692259	4194.61538448	4416.41025676	4187.69230756	4401.02564138	4146.92307672	4391.9230772	3937.17948649	
4129.48717921	4138.71794851	4071.53846119	4107.30769203	4043.7179483	4022.43589695	4015.64102516	4181.15384602	4401.92307727	4182.94871781	4381.53846182	4149.35897415	4375.12820541	3938.46153784	
4137.69230749	4141.02564082	4078.46153812	4115.12820485	4040.12820472	4024.74358926	4020.3846149	4186.66666653	4409.23076958	4190.89743576	4390.00000028	4167.05128185	4386.02564131	3948.58974297	
4142.94871774	4136.15384595	4082.43589709	4115.51282024	4045.64102523	4031.92307644	4023.33333285	4195.38461525	4419.23076958	4203.33333327	4406.28205163	4180.38461525	4399.35897471	3958.7179481	
4150.64102544	4146.41025621	4086.66666632	4122.05128178	4060.89743548	4039.35897395	4027.1794867	4201.53846147	4422.0512824	4206.41025634	4408.71794907	4185.38461525	4400.00000035	3968.46153784	
4158.97435877	4154.48717928	4091.66666632	4131.28205101	4062.30769189	4044.10256369	4033.58974311	4208.07692301	4429.87179522	4208.97435891	4416.66666702	4194.99999986	4406.02564138	3983.46153791	
4157.82051262	4149.35897415	4092.82051248	4130.51282024	4056.410256	4043.07692266	4035.64102516	4208.20512814	4438.71794914	4219.35897429	4428.58974394	4202.05128199	4414.87179522	3993.20512765	
4158.205128	4146.66666646	4092.82051248	4127.56410229	4068.84615343	4043.46153805	4036.02564054	4206.02564096	4438.20512863	4223.97435891	4425.25641061	4198.97435884	4410.64102599	3992.0512815	
4166.53846133	4153.71794851	4097.56410222	4131.92307665	4082.94871761	4051.92307651	4042.69230728	4210.64102558	4437.94871837	4219.61538455	4425.00000035	4198.97435884	4409.10256445	3992.69230714	
4173.20512807	4158.84615364	4101.15384581	4137.94871774	4090.38461504	4064.74358933	4056.28205087	4225.12820506	4452.30769273	4226.79487173	4441.79487222	4212.30769224	4428.46153881	4008.84615336	
4172.30769217	4155.51282031	4099.99999966	4137.56410236	4103.0769228	4071.53846119	4064.87179446	4239.61538462	4466.53846203	4238.20512821	4451.2820517	4218.71794865	4443.58974401	4020.12820465	
4173.46153833	4156.28205108	4100.25640991	4134.23076896	4106.28205101	4073.33333299	4065.76923036	4243.20512821	4470.12820562	4236.41025641	4451.41025683	4212.82051275	4440.64102606	4016.15384567	
4179.99999986	4157.82051262	4101.41025607	4133.84615357	4101.02564068	4076.66666632	4064.6153842	4242.05128206	4472.05128254	4232.05128199	4457.43589786	4213.07692301	4440.89743632	4021.53846106	
4178.07692294	4155.25641005	4096.28205094	4132.05128178	4106.15384588	4077.82051248	4064.87179446	4240.12820513	4468.58974408	4229.99999993	4451.2820517	4209.48717942	4441.15384657	4028.71794824	
4172.17948704	4154.87179467	4091.92307658	4128.46153819	4110.51282024	4076.02564068	4065.76923036	4237.56410257	4462.05128247	4224.99999993	4438.9743594	4198.97435884	4433.46153888	4025.89743541	
4173.84615371	4155.64102544	4092.82051248	4126.92307665	4108.9743587	4075.6410253	4066.28205087	4238.58974359	4463.97435946	4227.17948711	4444.61538504	4198.20512807	4434.23076965	4023.58974311	
4173.20512807	4154.87179467	4089.7435894	4125.64102537	4108.9743587	4077.94871761	4068.84615343	4239.61538462	4467.43589793	4233.07692301	4447.43589786	4200.51282038	4435.64102606	4024.23076875	
4168.71794858	4155.64102544	4085.25640991	4123.71794844	4112.17948691	4081.92307658	4073.46153812	4241.02564103	4465.25641075	4232.94871788	4438.58974401	4196.41025628	4429.61538497	4024.74358926	
4171.28205115	4155.76923056	4088.71794837	4122.69230742	4116.66666639	4086.28205094	4077.56410222	4248.20512821	4470.00000049	4239.10256411	4442.1794876	4197.94871781	4436.2820517	4028.71794824	
4179.10256397	4155.38461518	4094.48717914	4127.43589716	4125.7692305	4092.94871761	4079.10256376	4255.51282052	4481.4102569	4254.35897436	4456.53846196	4206.28205122	4452.56410298	4037.30769189	
4181.92307679	4159.48717928	4093.58974325	4131.92307665	4133.84615357	4099.10256376	4079.7435894	4256.66666667	4486.15384664	4258.58974359	4461.53846196	4207.5641025	4455.38461581	4041.28205087	
4183.20512807	4163.71794851	4093.20512786	4131.02564075	4137.3076921	4104.35897408	4083.8461535	4257.43589744	4485.12820562	4252.56410257	4459.35897478	4205.64102558	4449.10256452	4039.48717907	
4184.48717935	4164.1025639	4098.71794837	4135.64102544	4145.38461518	4113.33333306	4092.94871761	4258.46153847	4482.82051331	4254.35897436	4458.33333375	4211.02564096	4446.92307734	4039.74358933	
4185.76923063	4165.64102544	4104.74358947	4142.56410236	4150.76923056	4120.12820485	4100.89743555	4258.58974359	4479.74359023	4252.82051282	4452.94871837	4217.30769224	4445.89743632	4045.38461497	
4192.82051269	4168.20512807	4105.64102537	4140.38461518	4152.3076921	4120.64102537	4104.99999973	4262.82051282	4478.71794921	4245.25641026	4449.74359016	4221.15384609	4446.02564145	4052.30769189	
4202.05128199	4168.84615371	4107.30769203	4140.51282031	4154.61538441	4119.61538434	4107.05128178	4267.17948725	4480.12820562	4246.53846154	4456.2820517	4226.53846147	4452.56410298	4059.48717907	
4204.61538455	4169.48717935	4111.79487152	4148.97435877	4148.33333313	4116.79487152	4106.66666639	4267.94871802	4483.46153895	4251.7948718	4465.89743639	4232.17948711	4461.53846196	4069.48717907	
4201.53846147	4168.84615371	4108.9743587	4146.53846133	4139.87179467	4114.99999973	4106.15384588	4264.87179488	4482.3076928	4250.8974359	4462.94871837	4228.71794865	4461.53846196	4073.97435863	
4198.3333332	4167.05128185	4102.82051255	4135.64102544	4147.82051262	4117.43589716	4105.89743562	4258.71794872	4471.15384664	4248.33333334	4449.74359016	4219.99999993	4450.38461581	4068.84615343	
4198.20512807	4166.53846133	4103.33333306	4135.51282031	4159.48717928	4117.56410229	4105.25640998	4256.53846154	4467.94871844	4248.97435898	4449.74359016	4218.97435891	4447.43589786	4067.05128164	
4197.69230756	4166.41025621	4106.28205101	4140.51282031	4153.84615364	4114.48717921	4105.7692305	4258.71794872	4475.00000049	4250.25641026	4457.94871837	4222.82051275	4452.94871837	4068.97435856	
4190.89743576	4163.84615364	4105.51282024	4137.56410236	4148.33333313	4116.41025614	4106.28205101	4254.74358975	4469.10256459	4245.64102564	4450.51282093	4219.61538455	4447.05128247	4064.74358933	
4185.12820499	4161.79487159	4105.12820485	4136.28205108	4154.23076903	4121.92307665	4106.02564075	4249.23076923	4459.35897478	4238.84615385	4440.12820555	4213.20512814	4436.66666709	4062.43589702	
4186.92307679	4165.64102544	4107.82051255	4141.66666646	4155.51282031	4125.7692305	4107.30769203	4253.33333334	4463.58974408	4237.56410257	4443.58974401	4213.07692301	4438.0769235	4065.5128201	
4185.64102551	4166.66666646	4108.0769228	4143.84615364	4153.46153826	4126.79487152	4105.51282024	4252.30769231	4467.17948767	4234.61538462	4444.61538504	4213.71794865	4441.92307734	4063.84615343	
4184.35897422	4165.12820492	4109.35897408	4143.97435877	4161.02564082	4126.28205101	4099.99999966	4247.94871795	4466.15384664	4229.61538455	4441.02564145	4213.33333327	4442.05128247	4062.82051241	
4182.94871781	4167.17948697	4111.41025614	4144.23076903	4164.9999998	4125.51282024	4098.46153812	4250.12820513	4466.28205177	4232.43589737	4440.89743632	4210.38461532	4440.38461581	4064.10256369	
4173.07692294	4166.66666646	4107.94871767	4139.61538441	4154.35897415	4124.23076896	4093.58974325	4247.30769231	4458.9743594	4231.79487173	4432.56410298	4202.94871788	4433.58974401	4060.12820472	
4166.79487159	4158.97435877	4104.35897408	4132.56410229	4148.84615364	4120.89743562	4083.20512786	4236.28205129	4444.48717991	4221.15384609	4416.02564138	4195.51282038	4419.61538497	4052.94871754	
4169.74358961	4155.51282031	4108.58974332	4131.92307665	4156.53846133	4119.99999973	4085.38461504	4231.53846147	4434.74359016	4215.7692307	4411.92307727	4193.58974345	4411.15384651	4049.87179446	
4173.3333332	4162.82051262	4113.9743587	4140.51282031	4164.23076903	4126.92307665	4095.12820478	4240.76923077	4442.30769273	4223.07692301	4424.23076958	4204.99999993	4422.82051317	4057.43589702	
4173.58974345	4164.48717928	4115.7692305	4144.35897415	4159.48717928	4129.99999973	4093.33333299	4244.87179488	4448.71794914	4219.48717942	4425.51282086	4211.6666666	4427.69230804	4063.7179483	
4171.02564089	4157.69230749	4113.71794844	4135.64102544	4145.51282031	4124.48717921	4088.97435863	4230.12820506	4427.56410292	4194.74358961	4401.02564138	4195.89743576	4402.0512824	4052.43589702	
4165.64102544	4152.69230749	4110.38461511	4127.43589716	4138.46153826	4121.15384588	4086.92307658	4212.94871788	4405.76923112	4173.07692294	4379.6153849	4182.56410243	4383.717949	4042.30769189	
4159.1025639	4154.87179467	4110.89743562	4124.35897408	4139.1025639	4119.61538434	4077.82051248	4206.02564096	4402.82051317	4165.12820492	4374.48717977	4179.74358961	4382.30769259	4041.410256	
4153.97435877	4155.38461518	4111.02564075	4121.66666639	4136.53846133	4119.61538434	4073.46153812	4202.17948711	4393.97435926	4158.46153826	4364.35897457	4170.12820499	4371.28205156	4038.58974318	
4153.84615364	4152.56410236	4111.28205101	4121.66666639	4132.05128178	4124.23076896	4076.66666632	4197.56410243	4380.76923105	4146.66666646	4356.02564124	4167.94871774	4364.35897457	4038.97435856	
4155.25641005	4153.07692287	4115.12820485	4126.66666639	4135.38461518	4127.69230742	4076.79487145	4194.99999986	4379.87179515	4138.33333313	4356.66666688	4176.5384614	4365.64102592	4044.99999959	
4154.35897415	4159.61538441	4123.20512793	4130.89743562	4142.94871774	4129.48717921	4076.92307658	4192.30769217	4381.02564131	4141.66666646	4355.64102585	4176.66666653	4362.6923079	4049.48717907	
4154.87179467	4163.97435877	4128.0769228	4134.35897408	4138.97435877	4131.28205101	4078.20512786	4189.61538448	4372.94871823	4140.89743569	4347.43589765	4172.4358973	4359.23076944	4048.97435856	
4149.87179467	4156.28205108	4123.46153819	4132.56410229	4126.41025614	4127.05128178	4076.28205094	4183.58974345	4360.76923098	4126.79487152	4331.02564117	4167.05128185	4349.23076944	4038.97435856	
4142.3076921	4150.38461518	4123.0769228	4126.28205101	4126.66666639	4121.66666639	4077.43589709	4173.84615371	4351.92307714	4111.02564075	4320.64102578	4159.35897415	4340.00000021	4028.20512772	
4141.41025621	4154.74358954	4128.0769228	4128.58974332	4138.205128	4125.38461511	4077.17948684	4164.87179467	4337.05128226	4100.25640991	4312.17948732	4154.61538441	4330.38461553	4031.53846106	
4139.23076903	4155.76923056	4128.20512793	4134.48717921	4134.10256383	4130.25640998	4074.7435894	4154.87179467	4302.43589758	4093.97435863	4285.1282052	4149.87179467	4300.12820527	4035.3846149	
4136.28205108	4153.58974339	4128.58974332	4135.64102544	4127.69230742	4130.51282024	4084.35897402	4143.07692287	4268.20512828	4089.10256376	4249.35897436	4140.89743569	4265.8974359	4030.64102516	
4138.71794851	4156.28205108	4134.10256383	4135.64102544	4139.61538441	4131.41025614	4086.79487145	4136.53846133	4260.38461539	4082.43589709	4239.23076923	4138.71794851	4262.6923077	4034.99999952	
4142.69230749	4158.07692287	4138.97435877	4134.74358947	4138.58974339	4133.20512793	4068.7179483	4139.9999998	4268.84615392	4079.10256376	4249.74358975	4145.89743569	4271.79487187	4046.66666625	
4141.28205108	4152.3076921	4139.23076903	4128.0769228	4124.35897408	4131.41025614	4058.46153805	4138.84615364	4265.64102564	4078.8461535	4247.82051282	4146.66666646	4264.61538462	4045.76923036	
4135.25640998	4146.41025621	4138.97435877	4123.58974332	4124.61538434	4125.12820485	4059.99999959	4127.82051255	4253.71794872	4067.69230728	4231.79487173	4139.35897415	4255.25641026	4037.30769189	
4126.79487152	4143.46153826	4137.82051262	4119.8717946	4118.84615357	4116.28205101	4053.07692266	4119.10256383	4249.10256411	4054.87179446	4219.74358968	4129.74358947	4251.41025641	4032.1794867	
4116.02564075	4140.64102544	4133.0769228	4109.61538434	4101.53846119	4114.74358947	4044.23076882	4116.53846126	4244.35897436	4046.15384574	4216.02564096	4121.79487152	4243.46153847	4027.43589695	
4108.84615357	4137.43589723	4132.17948691	4106.15384588	4102.17948684	4118.33333306	4045.12820472	4105.89743562	4223.20512814	4022.43589695	4203.20512814	4115.25640998	4228.84615378	4020.76923029	
4103.46153819	4137.05128185	4134.23076896	4113.9743587	4102.43589709	4111.41025614	4043.07692266	4085.6410253	4203.33333327	4006.53846106	4184.35897422	4106.79487152	4216.41025634	4014.74358926	
4098.58974325	4139.48717928	4133.33333306	4114.23076896	4091.79487145	4104.8717946	4037.30769189	4078.58974325	4202.30769224	4007.69230721	4177.82051269	4103.84615357	4214.61538455	4012.94871747	
4093.07692273	4141.15384595	4135.89743569	4107.56410229	4092.69230735	4105.38461511	4036.15384567	4080.25640991	4198.97435884	3995.12820458	4174.10256397	4102.69230742	4210.89743583	4009.87179439	
4093.07692273	4141.15384595	4135.89743569	4107.56410229	4092.69230735	4105.38461511	4036.15384567	4080.25640991	4198.97435884	3995.12820458	4174.10256397	4102.69230742	4210.89743583	4009.87179439	
4085.51282017	4139.87179467	4141.41025621	4109.35897408	4096.92307658	4102.56410229	4035.64102516	4073.46153812	4186.28205115	3976.79487124	4166.28205108	4095.51282017	4203.07692301	4003.46153791	
4084.87179453	4141.41025621	4143.71794851	4112.94871767	4096.02564068	4100.25640991	4035.3846149	4070.12820478	4185.51282038	3969.87179425	4165.38461518	4090.89743555	4206.79487173	4002.30769176	
4083.97435863	4144.74358954	4146.02564082	4112.17948691	4098.33333299	4102.69230742	4038.7179483	4073.46153812	4195.25641012	3960.25640963	4169.10256397	4093.58974325	4215.38461532	4004.487179	
4080.38461504	4143.84615364	4149.61538441	4114.8717946	4097.94871761	4102.69230742	4042.56410215	4071.92307658	4196.92307679	3946.41025579	4167.56410236	4096.41025607	4211.79487173	4007.1794867	
4082.82051248	4146.02564082	4156.41025621	4121.15384588	4098.20512786	4102.94871767	4047.30769189	4070.38461504	4194.99999986	3943.84615322	4168.20512807	4100.6410253	4210.25641019	4013.84615336	
4089.87179453	4155.38461518	4164.48717928	4127.30769203	4111.79487152	4111.53846126	4053.20512779	4076.79487145	4204.48717942	3943.58974297	4172.17948704	4104.99999973	4221.53846147	4019.35897388	
4089.99999966	4156.79487159	4164.74358954	4129.48717921	4119.48717921	4113.33333306	4052.05128164	4078.71794837	4211.92307686	3932.82051213	4173.71794858	4105.25640998	4227.43589737	4022.82051234	
4083.20512786	4151.53846133	4161.02564082	4125.89743562	4104.99999973	4104.48717921	4044.48717907	4071.53846119	4208.07692301	3911.41025572	4174.61538448	4102.94871767	4225.25641019	4023.33333285	
4082.94871761	4152.56410236	4164.1025639	4123.84615357	4102.05128171	4104.61538434	4046.02564061	4073.8461535	4213.4615384	3903.84615309	4181.5384614	4105.64102537	4236.7948718	4024.61538413	
4087.94871761	4155.38461518	4169.61538448	4130.64102537	4119.8717946	4113.84615357	4055.76923036	4088.33333299	4240.38461539	3922.692307	4199.61538448	4115.38461511	4262.94871795	4035.25640977	
4093.07692273	4155.25641005	4169.74358961	4137.3076921	4122.43589716	4116.92307665	4058.97435856	4099.61538427	4265.25641026	3928.20512751	4222.69230763	4126.53846126	4282.69230777	4047.69230728	
4093.71794837	4154.61538441	4169.48717935	4136.79487159	4110.12820485	4113.9743587	4058.07692266	4105.89743562	4276.0256411	3912.692307	4234.35897436	4135.38461518	4293.20512828	4050.5128201	
4091.66666632	4153.205128	4170.51282038	4133.71794844	4115.12820485	4113.46153819	4059.6153842	4109.99999973	4285.00000007	3910.51281982	4234.87179488	4137.17948697	4302.43589758	4051.410256	
4092.82051248	4153.58974339	4168.71794858	4136.53846133	4127.17948691	4112.17948691	4059.99999959	4113.84615357	4295.25641033	3912.94871726	4240.12820513	4134.99999973	4309.3589745	4053.97435856	
4091.92307658	4159.61538441	4170.76923063	4141.79487159	4121.28205101	4112.69230742	4059.87179446	4117.82051255	4304.74358989	3903.58974283	4249.74358975	4138.84615364	4317.69230784	4055.25640984	
4091.92307658	4163.58974339	4178.46153833	4141.28205108	4115.12820485	4114.48717921	4066.02564061	4122.30769203	4318.07692322	3904.74358898	4259.35897436	4148.71794851	4332.05128219	4060.89743548	
4098.71794837	4163.46153826	4182.17948704	4141.41025621	4127.17948691	4114.8717946	4071.15384581	4128.0769228	4332.30769252	3918.84615316	4273.20512828	4158.97435877	4348.97435919	4071.79487145	
4104.8717946	4165.12820492	4182.17948704	4145.38461518	4134.23076896	4116.92307665	4070.12820478	4134.99999973	4333.71794893	3916.53846085	4280.51282059	4163.97435877	4356.15384637	4076.41025607	
4104.48717921	4165.51282031	4184.87179474	4145.89743569	4131.41025614	4122.05128178	4072.30769196	4144.1025639	4336.41025662	3906.53846085	4283.71794879	4167.3076921	4359.61538483	4078.46153812	
4107.05128178	4163.97435877	4189.61538448	4145.51282031	4138.205128	4127.43589716	4077.56410222	4149.9999998	4347.94871816	3912.43589674	4290.51282059	4171.79487166	4365.76923105	4085.25640991	
4109.74358947	4160.25641005	4190.12820499	4146.92307672	4141.53846133	4127.17948691	4077.30769196	4144.61538441	4336.02564124	3916.7948711	4280.38461546	4169.2307691	4352.17948739	4087.94871761	
4108.20512793	4157.17948697	4185.76923063	4146.53846133	4134.8717946	4125.12820485	4074.23076889	4135.12820485	4306.66666681	3911.41025572	4260.25641026	4163.97435877	4328.71794886	4087.43589709	
4113.58974332	4161.02564082	4185.51282038	4145.64102544	4136.92307672	4127.05128178	4075.76923043	4134.10256383	4298.84615392	3915.89743521	4255.25641026	4167.69230749	4324.61538476	4095.12820478	
4119.8717946	4166.28205108	4187.17948704	4147.3076921	4144.23076903	4128.84615357	4075.51282017	4132.69230742	4303.84615399	3924.61538392	4251.7948718	4167.94871774	4325.89743604	4100.89743555	
4120.12820485	4166.41025621	4186.5384614	4150.89743569	4143.07692287	4130.25640998	4073.8461535	4133.46153819	4303.58974373	3925.76923008	4249.74358975	4166.02564082	4322.30769245	4104.35897408	
4122.56410229	4168.07692287	4188.97435884	4154.35897415	4140.64102544	4132.94871767	4080.6410253	4142.82051262	4306.79487194	3931.28205059	4258.33333334	4175.64102551	4330.76923091	4116.02564075	
4126.66666639	4172.94871781	4191.15384602	4155.25641005	4147.43589723	4137.56410236	4089.10256376	4149.61538441	4318.20512835	3943.84615322	4268.46153853	4186.28205115	4346.02564124	4128.0769228	
4127.17948691	4169.99999986	4188.07692294	4153.33333313	4152.69230749	4139.48717928	4086.92307658	4157.3076921	4328.58974373	3946.9230763	4275.00000007	4187.4358973	4351.53846175	4129.99999973	
4124.10256383	4162.82051262	4185.12820499	4149.61538441	4148.33333313	4136.15384595	4079.7435894	4155.76923056	4321.53846168	3943.20512758	4270.51282059	4180.12820499	4344.74358996	4123.9743587	
4122.69230742	4164.61538441	4183.84615371	4148.46153826	4144.48717928	4131.92307665	4077.30769196	4143.07692287	4317.05128219	3949.35897374	4263.07692308	4174.10256397	4342.6923079	4120.38461511	
4121.53846126	4165.38461518	4180.76923063	4148.33333313	4146.53846133	4130.38461511	4076.28205094	4141.15384595	4351.79487201	3954.23076861	4269.10256418	4172.05128192	4350.25641047	4119.35897408	
4120.38461511	4160.38461518	4178.71794858	4144.35897415	4144.9999998	4129.8717946	4075.89743555	4150.64102544	4406.79487215	3951.79487117	4282.30769238	4172.56410243	4357.05128226	4118.46153819	
4121.28205101	4159.35897415	4179.48717935	4141.53846133	4137.82051262	4126.79487152	4077.82051248	4155.25641005	4446.15384657	3954.61538399	4292.56410264	4175.12820499	4366.02564131	4120.51282024	
4119.48717921	4159.9999998	4179.2307691	4137.82051262	4132.17948691	4122.56410229	4075.89743555	4153.58974339	4470.12820562	3957.94871733	4300.64102578	4175.25641012	4374.10256438	4121.28205101	
4110.38461511	4154.35897415	4176.28205115	4128.46153819	4121.53846126	4116.28205101	4068.97435856	4148.33333313	4488.58974408	3948.97435835	4300.2564104	4171.28205115	4372.05128233	4116.53846126	
4104.23076896	4150.25641005	4174.10256397	4119.99999973	4110.12820485	4109.23076896	4064.23076882	4141.92307672	4501.02564159	3942.43589681	4292.56410264	4167.05128185	4369.6153849	4113.20512793	
4107.05128178	4152.43589723	4173.3333332	4118.20512793	4112.17948691	4109.10256383	4064.10256369	4141.53846133	4513.71794928	3948.7179481	4295.00000007	4167.82051262	4373.46153874	4117.17948691	
4108.0769228	4152.3076921	4173.84615371	4121.92307665	4120.64102537	4116.66666639	4066.02564061	4142.69230749	4530.25641089	3954.87179425	4305.2564104	4168.71794858	4377.17948746	4120.89743562	
4106.02564075	4152.69230749	4175.12820499	4124.35897408	4123.9743587	4127.17948691	4066.79487138	4144.87179467	4545.25641089	3957.05128143	4311.92307707	4169.2307691	4380.00000028	4119.48717921	
4107.43589716	4156.41025621	4173.84615371	4121.28205101	4123.33333306	4131.79487152	4069.10256369	4148.97435877	4552.30769294	3960.25640963	4314.10256425	4166.92307672	4381.9230772	4118.71794844	
4106.41025614	4154.9999998	4168.97435884	4116.28205101	4122.56410229	4129.74358947	4072.30769196	4144.9999998	4548.33333396	3959.87179425	4309.23076937	4157.3076921	4373.97435926	4115.89743562	
4098.58974325	4145.89743569	4161.66666646	4111.79487152	4120.64102537	4130.12820485	4071.66666632	4136.79487159	4537.56410319	3947.05128143	4295.64102571	4150.38461518	4357.94871816	4105.7692305	
4095.38461504	4142.43589723	4158.97435877	4109.23076896	4121.02564075	4134.74358947	4070.76923043	4137.82051262	4536.02564165	3938.84615322	4288.58974366	4150.12820492	4354.10256431	4100.51282017	
4098.46153812	4146.53846133	4162.43589723	4112.56410229	4119.35897408	4132.94871767	4069.6153842	4146.15384595	4552.94871858	3951.53846092	4302.56410271	4153.46153826	4370.51282079	4110.25640998	
4102.56410229	4144.9999998	4160.38461518	4116.92307665	4114.35897408	4124.61538434	4066.53846113	4152.17948697	4567.05128275	3963.84615322	4315.38461553	4155.89743569	4381.28205156	4118.0769228	
4104.99999973	4141.79487159	4156.02564082	4114.23076896	4112.82051255	4122.05128178	4062.56410215	4152.82051262	4561.15384678	3957.56410194	4314.48717963	4156.92307672	4374.87179515	4115.12820485	
4101.15384581	4142.82051262	4160.38461518	4111.28205101	4108.46153819	4121.66666639	4059.35897395	4144.48717928	4553.58974422	3949.87179425	4309.48717963	4155.89743569	4368.84615413	4114.35897408	
4098.20512786	4141.41025621	4163.07692287	4110.89743562	4102.30769196	4116.28205101	4058.97435856	4139.35897415	4550.38461601	3952.56410194	4301.53846168	4152.69230749	4363.5897438	4116.92307665	
4102.69230742	4138.71794851	4160.12820492	4106.66666639	4101.92307658	4114.61538434	4062.30769189	4146.02564082	4543.07692371	3952.30769169	4298.07692315	4150.51282031	4356.92307714	4115.51282024	
4107.69230742	4143.46153826	4163.33333313	4107.05128178	4106.92307665	4120.51282024	4068.46153805	4151.53846133	4543.71794935	3954.99999938	4306.53846168	4152.94871774	4360.00000021	4119.35897408	
4107.82051255	4147.05128185	4167.3076921	4113.9743587	4112.69230742	4123.20512793	4069.6153842	4146.28205108	4547.30769294	3965.38461476	4309.3589745	4152.17948697	4361.41025662	4124.99999973	
4103.33333306	4142.69230749	4165.64102544	4110.7692305	4113.46153819	4118.84615357	4063.20512779	4139.87179467	4537.82051345	3969.35897374	4297.17948725	4143.46153826	4352.30769252	4116.92307665	
4095.6410253	4138.205128	4164.48717928	4097.17948684	4106.53846126	4112.05128178	4055.38461497	4134.23076896	4525.00000056	3966.0256404	4287.82051289	4135.38461518	4343.97435919	4107.05128178	
4089.87179453	4138.07692287	4164.1025639	4087.56410222	4099.35897402	4104.48717921	4053.58974318	4123.84615357	4515.00000056	3959.87179425	4279.74358982	4129.23076896	4334.4871797	4105.25640998	
4087.94871761	4137.94871774	4160.89743569	4082.30769196	4096.66666632	4100.25640991	4054.23076882	4118.58974332	4504.35897492	3958.33333271	4267.56410264	4123.71794844	4322.30769245	4103.46153819	
4085.89743555	4136.41025621	4159.48717928	4073.07692273	4091.41025607	4099.7435894	4048.46153805	4118.71794844	4498.33333389	3966.53846092	4265.0	4123.46153819	4317.82051296	4101.92307658	
4083.33333299	4132.82051255	4160.38461518	4063.58974318	4082.69230735	4093.71794837	4041.28205087	4109.74358947	4493.84615434	3971.53846099	4264.87179488	4119.10256383	4311.66666681	4098.20512786	
4076.79487145	4131.79487152	4156.02564082	4057.05128164	4074.35897402	4084.10256376	4037.56410215	4094.10256376	4477.94871844	3962.69230707	4249.61538462	4107.05128178	4295.51282059	4090.76923043	
4072.05128171	4130.25640998	4150.25641005	4052.05128164	4070.51282017	4082.56410222	4035.76923029	4086.79487145	4459.48717991	3957.69230707	4231.79487173	4100.76923043	4283.20512828	4084.99999966	
4074.48717914	4127.30769203	4151.41025621	4054.10256369	4072.56410222	4085.89743555	4036.66666618	4087.69230735	4456.79487222	3962.69230707	4230.64102558	4100.38461504	4282.43589751	4085.6410253	
4076.28205094	4131.53846126	4152.69230749	4057.17948677	4073.8461535	4084.7435894	4037.69230728	4086.15384581	4458.71794914	3959.87179425	4229.61538455	4097.17948684	4283.71794879	4088.71794837	
4075.6410253	4133.20512793	4147.43589723	4051.92307651	4071.53846119	4080.12820478	4038.7179483	4086.41025607	4449.74359016	3955.64102502	4217.43589737	4094.61538427	4277.94871802	4088.97435863	
4076.66666632	4131.15384588	4147.17948697	4051.02564061	4074.48717914	4079.87179453	4044.6153842	4087.94871761	4441.02564145	3963.33333271	4214.23076917	4096.79487145	4273.33333341	4088.07692273	
4075.76923043	4133.71794844	4151.02564082	4057.69230728	4077.82051248	4079.7435894	4046.66666625	4080.38461504	4436.53846196	3962.94871733	4213.07692301	4096.79487145	4268.46153853	4087.94871761	
4073.46153812	4134.10256383	4148.58974339	4054.48717907	4071.41025607	4073.58974325	4038.07692266	4070.76923043	4424.23076958	3954.23076861	4202.5641025	4092.82051248	4258.46153847	4087.82051248	
4074.7435894	4129.74358947	4144.9999998	4047.56410215	4064.10256369	4070.89743555	4036.02564054	4070.38461504	4415.76923112	3953.20512758	4199.48717935	4094.23076889	4254.10256411	4087.69230735	
4074.35897402	4130.64102537	4143.97435877	4047.43589702	4063.7179483	4072.69230735	4042.05128164	4071.66666632	4412.82051317	3947.17948656	4199.2307691	4096.53846119	4254.74358975	4089.23076889	
4070.51282017	4129.8717946	4138.97435877	4043.7179483	4060.5128201	4070.89743555	4042.82051241	4067.30769189	4402.43589779	3937.692307	4187.56410243	4087.82051248	4246.02564103	4087.17948684	
4070.25640991	4121.41025614	4135.25640998	4038.46153805	4051.66666625	4066.28205087	4042.43589702	4064.87179446	4395.25641054	3939.35897374	4181.5384614	4083.20512786	4238.07692308	4084.35897402	
4071.79487145	4124.23076896	4136.02564082	4041.15384574	4046.79487138	4062.82051241	4041.92307651	4067.69230728	4393.07692336	3939.48717887	4182.82051269	4089.35897402	4240.8974359	4089.10256376	
4073.58974325	4126.53846126	4134.99999973	4044.6153842	4048.20512779	4057.43589702	4036.53846106	4068.20512779	4385.00000028	3935.38461469	4175.12820499	4089.35897402	4238.46153847	4091.79487145	
4073.46153812	4121.66666639	4136.02564082	4042.17948677	4052.82051241	4054.74358933	4035.3846149	4066.410256	4381.41025669	3938.46153784	4170.12820499	4085.89743555	4232.69230763	4089.35897402	
4069.23076882	4123.9743587	4135.51282031	4039.74358933	4055.76923036	4059.10256369	4042.30769189	4065.38461497	4383.20512849	3945.89743528	4173.20512807	4086.53846119	4232.05128199	4089.10256376	
4067.43589702	4126.41025614	4130.7692305	4038.97435856	4051.15384574	4061.66666625	4045.38461497	4065.64102523	4378.717949	3946.79487117	4173.07692294	4083.97435863	4228.20512814	4090.25640991	
4072.56410222	4124.48717921	4131.02564075	4038.58974318	4045.64102523	4059.23076882	4042.56410215	4067.05128164	4372.43589772	3944.48717887	4168.46153833	4081.28205094	4223.97435891	4092.05128171	
4077.30769196	4122.82051255	4132.69230742	4039.74358933	4047.30769189	4057.94871754	4041.53846113	4068.20512779	4369.10256438	3947.43589681	4164.23076903	4082.82051248	4222.82051275	4093.07692273	
4076.79487145	4124.99999973	4132.43589716	4041.53846113	4050.76923036	4058.46153805	4042.30769189	4067.82051241	4365.51282079	3953.07692246	4162.17948697	4084.99999966	4222.82051275	4093.33333299	
4076.41025607	4126.15384588	4133.33333306	4045.12820472	4052.82051241	4057.69230728	4044.99999959	4063.97435856	4362.6923079	3954.61538399	4159.23076903	4086.15384581	4222.30769224	4096.53846119	
4077.30769196	4124.48717921	4135.51282031	4048.07692266	4055.76923036	4054.74358933	4044.99999959	4059.35897395	4356.15384637	3953.84615322	4155.89743569	4086.41025607	4217.69230763	4099.10256376	
4076.53846119	4124.74358947	4135.89743569	4047.30769189	4051.79487138	4051.410256	4041.15384574	4057.30769189	4344.87179508	3955.25640963	4150.89743569	4082.94871761	4206.6666666	4096.02564068	
4069.6153842	4123.0769228	4134.74358947	4044.48717907	4046.28205087	4048.46153805	4039.99999959	4054.87179446	4333.84615406	3957.05128143	4142.43589723	4077.43589709	4196.41025628	4091.02564068	
4067.43589702	4122.94871767	4134.61538434	4048.20512779	4052.30769189	4049.99999959	4043.84615343	4054.23076882	4328.97435912	3960.51281989	4137.94871774	4079.23076889	4195.76923063	4091.53846119	
4075.12820478	4125.64102537	4138.46153826	4055.38461497	4059.10256369	4051.92307651	4045.25640984	4057.17948677	4331.41025655	3967.56410194	4141.41025621	4086.53846119	4197.30769217	4097.43589709	
4076.41025607	4123.58974332	4141.15384595	4053.58974318	4052.69230728	4047.05128164	4039.6153842	4058.97435856	4328.4615386	3968.84615322	4140.89743569	4086.92307658	4195.38461525	4100.25640991	
4072.56410222	4119.10256383	4136.02564082	4047.56410215	4045.25640984	4042.56410215	4034.87179439	4056.28205087	4314.61538476	3960.64102502	4130.51282024	4082.17948684	4192.94871781	4101.28205094	
4074.7435894	4121.02564075	4133.0769228	4047.56410215	4046.66666625	4044.6153842	4037.05128164	4054.23076882	4308.07692322	3953.58974297	4123.71794844	4080.51282017	4191.28205115	4100.51282017	
4076.41025607	4124.48717921	4138.205128	4052.56410215	4052.17948677	4046.66666625	4041.410256	4053.7179483	4312.94871809	3962.30769169	4125.51282024	4082.43589709	4189.48717935	4096.79487145	
4075.76923043	4122.94871767	4139.23076903	4057.17948677	4057.05128164	4045.64102523	4041.410256	4054.10256369	4313.4615386	3974.10256355	4129.8717946	4086.02564068	4192.17948704	4096.92307658	
4075.89743555	4122.43589716	4135.76923056	4054.6153842	4055.89743548	4043.07692266	4037.30769189	4056.92307651	4303.97435912	3970.89743528	4128.33333306	4085.6410253	4193.3333332	4099.35897402	
4073.33333299	4121.02564075	4135.64102544	4048.33333292	4051.02564061	4040.76923036	4034.61538413	4056.66666625	4294.2307693	3965.76923015	4121.41025614	4079.99999966	4180.76923063	4096.53846119	
4074.87179453	4118.20512793	4137.3076921	4050.64102523	4054.99999959	4042.69230728	4036.92307651	4059.74358933	4299.74358989	3976.1538456	4123.20512793	4085.12820478	4176.41025628	4099.23076889	
4079.87179453	4119.48717921	4139.87179467	4057.69230728	4060.25640984	4046.02564061	4042.17948677	4067.43589702	4307.82051296	3985.38461483	4133.84615357	4093.8461535	4186.92307679	4108.33333306	
4078.20512786	4122.05128178	4142.56410236	4057.94871754	4055.12820472	4046.28205087	4043.07692266	4067.56410215	4301.28205142	3983.46153791	4134.74358947	4092.17948684	4187.30769217	4107.56410229	
4078.20512786	4122.05128178	4142.56410236	4057.94871754	4055.12820472	4046.28205087	4043.07692266	4067.56410215	4301.28205142	3983.46153791	4134.74358947	4092.17948684	4187.30769217	4107.56410229	
4076.28205094	4125.12820485	4141.92307672	4053.7179483	4051.28205087	4043.97435856	4040.25640984	4062.94871754	4293.84615392	3986.28205073	4127.17948691	4091.41025607	4178.71794858	4102.82051255	
4074.7435894	4120.64102537	4138.07692287	4051.53846113	4049.35897395	4039.74358933	4038.20512779	4056.28205087	4284.74358982	3989.35897381	4119.48717921	4088.8461535	4167.94871774	4101.15384581	
4064.23076882	4110.12820485	4134.35897408	4048.58974318	4039.23076882	4033.71794824	4034.99999952	4047.56410215	4267.17948725	3983.71794817	4108.46153819	4077.56410222	4155.38461518	4094.35897402	
4059.87179446	4112.43589716	4135.12820485	4046.02564061	4037.82051241	4031.41025593	4032.94871747	4049.35897395	4258.33333334	3979.74358919	4101.79487145	4072.30769196	4151.79487159	4088.8461535	
4070.6410253	4118.46153819	4138.71794851	4051.15384574	4049.10256369	4034.487179	4034.74358926	4058.20512779	4262.43589744	3981.02564047	4105.51282024	4076.92307658	4155.25641005	4095.38461504	
4078.8461535	4115.12820485	4140.38461518	4056.66666625	4047.43589702	4036.79487131	4036.15384567	4053.84615343	4260.64102564	3987.30769176	4108.0769228	4081.66666632	4154.1025639	4103.33333306	
4077.17948684	4114.99999973	4138.84615364	4056.28205087	4039.10256369	4036.79487131	4036.53846106	4049.87179446	4260.25641026	3998.71794817	4108.20512793	4087.17948684	4155.76923056	4105.7692305	
4073.97435863	4123.84615357	4139.35897415	4055.76923036	4045.38461497	4035.64102516	4037.94871754	4057.69230728	4263.97435898	4002.30769176	4111.28205101	4090.51282017	4161.41025621	4106.79487152	
4074.99999966	4126.28205101	4139.35897415	4056.15384574	4048.46153805	4032.56410208	4037.05128164	4053.84615343	4253.84615385	3997.43589688	4103.9743587	4084.61538427	4152.69230749	4103.0769228	
4075.6410253	4117.05128178	4137.56410236	4053.58974318	4043.97435856	4030.25640977	4035.89743541	4046.53846113	4238.71794872	4000.51281996	4092.17948684	4078.33333299	4139.9999998	4101.41025607	
4072.56410222	4112.43589716	4137.82051262	4051.15384574	4045.89743548	4030.64102516	4035.89743541	4049.99999959	4234.48717949	4000.64102509	4089.48717914	4076.92307658	4135.51282031	4103.20512793	
4070.6410253	4118.0769228	4137.69230749	4053.97435856	4046.66666625	4028.33333285	4034.74358926	4047.05128164	4234.35897436	3995.64102509	4091.79487145	4076.41025607	4137.43589723	4100.38461504	
4071.53846119	4119.99999973	4133.58974332	4053.07692266	4042.94871754	4024.23076875	4034.10256362	4038.07692266	4231.92307686	3999.35897381	4089.23076889	4075.6410253	4138.84615364	4096.53846119	
4068.20512779	4115.38461511	4131.02564075	4048.46153805	4043.46153805	4026.66666618	4035.25640977	4038.97435856	4229.87179481	4007.56410208	4082.05128171	4075.38461504	4135.76923056	4096.66666632	
4065.12820472	4112.43589716	4130.64102537	4050.12820472	4043.58974318	4026.79487131	4032.82051234	4043.33333292	4229.48717942	4016.15384567	4082.69230735	4075.38461504	4133.84615357	4099.48717914	
4068.33333292	4112.69230742	4129.23076896	4053.58974318	4042.82051241	4020.64102516	4028.84615336	4045.76923036	4229.48717942	4025.64102516	4089.10256376	4075.76923043	4137.3076921	4101.66666632	
4069.87179453	4116.02564075	4130.7692305	4053.33333292	4046.28205087	4021.15384567	4029.10256362	4050.76923036	4232.82051275	4028.07692259	4093.07692273	4078.20512786	4142.56410236	4101.66666632	
4066.53846113	4116.79487152	4132.05128178	4051.92307651	4044.99999959	4024.99999952	4026.79487131	4051.410256	4233.07692301	4023.20512772	4089.99999966	4078.33333299	4140.38461518	4100.38461504	
4062.43589702	4114.48717921	4127.82051255	4049.87179446	4038.46153805	4018.84615336	4023.46153798	4043.33333292	4223.33333327	4023.33333285	4080.25640991	4069.48717907	4131.02564075	4095.25640991	
4060.5128201	4116.02564075	4128.46153819	4049.48717907	4041.15384574	4015.3846149	4024.74358926	4037.17948677	4214.23076917	4029.87179439	4075.12820478	4065.76923036	4125.7692305	4091.92307658	
4062.82051241	4117.43589716	4133.71794844	4051.02564061	4049.10256369	4022.1794867	4025.51282003	4037.17948677	4214.23076917	4034.87179439	4077.30769196	4070.38461504	4127.17948691	4098.33333299	
4067.56410215	4114.61538434	4133.71794844	4050.38461497	4047.82051241	4020.12820465	4024.23076875	4039.48717907	4215.51282045	4033.84615336	4076.28205094	4073.58974325	4127.56410229	4103.0769228	
4067.30769189	4114.61538434	4133.58974332	4051.410256	4045.89743548	4012.43589695	4024.487179	4047.17948677	4214.35897429	4029.61538413	4074.10256376	4073.8461535	4127.56410229	4101.92307658	
4066.15384574	4116.66666639	4136.28205108	4054.10256369	4049.10256369	4012.94871747	4027.43589695	4052.30769189	4211.79487173	4033.97435849	4077.05128171	4074.7435894	4129.35897408	4103.33333306	
4070.51282017	4117.05128178	4136.53846133	4050.76923036	4046.53846113	4014.74358926	4028.97435849	4047.43589702	4207.43589737	4045.89743548	4073.8461535	4076.66666632	4126.53846126	4096.53846119	
4071.79487145	4118.84615357	4135.25640998	4049.23076882	4043.07692266	4012.94871747	4026.41025593	4042.94871754	4201.15384609	4050.12820472	4068.58974318	4076.53846119	4122.56410229	4082.30769196	
4071.02564068	4119.10256383	4135.64102544	4054.35897395	4045.25640984	4011.66666618	4023.97435849	4045.38461497	4200.38461525	4050.76923036	4072.56410222	4074.48717914	4123.20512793	4085.6410253	
4078.07692273	4122.69230742	4139.61538441	4057.05128164	4049.35897395	4017.30769183	4028.71794824	4053.33333292	4206.92307686	4062.43589702	4080.51282017	4080.89743555	4128.33333306	4099.7435894	
4084.23076889	4127.43589716	4142.05128185	4060.12820472	4055.25640984	4022.05128157	4032.82051234	4058.7179483	4210.25641019	4067.05128164	4084.48717914	4088.58974325	4133.33333306	4099.7435894	
4079.99999966	4122.05128178	4138.84615364	4061.92307651	4059.35897395	4019.23076875	4027.94871747	4052.43589702	4199.87179474	4057.05128164	4076.28205094	4080.25640991	4126.41025614	4091.53846119	
4076.66666632	4116.41025614	4136.41025621	4057.94871754	4056.79487138	4017.05128157	4028.58974311	4044.87179446	4185.51282038	4061.79487138	4067.17948677	4072.30769196	4115.89743562	4088.97435863	
4077.17948684	4116.41025614	4135.76923056	4055.89743548	4051.02564061	4016.92307644	4032.56410208	4048.84615343	4183.58974345	4075.76923043	4070.76923043	4076.41025607	4118.0769228	4091.02564068	
4076.02564068	4117.43589716	4132.69230742	4057.56410215	4052.43589702	4014.487179	4034.35897388	4055.5128201	4194.48717935	4078.58974325	4077.82051248	4077.17948684	4127.17948691	4095.76923043	
4076.53846119	4120.51282024	4134.10256383	4061.410256	4056.28205087	4015.76923029	4036.41025593	4059.48717907	4200.51282038	4081.92307658	4080.51282017	4078.33333299	4130.25640998	4102.30769196	
4077.05128171	4122.82051255	4137.82051262	4063.7179483	4053.58974318	4015.89743541	4031.92307644	4059.87179446	4195.12820499	4084.61538427	4080.76923043	4084.10256376	4130.25640998	4102.94871767	
4074.10256376	4116.28205101	4131.66666639	4061.53846113	4048.7179483	4005.51282003	4025.76923029	4051.53846113	4191.02564089	4078.71794837	4077.17948684	4085.25640991	4128.84615357	4098.46153812	
4092.56410222	4125.38461511	4142.3076921	4079.99999966	4057.17948677	4012.56410208	4040.5128201	4064.35897395	4197.94871781	4119.10256383	4094.48717914	4107.05128178	4143.33333313	4123.58974332	
4089.7435894	4121.79487152	4143.97435877	4080.51282017	4056.15384574	4013.97435849	4042.30769189	4066.53846113	4201.02564096	4117.30769203	4101.15384581	4106.41025614	4145.12820492	4119.99999973	
4090.6410253	4124.10256383	4144.1025639	4086.79487145	4063.84615343	4020.51282003	4048.46153805	4066.410256	4199.99999986	4111.66666639	4109.61538434	4109.61538434	4147.94871774	4120.25640998	
4091.02564068	4126.53846126	4144.74358954	4089.10256376	4068.20512779	4022.1794867	4049.74358933	4069.87179453	4199.10256397	4113.20512793	4107.43589716	4111.66666639	4149.23076903	4126.15384588	
4091.02564068	4125.51282024	4144.87179467	4088.46153812	4066.92307651	4020.51282003	4049.99999959	4072.69230735	4203.33333327	4123.9743587	4107.30769203	4113.71794844	4150.51282031	4128.46153819	
4084.48717914	4126.15384588	4141.41025621	4087.69230735	4065.12820472	4021.02564054	4048.20512779	4067.56410215	4199.74358961	4127.82051255	4108.58974332	4109.48717921	4147.17948697	4120.25640998	
4077.17948684	4126.53846126	4142.3076921	4085.6410253	4067.69230728	4020.25640977	4044.23076882	4066.15384574	4194.35897422	4122.43589716	4105.7692305	4102.82051255	4143.58974339	4118.58974332	
4083.07692273	4129.10256383	4144.74358954	4088.71794837	4074.10256376	4019.87179439	4045.5128201	4070.51282017	4196.41025628	4126.02564075	4106.41025614	4104.8717946	4147.43589723	4127.94871767	
4090.38461504	4132.82051255	4141.92307672	4094.23076889	4079.10256376	4023.46153798	4048.33333292	4065.89743548	4193.71794858	4129.74358947	4108.46153819	4110.25640998	4148.58974339	4129.8717946	
4084.48717914	4128.33333306	4140.89743569	4093.8461535	4076.02564068	4021.15384567	4046.410256	4058.7179483	4183.07692294	4118.0769228	4106.41025614	4108.0769228	4142.05128185	4127.30769203	
4076.28205094	4121.41025614	4140.51282031	4088.33333299	4067.17948677	4013.46153798	4043.97435856	4058.07692266	4173.97435884	4107.94871767	4099.10256376	4098.33333299	4135.38461518	4125.12820485	
4076.53846119	4123.71794844	4135.64102544	4085.25640991	4063.33333292	4017.30769183	4048.46153805	4056.53846113	4173.84615371	4111.15384588	4094.35897402	4093.97435863	4133.58974332	4122.69230742	
4082.82051248	4127.82051255	4134.48717921	4090.25640991	4067.94871754	4023.97435849	4053.46153805	4058.97435856	4178.20512807	4113.46153819	4099.87179453	4101.28205094	4138.205128	4124.99999973	
4089.99999966	4125.7692305	4138.84615364	4095.6410253	4072.17948684	4022.43589695	4055.25640984	4069.87179453	4180.51282038	4111.41025614	4107.56410229	4108.20512793	4148.205128	4131.15384588	
4090.51282017	4124.74358947	4138.97435877	4094.48717914	4069.6153842	4021.66666618	4054.35897395	4074.48717914	4183.84615371	4112.94871767	4110.12820485	4107.69230742	4154.35897415	4132.82051255	
4086.15384581	4124.48717921	4134.35897408	4091.92307658	4066.53846113	4022.94871747	4052.17948677	4068.33333292	4183.07692294	4106.02564075	4107.17948691	4104.61538434	4149.61538441	4131.41025614	
4088.97435863	4121.92307665	4133.20512793	4096.28205094	4071.15384581	4020.89743541	4052.17948677	4064.74358933	4174.87179474	4097.17948684	4102.82051255	4106.53846126	4144.23076903	4133.0769228	
4095.6410253	4124.35897408	4134.35897408	4100.12820478	4079.48717914	4024.487179	4055.89743548	4069.7435894	4176.5384614	4113.33333306	4108.71794844	4113.58974332	4151.92307672	4130.64102537	
4094.23076889	4127.56410229	4132.94871767	4098.58974325	4080.51282017	4031.92307644	4059.87179446	4076.15384581	4189.2307691	4132.30769203	4122.43589716	4118.84615357	4163.33333313	4125.51282024	
4090.6410253	4124.10256383	4132.56410229	4099.7435894	4077.94871761	4028.58974311	4055.38461497	4074.35897402	4188.97435884	4128.84615357	4124.23076896	4120.25640998	4162.43589723	4124.8717946	
4096.66666632	4124.35897408	4134.35897408	4098.97435863	4079.23076889	4020.3846149	4052.56410215	4074.35897402	4180.38461525	4122.05128178	4117.43589716	4120.12820485	4160.25641005	4128.33333306	
4105.7692305	4128.84615357	4133.71794844	4096.53846119	4081.79487145	4024.35897388	4058.58974318	4084.87179453	4186.79487166	4129.74358947	4126.66666639	4125.38461511	4170.12820499	4134.8717946	
4108.58974332	4128.46153819	4133.84615357	4101.53846119	4082.82051248	4034.35897388	4064.10256369	4091.15384581	4201.28205122	4142.69230749	4144.1025639	4135.25640998	4182.30769217	4141.41025621	
4107.17948691	4129.61538434	4137.69230749	4107.30769203	4083.8461535	4033.20512772	4063.97435856	4092.05128171	4200.64102551	4143.205128	4143.07692287	4134.99999973	4182.56410243	4143.97435877	
4107.56410229	4131.15384588	4136.79487159	4104.10256383	4086.79487145	4030.25640977	4064.6153842	4098.07692273	4193.46153833	4137.3076921	4136.41025621	4129.61538434	4177.94871781	4145.25641005	
4110.89743562	4132.17948691	4134.8717946	4103.33333306	4085.6410253	4034.23076875	4064.87179446	4099.61538427	4193.84615371	4139.74358954	4145.38461518	4134.10256383	4179.99999986	4146.02564082	
4113.33333306	4135.64102544	4138.33333313	4109.23076896	4081.79487145	4036.66666618	4064.6153842	4098.71794837	4196.5384614	4149.87179467	4155.76923056	4142.17948697	4186.28205115	4145.76923056	
4114.23076896	4133.84615357	4138.07692287	4108.84615357	4086.53846119	4041.53846113	4071.15384581	4106.66666639	4198.20512807	4156.41025621	4155.25641005	4139.61538441	4191.02564089	4147.43589723	
4116.15384588	4130.89743562	4134.35897408	4106.02564075	4097.05128171	4049.35897395	4076.66666632	4112.56410229	4201.15384609	4159.87179467	4155.76923056	4136.15384595	4191.02564089	4149.74358954	
4123.0769228	4136.53846133	4136.41025621	4112.17948691	4099.87179453	4050.76923036	4077.17948684	4114.8717946	4204.10256404	4165.12820492	4161.79487159	4145.12820492	4193.84615371	4152.94871774	
4127.17948691	4137.56410236	4136.66666646	4115.25640998	4096.92307658	4048.58974318	4077.82051248	4117.69230742	4204.61538455	4175.64102551	4160.38461518	4149.87179467	4196.28205115	4158.84615364	
4124.10256383	4132.82051255	4132.82051255	4108.71794844	4099.23076889	4051.92307651	4077.94871761	4118.46153819	4206.15384609	4188.07692294	4158.33333313	4142.82051262	4196.92307679	4163.205128	
4124.35897408	4138.07692287	4133.0769228	4105.25640998	4105.64102537	4055.76923036	4077.05128171	4121.53846126	4209.99999993	4190.12820499	4164.35897415	4141.92307672	4201.6666666	4162.3076921	
4131.66666639	4141.41025621	4136.66666646	4108.84615357	4106.15384588	4058.7179483	4082.05128171	4128.46153819	4215.38461532	4191.15384602	4168.58974345	4150.38461518	4207.17948711	4165.51282031	
4139.74358954	4139.87179467	4139.87179467	4116.28205101	4105.51282024	4065.25640984	4092.82051248	4134.99999973	4223.58974352	4199.35897422	4174.35897422	4155.64102544	4214.10256404	4175.76923063	
4142.3076921	4140.51282031	4139.48717928	4119.48717921	4109.61538434	4067.82051241	4095.76923043	4138.71794851	4228.58974352	4200.12820499	4183.97435884	4158.205128	4218.71794865	4182.05128192	
4138.58974339	4139.74358954	4134.23076896	4114.74358947	4105.51282024	4060.64102523	4090.12820478	4135.89743569	4221.92307686	4192.30769217	4184.35897422	4156.02564082	4213.58974352	4178.3333332	
4136.15384595	4138.33333313	4130.89743562	4113.84615357	4103.20512793	4059.6153842	4090.12820478	4135.76923056	4220.38461532	4198.58974345	4181.28205115	4153.33333313	4213.20512814	4174.48717935	
4141.02564082	4140.76923056	4136.53846133	4122.56410229	4115.89743562	4069.35897395	4095.38461504	4146.41025621	4236.02564103	4213.07692301	4194.87179474	4162.3076921	4230.25641019	4180.51282038	
4146.02564082	4143.33333313	4139.87179467	4126.66666639	4120.89743562	4072.17948684	4093.20512786	4151.92307672	4240.8974359	4208.20512814	4204.48717942	4166.15384595	4238.71794872	4184.61538448	
4146.28205108	4143.58974339	4135.76923056	4124.10256383	4114.8717946	4067.43589702	4088.97435863	4145.25641005	4235.64102564	4200.25641012	4198.46153833	4160.38461518	4231.79487173	4180.89743576	
4151.15384595	4142.69230749	4138.07692287	4129.48717921	4122.05128178	4071.02564068	4093.97435863	4145.64102544	4246.15384616	4210.64102558	4205.64102558	4165.76923056	4242.17948718	4183.20512807	
4156.92307672	4141.15384595	4143.97435877	4137.05128185	4133.46153819	4079.10256376	4097.56410222	4156.66666646	4253.07692308	4212.94871788	4217.17948711	4172.69230756	4253.20512821	4193.3333332	
4156.92307672	4140.25641005	4143.84615364	4137.69230749	4128.58974332	4078.07692273	4093.8461535	4162.43589723	4246.41025641	4204.61538455	4214.35897429	4168.58974345	4246.53846154	4196.15384602	
4157.94871774	4140.76923056	4143.46153826	4135.76923056	4126.02564075	4075.76923043	4096.92307658	4158.71794851	4248.84615385	4212.69230763	4214.61538455	4170.38461525	4249.74358975	4194.61538448	
4158.205128	4141.66666646	4142.3076921	4139.61538441	4132.05128178	4078.71794837	4101.28205094	4155.51282031	4252.17948718	4221.53846147	4220.38461532	4176.28205115	4257.30769231	4197.56410243	
4155.64102544	4144.23076903	4140.38461518	4142.69230749	4128.9743587	4077.17948684	4094.7435894	4158.58974339	4245.0	4208.84615378	4216.53846147	4171.92307679	4251.41025641	4195.38461525	
4161.28205108	4144.9999998	4145.64102544	4145.64102544	4130.38461511	4076.79487145	4094.7435894	4163.33333313	4255.0	4205.89743583	4224.61538455	4174.2307691	4259.23076923	4195.64102551	
4169.61538448	4144.35897415	4150.89743569	4150.76923056	4139.9999998	4085.51282017	4106.53846126	4168.07692287	4274.48717956	4222.94871788	4246.66666667	4182.05128192	4272.56410264	4204.74358968	
4167.56410236	4142.3076921	4147.82051262	4150.76923056	4138.58974339	4088.97435863	4111.02564075	4172.30769217	4268.20512828	4216.53846147	4249.10256411	4178.20512807	4258.20512821	4206.15384609	
4165.64102544	4141.15384595	4145.64102544	4148.71794851	4135.25640998	4084.7435894	4108.58974332	4175.64102551	4262.05128206	4206.02564096	4245.76923077	4174.87179474	4252.17948718	4202.82051275	
4168.3333332	4143.97435877	4149.48717928	4150.12820492	4144.61538441	4084.7435894	4109.8717946	4178.46153833	4278.71794879	4221.28205122	4253.71794872	4182.05128192	4270.64102571	4202.69230763	
4168.58974345	4145.25641005	4151.41025621	4151.79487159	4149.1025639	4089.48717914	4109.99999973	4180.76923063	4285.76923084	4228.97435891	4253.84615385	4186.79487166	4272.82051289	4201.53846147	
4167.05128185	4143.07692287	4149.35897415	4149.74358954	4140.64102544	4092.94871761	4108.58974332	4183.20512807	4275.76923084	4214.87179481	4252.30769231	4180.51282038	4262.43589744	4199.2307691	
4165.38461518	4139.9999998	4149.48717928	4147.82051262	4136.79487159	4090.51282017	4108.71794844	4179.87179474	4278.07692315	4213.84615378	4251.02564103	4175.25641012	4265.51282052	4196.92307679	
4164.61538441	4140.25641005	4149.1025639	4148.07692287	4139.35897415	4087.17948684	4105.89743562	4177.56410243	4286.66666674	4218.20512814	4223.84615378	4177.4358973	4271.28205136	4191.92307679	
4165.89743569	4146.53846133	4149.74358954	4149.74358954	4144.35897415	4092.43589709	4107.69230742	4184.99999986	4285.00000007	4208.97435891	4191.79487166	4181.15384602	4273.07692315	4191.5384614	
4168.3333332	4148.205128	4154.35897415	4151.66666646	4148.205128	4100.38461504	4115.25640998	4191.28205115	4292.69230777	4215.25641019	4196.28205115	4189.74358961	4282.17948725	4200.38461525	
4169.87179474	4145.25641005	4157.69230749	4152.82051262	4142.82051262	4096.92307658	4115.25640998	4190.64102551	4299.48717963	4226.6666666	4202.82051275	4196.66666653	4290.25641033	4207.17948711	
4171.02564089	4144.74358954	4156.02564082	4155.38461518	4136.15384595	4086.41025607	4107.17948691	4185.38461525	4289.10256418	4215.51282045	4180.89743576	4192.69230756	4288.07692315	4205.38461532	
4171.66666653	4143.84615364	4156.02564082	4154.48717928	4136.28205108	4082.05128171	4103.46153819	4178.97435884	4286.28205136	4204.10256404	4167.69230749	4190.76923063	4285.25641033	4202.17948711	
4171.15384602	4144.35897415	4158.58974339	4150.51282031	4135.89743569	4084.10256376	4105.64102537	4179.10256397	4290.38461546	4209.74358968	4167.69230749	4199.10256397	4282.43589751	4204.74358968	
4174.48717935	4146.92307672	4158.97435877	4148.46153826	4133.33333306	4092.43589709	4107.17948691	4186.41025628	4282.82051289	4213.4615384	4158.205128	4204.10256404	4277.69230777	4210.7692307	
4182.4358973	4145.25641005	4160.38461518	4150.76923056	4138.07692287	4099.10256376	4109.74358947	4193.3333332	4283.58974366	4209.87179481	4157.69230749	4206.6666666	4284.10256418	4214.74358968	
4184.48717935	4144.74358954	4163.71794851	4157.3076921	4142.05128185	4097.05128171	4112.30769203	4197.30769217	4299.35897443	4215.7692307	4167.3076921	4213.84615378	4298.46153853	4215.25641019	
4176.41025628	4147.3076921	4162.82051262	4157.82051262	4138.97435877	4094.23076889	4110.7692305	4198.58974345	4300.12820527	4218.07692301	4161.15384595	4209.61538455	4300.12820527	4210.38461532	
4169.35897422	4147.05128185	4158.97435877	4152.43589723	4137.43589723	4095.25640991	4107.82051255	4193.97435884	4295.25641033	4214.74358968	4152.94871774	4201.92307686	4295.25641033	4205.64102558	
4169.48717935	4144.74358954	4158.33333313	4150.25641005	4138.46153826	4095.89743555	4108.0769228	4191.28205115	4300.12820527	4218.07692301	4155.64102544	4203.4615384	4295.00000007	4206.41025634	
4169.99999986	4142.43589723	4159.1025639	4151.79487159	4138.97435877	4095.38461504	4108.58974332	4193.07692294	4292.69230777	4212.82051275	4146.28205108	4201.02564096	4287.56410264	4206.6666666	
4169.48717935	4143.97435877	4155.76923056	4151.28205108	4137.94871774	4096.41025607	4106.92307665	4192.56410243	4283.46153853	4199.61538448	4135.12820485	4197.4358973	4278.97435905	4204.61538455	
4169.74358961	4147.3076921	4153.07692287	4151.15384595	4139.87179467	4099.61538427	4110.7692305	4198.3333332	4295.25641033	4209.74358968	4144.9999998	4200.38461525	4286.0256411	4208.58974352	
4169.61538448	4145.64102544	4152.69230749	4153.84615364	4147.56410236	4106.66666639	4117.30769203	4206.53846147	4304.23076937	4226.92307686	4154.23076903	4200.12820499	4298.07692315	4212.17948711	
4169.35897422	4143.33333313	4155.38461518	4156.79487159	4152.3076921	4109.8717946	4120.51282024	4209.23076917	4301.66666681	4221.41025634	4153.84615364	4199.35897422	4301.92307707	4212.30769224	
4170.25641012	4144.9999998	4159.74358954	4161.66666646	4151.66666646	4104.23076896	4121.66666639	4213.71794865	4309.48717963	4220.25641019	4156.92307672	4208.20512814	4305.12820527	4217.17948711	
4172.4358973	4146.92307672	4159.87179467	4166.28205108	4149.61538441	4102.56410229	4121.41025614	4217.82051275	4316.02564117	4224.87179481	4160.25641005	4213.4615384	4307.69230784	4223.71794865	
4172.69230756	4149.87179467	4158.84615364	4167.82051262	4150.64102544	4111.66666639	4121.79487152	4215.7692307	4314.10256425	4220.51282045	4162.56410236	4209.87179481	4310.38461553	4225.25641019	
4171.02564089	4151.41025621	4160.89743569	4170.25641012	4157.05128185	4117.43589716	4123.0769228	4215.38461532	4318.4615386	4220.38461532	4169.35897422	4213.4615384	4321.79487194	4222.94871788	
4172.82051269	4150.64102544	4163.205128	4172.4358973	4157.43589723	4111.28205101	4123.0769228	4221.28205122	4323.4615386	4221.15384609	4173.71794858	4219.61538455	4326.53846168	4222.69230763	
4174.74358961	4149.61538441	4161.41025621	4170.76923063	4146.66666646	4104.99999973	4121.28205101	4221.79487173	4322.05128219	4218.07692301	4173.84615371	4218.20512814	4319.61538476	4222.17948711	
4171.79487166	4145.25641005	4158.205128	4165.25641005	4138.84615364	4103.20512793	4118.71794844	4215.25641019	4313.97435912	4212.5641025	4168.71794858	4210.89743583	4313.97435912	4215.25641019	
4169.87179474	4141.53846133	4157.3076921	4162.69230749	4142.43589723	4103.33333306	4117.82051255	4211.41025634	4306.41025655	4203.97435891	4160.76923056	4208.4615384	4314.10256425	4209.74358968	
4171.15384602	4144.48717928	4156.28205108	4166.79487159	4147.82051262	4105.38461511	4121.53846126	4216.92307686	4311.28205142	4201.6666666	4162.69230749	4213.07692301	4318.97435912	4215.25641019	
4171.92307679	4147.94871774	4155.38461518	4169.48717935	4146.66666646	4105.38461511	4123.46153819	4222.69230763	4319.10256425	4208.58974352	4167.3076921	4213.97435891	4320.89743604	4218.4615384	
4176.28205115	4148.33333313	4155.25641005	4168.46153833	4143.58974339	4103.20512793	4121.79487152	4217.69230763	4315.12820527	4212.05128199	4164.61538441	4211.6666666	4317.17948732	4216.28205122	
4183.71794858	4145.64102544	4156.15384595	4168.46153833	4142.43589723	4103.0769228	4122.56410229	4214.35897429	4310.38461553	4206.02564096	4164.74358954	4213.20512814	4315.2564104	4219.61538455	
4184.35897422	4144.9999998	4155.38461518	4169.74358961	4147.56410236	4106.53846126	4124.23076896	4220.89743583	4316.28205142	4202.82051275	4170.51282038	4214.99999993	4321.28205142	4221.53846147	
4185.89743576	4153.07692287	4156.66666646	4177.56410243	4159.48717928	4113.71794844	4126.41025614	4231.92307686	4326.92307707	4211.41025634	4178.20512807	4223.4615384	4332.82051303	4226.02564096	
4192.30769217	4157.17948697	4161.41025621	4184.48717935	4163.84615364	4118.0769228	4127.69230742	4238.07692308	4335.51282073	4221.79487173	4188.71794858	4234.35897436	4342.30769252	4234.61538462	
4190.12820499	4147.17948697	4158.07692287	4176.02564089	4157.3076921	4112.82051255	4123.33333306	4231.41025634	4330.76923091	4209.35897429	4187.56410243	4226.28205122	4335.25641047	4230.12820506	
4182.05128192	4142.82051262	4150.89743569	4167.3076921	4151.66666646	4107.30769203	4121.66666639	4224.10256404	4317.56410271	4190.89743576	4172.30769217	4211.02564096	4320.00000014	4219.74358968	
4184.48717935	4150.89743569	4153.97435877	4171.02564089	4152.3076921	4110.7692305	4127.05128178	4231.53846147	4316.66666681	4199.87179474	4172.56410243	4217.43589737	4323.33333348	4222.17948711	
4190.51282038	4152.17948697	4160.38461518	4173.3333332	4155.38461518	4114.8717946	4128.84615357	4238.97435898	4321.53846168	4210.38461532	4186.79487166	4228.33333327	4333.71794893	4227.69230763	
4187.30769217	4146.41025621	4159.1025639	4169.48717935	4156.92307672	4114.10256383	4124.23076896	4229.48717942	4318.4615386	4195.12820499	4182.4358973	4220.38461532	4330.00000014	4224.23076917	
4183.97435884	4144.9999998	4156.66666646	4168.20512807	4154.87179467	4112.30769203	4119.99999973	4222.5641025	4310.38461553	4186.66666653	4170.76923063	4214.87179481	4321.1538463	4219.23076917	
4188.71794858	4145.64102544	4156.66666646	4169.74358961	4156.79487159	4114.8717946	4121.28205101	4227.82051275	4307.82051296	4192.17948704	4175.25641012	4221.15384609	4321.53846168	4221.15384609	
4188.97435884	4147.56410236	4157.82051262	4172.30769217	4163.07692287	4117.94871767	4124.48717921	4229.10256404	4309.61538476	4182.4358973	4179.2307691	4221.79487173	4323.33333348	4223.71794865	
4187.17948704	4148.33333313	4159.9999998	4174.10256397	4161.15384595	4116.28205101	4122.69230742	4226.02564096	4311.66666681	4174.61538448	4176.79487166	4220.12820506	4323.07692322	4223.71794865	
4190.89743576	4146.02564082	4159.48717928	4172.4358973	4155.89743569	4116.28205101	4119.48717921	4224.99999993	4313.84615399	4188.84615371	4184.10256397	4225.89743583	4329.10256425	4224.74358968	
4191.41025628	4146.53846133	4158.07692287	4170.25641012	4157.69230749	4117.05128178	4121.02564075	4223.58974352	4312.30769245	4190.76923063	4186.92307679	4224.99999993	4330.64102578	4224.35897429	
4185.64102551	4146.53846133	4159.9999998	4165.89743569	4157.05128185	4115.64102537	4123.71794844	4221.15384609	4305.12820527	4178.07692294	4175.89743576	4217.30769224	4319.3589745	4217.94871788	
4181.92307679	4140.38461518	4160.76923056	4158.71794851	4150.64102544	4113.84615357	4121.53846126	4218.71794865	4294.10256418	4175.38461525	4167.05128185	4212.82051275	4309.3589745	4209.23076917	
4183.3333332	4141.15384595	4156.92307672	4158.07692287	4150.12820492	4112.69230742	4117.82051255	4218.58974352	4293.46153853	4171.28205115	4171.02564089	4211.28205122	4312.69230784	4207.82051275	
4191.5384614	4148.84615364	4162.05128185	4164.74358954	4156.79487159	4114.35897408	4119.74358947	4225.89743583	4308.33333348	4171.41025628	4186.02564089	4219.87179481	4325.51282066	4216.79487173	
4201.15384609	4151.92307672	4173.58974345	4172.69230756	4161.28205108	4117.56410229	4123.33333306	4233.71794865	4314.74358989	4188.20512807	4198.97435884	4233.4615384	4334.4871797	4224.99999993	
4201.53846147	4153.58974339	4174.10256397	4175.51282038	4161.92307672	4119.48717921	4122.94871767	4231.28205122	4308.58974373	4194.87179474	4199.2307691	4234.10256411	4332.05128219	4223.84615378	
4197.4358973	4153.71794851	4171.15384602	4175.38461525	4160.76923056	4117.94871767	4121.79487152	4224.74358968	4307.69230784	4184.61538448	4198.84615371	4231.28205122	4328.20512835	4223.20512814	
4200.38461525	4154.23076903	4175.25641012	4180.12820499	4159.61538441	4117.94871767	4123.58974332	4222.82051275	4312.30769245	4184.35897422	4205.25641019	4239.74358975	4333.71794893	4229.87179481	
4202.43589737	4158.33333313	4179.48717935	4189.35897422	4160.38461518	4117.17948691	4123.71794844	4226.6666666	4308.97435912	4185.89743576	4207.30769224	4248.58974359	4335.51282073	4233.4615384	
4201.41025634	4158.205128	4182.94871781	4197.82051269	4159.48717928	4113.0769228	4122.43589716	4225.7692307	4299.74358989	4171.41025628	4203.07692301	4250.12820513	4328.33333348	4232.94871788	
4207.5641025	4156.02564082	4188.20512807	4202.17948711	4157.05128185	4111.02564075	4118.9743587	4214.87179481	4296.28205136	4168.46153833	4205.89743583	4254.48717949	4326.79487194	4235.64102564	
4215.38461532	4162.05128185	4189.87179474	4206.92307686	4157.56410236	4111.53846126	4116.92307665	4208.07692301	4296.53846161	4177.17948704	4212.05128199	4264.23076923	4330.12820527	4239.35897436	
4215.7692307	4164.9999998	4190.25641012	4212.30769224	4159.23076903	4111.79487152	4117.05128178	4209.87179481	4295.00000007	4173.71794858	4209.74358968	4269.10256418	4321.92307707	4240.51282052	
4216.79487173	4162.05128185	4193.71794858	4217.82051275	4157.94871774	4110.12820485	4115.38461511	4210.64102558	4289.48717956	4165.64102544	4203.33333327	4267.05128212	4302.17948732	4241.28205129	
4219.99999993	4164.1025639	4194.48717935	4221.6666666	4154.61538441	4108.84615357	4112.30769203	4203.84615378	4280.76923084	4162.17948697	4201.41025634	4264.61538462	4285.76923084	4240.38461539	
4217.43589737	4166.02564082	4190.25641012	4223.71794865	4154.35897415	4108.84615357	4109.23076896	4198.07692294	4272.17948725	4154.61538441	4199.35897422	4265.0	4275.25641033	4236.28205129	
4216.92307686	4167.69230749	4192.05128192	4229.61538455	4158.97435877	4110.25640998	4113.20512793	4199.99999986	4269.2307693	4144.74358954	4195.25641012	4265.38461539	4269.2307693	4237.6923077	
4221.02564096	4168.07692287	4199.35897422	4234.10256411	4159.61538441	4110.7692305	4118.9743587	4199.99999986	4268.71794879	4142.17948697	4190.64102551	4258.97435898	4260.38461539	4237.43589744	
4215.12820506	4161.79487159	4194.74358961	4225.51282045	4155.64102544	4108.71794844	4113.46153819	4190.25641012	4259.48717949	4138.71794851	4181.66666653	4245.76923077	4240.38461539	4223.84615378	
4208.07692301	4156.28205108	4185.89743576	4219.23076917	4157.3076921	4110.38461511	4110.25640998	4186.15384602	4253.33333334	4137.56410236	4179.2307691	4241.92307693	4229.35897429	4215.12820506	
4211.53846147	4158.205128	4187.30769217	4224.35897429	4160.64102544	4114.61538434	4118.0769228	4195.51282038	4259.35897436	4141.66666646	4186.5384614	4248.84615385	4235.0	4223.4615384	
4211.92307686	4158.84615364	4188.84615371	4220.51282045	4160.12820492	4116.92307665	4119.99999973	4196.92307679	4263.97435898	4137.56410236	4186.41025628	4244.48717949	4231.92307686	4223.84615378	
4207.94871788	4157.69230749	4183.3333332	4210.51282045	4163.07692287	4115.51282024	4114.8717946	4189.48717935	4262.30769231	4131.41025614	4181.41025628	4236.41025641	4219.87179481	4213.07692301	
4211.15384609	4158.07692287	4181.15384602	4210.7692307	4169.61538448	4117.43589716	4122.17948691	4197.69230756	4267.56410264	4140.89743569	4192.69230756	4243.07692308	4226.28205122	4219.61538455	
4216.53846147	4158.07692287	4185.89743576	4214.23076917	4171.5384614	4125.38461511	4136.02564082	4214.48717942	4280.38461546	4158.46153826	4211.92307686	4253.46153847	4237.05128206	4235.25641026	
4217.69230763	4160.89743569	4188.84615371	4213.33333327	4175.38461525	4129.10256383	4139.74358954	4221.41025634	4287.82051289	4166.92307672	4219.10256404	4258.84615385	4236.7948718	4238.33333334	
4218.58974352	4164.35897415	4189.2307691	4215.7692307	4185.25641012	4133.46153819	4138.84615364	4227.30769224	4295.00000007	4173.3333332	4225.12820506	4258.33333334	4242.30769231	4239.23076923	
4218.97435891	4162.17948697	4190.76923063	4216.6666666	4188.20512807	4143.84615364	4145.51282031	4235.76923077	4301.28205142	4183.3333332	4234.74358975	4256.15384616	4244.87179488	4241.53846154	
4217.82051275	4162.56410236	4190.89743576	4213.20512814	4186.92307679	4148.84615364	4153.71794851	4235.64102564	4296.15384623	4183.20512807	4231.53846147	4252.56410257	4228.20512814	4240.51282052	
4214.99999993	4165.89743569	4190.76923063	4212.82051275	4188.97435884	4146.92307672	4152.56410236	4231.41025634	4287.82051289	4177.56410243	4224.87179481	4248.33333334	4217.94871788	4239.61538462	
4219.35897429	4171.41025628	4197.94871781	4219.23076917	4197.94871781	4155.64102544	4154.87179467	4237.56410257	4286.53846161	4189.35897422	4230.38461532	4255.8974359	4222.69230763	4247.17948718	
4231.6666666	4179.10256397	4208.4615384	4230.25641019	4213.84615378	4172.82051269	4169.2307691	4245.51282052	4279.2307693	4210.38461532	4228.71794865	4270.25641033	4211.15384609	4261.15384616	
4238.58974359	4184.99999986	4212.5641025	4236.41025641	4227.5641025	4182.30769217	4180.12820499	4239.23076923	4257.17948718	4215.7692307	4207.05128199	4269.2307693	4181.5384614	4270.00000007	
4242.05128206	4186.79487166	4213.07692301	4241.15384616	4232.5641025	4185.64102551	4184.74358961	4234.35897436	4241.41025641	4216.79487173	4194.2307691	4265.12820513	4171.02564089	4273.46153853	
4248.71794872	4187.69230756	4217.30769224	4246.41025641	4232.17948711	4187.69230756	4185.89743576	4243.33333334	4245.0	4227.05128199	4204.99999993	4275.89743597	4178.71794858	4282.17948725	
4252.30769231	4190.12820499	4222.43589737	4248.33333334	4236.53846154	4191.92307679	4188.3333332	4251.28205129	4253.97435898	4232.94871788	4215.89743583	4283.20512828	4178.58974345	4292.05128212	
4253.97435898	4192.05128192	4221.92307686	4248.84615385	4243.33333334	4195.51282038	4196.92307679	4253.33333334	4257.43589744	4236.41025641	4214.10256404	4286.15384623	4174.99999986	4294.61538469	
4261.7948718	4193.20512807	4221.6666666	4252.6923077	4243.97435898	4192.05128192	4199.35897422	4261.53846154	4261.7948718	4245.38461539	4217.17948711	4295.38461546	4183.07692294	4298.71794879	
4265.25641026	4189.99999986	4220.51282045	4255.51282052	4244.61538462	4193.20512807	4197.94871781	4270.1282052	4269.48717956	4250.51282052	4227.05128199	4302.05128219	4191.66666653	4305.64102578	
4265.38461539	4190.25641012	4217.05128199	4255.64102564	4252.30769231	4204.48717942	4208.84615378	4275.00000007	4274.48717956	4254.87179488	4230.25641019	4305.51282066	4190.89743576	4307.05128219	
4272.94871802	4197.05128192	4217.5641025	4260.51282052	4259.87179488	4211.92307686	4218.84615378	4285.89743597	4280.38461546	4260.12820513	4236.02564103	4311.53846168	4195.25641012	4310.89743604	
4280.51282059	4197.69230756	4217.69230763	4266.28205129	4261.53846154	4211.28205122	4215.51282045	4297.56410264	4288.84615392	4263.58974359	4248.97435898	4317.82051296	4202.43589737	4317.43589758	
4281.66666674	4194.10256397	4215.51282045	4266.53846154	4262.94871795	4211.92307686	4214.74358968	4302.94871809	4290.25641033	4264.48717949	4250.38461539	4318.71794886	4205.89743583	4321.02564117	
4278.33333341	4191.15384602	4213.84615378	4262.94871795	4261.66666667	4213.84615378	4216.28205122	4298.07692315	4281.15384623	4258.97435898	4243.33333334	4312.56410271	4203.71794865	4318.07692322	
4277.43589751	4193.07692294	4211.6666666	4261.92307693	4261.02564103	4218.33333327	4212.43589737	4291.28205136	4276.79487187	4259.48717949	4245.25641026	4308.33333348	4196.79487166	4314.74358989	
4281.79487187	4196.02564089	4211.15384609	4267.69230777	4265.76923077	4221.92307686	4214.10256404	4294.61538469	4283.58974366	4268.71794879	4252.94871795	4313.97435912	4199.2307691	4317.17948732	
4280.25641033	4191.5384614	4210.64102558	4269.2307693	4266.79487187	4217.82051275	4214.23076917	4297.17948725	4282.94871802	4265.76923077	4252.82051282	4315.51282066	4204.23076917	4316.79487194	
4281.79487187	4190.25641012	4210.7692307	4268.33333341	4265.76923077	4216.41025634	4209.99999993	4294.74358982	4277.17948725	4257.56410257	4255.38461539	4312.17948732	4202.94871788	4314.87179501	
4287.17948725	4196.15384602	4213.71794865	4274.35897443	4271.66666674	4224.48717942	4213.20512814	4298.20512828	4286.0256411	4266.66666674	4267.43589751	4315.51282066	4206.02564096	4318.71794886	
4286.79487187	4194.2307691	4213.71794865	4276.28205136	4274.48717956	4228.4615384	4214.87179481	4304.23076937	4294.87179495	4275.00000007	4271.53846161	4316.92307707	4212.94871788	4320.76923091	
4285.89743597	4187.4358973	4208.4615384	4272.43589751	4266.923077	4221.92307686	4210.64102558	4304.87179501	4288.84615392	4265.51282052	4267.30769238	4315.89743604	4209.48717942	4319.74358989	
4287.17948725	4188.46153833	4204.61538455	4272.17948725	4261.66666667	4217.43589737	4209.99999993	4303.97435912	4286.15384623	4261.15384616	4272.56410264	4318.20512835	4204.99999993	4322.17948732	
4283.97435905	4187.69230756	4205.38461532	4273.84615392	4266.15384616	4223.07692301	4212.5641025	4302.69230784	4290.1282052	4267.05128212	4281.66666674	4317.17948732	4210.38461532	4323.4615386	
4279.61538469	4181.79487166	4205.64102558	4274.2307693	4265.51282052	4224.61538455	4208.97435891	4298.20512828	4287.43589751	4267.56410264	4278.33333341	4311.53846168	4208.71794865	4317.56410271	
4280.64102571	4179.35897422	4203.20512814	4269.74358982	4255.64102564	4213.84615378	4201.79487173	4293.71794879	4278.97435905	4259.23076923	4265.8974359	4308.33333348	4196.5384614	4312.05128219	
4275.64102571	4177.05128192	4198.84615371	4262.6923077	4250.51282052	4206.92307686	4198.3333332	4283.46153853	4263.97435898	4244.48717949	4248.97435898	4298.58974366	4180.64102551	4302.94871809	
4266.66666674	4173.71794858	4196.5384614	4257.82051282	4249.35897436	4212.69230763	4198.20512807	4274.74358982	4251.92307693	4231.02564096	4238.58974359	4282.17948725	4172.69230756	4291.923077	
4263.84615385	4172.05128192	4197.30769217	4253.97435898	4243.71794872	4209.61538455	4195.89743576	4274.74358982	4251.02564103	4227.30769224	4240.0	4275.76923084	4173.71794858	4286.79487187	
4262.94871795	4174.35897422	4198.84615371	4253.46153847	4243.33333334	4200.12820499	4195.51282038	4275.38461546	4251.41025641	4227.5641025	4241.15384616	4281.66666674	4173.71794858	4285.64102571	
4266.02564103	4176.66666653	4201.28205122	4261.15384616	4250.76923077	4199.99999986	4198.20512807	4275.38461546	4254.48717949	4229.87179481	4245.38461539	4290.25641033	4179.35897422	4291.0256411	
4261.28205129	4171.92307679	4201.53846147	4255.76923077	4246.02564103	4198.3333332	4191.28205115	4271.0256411	4258.97435898	4229.48717942	4248.20512821	4283.97435905	4182.69230756	4289.2307693	
