4412.0512824	4238.33333334	4375.25641054	4408.8461542	4417.43589779	4452.05128247	4288.20512828	7213.97436523	7598.2051353	4493.97435946	7600.12821222	6082.82051672	7598.33334042	4642.69230853	
4405.76923112	4240.64102564	4372.05128233	4404.10256445	4413.8461542	4453.58974401	4280.51282059	7183.84616003	7598.33334042	4506.15384671	7600.12821222	6064.23077306	7598.33334042	4639.48718032	
4392.69230797	4247.56410257	4382.05128233	4400.51282086	4391.53846182	4446.02564145	4276.923077	7152.43590355	7598.33334042	4496.02564152	7600.12821222	6036.92308068	7598.2051353	4624.23077	
4381.02564131	4249.74358975	4403.46153881	4396.66666695	4368.07692336	4438.9743594	4280.51282059	7125.76923689	7598.2051353	4483.33333382	7600.12821222	6012.56410632	7598.2051353	4604.23077	
4376.15384644	4250.0	4410.38461574	4395.89743618	4361.28205149	4438.58974401	4286.923077	7102.948724	7598.2051353	4482.3076928	7600.12821222	6000.76923446	7598.2051353	4595.25641102	
4369.48717977	4258.97435898	4426.28205163	4392.8205131	4346.02564124	4428.58974394	4289.48717956	7071.9230829	7598.2051353	4473.2051287	7600.12821222	5981.15384984	7598.33334042	4580.64102634	
4353.20512842	4267.82051289	4445.89743632	4388.33333362	4323.58974373	4421.28205163	4294.74358982	7039.4871854	7598.33334042	4452.1794876	7600.12821222	5951.66667028	7598.33334042	4556.92307755	
4350.3846156	4264.61538462	4432.56410298	4392.69230797	4333.33333355	4429.48717984	4299.74358989	7025.76923668	7598.33334042	4466.02564152	7600.12821222	5934.74359329	7598.2051353	4555.12820576	
4353.20512842	4268.46153853	4434.87179529	4393.717949	4333.71794893	4420.76923112	4294.61538469	7003.20513405	7598.2051353	4487.82051331	7600.12821222	5919.74359329	7598.2051353	4551.6666673	
4338.84615406	4281.28205136	4465.38461587	4387.56410285	4303.20512835	4401.66666702	4297.43589751	6971.0256468	7598.2051353	4477.3076928	7600.12821222	5895.38461886	7598.2051353	4523.71794928	
4331.92307707	4279.74358982	4457.56410298	4391.15384644	4307.69230784	4406.79487215	4311.02564117	6954.74359545	7598.2051353	4480.25641075	7600.12821222	5877.8205163	7598.33334042	4513.46153902	
4345.00000021	4271.923077	4422.0512824	4398.8461542	4340.76923098	4417.30769266	4309.23076937	6923.46154409	7598.33334042	4500.51282107	7600.12821222	5860.76923418	7598.33334042	4525.51282107	
4347.56410278	4275.89743597	4411.53846189	4392.05128233	4340.64102585	4410.76923112	4301.53846168	6873.97436454	7598.33334042	4497.17948774	7600.12821222	5834.74359308	7598.2051353	4521.02564159	
4338.46153867	4278.58974366	4416.79487215	4385.00000028	4326.41025655	4407.9487183	4308.84615399	6849.1025696	7598.2051353	4482.94871844	7600.12821222	5815.76923411	7598.2051353	4506.92307748	
4342.6923079	4269.61538469	4393.46153874	4393.717949	4345.3846156	4423.46153881	4312.82051296	6830.38462088	7598.2051353	4501.79487235	7600.12821222	5803.84615712	7598.2051353	4511.66666723	
4357.05128226	4261.7948718	4355.25641047	4404.10256445	4379.35897464	4440.89743632	4303.4615386	6790.00000535	7598.2051353	4549.23076986	7600.12821222	5788.71795199	7598.33334042	4528.71794928	
4370.64102592	4258.71794872	4334.10256431	4405.00000035	4401.53846189	4450.51282093	4296.41025648	6756.53846682	7598.33334042	4593.2051289	7600.12821222	5778.58974686	7598.33334042	4543.84615448	
4378.717949	4263.20512821	4334.4871797	4400.64102599	4404.61538497	4451.15384657	4299.48717963	6738.58974887	7598.33334042	4619.74359051	7600.12821222	5770.12820833	7598.2051353	4548.46153909	
4379.74359003	4269.87179495	4341.66666688	4398.20512856	4394.10256438	4448.84615427	4305.76923091	6720.00000522	7598.2051353	4635.25641109	7600.12821222	5757.82051602	7598.2051353	4539.10256473	
4383.97435926	4267.05128212	4332.30769252	4397.43589772	4396.28205156	4453.46153888	4311.41025655	6701.15385137	7598.2051353	4655.25641109	7600.12821222	5741.92308005	7598.2051353	4532.05128268	
4395.00000028	4264.10256411	4317.43589758	4397.05128233	4411.92307727	4462.1794876	4316.92307707	6685.38462053	7598.2051353	4685.76923168	7600.12821222	5730.00000313	7598.33334042	4536.79487242	
4409.48717984	4269.74358982	4320.38461553	4401.02564138	4414.48717984	4462.69230811	4315.2564104	6663.46154361	7598.33334042	4716.66666764	7600.12821222	5725.89743903	7598.33334042	4539.35897499	
4417.43589779	4270.1282052	4317.94871809	4401.15384651	4411.66666702	4459.10256452	4315.76923091	6640.1282102	7598.33334042	4732.69230874	7600.12821222	5716.6666698	7598.2051353	4536.41025704	
4414.87179522	4266.15384616	4306.66666681	4391.15384644	4413.58974394	4458.20512863	4319.10256425	6617.43590244	7598.2051353	4731.66666771	7600.12821222	5694.61538768	7598.2051353	4522.69230825	
4413.07692343	4265.8974359	4304.74358989	4383.20512849	4409.74359009	4453.33333375	4312.82051296	6587.5641075	7598.46154555	4734.10256515	7600.64103273	5673.71795171	7598.58975068	4502.69230825	
4411.15384651	4264.48717949	4299.74358989	4378.84615413	4402.17948753	4445.76923119	4311.92307707	6566.15385109	7603.2051353	4738.71794976	7611.28205837	5664.48718248	7607.05128914	4494.48717998	
4411.02564138	4264.10256411	4290.64102571	4373.58974387	4404.10256445	4445.38461581	4319.61538476	6571.53846648	7624.61539178	4732.43589848	7644.87180203	5664.87179786	7632.4359046	4492.69230818	
4416.28205163	4267.69230777	4283.84615392	4371.02564131	4413.07692343	4448.46153888	4316.1538463	6540.38462025	7646.5384687	4728.84615489	7651.79487903	5641.79487472	7635.00000716	4480.38461587	
4410.89743625	4268.58974366	4283.58974366	4364.74358996	4403.97435933	4442.56410298	4306.53846168	6492.05128678	7652.43590467	4720.00000098	7660.38462262	5613.33333626	7650.51282774	4457.1794876	
4398.20512856	4267.17948725	4289.35897443	4354.10256431	4384.35897464	4435.00000042	4307.56410271	6534.61538948	7753.97436641	4701.66666764	7796.28205879	5634.61538754	7771.66667411	4448.71794914	
4396.28205156	4270.00000007	4295.51282059	4346.41025662	4370.51282079	4431.02564145	4311.02564117	6437.94872261	7825.25641783	4661.7948727	7722.56410993	5558.7179515	7747.94872539	4421.41025676	
4394.10256438	4273.58974366	4299.10256418	4341.41025662	4357.94871816	4426.15384651	4310.51282066	5937.9487215	7303.71795518	4568.2051289	6975.25641603	5235.64102773	7161.79487798	4327.94871809	
4382.94871823	4272.94871802	4301.79487194	4335.76923098	4347.05128226	4420.89743625	4314.23076937	5432.30769481	6707.94872316	4446.15384657	6338.8461583	4927.05128351	6668.33333848	4233.71794865	
4376.28205156	4272.94871802	4309.48717963	4330.38461553	4338.5897438	4413.58974394	4315.76923091	5303.20513043	6202.94872205	4355.76923098	5759.87179807	4852.9487192	6274.74359406	4201.92307686	
4376.53846182	4272.30769238	4316.66666681	4326.1538463	4338.20512842	4410.89743625	4316.41025655	4672.6923086	4280.00000007	4218.33333327	3735.38461428	4434.87179529	4353.5897438	4095.25640991	
4375.76923105	4273.84615392	4318.4615386	4321.66666681	4343.20512842	4417.0512824	4322.17948732	2945.25640748	1456.92307102	3907.94871726	1157.05127552	3341.66666472	1503.3333275	3823.07692218	
4367.69230797	4274.61538469	4316.79487194	4318.71794886	4342.30769252	4415.12820548	4323.71794886	1432.82050685	319.87178654	3577.43589605	356.41024815	2445.76922695	340.7692225	3601.53846015	
4357.94871816	4272.05128212	4311.66666681	4316.66666681	4342.94871816	4407.56410292	4317.94871809	1165.76922424	700.76922327	3451.02563936	740.64101821	2340.89743187	696.02563352	3590.89743451	
4358.5897438	4273.46153853	4299.74358989	4309.48717963	4355.3846156	4411.53846189	4315.64102578	1375.89742979	731.66665924	3468.58974193	705.25640276	2485.89743215	733.46153103	3658.97435773	
4366.02564131	4274.48717956	4279.87179495	4304.10256425	4376.66666695	4415.76923112	4316.1538463	1361.79486568	570.64101786	3487.82051123	593.46153075	2468.8461501	570.25640248	3691.02563985	
4366.9230772	4267.82051289	4262.30769231	4301.53846168	4386.02564131	4406.79487215	4304.87179501	1386.28204524	737.56409513	3497.17948559	759.10255674	2488.71794497	732.05127462	3717.43589633	
4357.94871816	4257.94871795	4244.87179488	4289.35897443	4374.23076951	4395.12820541	4286.923077	1503.07691724	811.28204399	3517.69230617	808.46153117	2557.56409895	811.53845425	3743.20512717	
4350.89743611	4253.20512821	4224.10256404	4275.25641033	4366.66666695	4393.07692336	4280.51282059	1539.48717372	806.92306963	3546.53846008	804.23076194	2567.05127851	804.10255681	3757.05128101	
4347.56410278	4248.20512821	4207.05128199	4274.74358982	4371.41025669	4394.48717977	4279.61538469	1567.43589174	804.61537732	3575.51281906	804.10255681	2580.38461184	803.97435168	3771.92307588	
4341.92307714	4236.92307693	4188.07692294	4274.2307693	4369.87179515	4389.10256438	4267.94871802	1585.89743027	805.89742861	3588.71794733	805.64101835	2590.25640672	805.76922348	3778.84615288	
4330.89743604	4227.94871788	4166.53846133	4257.56410257	4356.28205149	4376.66666695	4250.25641026	1592.05127643	805.38460809	3595.25640887	804.61537732	2586.79486825	804.48717219	3780.25640929	
4318.20512835	4222.94871788	4153.07692287	4240.8974359	4334.74358996	4365.51282079	4240.51282052	1617.0512765	806.92306963	3612.43589612	804.61537732	2593.71794525	804.10255681	3784.35897339	
4307.05128219	4219.74358968	4143.84615364	4238.84615385	4318.84615399	4361.53846175	4232.69230763	1642.69230221	806.41024912	3625.89743458	803.84614655	2606.92307345	804.10255681	3787.17948621	
4300.76923091	4220.25641019	4137.94871774	4237.82051282	4319.23076937	4362.6923079	4230.64102558	1666.53845605	804.99999271	3634.23076791	803.5897363	2617.43589397	803.97435168	3792.5641016	
4299.61538476	4221.41025634	4141.79487159	4233.71794865	4324.3589745	4364.35897457	4235.25641026	1698.33332792	805.64101835	3661.41025516	803.97435168	2635.25640686	803.84614655	3800.64102467	
4291.28205136	4217.94871788	4146.92307672	4231.79487173	4311.92307707	4355.51282073	4228.58974352	1720.51281517	805.64101835	3684.87179369	803.71794143	2652.94871455	803.71794143	3797.43589647	
4277.69230777	4216.92307686	4146.02564082	4221.41025634	4283.97435905	4338.71794893	4217.69230763	1736.79486645	805.38460809	3679.99999882	803.71794143	2658.46153513	804.10255681	3790.89743493	
4274.10256418	4219.23076917	4149.74358954	4211.6666666	4270.76923084	4334.23076944	4216.92307686	1772.43589223	805.51281322	3685.64102446	803.71794143	2674.61538128	804.23076194	3798.07692211	
4275.38461546	4221.15384609	4161.28205108	4218.71794865	4277.94871802	4337.43589765	4217.5641025	1808.58973845	805.51281322	3713.71794761	803.84614655	2700.25640699	803.84614655	3804.61538365	
4273.58974366	4223.20512814	4166.15384595	4226.15384609	4284.35897443	4335.25641047	4217.69230763	1839.10255903	805.51281322	3725.38461428	803.84614655	2718.07691981	803.71794143	3803.58974262	
4265.51282052	4222.82051275	4163.97435877	4216.41025634	4273.84615392	4328.71794886	4216.28205122	1877.17948218	805.51281322	3732.43589633	803.84614655	2734.23076604	804.10255681	3809.1025632	
4254.23076923	4222.5641025	4165.25641005	4207.94871788	4254.61538462	4324.10256425	4207.30769224	1902.56409756	805.51281322	3754.87179383	803.71794143	2750.25640706	804.23076194	3816.02564013	
4245.64102564	4221.6666666	4166.79487159	4207.69230763	4244.87179488	4324.61538476	4199.48717935	1918.3333284	805.51281322	3768.84615281	803.71794143	2760.89743277	803.97435168	3816.15384525	
4237.6923077	4219.48717942	4167.05128185	4200.51282038	4243.07692308	4318.97435912	4201.79487173	1948.33332847	805.51281322	3772.82051178	803.84614655	2773.46153534	803.71794143	3819.61538372	
4233.4615384	4220.38461532	4166.66666646	4193.20512807	4238.07692308	4304.87179501	4198.46153833	1979.23076444	805.51281322	3779.61538365	803.84614655	2789.99999695	803.97435168	3826.53846064	
4230.51282045	4219.99999993	4163.58974339	4187.4358973	4228.33333327	4293.97435905	4188.20512807	1999.23076444	805.51281322	3788.71794775	803.84614655	2802.9487149	804.23076194	3831.28205038	
4221.79487173	4213.07692301	4164.35897415	4178.07692294	4218.58974352	4287.82051289	4186.02564089	2021.41025169	805.51281322	3790.12820416	803.71794143	2816.1538431	804.10255681	3832.43589654	
4212.43589737	4206.41025634	4161.53846133	4173.07692294	4206.79487173	4280.00000007	4185.38461525	2043.07691843	805.51281322	3791.02564006	803.71794143	2829.87179189	803.71794143	3837.43589654	
4208.71794865	4208.4615384	4156.15384595	4170.51282038	4194.99999986	4274.10256418	4182.05128192	2061.41025176	805.51281322	3802.5641016	803.84614655	2842.30768932	803.84614655	3844.61538379	
4204.74358968	4211.02564096	4155.38461518	4166.79487159	4197.30769217	4277.43589751	4181.02564089	2087.43589285	805.51281322	3818.71794782	803.84614655	2856.66666375	804.10255681	3848.58974276	
4200.12820499	4208.71794865	4147.43589723	4163.97435877	4204.87179481	4279.10256418	4182.4358973	2111.28204677	805.51281322	3829.74358884	803.84614655	2869.23076632	804.23076194	3852.05128122	
4198.3333332	4206.02564096	4138.71794851	4161.02564082	4199.48717935	4273.71794879	4179.48717935	2126.66666215	805.51281322	3837.94871705	803.71794143	2877.43589452	803.84614655	3851.28205045	
4194.10256397	4205.25641019	4139.48717928	4158.46153826	4199.48717935	4275.00000007	4174.2307691	2149.99999556	805.51281322	3848.71794789	803.71794143	2891.28204844	803.71794143	3852.69230686	
4193.3333332	4206.6666666	4140.12820492	4158.46153826	4203.4615384	4277.17948725	4171.5384614	2178.0769187	805.51281322	3858.84615302	803.84614655	2911.02563818	804.10255681	3858.46153763	
4198.84615371	4206.28205122	4137.05128185	4162.05128185	4198.71794858	4272.94871802	4172.30769217	2204.23076493	805.51281322	3878.33333257	803.84614655	2933.71794594	804.10255681	3868.46153763	
4199.61538448	4202.43589737	4134.48717921	4163.33333313	4205.12820506	4275.38461546	4173.20512807	2235.89743166	805.51281322	3904.99999924	803.84614655	2956.92307422	803.71794143	3880.51281975	
4191.5384614	4202.43589737	4133.33333306	4157.17948697	4209.99999993	4278.46153853	4169.87179474	2263.46153423	805.51281322	3918.46153777	803.71794143	2972.69230499	802.94871066	3886.53846078	
4181.28205115	4201.53846147	4128.0769228	4151.28205108	4199.35897422	4268.07692315	4168.84615371	2279.74358558	805.51281322	3931.28205059	803.71794143	2982.69230499	803.71794143	3887.17948642	
4179.48717935	4197.30769217	4126.02564075	4146.28205108	4188.46153833	4253.20512821	4167.69230749	2295.64102148	805.51281322	3946.53846092	803.84614655	2992.69230506	802.56409527	3884.48717873	
4176.41025628	4197.94871781	4130.7692305	4137.69230749	4182.69230756	4250.8974359	4166.15384595	2317.30768821	805.51281322	3947.94871733	803.84614655	3005.76922813	801.53845425	3881.28205052	
4169.48717935	4201.6666666	4132.94871767	4133.20512793	4185.12820499	4255.64102564	4166.66666646	2340.89743187	805.51281322	3952.30769169	803.84614655	3025.51281795	808.5897363	3885.64102488	
4172.56410243	4204.23076917	4135.76923056	4136.41025621	4189.74358961	4254.35897436	4166.92307672	2364.48717553	805.51281322	3971.92307637	803.71794143	3046.41025384	814.10255681	3896.53846078	
4176.66666653	4205.38461532	4140.64102544	4137.56410236	4189.35897422	4251.41025641	4168.3333332	2390.12820117	805.51281322	3985.89743535	803.71794143	3064.35897186	820.76922355	3901.15384539	
4171.5384614	4203.71794865	4138.97435877	4132.05128178	4183.3333332	4250.51282052	4169.10256397	2415.25640637	805.51281322	3993.58974304	803.84614655	3082.94871545	835.51281329	3901.02564027	
4171.28205115	4202.82051275	4135.64102544	4128.33333306	4182.82051269	4249.74358975	4169.99999986	2439.35897054	805.51281322	4005.3846149	803.84614655	3104.2307668	855.38460823	3908.5897429	
4178.20512807	4208.71794865	4137.05128185	4133.33333306	4189.2307691	4253.58974359	4170.51282038	2462.0512783	805.51281322	4023.58974311	803.84614655	3123.58974123	872.30768515	3919.4871788	
4180.76923063	4212.43589737	4142.94871774	4139.48717928	4185.51282038	4256.7948718	4171.02564089	2482.82050907	805.25640296	4038.97435856	803.71794143	3143.58974123	885.38460823	3923.71794803	
4177.82051269	4207.82051275	4146.53846133	4134.99999973	4183.3333332	4255.64102564	4173.46153833	2509.10256042	804.35896707	4044.48717907	803.71794143	3163.07692079	908.20512112	3922.17948649	
4173.46153833	4204.74358968	4148.07692287	4129.23076896	4189.99999986	4257.30769231	4173.58974345	2535.25640665	805.76922348	4048.97435856	803.84614655	3174.10256181	928.07691606	3918.71794803	
4169.74358961	4208.4615384	4154.9999998	4134.10256383	4187.69230756	4260.12820513	4171.92307679	2552.05127844	805.64101835	4062.05128164	803.84614655	3182.17948489	944.23076222	3913.33333264	
4170.12820499	4212.5641025	4159.87179467	4141.02564082	4179.74358961	4260.25641026	4175.64102551	2577.05127851	800.64101835	4080.25640991	803.84614655	3202.8205106	976.02563408	3919.4871788	
4162.56410236	4211.28205122	4162.82051262	4138.205128	4175.51282038	4253.20512821	4177.56410243	2603.84615038	808.46153117	4081.66666632	803.71794143	3221.28204913	1009.35896748	3933.07692239	
4148.46153826	4213.07692301	4165.76923056	4130.89743562	4162.82051262	4240.12820513	4169.61538448	2613.07691961	820.38460809	4071.66666632	803.71794143	3222.69230554	1027.69230089	3942.94871733	
4148.46153826	4219.74358968	4165.25641005	4132.30769203	4149.35897415	4237.82051282	4172.17948704	2625.8974325	815.51281322	4081.66666632	803.84614655	3232.17948503	1038.71794191	3973.58974304	
4153.46153826	4222.43589737	4168.97435884	4138.07692287	4150.25641005	4246.7948718	4183.84615371	2650.38461198	817.82050553	4095.25640991	803.71794143	3251.41025433	1065.89742916	4031.02564054	
4152.94871774	4228.20512814	4179.10256397	4140.89743569	4152.17948697	4247.05128206	4184.99999986	2673.71794539	841.0256338	4090.76923043	802.82050553	3262.82051074	1113.20512154	4083.07692273	
4156.66666646	4240.25641026	4195.25641012	4146.66666646	4153.46153826	4245.0	4188.58974345	2702.94871469	870.64101849	4097.94871761	802.94871066	3283.84615183	1160.25640373	4118.9743587	
4158.07692287	4242.82051282	4210.38461532	4148.58974339	4156.15384595	4249.61538462	4200.89743576	2737.94871476	897.05127497	4118.84615357	802.94871066	3316.02563908	1206.28204482	4141.28205108	
4152.82051262	4241.66666667	4217.5641025	4145.64102544	4152.3076921	4247.6923077	4204.35897429	2766.53845842	928.20512119	4118.9743587	799.87178758	3331.41025447	1251.79486548	4148.58974339	
4152.94871774	4250.76923077	4229.74358968	4148.07692287	4143.58974339	4236.66666667	4200.76923063	2795.64102259	973.71794177	4106.41025614	802.94871066	3338.33333139	1299.87178862	4152.82051262	
4151.79487159	4248.97435898	4245.0	4149.48717928	4132.94871767	4228.58974352	4200.25641012	2827.69230471	1010.76922389	4099.48717914	813.33332604	3351.53845967	1359.48717338	4158.205128	
4140.89743569	4240.51282052	4251.66666667	4144.9999998	4119.8717946	4227.43589737	4199.10256397	2847.05127907	1029.99999319	4088.8461535	822.94871073	3361.66666479	1410.89742986	4166.53846133	
4133.0769228	4249.10256411	4256.66666667	4141.02564082	4111.41025614	4226.02564096	4199.35897422	2859.99999709	1058.46153173	4076.28205094	839.10255688	3370.64102377	1456.15384025	4188.3333332	
4134.99999973	4254.87179488	4262.43589744	4139.9999998	4114.48717921	4219.35897429	4203.07692301	2884.23076632	1098.71794205	4077.94871761	863.07691592	3387.82051102	1508.97435314	4217.43589737	
4135.89743569	4249.23076923	4263.58974359	4141.41025621	4109.35897408	4214.23076917	4202.69230763	2911.15384331	1135.38460879	4081.41025607	885.89742874	3403.33333153	1549.48717379	4233.07692301	
4136.02564082	4255.8974359	4264.87179488	4145.25641005	4104.48717921	4218.20512814	4204.10256404	2935.12820235	1172.43589091	4086.02564068	914.87178779	3417.30769057	1588.20512258	4244.35897436	
4139.9999998	4262.05128206	4264.35897436	4146.53846133	4120.12820485	4223.33333327	4208.33333327	2964.23076652	1212.56409611	4106.28205101	945.76922375	3437.17948545	1636.1538406	4259.35897436	
4142.17948697	4252.05128206	4253.97435898	4148.97435877	4136.41025621	4222.05128199	4207.5641025	2988.84615121	1247.17948086	4125.51282024	961.41024947	3446.41025475	1667.17948169	4267.56410264	
4140.12820492	4241.41025641	4239.23076923	4150.89743569	4135.89743569	4220.89743583	4197.94871781	3000.641023	1274.48717317	4134.61538434	971.53845459	3446.28204962	1680.25640484	4272.94871802	
4131.66666639	4234.10256411	4224.61538455	4141.41025621	4130.7692305	4215.51282045	4185.25641012	3004.74358711	1298.46153221	4136.66666646	990.51281364	3451.79487013	1686.41025099	4274.48717956	
4124.35897408	4223.58974352	4203.97435891	4133.9743587	4136.28205108	4216.15384609	4178.3333332	3006.66666403	1320.76922459	4138.46153826	1008.71794184	3456.53845987	1688.97435356	4269.48717956	
4128.20512793	4219.87179481	4190.12820499	4137.17948697	4148.205128	4223.33333327	4177.94871781	3017.94871531	1351.28204517	4144.9999998	1018.2051214	3462.30769064	1705.5128151	4272.43589751	
4135.76923056	4231.92307686	4196.92307679	4141.28205108	4154.1025639	4216.79487173	4180.76923063	3040.51281795	1404.23076319	4152.3076921	1038.84614704	3476.02563936	1748.71794344	4283.71794879	
4140.64102544	4239.48717949	4207.82051275	4143.58974339	4155.51282031	4209.87179481	4185.25641012	3063.33333084	1459.9999941	4159.87179467	1076.79486506	3492.56410097	1798.07691787	4291.0256411	
4141.02564082	4233.84615385	4206.02564096	4145.89743569	4158.33333313	4215.89743583	4186.92307679	3082.17948468	1505.51281468	4167.56410236	1110.51281385	3507.56410097	1834.35896922	4296.0256411	
4137.56410236	4232.94871788	4197.30769217	4146.53846133	4159.48717928	4221.41025634	4184.2307691	3099.74358732	1552.30768661	4171.92307679	1138.07691648	3521.15384463	1866.79486673	4301.79487194	
4137.56410236	4236.41025641	4191.41025628	4145.12820492	4159.74358954	4222.30769224	4184.2307691	3115.1282027	1598.71794309	4175.25641012	1168.58973706	3530.25640873	1898.71794372	4303.84615399	
4139.35897415	4236.53846154	4193.07692294	4143.205128	4159.48717928	4217.5641025	4185.51282038	3126.79486944	1635.51281496	4176.28205115	1196.41024995	3532.56410104	1923.84614892	4302.94871809	
4137.94871774	4237.05128206	4200.38461525	4142.56410236	4152.43589723	4209.87179481	4183.58974345	3138.20512585	1669.35896887	4175.25641012	1223.71794233	3537.8205113	1952.43589258	4304.3589745	
4140.38461518	4239.61538462	4211.41025634	4143.84615364	4145.76923056	4207.05128199	4186.79487166	3150.89743361	1711.15384081	4177.17948704	1262.69230137	3552.56410111	1995.76922598	4306.41025655	
4135.76923056	4237.56410257	4215.7692307	4137.43589723	4134.8717946	4201.79487173	4184.48717935	3161.53845925	1747.56409729	4171.41025628	1301.28204503	3557.30769085	2027.56409784	4297.69230777	
4114.74358947	4231.15384609	4211.6666666	4127.82051255	4113.20512793	4187.30769217	4171.02564089	3163.97435669	1770.38461011	4149.87179467	1321.02563485	3545.89743444	2040.38461073	4278.58974366	
4102.30769196	4233.4615384	4220.12820506	4127.43589716	4100.51282017	4179.48717935	4173.84615371	3174.74358745	1807.94871281	4135.76923056	1356.15384004	3548.20512675	2078.07691849	4268.33333341	
4108.33333306	4242.56410257	4236.02564103	4132.30769203	4098.71794837	4179.10256397	4184.35897422	3203.46153624	1864.99999493	4137.56410236	1422.56409659	3568.71794726	2136.41025197	4272.05128212	
4109.74358947	4243.33333334	4240.12820513	4132.69230742	4092.43589709	4176.92307679	4178.97435884	3223.8461517	1911.79486687	4140.76923056	1475.89742999	3580.384614	2170.38461101	4274.2307693	
4103.9743587	4235.76923077	4238.33333334	4131.79487152	4091.28205094	4176.02564089	4173.84615371	3234.23076708	1947.30768745	4144.9999998	1508.20512237	3587.17948579	2188.0769187	4272.17948725	
4104.23076896	4233.20512814	4235.76923077	4134.48717921	4102.30769196	4176.5384614	4176.28205115	3250.64102356	1984.35896957	4150.38461518	1541.15384039	3600.51281913	2211.53845723	4274.2307693	
4105.89743562	4235.51282052	4233.4615384	4133.84615357	4104.74358947	4176.5384614	4172.30769217	3261.02563894	2011.28204656	4148.58974339	1567.17948149	3604.87179349	2231.53845723	4272.05128212	
4103.46153819	4232.30769224	4232.5641025	4133.84615357	4096.15384581	4174.10256397	4169.35897422	3264.23076715	2034.10255938	4145.64102544	1592.05127643	3606.66666528	2250.38461115	4267.05128212	
4106.66666639	4230.64102558	4232.69230763	4143.46153826	4107.30769203	4177.69230756	4173.84615371	3284.10256209	2076.02563644	4158.97435877	1636.53845598	3625.25640894	2283.33332917	4278.20512828	
4115.12820485	4231.6666666	4229.35897429	4147.43589723	4127.43589716	4184.48717935	4173.07692294	3310.12820312	2119.99999549	4175.25641012	1685.64102022	3645.38461414	2321.53845744	4293.33333341	
4116.79487152	4226.92307686	4217.43589737	4141.53846133	4135.38461518	4182.56410243	4168.71794858	3320.76922883	2148.33332889	4178.20512807	1715.89743055	3652.0512808	2343.84614982	4293.58974366	
4118.46153819	4219.23076917	4202.43589737	4145.38461518	4149.9999998	4185.38461525	4165.12820492	3325.25640831	2168.71794434	4192.17948704	1729.87178953	3660.51281927	2339.35897033	4299.10256418	
4123.9743587	4212.82051275	4186.02564089	4151.66666646	4171.79487166	4193.58974345	4156.41025621	3326.92307498	2173.71794434	4216.02564096	1726.53845619	3667.82051157	2313.46153437	4310.00000014	
4123.71794844	4206.92307686	4166.41025621	4142.3076921	4181.5384614	4193.46153833	4148.58974339	3319.10256216	2162.17948274	4217.17948711	1710.51281517	3658.33333209	2286.15384199	4307.05128219	
4124.35897408	4204.87179481	4152.94871774	4139.61538441	4188.3333332	4195.38461525	4149.23076903	3314.10256209	2162.43589299	4210.89743583	1706.53845612	3653.58974234	2276.92307276	4304.3589745	
4139.1025639	4205.51282045	4148.07692287	4153.205128	4211.15384609	4209.61538455	4154.35897415	3331.02563908	2192.43589306	4232.82051275	1734.35896901	3672.9487167	2291.41025224	4322.43589758	
4155.12820492	4202.05128199	4139.9999998	4159.48717928	4233.07692301	4219.87179481	4154.87179467	3357.94871608	2224.61538031	4258.97435898	1771.41025113	3692.94871677	2314.9999959	4341.28205149	
4157.43589723	4197.17948704	4129.35897408	4155.89743569	4240.8974359	4220.7692307	4153.07692287	3366.66666479	2232.82050859	4258.33333334	1774.48717428	3697.179486	2324.48717539	4343.97435919	
4157.69230749	4197.56410243	4127.43589716	4160.12820492	4248.33333334	4224.74358968	4152.3076921	3365.25640838	2237.69230346	4256.53846154	1762.1794819	3702.69230651	2323.58973949	4347.05128226	
4161.02564082	4200.25641012	4132.69230742	4164.35897415	4249.87179488	4224.35897429	4150.25641005	3372.82051095	2255.89743166	4267.17948725	1776.4102512	3712.82051171	2330.38461136	4352.30769252	
4156.28205108	4198.71794858	4139.48717928	4157.17948697	4239.10256411	4216.02564096	4149.48717928	3381.15384435	2272.17948301	4265.0	1804.99999479	3712.05128094	2348.58973956	4343.07692329	
4144.35897415	4198.07692294	4148.58974339	4150.38461518	4224.35897429	4207.94871788	4151.28205108	3380.64102384	2282.69230353	4244.48717949	1823.84614871	3704.61538344	2366.92307297	4326.41025655	
4138.33333313	4205.12820506	4157.43589723	4151.53846133	4214.23076917	4202.05128199	4151.79487159	3382.94871615	2298.20512411	4227.17948711	1844.74358467	3702.94871677	2381.28204733	4317.43589758	
4136.41025621	4208.97435891	4161.02564082	4149.35897415	4204.99999993	4192.94871781	4148.71794851	3393.84615204	2319.35897026	4221.6666666	1879.61537962	3706.53846036	2402.43589355	4312.82051296	
4129.10256383	4204.23076917	4162.05128185	4141.02564082	4191.41025628	4179.61538448	4141.92307672	3400.12820333	2334.74358572	4214.48717942	1902.56409756	3703.71794754	2415.51281663	4303.4615386	
4123.33333306	4204.35897429	4166.92307672	4141.79487159	4189.48717935	4178.07692294	4141.53846133	3405.38461358	2350.64102161	4211.79487173	1916.79486687	3701.2820501	2418.5897397	4301.02564117	
4130.38461511	4210.64102558	4174.10256397	4153.33333313	4202.17948711	4186.5384614	4148.97435877	3421.15384442	2378.71794476	4223.07692301	1946.15384129	3711.53846043	2434.99999618	4305.76923091	
4136.66666646	4210.7692307	4180.51282038	4155.64102544	4203.4615384	4185.38461525	4149.9999998	3433.71794698	2406.66666278	4227.69230763	1978.97435418	3721.02563992	2458.07691926	4303.58974373	
4125.7692305	4209.61538455	4185.76923063	4147.3076921	4186.79487166	4176.02564089	4142.43589723	3435.76922904	2421.41025252	4215.38461532	2002.17948246	3716.66666556	2471.53845779	4292.17948725	
4110.7692305	4212.05128199	4192.05128192	4144.74358954	4174.2307691	4170.89743576	4140.64102544	3438.58974186	2434.23076541	4202.30769224	2024.23076451	3709.35897325	2486.66666292	4280.00000007	
4105.12820485	4211.92307686	4200.38461525	4146.02564082	4170.12820499	4165.51282031	4145.76923056	3448.4615368	2463.20512446	4202.30769224	2061.02563637	3716.66666556	2517.69230401	4273.46153853	
4099.48717914	4210.64102558	4204.87179481	4135.12820485	4157.43589723	4150.64102544	4141.79487159	3454.48717782	2487.82050907	4195.64102551	2090.25640567	3720.89743479	2540.38461178	4264.35897436	
4089.61538427	4215.89743583	4210.64102558	4123.46153819	4140.89743569	4137.56410236	4134.99999973	3458.71794705	2501.92307324	4176.02564089	2110.12820062	3710.12820402	2558.46153485	4249.74358975	
4076.92307658	4226.15384609	4227.5641025	4121.15384588	4121.53846126	4127.56410229	4138.84615364	3468.97435731	2529.23076562	4160.25641005	2148.33332889	3703.33333216	2596.02563756	4232.5641025	
4059.48717907	4229.87179481	4248.58974359	4116.79487152	4090.38461504	4111.28205101	4142.3076921	3474.99999834	2558.2051246	4137.56410236	2189.61538024	3701.41025523	2633.33332993	4212.30769224	
4044.6153842	4223.58974352	4254.87179488	4108.71794844	4069.99999966	4098.46153812	4133.84615357	3475.64102398	2578.07691954	4116.41025614	2212.69230339	3693.0769219	2646.66666327	4191.41025628	
4042.17948677	4221.02564096	4248.84615385	4106.92307665	4074.87179453	4098.71794837	4129.23076896	3485.25640866	2604.23076576	4128.46153819	2233.97435474	3687.43589626	2652.56409916	4183.3333332	
4043.58974318	4223.33333327	4245.51282052	4109.10256383	4081.41025607	4101.66666632	4136.79487159	3497.94871635	2632.69230429	4150.12820492	2258.07691884	3688.58974241	2664.35897103	4182.30769217	
4033.58974311	4218.84615378	4243.71794872	4104.61538434	4073.97435863	4094.23076889	4133.9743587	3493.589742	2638.07691968	4142.17948697	2259.35897012	3678.9743578	2656.66666327	4164.48717928	
4019.61538413	4216.41025634	4241.66666667	4097.05128171	4061.28205087	4083.33333299	4119.99999973	3480.64102405	2640.51281711	4123.46153819	2259.10255987	3666.66666542	2646.02563762	4144.61538441	
4014.35897388	4227.69230763	4257.43589744	4095.76923043	4044.87179446	4072.82051248	4123.20512793	3484.74358815	2671.15384282	4108.33333306	2298.46153437	3666.92307568	2679.99999667	4137.17948697	
4001.1538456	4242.17948718	4296.0256411	4084.87179453	4003.84615329	4050.64102523	4137.3076921	3495.76922917	2710.12820187	4065.25640984	2361.15384213	3660.38461414	2748.84615065	4112.56410229	
3964.35897374	4251.7948718	4336.28205149	4054.6153842	3929.61538392	4010.25640977	4134.61538434	3493.07692148	2744.74358655	3988.71794817	2422.43589355	3637.8205115	2822.82050984	4058.97435856	
3925.89743521	4257.6923077	4364.23076944	4035.12820465	3861.79487096	3970.76923015	4128.46153819	3496.15384456	2795.76922772	3920.89743521	2495.76922709	3623.84615253	2901.02563818	4014.487179	
3898.84615309	4265.0	4393.46153874	4026.41025593	3813.07692218	3943.46153784	4133.58974332	3519.87179335	2864.10256119	3876.79487103	2586.41025287	3622.94871663	2992.94871531	3986.53846099	
3862.69230686	4278.58974366	4446.2820517	4000.12820458	3739.61538351	3906.92307623	4136.53846133	3538.33333181	2924.8717921	3816.92307602	2680.1282018	3614.6153833	3098.58974116	3940.38461476	
3820.64102474	4294.87179495	4507.30769287	3976.92307637	3653.46153721	3863.58974276	4143.205128	3554.48717803	2990.38461275	3739.61538351	2781.9230738	3602.94871656	3210.51281829	3887.82051206	
3805.25640929	4298.97435905	4523.84615441	3986.28205073	3639.35897304	3858.58974276	4164.1025639	3601.66666528	3083.07692058	3723.46153735	2887.30768939	3616.53846022	3295.76922876	3878.20512744	
3823.46153756	4289.48717956	4490.76923126	4008.07692259	3698.58974241	3887.05128129	4171.28205115	3656.28205004	3164.10256181	3788.84615288	2954.87179217	3652.9487167	3324.7435878	3912.30769162	
3836.53846064	4285.51282059	4470.76923126	4011.79487131	3730.89743479	3891.53846078	4157.69230749	3671.92307568	3192.94871573	3830.64102474	2976.92307422	3670.12820388	3327.30769037	3929.23076854	
3875.2564095	4256.66666667	4394.48717977	4049.35897395	3826.53846064	3933.84615316	4160.12820492	3713.84615274	3237.30769016	3924.35897367	2992.30768967	3715.76922966	3296.15384414	3994.61538406	
4001.28205073	4186.02564089	4190.64102551	4141.28205108	4107.82051255	4073.20512786	4156.15384595	3807.17948628	3311.66666466	4209.10256404	2975.25640755	3843.46153763	3188.07692086	4189.2307691	
4102.82051255	4159.23076903	4076.92307658	4173.07692294	4295.00000007	4150.51282031	4118.71794844	3818.58974269	3283.84615183	4410.51282086	2900.6410228	3920.89743521	3088.58974116	4316.1538463	
4073.07692273	4204.61538455	4168.97435884	4118.58974332	4192.05128192	4087.43589709	4102.30769196	3740.12820402	3182.56410027	4303.33333348	2862.82050991	3870.64102481	3105.1282027	4242.05128206	
4048.58974318	4214.23076917	4209.48717942	4112.43589716	4131.15384588	4073.07692273	4128.71794844	3739.74358864	3194.35897214	4226.02564096	2907.17948433	3852.94871712	3146.92307456	4200.76923063	
4118.9743587	4160.25641005	4086.02564068	4165.12820492	4286.28205136	4159.9999998	4131.41025614	3811.53846064	3265.3846133	4387.05128233	2918.20512536	3923.71794803	3094.99999757	4309.10256425	
4157.56410236	4143.84615364	4028.46153798	4164.61538441	4359.4871797	4182.05128192	4102.17948684	3807.43589654	3236.66666452	4477.3076928	2864.99999709	3947.69230707	3038.46153589	4359.74358996	
4121.15384588	4178.20512807	4102.17948684	4128.58974332	4261.92307693	4128.0769228	4096.02564068	3750.51281947	3179.23076694	4380.12820541	2853.58974061	3907.692307	3064.74358725	4293.46153853	
4091.41025607	4198.3333332	4159.61538441	4114.61538434	4188.07692294	4102.69230742	4113.0769228	3742.82051178	3193.46153624	4301.53846168	2904.48717664	3884.99999924	3120.64102328	4242.6923077	
4084.7435894	4196.41025628	4168.3333332	4111.92307665	4183.97435884	4107.43589716	4124.8717946	3766.5384605	3239.99999785	4302.43589758	2958.84615114	3890.64102488	3162.43589515	4236.28205129	
4091.92307658	4189.61538448	4154.35897415	4125.38461511	4209.61538455	4118.71794844	4127.30769203	3781.6666657	3268.97435689	4328.33333348	2979.99999729	3906.7948711	3171.66666438	4250.0	
4114.10256383	4174.61538448	4113.46153819	4151.79487159	4261.53846154	4144.9999998	4124.61538434	3790.51281954	3273.84615177	4371.53846182	2968.07692037	3925.38461469	3139.99999764	4282.94871802	
4135.12820485	4159.23076903	4072.05128171	4160.12820492	4316.41025655	4169.2307691	4121.53846126	3797.17948621	3268.84615177	4425.38461574	2953.33333056	3941.9230763	3105.38461296	4316.79487194	
4145.51282031	4160.89743569	4073.33333299	4150.25641005	4325.76923091	4166.66666646	4120.25640998	3796.79487083	3269.35897228	4445.76923119	2958.2051255	3949.48717887	3110.25640783	4326.1538463	
4155.76923056	4167.69230749	4094.35897402	4152.43589723	4302.69230784	4154.35897415	4119.35897408	3797.30769134	3282.56410055	4437.56410298	2984.23076652	3959.87179425	3137.56410021	4328.20512835	
4169.2307691	4167.69230749	4100.12820478	4153.33333313	4301.53846168	4154.1025639	4119.61538434	3805.7692298	3304.74358773	4439.61538504	3015.89743326	3982.56410201	3159.10256181	4341.02564124	
4170.38461525	4166.28205108	4093.46153812	4152.05128185	4313.4615386	4162.3076921	4122.05128178	3814.74358884	3324.61538267	4449.10256452	3032.82051025	3990.38461483	3171.15384386	4345.00000021	
4166.02564082	4164.48717928	4086.66666632	4166.92307672	4321.79487194	4170.12820499	4124.61538434	3821.53846064	3336.15384421	4454.23076965	3042.94871538	3987.9487174	3178.20512592	4341.79487201	
4164.23076903	4160.64102544	4083.46153812	4175.89743576	4333.33333355	4174.10256397	4121.53846126	3822.82051192	3346.02563908	4456.53846196	3057.56410007	3992.69230714	3181.28204899	4342.6923079	
4165.12820492	4159.9999998	4081.41025607	4162.56410236	4333.97435919	4172.05128192	4115.7692305	3818.58974269	3356.66666479	4456.53846196	3070.76922827	3994.74358919	3181.41025412	4339.74358996	
4177.05128192	4167.3076921	4088.07692273	4154.61538441	4320.64102578	4173.3333332	4119.61538434	3827.17948628	3373.84615197	4455.64102606	3097.05127962	4000.64102509	3199.35897214	4340.25641047	
4182.4358973	4175.89743576	4101.53846119	4164.61538441	4313.97435912	4176.41025628	4126.41025614	3841.66666584	3398.58974179	4451.66666709	3134.358972	4013.58974311	3231.02563888	4343.97435919	
4167.05128185	4186.15384602	4112.94871767	4172.30769217	4299.74358989	4170.89743576	4124.61538434	3838.97435807	3411.92307512	4432.82051324	3157.6923054	4011.41025593	3253.076921	4331.1538463	
4159.35897415	4198.71794858	4130.38461511	4164.87179467	4271.28205136	4162.56410236	4127.94871767	3838.46153756	3426.92307519	4411.53846189	3187.94871573	4004.61538413	3282.56410055	4316.66666681	
4167.94871774	4203.97435891	4152.17948697	4154.23076903	4252.94871795	4156.53846133	4139.48717928	3857.82051199	3459.23076757	4395.25641054	3233.58974144	4012.05128157	3326.79486985	4315.00000014	
4158.84615364	4200.64102551	4158.97435877	4153.205128	4246.53846154	4151.53846133	4141.79487159	3872.17948635	3491.28204969	4380.25641054	3268.20512612	4010.51282003	3359.48717761	4304.61538476	
4142.82051262	4201.15384609	4163.97435877	4155.51282031	4251.53846154	4155.12820492	4139.74358954	3875.38461462	3520.76922924	4382.56410285	3300.5128185	4009.87179439	3381.41025461	4297.30769238	
4142.05128185	4208.20512814	4184.10256397	4154.9999998	4264.23076923	4161.92307672	4140.64102544	3880.12820437	3546.02563957	4386.15384644	3331.5384596	4020.89743541	3398.84615204	4304.87179501	
4137.56410236	4209.48717942	4196.92307679	4160.64102544	4255.64102564	4155.38461518	4136.79487159	3878.97435821	3549.3589729	4365.64102592	3339.7435878	4018.71794824	3402.17948538	4297.43589751	
4133.9743587	4207.17948711	4203.07692301	4160.64102544	4236.92307693	4147.56410236	4139.61538441	3884.23076847	3564.10256265	4353.33333355	3367.05128018	4020.12820465	3426.92307519	4285.1282052	
4143.97435877	4212.82051275	4220.25641019	4152.69230749	4230.38461532	4144.87179467	4152.69230749	3908.33333264	3614.23076791	4359.10256431	3434.10256237	4043.97435856	3484.87179328	4295.00000007	
4145.64102544	4222.17948711	4237.56410257	4159.87179467	4219.99999993	4135.25640998	4155.38461518	3928.07692239	3653.20512696	4350.51282073	3484.35897276	4064.48717907	3529.74358822	4301.66666681	
4131.53846126	4224.23076917	4255.64102564	4171.66666653	4206.41025634	4127.69230742	4154.35897415	3949.10256348	3689.35897318	4335.89743611	3542.43589591	4074.35897402	3593.46153708	4287.82051289	
4125.12820485	4213.84615378	4273.46153853	4173.07692294	4204.61538455	4129.8717946	4162.56410236	3986.41025586	3756.41025537	4337.30769252	3636.66666535	4091.92307658	3682.56410139	4280.38461546	
4131.79487152	4208.84615378	4266.15384616	4184.74358961	4206.53846147	4132.94871767	4164.23076903	3998.97435842	3788.71794775	4341.79487201	3662.17948593	4097.17948684	3680.76922959	4282.17948725	
4137.05128185	4210.25641019	4245.8974359	4201.41025634	4211.53846147	4134.74358947	4158.07692287	3973.46153791	3760.25640922	4348.20512842	3602.56410118	4078.46153812	3598.20512682	4280.00000007	
4132.82051255	4206.28205122	4237.94871795	4202.69230763	4217.43589737	4133.9743587	4157.17948697	3952.43589681	3736.92307582	4354.87179508	3570.38461393	4059.48717907	3559.61538316	4273.97435905	
4123.46153819	4203.97435891	4231.6666666	4200.51282038	4216.41025634	4131.41025614	4161.28205108	3950.12820451	3736.15384505	4351.79487201	3573.97435752	4048.97435856	3556.66666521	4261.92307693	
4119.8717946	4209.35897429	4226.6666666	4207.43589737	4216.92307686	4138.33333313	4166.79487159	3943.97435835	3727.69230658	4345.25641047	3558.71794726	4042.94871754	3532.17948565	4253.71794872	
4125.89743562	4214.48717942	4232.69230763	4216.28205122	4220.51282045	4148.07692287	4166.92307672	3930.89743521	3720.89743479	4339.35897457	3551.02563957	4040.12820472	3520.64102412	4252.82051282	
4125.51282024	4212.69230763	4233.71794865	4218.07692301	4214.35897429	4144.9999998	4161.92307672	3924.74358905	3725.76922966	4330.64102578	3567.0512806	4037.43589702	3534.61538309	4243.97435898	
4114.99999973	4212.69230763	4230.64102558	4214.61538455	4208.20512814	4142.56410236	4164.1025639	3925.12820444	3734.10256299	4325.2564104	3579.4871781	4036.02564054	3543.84615232	4234.87179488	
4119.61538434	4214.61538455	4234.74358975	4216.28205122	4211.15384609	4149.9999998	4172.94871781	3929.74358905	3747.17948614	4329.3589745	3593.71794733	4042.82051241	3555.12820367	4243.07692308	
4135.25640998	4211.79487173	4235.25641026	4224.99999993	4217.05128199	4151.92307672	4171.79487166	3938.7179481	3765.6410246	4335.51282073	3613.20512689	4053.33333292	3571.02563957	4250.64102564	
4136.02564082	4209.61538455	4230.38461532	4227.05128199	4224.87179481	4151.15384595	4167.3076921	3948.33333271	3781.41025544	4338.5897438	3625.64102432	4057.69230728	3580.51281913	4251.02564103	
4126.28205101	4209.74358968	4230.51282045	4223.58974352	4228.97435891	4160.25641005	4176.15384602	3955.25640963	3792.43589647	4339.23076944	3636.66666535	4056.66666625	3588.07692169	4253.97435898	
4129.10256383	4208.84615378	4231.92307686	4227.05128199	4224.23076917	4166.28205108	4181.66666653	3961.15384553	3809.61538372	4337.30769252	3658.20512696	4056.410256	3603.46153708	4251.02564103	
4133.46153819	4207.94871788	4230.7692307	4230.7692307	4219.74358968	4160.25641005	4172.82051269	3969.99999938	3838.07692218	4337.56410278	3687.69230651	4062.69230728	3626.15384484	4247.43589744	
4133.9743587	4210.7692307	4234.48717949	4236.28205129	4223.97435891	4162.3076921	4176.02564089	3981.66666611	3865.51281968	4341.66666688	3715.25640915	4075.76923043	3647.43589619	4256.28205129	
4142.05128185	4210.89743583	4235.12820513	4242.94871795	4231.53846147	4173.58974345	4185.89743576	3990.12820458	3877.5641018	4341.53846175	3730.76922966	4083.33333299	3662.43589619	4260.8974359	
4142.94871774	4207.82051275	4228.4615384	4240.64102564	4229.10256404	4172.4358973	4176.79487166	3991.66666611	3883.4615377	4334.74358996	3739.48717838	4083.33333299	3671.79487055	4255.0	
4142.05128185	4208.71794865	4226.41025634	4236.92307693	4226.53846147	4167.82051262	4171.02564089	3997.0512815	3901.92307616	4336.92307714	3759.61538358	4089.87179453	3685.12820395	4258.33333334	
4156.53846133	4212.17948711	4225.12820506	4247.82051282	4239.48717949	4179.48717935	4183.58974345	4013.46153798	3926.53846085	4346.28205149	3787.17948621	4104.8717946	3702.05128087	4271.923077	
4171.41025628	4218.20512814	4213.84615378	4263.58974359	4255.12820513	4195.64102551	4193.71794858	4028.33333285	3943.7179481	4351.66666688	3806.92307595	4119.10256383	3717.56410146	4284.35897443	
4177.30769217	4219.10256404	4204.74358968	4262.94871795	4263.97435898	4196.66666653	4196.28205115	4038.07692266	3961.0256404	4356.66666688	3827.69230679	4130.64102537	3734.99999889	4294.61538469	
4184.61538448	4213.58974352	4211.79487173	4256.28205129	4273.07692315	4192.30769217	4201.28205122	4050.12820472	3983.71794817	4361.41025662	3851.79487096	4144.61538441	3754.48717845	4302.43589758	
4193.20512807	4215.25641019	4219.87179481	4258.46153847	4276.66666674	4198.84615371	4207.43589737	4062.82051241	4004.23076875	4365.38461567	3871.41025558	4158.71794851	3773.71794768	4306.92307707	
4197.17948704	4223.33333327	4220.12820506	4263.20512821	4275.00000007	4210.38461532	4214.10256404	4072.69230735	4021.79487131	4367.8205131	3893.97435821	4167.69230749	3794.8717939	4312.82051296	
4201.6666666	4229.87179481	4223.84615378	4263.71794872	4280.00000007	4216.02564096	4216.15384609	4079.87179453	4035.64102516	4366.79487208	3914.74358905	4173.07692294	3810.51281961	4317.69230784	
4209.48717942	4232.94871788	4232.30769224	4264.48717949	4291.79487187	4220.64102558	4218.4615384	4090.6410253	4050.12820472	4372.05128233	3930.25640957	4184.10256397	3822.56410166	4322.56410271	
4215.51282045	4234.48717949	4237.56410257	4267.94871802	4303.07692322	4226.6666666	4228.33333327	4105.12820485	4076.92307658	4381.15384644	3956.41025579	4199.48717935	3849.99999917	4330.12820527	
4219.23076917	4237.94871795	4237.17948718	4272.17948725	4308.84615399	4231.92307686	4231.41025634	4115.7692305	4099.99999966	4382.43589772	3979.48717894	4208.07692301	3873.20512744	4338.20512842	
4225.89743583	4242.43589744	4236.53846154	4276.0256411	4309.23076937	4238.46153847	4227.82051275	4127.30769203	4116.66666639	4388.33333362	3999.35897381	4218.84615378	3887.94871719	4348.46153867	
4235.64102564	4244.10256411	4240.38461539	4276.41025648	4312.82051296	4241.28205129	4230.25641019	4160.89743569	4183.84615371	4404.87179522	4080.25640991	4245.8974359	3959.23076861	4360.25641047	
4236.7948718	4243.84615385	4245.51282052	4276.15384623	4318.58974373	4241.66666667	4230.38461532	4210.89743583	4300.76923091	4412.56410292	4210.12820506	4280.1282052	4075.38461504	4369.74359003	
4236.15384616	4248.20512821	4248.20512821	4274.74358982	4318.20512835	4247.94871795	4229.10256404	4249.10256411	4382.17948746	4412.30769266	4292.43589751	4303.33333348	4145.89743569	4373.07692336	
4241.41025641	4255.25641026	4253.46153847	4273.33333341	4319.87179501	4254.87179488	4238.97435898	4271.28205136	4415.00000035	4417.17948753	4327.17948732	4314.74358989	4172.82051269	4377.8205131	
4245.51282052	4255.25641026	4259.61538462	4276.0256411	4324.87179501	4255.0	4244.35897436	4287.82051289	4446.15384657	4419.23076958	4363.20512842	4324.48717963	4206.28205122	4383.46153874	
4246.53846154	4241.7948718	4260.8974359	4277.17948725	4325.12820527	4254.61538462	4240.12820513	4297.69230777	4473.58974408	4414.87179522	4388.20512849	4330.89743604	4229.10256404	4384.74359003	
4246.92307693	4233.84615385	4259.23076923	4278.84615392	4325.38461553	4256.92307693	4239.35897436	4303.20512835	4484.10256459	4416.66666702	4394.10256438	4334.61538483	4231.79487173	4385.12820541	
4247.6923077	4241.53846154	4257.30769231	4284.48717956	4328.4615386	4257.05128206	4238.58974359	4307.94871809	4490.64102613	4418.8461542	4403.71794907	4339.87179508	4235.25641026	4385.25641054	
4250.8974359	4246.53846154	4257.17948718	4283.46153853	4331.41025655	4258.71794872	4239.48717949	4313.97435912	4502.69230825	4419.61538497	4418.20512856	4345.64102585	4246.66666667	4388.07692336	
4254.35897436	4245.0	4257.94871795	4277.43589751	4329.74358989	4262.30769231	4245.38461539	4323.33333348	4520.12820569	4424.87179522	4431.92307734	4352.30769252	4264.48717949	4394.23076951	
4259.23076923	4251.02564103	4259.48717949	4281.66666674	4323.97435912	4263.71794872	4247.43589744	4329.61538476	4532.69230832	4427.30769266	4446.66666709	4360.12820534	4280.51282059	4399.23076958	
4266.923077	4257.43589744	4261.7948718	4287.94871802	4323.84615399	4266.28205129	4246.02564103	4330.89743604	4542.56410319	4423.07692343	4463.97435946	4368.717949	4294.61538469	4402.69230804	
4272.17948725	4255.51282052	4265.0	4286.15384623	4332.82051303	4271.53846161	4248.84615385	4338.84615406	4559.48718012	4425.64102599	4482.43589793	4377.94871823	4312.43589758	4405.38461574	
4273.71794879	4255.64102564	4269.10256418	4289.48717956	4343.84615406	4277.05128212	4250.12820513	4349.4871797	4576.41025711	4436.53846196	4497.17948774	4386.41025669	4330.51282066	4409.87179522	
4277.17948725	4255.64102564	4269.35897443	4298.33333341	4349.23076944	4278.97435905	4249.35897436	4350.3846156	4583.2051289	4440.25641068	4502.30769287	4393.33333362	4337.56410278	4414.61538497	
4281.15384623	4247.43589744	4266.28205129	4298.71794879	4352.56410278	4279.35897443	4250.76923077	4348.97435919	4586.41025711	4439.35897478	4502.69230825	4397.8205131	4339.35897457	4418.71794907	
4285.1282052	4244.35897436	4266.02564103	4295.38461546	4354.23076944	4278.97435905	4248.97435898	4353.5897438	4593.58974429	4441.92307734	4510.12820569	4401.92307727	4348.20512842	4418.58974394	
4290.89743597	4249.74358975	4269.74358982	4299.10256418	4353.33333355	4280.76923084	4249.87179488	4358.5897438	4602.17948795	4445.89743632	4522.30769287	4407.43589779	4361.92307714	4420.00000035	
4294.61538469	4254.74358975	4273.07692315	4301.28205142	4356.79487201	4284.35897443	4257.6923077	4365.12820541	4612.94871872	4450.76923119	4531.28205191	4413.07692343	4372.17948746	4426.92307727	
4293.20512828	4253.97435898	4269.61538469	4294.48717956	4364.10256431	4286.79487187	4262.30769231	4375.12820541	4623.71794949	4452.05128247	4539.8717955	4412.82051317	4377.56410285	4428.58974394	
4294.74358982	4249.48717949	4270.1282052	4289.35897443	4364.74358996	4286.28205136	4260.12820513	4382.17948746	4629.10256494	4451.92307734	4551.15384678	4412.69230804	4386.28205156	4422.9487183	
4295.1282052	4247.56410257	4273.84615392	4289.10256418	4356.79487201	4283.97435905	4259.74358975	4382.56410285	4632.05128289	4453.46153888	4560.00000063	4414.10256445	4395.76923105	4416.79487215	
4287.69230777	4250.25641026	4270.00000007	4286.79487187	4350.64102585	4278.46153853	4258.58974359	4379.48717977	4633.4615393	4446.02564145	4556.53846217	4407.30769266	4395.89743618	4408.97435933	
4278.20512828	4247.30769231	4267.17948725	4283.20512828	4351.92307714	4273.20512828	4255.38461539	4375.25641054	4630.38461622	4435.51282093	4547.94871858	4397.56410285	4387.05128233	4399.74359009	
4284.10256418	4238.46153847	4271.79487187	4280.76923084	4358.46153867	4275.38461546	4261.92307693	4375.51282079	4625.25641102	4438.9743594	4547.05128268	4397.30769259	4378.97435926	4404.23076958	
4293.84615392	4238.20512821	4272.05128212	4279.74358982	4355.12820534	4273.58974366	4264.48717949	4382.17948746	4631.15384699	4438.0769235	4561.6666673	4401.28205163	4387.69230797	4413.97435933	
4286.66666674	4247.17948718	4269.35897443	4284.35897443	4342.56410278	4262.43589744	4252.94871795	4380.64102592	4634.3589752	4427.30769266	4564.87179557	4400.12820548	4391.02564131	4410.12820548	
4281.66666674	4248.33333334	4272.56410264	4282.56410264	4333.71794893	4258.58974359	4249.87179488	4348.07692329	4563.33333403	4424.48717984	4482.56410305	4380.51282079	4314.61538476	4397.30769259	
4285.1282052	4243.58974359	4270.38461546	4273.97435905	4341.92307714	4260.12820513	4252.6923077	4288.33333341	4425.76923112	4415.38461574	4336.53846175	4340.12820534	4184.2307691	4382.43589772	
4280.76923084	4246.15384616	4266.15384616	4267.56410264	4327.43589758	4251.15384616	4248.58974359	4245.0	4330.00000014	4380.51282079	4245.76923077	4308.4615386	4114.74358947	4367.43589772	
4278.33333341	4247.30769231	4265.12820513	4256.02564103	4256.28205129	4250.0	4256.92307693	4231.53846147	4306.53846168	4347.56410278	4223.07692301	4296.15384623	4104.48717921	4358.07692329	
4284.10256418	4245.64102564	4265.0	4252.56410257	4266.79487187	4260.12820513	4268.58974366	4236.28205129	4314.10256425	4359.10256431	4225.7692307	4298.07692315	4107.82051255	4362.82051303	
4274.61538469	4249.87179488	4264.35897436	4270.64102571	4358.97435919	4253.46153847	4254.48717949	4244.74358975	4324.10256425	4375.51282079	4241.7948718	4306.1538463	4117.56410229	4368.46153874	
4246.28205129	4245.0	4251.02564103	4258.46153847	4261.66666667	4237.56410257	4241.15384616	4214.61538455	4281.0256411	4326.53846168	4198.07692294	4274.61538469	4074.87179453	4338.07692329	
4235.0	4237.43589744	4248.97435898	4225.12820506	4093.07692273	4229.74358968	4248.33333334	4172.82051269	4221.15384609	4272.05128212	4128.46153819	4228.07692301	4015.51282003	4297.30769238	
4239.87179488	4248.20512821	4275.64102571	4236.66666667	4182.56410243	4229.74358968	4245.64102564	4185.64102551	4240.0	4279.87179495	4152.94871774	4238.33333334	4038.46153805	4305.38461553	
4228.71794865	4261.02564103	4288.46153853	4258.46153847	4347.17948739	4227.5641025	4232.43589737	4211.6666666	4272.30769238	4283.33333341	4195.25641012	4261.66666667	4072.82051248	4322.56410271	
4198.3333332	4251.41025641	4263.20512821	4231.41025634	4265.25641026	4216.41025634	4224.48717942	4175.51282038	4222.43589737	4236.66666667	4141.28205108	4220.64102558	4025.25640977	4280.00000007	
4179.87179474	4240.76923077	4246.28205129	4204.23076917	4114.35897408	4196.92307679	4221.15384609	4129.23076896	4163.46153826	4194.74358961	4077.17948684	4170.76923063	3969.99999938	4234.61538462	
4175.51282038	4246.15384616	4256.02564103	4226.41025634	4143.84615364	4180.25641012	4211.41025634	4130.12820485	4163.97435877	4173.58974345	4079.48717914	4172.94871781	3969.99999938	4236.66666667	
4168.46153833	4240.8974359	4256.28205129	4227.69230763	4181.28205115	4177.69230756	4204.48717942	4132.69230742	4171.5384614	4164.23076903	4084.48717914	4180.51282038	3974.10256355	4239.61538462	
4172.82051269	4225.64102558	4250.51282052	4187.94871781	4088.58974325	4174.74358961	4207.43589737	4113.71794844	4150.64102544	4163.97435877	4062.17948677	4172.4358973	3958.84615322	4227.43589737	
4169.74358961	4227.5641025	4250.64102564	4191.66666653	4052.82051241	4171.79487166	4205.64102558	4100.51282017	4132.94871767	4150.25641005	4046.66666625	4158.58974339	3948.20512758	4211.41025634	
4137.43589723	4234.10256411	4247.94871795	4231.79487173	4146.53846133	4174.10256397	4199.2307691	4109.23076896	4144.48717928	4137.17948697	4057.94871754	4147.3076921	3956.28205066	4196.66666653	
4127.82051255	4231.92307686	4244.35897436	4223.97435891	4127.17948691	4161.15384595	4194.61538448	4101.28205094	4138.84615364	4116.02564075	4055.89743548	4143.46153826	3950.89743528	4190.38461525	
4157.56410236	4227.5641025	4245.8974359	4199.35897422	4025.51282003	4142.56410236	4199.61538448	4082.69230735	4116.66666639	4086.41025607	4038.84615343	4144.74358954	3936.66666598	4192.69230756	
4171.92307679	4230.12820506	4254.48717949	4220.38461532	4064.74358933	4157.3076921	4210.89743583	4094.23076889	4137.3076921	4104.74358947	4064.10256369	4160.76923056	3962.17948656	4205.64102558	
4159.48717928	4236.02564103	4258.97435898	4243.97435898	4102.05128171	4188.71794858	4217.43589737	4116.66666639	4169.74358961	4138.58974339	4103.84615357	4181.02564089	3997.17948663	4217.94871788	
4146.66666646	4235.38461539	4251.41025641	4243.58974359	4078.33333299	4179.61538448	4208.58974352	4122.43589716	4157.05128185	4094.61538427	4094.61538427	4172.69230756	3989.10256355	4208.97435891	
4137.69230749	4228.58974352	4243.71794872	4240.12820513	4094.87179453	4149.1025639	4195.51282038	4106.66666639	4126.15384588	4015.76923029	4067.30769189	4153.84615364	3962.8205122	4195.38461525	
4146.41025621	4232.43589737	4252.94871795	4252.56410257	4111.02564075	4146.53846133	4197.4358973	4089.7435894	4131.92307665	4044.10256369	4094.10256376	4170.64102551	3973.33333278	4204.35897429	
4156.53846133	4238.07692308	4258.58974359	4259.10256411	4098.33333299	4163.33333313	4200.38461525	4093.8461535	4150.51282031	4092.94871761	4132.56410229	4184.48717935	3992.17948663	4207.17948711	
4143.58974339	4229.61538455	4245.38461539	4237.94871795	4065.12820472	4168.07692287	4200.38461525	4094.87179453	4128.20512793	4029.23076875	4110.51282024	4157.3076921	3967.56410194	4183.58974345	
4132.82051255	4235.38461539	4246.15384616	4250.64102564	4057.94871754	4161.92307672	4201.15384609	4087.69230735	4121.92307665	4007.69230721	4107.56410229	4147.56410236	3963.84615322	4170.38461525	
4135.76923056	4248.46153847	4263.20512821	4289.74358982	4082.69230735	4158.97435877	4201.53846147	4094.61538427	4155.38461518	4088.8461535	4149.87179467	4170.51282038	3997.43589688	4184.35897422	
4135.25640998	4239.48717949	4262.94871795	4282.69230777	4095.12820478	4160.25641005	4206.53846147	4102.69230742	4158.58974339	4091.79487145	4151.28205108	4179.61538448	3993.97435842	4195.89743576	
4145.51282031	4236.41025641	4258.20512821	4265.51282052	4095.51282017	4176.02564089	4218.4615384	4110.51282024	4162.69230749	4061.02564061	4158.205128	4179.74358961	3995.51281996	4187.69230756	
4167.43589723	4247.94871795	4268.33333341	4297.43589751	4154.9999998	4186.92307679	4225.89743583	4150.64102544	4237.30769231	4163.97435877	4245.76923077	4209.48717942	4069.48717907	4198.20512807	
4180.76923063	4248.46153847	4276.41025648	4316.53846168	4190.25641012	4178.3333332	4226.6666666	4186.92307679	4284.87179495	4207.30769224	4302.30769245	4244.10256411	4114.10256383	4235.0	
4170.12820499	4244.35897436	4267.69230777	4305.38461553	4117.05128178	4180.38461525	4218.07692301	4150.12820492	4222.69230763	4084.61538427	4239.74358975	4219.48717942	4053.84615343	4225.7692307	
4161.28205108	4237.56410257	4259.10256411	4297.69230777	4038.58974318	4187.05128192	4214.35897429	4103.58974332	4170.12820499	4044.35897395	4186.66666653	4186.41025628	4007.94871747	4194.87179474	
4190.25641012	4230.7692307	4272.43589751	4302.05128219	4061.92307651	4188.07692294	4235.25641026	4162.3076921	4237.43589744	4103.9743587	4258.71794872	4244.10256411	4076.15384581	4246.53846154	
4212.82051275	4248.71794872	4289.35897443	4331.41025655	4187.56410243	4204.74358968	4245.25641026	4235.25641026	4323.97435912	4120.64102537	4352.30769252	4306.79487194	4157.94871774	4303.33333348	
4201.79487173	4270.76923084	4285.00000007	4350.64102585	4260.8974359	4211.92307686	4225.7692307	4207.17948711	4327.94871809	4148.46153826	4360.51282073	4283.33333341	4155.38461518	4269.2307693	
4194.99999986	4258.07692308	4276.0256411	4338.20512842	4162.56410236	4195.38461525	4220.89743583	4168.84615371	4294.61538469	4172.4358973	4322.43589758	4255.51282052	4118.0769228	4243.58974359	
4187.56410243	4252.30769231	4281.41025648	4343.20512842	4126.66666639	4206.79487173	4233.84615385	4196.28205115	4306.66666681	4139.48717928	4331.92307707	4272.30769238	4132.82051255	4269.87179495	
4191.79487166	4269.48717956	4287.69230777	4336.02564124	4164.9999998	4231.79487173	4240.0	4195.51282038	4317.43589758	4128.71794844	4347.6923079	4283.33333341	4149.48717928	4277.05128212	
4226.79487173	4262.56410257	4298.07692315	4320.38461553	4124.74358947	4230.38461532	4257.94871795	4191.28205115	4325.2564104	4148.71794851	4355.00000021	4303.20512835	4153.33333313	4295.64102571	
4239.74358975	4246.02564103	4312.17948732	4361.15384637	4169.48717935	4222.30769224	4268.97435905	4245.0	4382.56410285	4165.64102544	4406.53846189	4340.64102585	4203.84615378	4335.76923098	
4210.64102558	4244.61538462	4301.1538463	4390.89743618	4267.05128212	4215.12820506	4249.35897436	4250.8974359	4406.79487215	4219.48717942	4432.94871837	4333.07692329	4232.82051275	4317.69230784	
4216.28205122	4238.97435898	4288.46153853	4353.33333355	4189.48717935	4232.43589737	4259.48717949	4227.43589737	4400.00000035	4273.58974366	4430.00000035	4321.02564117	4226.79487173	4293.20512828	
4249.10256411	4242.30769231	4307.43589758	4356.53846175	4150.25641005	4267.30769238	4290.1282052	4271.79487187	4439.10256452	4233.84615385	4467.94871844	4364.23076944	4257.82051282	4340.64102585	
4224.48717942	4257.17948718	4315.76923091	4398.97435933	4251.02564103	4250.64102564	4273.07692315	4283.33333341	4452.30769273	4190.76923063	4484.23076972	4379.74359003	4272.94871802	4353.5897438	
4195.51282038	4253.07692308	4302.17948732	4380.64102592	4224.35897429	4216.92307686	4255.25641026	4228.58974352	4410.76923112	4231.6666666	4444.87179529	4343.46153867	4235.38461539	4309.3589745	
4234.48717949	4255.64102564	4316.02564117	4364.74358996	4196.02564089	4238.20512821	4279.10256418	4248.84615385	4437.69230811	4286.79487187	4474.10256459	4361.66666688	4256.7948718	4325.89743604	
4256.02564103	4267.56410264	4332.43589765	4397.9487183	4277.17948725	4257.6923077	4280.89743597	4296.28205136	4483.2051287	4269.61538469	4526.28205184	4404.74359009	4302.30769245	4370.38461567	
4206.53846147	4245.64102564	4315.12820527	4405.51282086	4258.97435898	4243.33333334	4257.6923077	4262.82051282	4459.35897478	4252.43589744	4504.10256466	4379.87179515	4280.51282059	4339.74358996	
4191.66666653	4217.69230763	4307.30769245	4378.33333362	4193.71794858	4233.4615384	4259.61538462	4243.58974359	4450.64102606	4255.38461539	4491.79487229	4351.53846175	4268.84615392	4297.56410264	
4223.97435891	4226.41025634	4315.64102578	4371.79487208	4187.94871781	4232.94871788	4270.38461546	4264.48717949	4449.48717991	4217.82051275	4493.07692357	4360.12820534	4274.48717956	4314.74358989	
4210.64102558	4246.41025641	4312.43589758	4381.28205156	4203.4615384	4232.17948711	4268.84615392	4252.6923077	4436.15384657	4222.94871788	4483.2051287	4356.53846175	4263.71794872	4322.30769245	
4187.17948704	4234.23076923	4305.89743604	4364.23076944	4201.6666666	4239.35897436	4275.51282059	4240.64102564	4450.89743632	4274.48717956	4493.46153895	4345.76923098	4266.66666674	4298.07692315	
4211.6666666	4222.05128199	4313.4615386	4357.17948739	4218.33333327	4243.07692308	4284.74358982	4276.66666674	4489.74359023	4382.56410285	4547.69230832	4375.76923105	4317.94871809	4317.30769245	
4233.33333327	4236.28205129	4319.61538476	4366.53846182	4217.69230763	4236.92307693	4276.28205136	4303.97435912	4528.33333389	4603.46153923	4620.38461615	4409.87179522	4384.6153849	4348.97435919	
4209.10256404	4246.53846154	4310.76923091	4367.17948746	4205.12820506	4235.76923077	4263.84615385	4306.28205142	4575.51282121	4796.92307811	4682.6923086	4406.92307727	4432.43589786	4331.28205142	
4181.15384602	4231.53846147	4296.15384623	4346.66666688	4193.97435884	4225.25641019	4260.12820513	4308.84615399	4597.56410333	4831.92307818	4711.79487277	4392.30769259	4453.46153888	4304.10256425	
4189.48717935	4218.97435891	4290.51282059	4322.43589758	4157.05128185	4215.25641019	4263.71794872	4314.87179501	4592.69230839	4828.8461551	4718.46153944	4384.6153849	4460.38461581	4299.61538476	
4198.3333332	4224.10256404	4287.30769238	4316.53846168	4124.99999973	4219.10256404	4263.84615385	4320.76923091	4603.97435974	4877.69230902	4724.87179585	4381.53846182	4465.38461587	4297.17948725	
4187.94871781	4237.6923077	4287.43589751	4332.17948732	4154.74358954	4214.61538455	4258.84615385	4319.3589745	4620.25641102	4927.05128351	4742.82051387	4382.94871823	4474.74359023	4293.97435905	
4179.10256397	4248.20512821	4291.923077	4344.74358996	4199.10256397	4200.25641012	4249.10256411	4319.87179501	4624.87179564	4934.23077069	4762.56410368	4385.38461567	4489.74359023	4296.923077	
4162.69230749	4230.38461532	4281.15384623	4325.51282066	4181.5384614	4192.56410243	4238.58974359	4318.07692322	4611.66666743	4892.43589883	4744.87179592	4364.10256431	4481.79487229	4278.20512828	
4144.74358954	4206.15384609	4267.69230777	4304.10256425	4126.66666639	4183.20512807	4235.51282052	4300.00000014	4590.0000007	4890.12820645	4718.97435995	4335.76923098	4461.15384657	4240.76923077	
4151.41025621	4207.17948711	4268.58974366	4298.71794879	4075.25640991	4180.25641012	4239.48717949	4285.89743597	4585.25641096	4961.02564256	4723.84615482	4334.35897457	4464.35897485	4227.05128199	
4153.205128	4215.38461532	4269.61538469	4301.41025655	4104.8717946	4192.4358973	4237.30769231	4306.66666681	4608.97435974	4979.10256564	4745.89743694	4344.74358996	4489.61538511	4240.76923077	
4145.38461518	4219.61538455	4266.923077	4301.41025655	4176.79487166	4190.89743576	4224.61538455	4325.2564104	4618.58974436	4926.538463	4753.46153951	4342.6923079	4499.10256466	4240.64102564	
4143.33333313	4223.20512814	4267.30769238	4302.17948732	4168.84615371	4182.30769217	4221.28205122	4310.64102578	4614.48718026	4949.23077069	4756.02564207	4331.53846168	4496.41025697	4214.99999993	
4143.205128	4214.35897429	4264.23076923	4298.20512828	4134.35897408	4180.38461525	4228.33333327	4313.20512835	4619.35897513	4976.6666682	4766.92307804	4340.00000021	4501.5384621	4223.71794865	
4149.1025639	4197.69230756	4251.66666667	4264.23076923	4048.7179483	4186.02564089	4230.89743583	4311.1538463	4587.17948788	4896.92307832	4737.0512831	4335.64102585	4476.15384664	4237.94871795	
4161.15384595	4212.69230763	4257.30769231	4272.17948725	4019.61538413	4200.76923063	4232.30769224	4308.07692322	4584.87179557	4888.20512953	4732.17948823	4331.1538463	4473.71794921	4227.30769224	
4172.69230756	4233.58974352	4273.71794879	4311.02564117	4166.53846133	4207.30769224	4235.12820513	4345.00000021	4654.48718032	4983.46153999	4802.82051401	4363.84615406	4535.12820576	4241.66666667	
4168.84615371	4223.71794865	4267.69230777	4303.33333348	4227.17948711	4196.41025628	4234.23076923	4364.35897457	4675.64102655	4995.38461699	4830.00000125	4375.12820541	4558.33333396	4259.10256411	
4154.87179467	4214.23076917	4255.8974359	4282.82051289	4128.46153819	4187.05128192	4228.33333327	4339.74358996	4631.41025725	4931.15384762	4779.61538573	4346.53846175	4519.23076979	4236.92307693	
4156.92307672	4220.89743583	4257.43589744	4287.17948725	4127.43589716	4191.02564089	4226.79487173	4332.82051303	4633.4615393	4947.56410403	4775.51282163	4340.64102585	4518.71794928	4212.17948711	
4171.41025628	4228.58974352	4258.84615385	4283.20512828	4138.205128	4190.25641012	4228.97435891	4344.10256431	4647.05128289	4951.79487326	4792.82051401	4355.51282073	4534.74359037	4222.94871788	
4170.12820499	4235.76923077	4257.17948718	4282.69230777	4081.02564068	4190.12820499	4231.28205122	4346.53846175	4633.58974443	4897.43589883	4772.69230881	4355.12820534	4525.00000056	4233.07692301	
4160.25641005	4243.33333334	4258.84615385	4311.28205142	4175.25641012	4186.92307679	4222.5641025	4354.4871797	4659.61538545	4937.82051428	4795.76923195	4362.05128226	4548.71794935	4227.17948711	
4160.51282031	4238.33333334	4252.43589744	4309.74358989	4254.10256411	4181.5384614	4213.97435891	4353.46153867	4681.92307783	5019.23077083	4825.51282177	4371.41025669	4572.69230839	4223.4615384	
4145.51282031	4234.74358975	4243.46153847	4293.46153853	4148.84615364	4177.82051269	4212.94871788	4338.46153867	4645.64102648	4940.00000146	4778.46153958	4348.20512842	4532.94871858	4209.87179481	
4150.64102544	4239.74358975	4246.15384616	4288.71794879	4071.02564068	4171.02564089	4216.02564096	4322.43589758	4590.8974366	4807.94871913	4714.87179585	4321.79487194	4481.15384664	4198.20512807	
4179.74358961	4242.82051282	4255.64102564	4291.923077	4159.1025639	4177.30769217	4226.41025634	4325.64102578	4617.30769308	4909.48718088	4756.53846258	4342.17948739	4520.76923133	4208.07692301	
4162.94871774	4242.05128206	4253.71794872	4309.48717963	4243.58974359	4176.28205115	4218.84615378	4344.35897457	4679.10256501	5046.28205295	4823.46153965	4362.82051303	4577.56410326	4204.61538455	
4135.76923056	4232.17948711	4238.58974359	4287.94871802	4116.92307665	4172.05128192	4206.02564096	4335.25641047	4632.17948802	4920.00000139	4758.46153951	4329.87179501	4520.6410262	4183.97435884	
4173.71794858	4230.7692307	4243.33333334	4260.64102564	4041.02564061	4186.5384614	4221.41025634	4333.07692329	4591.79487249	4820.76923195	4710.89743687	4325.76923091	4484.87179536	4206.53846147	
4208.20512814	4248.20512821	4260.12820513	4294.61538469	4212.17948711	4196.15384602	4230.38461532	4370.12820541	4672.30769321	4940.38461685	4802.30769349	4374.10256438	4568.07692378	4236.66666667	
4168.84615371	4255.0	4252.43589744	4326.02564117	4294.61538469	4183.46153833	4211.41025634	4376.15384644	4710.38461636	5012.30769391	4844.35897561	4372.56410285	4603.58974436	4211.79487173	
4137.82051262	4244.87179488	4239.48717949	4302.05128219	4193.71794858	4171.02564089	4203.84615378	4344.10256431	4651.41025725	4944.23077069	4777.30769342	4333.84615406	4549.10256473	4185.64102551	
4157.94871774	4243.97435898	4245.51282052	4287.43589751	4174.74358961	4176.92307679	4218.07692301	4343.33333355	4645.38461622	4916.92307832	4766.15384727	4336.41025662	4544.35897499	4189.87179474	
4169.48717935	4255.64102564	4251.7948718	4302.82051296	4230.12820506	4181.5384614	4224.35897429	4363.84615406	4683.46153937	4947.4358989	4808.7179499	4354.74358996	4580.8974366	4198.07692294	
4167.43589723	4258.58974359	4250.8974359	4302.56410271	4216.53846147	4180.51282038	4223.20512814	4371.02564131	4679.23077014	4926.41025787	4805.12820631	4357.17948739	4578.07692378	4207.17948711	
4168.20512807	4255.76923077	4248.97435898	4296.15384623	4203.84615378	4178.07692294	4218.71794865	4365.25641054	4669.87179578	4903.2051296	4791.79487298	4352.56410278	4567.94871865	4200.12820499	
4166.53846133	4252.43589744	4243.71794872	4295.1282052	4212.94871788	4177.69230756	4215.64102558	4358.07692329	4675.64102655	4924.87179633	4799.35897554	4351.15384637	4572.69230839	4188.71794858	
4167.05128185	4248.46153847	4244.35897436	4296.28205136	4212.82051275	4179.10256397	4219.61538455	4364.10256431	4682.6923086	4928.58974505	4807.82051401	4357.30769252	4581.41025711	4199.99999986	
4169.87179474	4247.56410257	4249.87179488	4295.00000007	4207.43589737	4176.5384614	4220.89743583	4368.84615413	4681.28205219	4900.64102703	4806.92307811	4359.10256431	4584.23076993	4202.5641025	
4169.87179474	4251.53846154	4249.48717949	4292.69230777	4212.17948711	4183.84615371	4224.23076917	4373.84615413	4688.07692398	4911.79487319	4813.20512939	4362.82051303	4593.07692378	4199.87179474	
4175.12820499	4255.64102564	4247.94871795	4299.48717963	4221.53846147	4190.51282038	4229.48717942	4383.717949	4706.28205226	4941.66666813	4828.97436023	4371.79487208	4605.64102641	4212.94871788	
4185.64102551	4258.58974359	4250.0	4304.23076937	4226.15384609	4190.25641012	4229.74358968	4386.15384644	4710.1282061	4933.84615531	4833.07692433	4374.23076951	4600.25641102	4219.48717942	
4187.94871781	4254.74358975	4248.97435898	4295.51282059	4227.17948711	4196.79487166	4230.51282045	4379.74359003	4699.10256508	4919.61538601	4824.10256529	4368.58974387	4588.71794942	4210.25641019	
4190.12820499	4262.43589744	4250.76923077	4297.43589751	4245.76923077	4204.87179481	4236.02564103	4384.6153849	4702.8205138	4916.28205268	4825.38461664	4375.25641054	4597.82051359	4217.69230763	
4198.71794858	4265.38461539	4251.41025641	4300.00000014	4245.12820513	4197.05128192	4236.7948718	4390.51282079	4717.43589841	4912.69230909	4837.05128331	4385.25641054	4613.3333341	4231.15384609	
4199.99999986	4207.5641025	4244.87179488	4286.41025648	4204.61538455	4192.30769217	4235.8974359	4388.20512849	4720.76923175	4917.43589883	4840.25641151	4382.8205131	4612.30769308	4225.25641019	
4206.28205122	4146.28205108	4248.33333334	4290.1282052	4214.10256404	4203.33333327	4240.12820513	4398.97435933	4730.12820617	4932.4358989	4850.76923202	4393.717949	4621.41025718	4231.79487173	
4219.48717942	4155.89743569	4261.66666667	4304.87179501	4269.48717956	4204.35897429	4237.94871795	4415.64102599	4745.76923182	4931.41025787	4866.53846286	4412.0512824	4641.28205212	4249.48717949	
4212.5641025	4178.84615371	4259.48717949	4294.87179495	4270.25641033	4196.02564089	4232.05128199	4413.71794907	4746.02564207	4917.94871934	4864.23077055	4405.38461574	4640.25641109	4241.7948718	
4201.41025634	4166.66666646	4249.74358975	4284.10256418	4241.66666667	4198.84615371	4232.05128199	4407.0512824	4743.97436002	4916.28205268	4864.10256543	4392.05128233	4636.79487263	4229.61538455	
4211.92307686	4168.58974345	4254.61538462	4294.87179495	4252.94871795	4203.4615384	4235.64102564	4418.71794907	4757.0512831	4917.69230909	4880.00000132	4396.15384644	4651.6666675	4235.8974359	
4220.12820506	4190.51282038	4261.53846154	4297.43589751	4264.23076923	4201.41025634	4238.33333334	4430.00000035	4769.87179599	4918.84615524	4888.20512953	4402.82051317	4661.15384706	4241.15384616	
4215.12820506	4191.28205115	4259.74358975	4285.76923084	4251.92307693	4203.4615384	4240.64102564	4429.48717984	4777.30769342	4917.43589883	4890.12820645	4402.9487183	4659.74359058	4241.02564103	
4214.74358968	4186.5384614	4258.97435898	4281.41025648	4258.58974359	4204.99999993	4242.05128206	4431.53846196	4781.79487291	4906.66666806	4893.46153986	4399.10256445	4664.10256501	4240.8974359	
4214.74358968	4185.64102551	4259.74358975	4281.66666674	4268.97435905	4203.97435891	4243.58974359	4436.53846196	4780.76923188	4904.48718088	4894.1025655	4397.56410285	4671.7948727	4232.69230763	
4215.64102558	4184.35897422	4262.30769231	4283.84615392	4266.02564103	4206.6666666	4244.48717949	4441.15384657	4783.07692419	4898.84615524	4899.74359114	4408.33333368	4677.17948809	4237.6923077	
4220.64102558	4184.99999986	4264.10256411	4284.35897443	4257.43589744	4202.30769224	4239.87179488	4435.51282093	4783.20512932	4878.46153979	4898.58974498	4411.41025676	4675.00000091	4248.71794872	
4218.33333327	4188.97435884	4260.25641026	4282.17948725	4253.33333334	4198.84615371	4242.43589744	4426.28205163	4781.41025753	4881.53846286	4892.43589883	4398.97435933	4672.6923086	4239.61538462	
4220.64102558	4198.20512807	4257.94871795	4284.61538469	4261.92307693	4203.71794865	4250.0	4431.2820517	4784.61538573	4896.53846293	4896.4102578	4400.25641061	4678.07692398	4232.94871788	
4233.71794865	4203.58974352	4263.97435898	4291.41025648	4272.05128212	4208.20512814	4249.23076923	4441.53846196	4789.10256522	4881.02564235	4900.38461678	4411.41025676	4682.82051373	4244.35897436	
4239.61538462	4203.84615378	4267.56410264	4296.79487187	4276.41025648	4210.51282045	4246.41025641	4444.23076965	4792.82051401	4870.38461671	4904.61538601	4411.92307727	4688.97435988	4251.66666667	
4243.07692308	4200.25641012	4266.79487187	4297.43589751	4281.53846161	4213.33333327	4248.71794872	4451.2820517	4804.6153858	4885.64102697	4916.02564242	4417.56410292	4699.10256508	4255.38461539	
4248.58974359	4194.35897422	4264.48717949	4296.28205136	4287.69230777	4210.12820506	4249.23076923	4455.00000042	4808.07692426	4879.10256543	4912.82051421	4421.53846189	4697.8205138	4259.48717949	
4248.07692308	4188.07692294	4262.43589744	4292.17948725	4289.74358982	4209.48717942	4246.66666667	4451.02564145	4799.48718067	4866.53846286	4902.3076937	4412.69230804	4690.8974368	4255.0	
4251.02564103	4186.41025628	4261.66666667	4288.71794879	4292.43589751	4220.51282045	4252.17948718	4460.00000042	4804.10256529	4868.58974491	4911.66666806	4414.87179522	4700.64102662	4256.7948718	
4255.76923077	4190.76923063	4260.38461539	4291.53846161	4294.74358982	4224.99999993	4260.12820513	4467.94871844	4814.35897554	4863.46153979	4918.2051296	4421.66666702	4708.20512918	4265.76923077	
4256.41025641	4194.2307691	4258.20512821	4293.84615392	4294.87179495	4221.79487173	4259.87179488	4464.74359023	4815.12820631	4856.79487305	4911.4102578	4419.23076958	4704.23077021	4268.20512828	
4260.12820513	4195.76923063	4256.15384616	4290.76923084	4293.71794879	4223.71794865	4253.97435898	4467.05128254	4812.69230888	4852.56410382	4906.92307832	4417.43589779	4705.89743687	4268.33333341	
4264.23076923	4197.56410243	4257.56410257	4285.00000007	4292.05128212	4225.64102558	4248.58974359	4469.48717998	4813.84615503	4842.30769356	4904.23077062	4417.17948753	4709.10256508	4270.00000007	
4266.79487187	4201.41025634	4259.87179488	4286.66666674	4295.00000007	4224.61538455	4249.23076923	4466.79487229	4818.20512939	4840.25641151	4908.58974498	4417.17948753	4710.25641123	4273.07692315	
4275.25641033	4208.07692301	4261.02564103	4291.53846161	4302.82051296	4230.7692307	4256.66666667	4474.61538511	4831.28205254	4853.97436023	4923.58974505	4426.41025676	4723.58974457	4276.41025648	
4279.87179495	4214.10256404	4263.46153847	4292.43589751	4305.51282066	4236.66666667	4262.43589744	4483.84615434	4843.33333459	4855.6410269	4933.71795018	4434.87179529	4740.12820617	4277.69230777	
4279.10256418	4215.51282045	4264.35897436	4289.74358982	4301.66666681	4235.0	4259.10256411	4485.38461587	4843.33333459	4840.6410269	4933.20512967	4433.58974401	4741.02564207	4277.94871802	
4280.25641033	4213.84615378	4262.30769231	4284.87179495	4302.69230784	4233.84615385	4255.0	4489.10256459	4842.17948843	4833.07692433	4934.48718095	4433.33333375	4738.97436002	4276.66666674	
4281.0256411	4215.89743583	4259.10256411	4284.2307693	4311.53846168	4237.56410257	4257.94871795	4491.92307741	4846.53846279	4831.92307818	4940.00000146	4434.74359016	4741.66666771	4273.33333341	
4286.79487187	4216.53846147	4260.8974359	4291.79487187	4318.07692322	4240.76923077	4264.48717949	4494.61538511	4857.17948843	4827.9487192	4946.538463	4441.02564145	4747.69230874	4276.923077	
4295.25641033	4217.17948711	4265.12820513	4301.92307707	4319.10256425	4239.35897436	4265.38461539	4498.71794928	4863.46153979	4825.6410269	4954.48718095	4450.38461581	4753.97436002	4283.46153853	
4300.76923091	4219.35897429	4262.94871795	4303.20512835	4321.92307707	4242.05128206	4263.97435898	4503.07692364	4866.28205261	4831.02564228	4959.48718102	4455.12820555	4757.69230874	4286.923077	
4303.07692322	4218.58974352	4261.15384616	4300.89743604	4325.38461553	4248.46153847	4269.74358982	4507.69230825	4876.15384748	4833.97436023	4947.82051428	4461.15384657	4767.30769342	4290.89743597	
4302.05128219	4214.10256404	4266.41025641	4302.30769245	4321.1538463	4248.07692308	4271.41025648	4507.435898	4881.28205261	4820.25641144	4919.35897575	4464.23076972	4772.56410368	4289.61538469	
4299.2307693	4207.5641025	4266.79487187	4300.64102578	4317.43589758	4244.23076923	4266.41025641	4505.12820569	4871.92307825	4809.35897554	4900.25641165	4460.12820555	4762.94871906	4283.97435905	
4300.89743604	4202.30769224	4259.61538462	4297.94871802	4324.87179501	4249.48717949	4271.15384623	4507.69230825	4869.10256543	4816.79487298	4902.94871934	4459.35897478	4755.64102669	4283.97435905	
4306.92307707	4202.5641025	4257.43589744	4302.30769245	4339.74358996	4258.07692308	4280.00000007	4517.82051338	4881.66666799	4820.25641144	4911.02564242	4468.46153895	4763.33333445	4289.48717956	
4312.17948732	4205.64102558	4260.76923077	4302.94871809	4345.00000021	4257.94871795	4277.43589751	4521.92307748	4887.43589876	4811.28205247	4915.38461678	4474.74359023	4770.00000112	4292.56410264	
4315.76923091	4204.35897429	4256.15384616	4296.79487187	4340.51282073	4253.33333334	4272.69230777	4517.17948774	4878.71795004	4806.02564221	4909.35897575	4471.4102569	4758.71794976	4291.28205136	
4319.74358989	4208.20512814	4253.46153847	4307.05128219	4343.33333355	4253.84615385	4275.89743597	4513.20512876	4870.00000132	4801.15384734	4898.33333473	4470.38461587	4748.33333438	4294.74358982	
4330.12820527	4216.53846147	4263.20512821	4317.82051296	4355.76923098	4261.53846154	4278.84615392	4520.12820569	4877.05128338	4795.76923195	4906.4102578	4479.74359023	4761.15384727	4304.74358989	
4341.02564124	4220.64102558	4268.58974366	4310.00000014	4363.84615406	4267.05128212	4278.71794879	4529.10256466	4890.12820645	4802.30769349	4919.1025655	4488.07692357	4774.10256522	4309.3589745	
4341.66666688	4224.48717942	4265.64102564	4306.1538463	4364.35897457	4267.05128212	4278.84615392	4526.92307748	4892.05128344	4803.7179499	4917.82051421	4489.48717998	4772.56410368	4310.76923091	
4341.53846175	4220.25641019	4266.28205129	4311.92307707	4368.97435926	4268.58974366	4279.61538469	4527.30769287	4891.4102578	4793.20512939	4919.61538601	4491.53846203	4776.15384727	4314.48717963	
4341.79487201	4206.79487173	4267.05128212	4307.82051296	4370.25641054	4270.1282052	4277.94871802	4529.8717955	4892.17948857	4792.30769349	4922.56410396	4490.76923126	4778.71794983	4311.53846168	
4337.17948739	4203.84615378	4265.76923077	4301.66666681	4362.43589765	4269.48717956	4274.87179495	4528.46153902	4890.51282191	4795.38461657	4913.71795011	4482.94871844	4772.1794883	4305.38461553	
4334.10256431	4216.53846147	4267.69230777	4305.51282066	4361.02564124	4267.43589751	4276.15384623	4528.58974415	4889.61538594	4785.51282163	4909.23077062	4476.79487229	4771.2820524	4303.97435912	
4332.56410278	4221.41025634	4268.84615392	4304.48717963	4365.51282079	4268.46153853	4279.10256418	4527.56410312	4888.58974491	4772.30769342	4914.48718088	4476.15384664	4775.51282163	4302.17948732	
4330.2564104	4217.17948711	4273.20512828	4300.2564104	4363.71794893	4273.46153853	4280.25641033	4527.94871851	4888.33333466	4767.56410368	4915.25641165	4478.46153895	4776.53846265	4300.00000014	
4330.00000014	4219.23076917	4280.38461546	4299.87179501	4356.92307714	4272.94871802	4278.71794879	4530.89743653	4886.92307825	4762.30769342	4911.28205268	4478.97435946	4774.4871806	4301.28205142	
4333.71794893	4222.30769224	4278.97435905	4299.87179501	4354.74358996	4268.20512828	4279.61538469	4528.84615441	4883.71795004	4754.35897541	4910.25641165	4478.33333382	4774.4871806	4304.3589745	
4338.97435919	4211.28205122	4275.1282052	4301.41025655	4362.05128226	4270.51282059	4283.84615392	4528.07692364	4885.38461671	4753.33333438	4910.25641165	4482.17948767	4777.56410368	4307.05128219	
4336.15384637	4199.99999986	4279.87179495	4299.2307693	4366.28205156	4272.17948725	4284.74358982	4534.61538524	4888.84615517	4749.87179592	4907.82051421	4483.33333382	4776.79487291	4304.23076937	
4333.5897438	4204.48717942	4278.20512828	4297.17948725	4360.51282073	4268.33333341	4284.2307693	4531.41025704	4887.69230902	4740.51282156	4907.82051421	4483.07692357	4776.15384727	4301.79487194	
4335.25641047	4206.6666666	4261.15384616	4300.64102578	4358.71794893	4268.84615392	4283.71794879	4520.76923133	4888.71795004	4732.43589848	4910.00000139	4484.74359023	4782.1794883	4303.84615399	
4332.56410278	4204.87179481	4251.53846154	4299.74358989	4364.35897457	4269.61538469	4283.84615392	4519.10256466	4888.9743603	4725.00000098	4908.84615524	4477.69230818	4782.30769342	4297.94871802	
4328.07692322	4207.17948711	4257.30769231	4293.46153853	4365.64102592	4267.69230777	4283.07692315	4512.69230825	4879.61538594	4720.38461636	4900.51282191	4468.2051287	4770.64102676	4289.48717956	
4333.33333355	4206.41025634	4260.12820513	4292.56410264	4365.25641054	4270.76923084	4283.97435905	4502.56410312	4871.79487312	4720.38461636	4890.64102703	4468.07692357	4764.23077035	4290.64102571	
4339.23076944	4203.33333327	4258.46153847	4292.30769238	4372.05128233	4273.71794879	4286.28205136	4506.66666723	4875.64102697	4716.41025739	4895.12820652	4471.79487229	4770.00000112	4295.89743597	
4336.66666688	4202.43589737	4260.25641026	4285.89743597	4377.17948746	4273.84615392	4285.38461546	4512.30769287	4878.33333466	4707.43589841	4903.97436037	4470.38461587	4772.05128317	4296.66666674	
4337.82051303	4205.51282045	4264.35897436	4282.69230777	4376.41025669	4276.41025648	4286.41025648	4509.35897492	4876.53846286	4704.48718046	4904.74359114	4470.76923126	4772.94871906	4296.41025648	
4341.79487201	4209.61538455	4262.94871795	4286.79487187	4376.53846182	4278.33333341	4290.76923084	4511.66666723	4881.28205261	4704.74359072	4905.64102703	4473.58974408	4778.46153958	4298.71794879	
4343.33333355	4210.51282045	4259.61538462	4290.76923084	4379.6153849	4281.923077	4295.64102571	4515.76923133	4889.35897568	4698.71794969	4908.97436037	4474.61538511	4784.23077035	4302.82051296	
4343.71794893	4209.74358968	4261.53846154	4286.0256411	4378.33333362	4284.87179495	4295.89743597	4512.17948774	4886.15384748	4686.41025732	4910.51282191	4476.4102569	4786.53846265	4303.84615399	
4338.84615406	4212.30769224	4262.30769231	4276.28205136	4370.89743618	4278.46153853	4294.2307693	4505.76923133	4874.61538594	4676.41025732	4905.76923216	4473.2051287	4778.97436009	4296.0256411	
4338.20512842	4215.25641019	4260.38461539	4276.28205136	4372.56410285	4275.1282052	4293.71794879	4501.5384621	4874.74359107	4677.6923086	4902.56410396	4467.94871844	4773.58974471	4292.56410264	
4341.41025662	4216.15384609	4262.94871795	4281.923077	4376.66666695	4280.51282059	4292.43589751	4502.30769287	4878.84615517	4679.10256501	4905.12820652	4466.79487229	4779.35897547	4296.923077	
4339.10256431	4219.10256404	4265.76923077	4280.64102571	4373.97435926	4283.33333341	4293.84615392	4500.38461594	4872.82051414	4674.87179578	4905.38461678	4470.38461587	4780.89743701	4298.58974366	
4340.76923098	4222.17948711	4265.38461539	4279.2307693	4373.20512849	4281.923077	4294.87179495	4497.435898	4870.51282184	4668.84615475	4904.87179627	4473.84615434	4779.61538573	4299.61538476	
4347.56410278	4219.74358968	4264.87179488	4279.61538469	4377.05128233	4283.46153853	4295.1282052	4500.25641082	4875.38461671	4662.43589834	4905.25641165	4473.2051287	4784.61538573	4301.92307707	
4348.46153867	4213.33333327	4266.79487187	4276.41025648	4380.12820541	4282.94871802	4293.33333341	4501.15384671	4874.23077055	4661.28205219	4906.28205268	4473.84615434	4788.58974471	4302.69230784	
4346.79487201	4212.82051275	4268.20512828	4270.76923084	4380.25641054	4282.69230777	4292.05128212	4498.20512876	4872.30769363	4662.56410347	4906.92307832	4474.35897485	4786.79487291	4304.23076937	
4358.33333355	4219.87179481	4266.79487187	4262.05128206	4387.43589772	4292.43589751	4299.48717963	4505.38461594	4886.15384748	4667.30769321	4915.12820652	4482.17948767	4796.28205247	4316.41025655	
4376.66666695	4223.07692301	4268.58974366	4247.43589744	4401.15384651	4299.48717963	4311.66666681	4520.12820569	4905.00000139	4677.56410347	4935.51282198	4503.46153902	4818.7179499	4333.07692329	
4392.30769259	4227.94871788	4277.43589751	4241.02564103	4421.79487215	4307.43589758	4322.69230784	4536.6666673	4922.05128344	4690.8974368	4960.51282205	4528.71794928	4841.02564228	4350.12820534	
4408.33333368	4236.53846154	4282.94871802	4245.76923077	4444.23076965	4320.89743604	4329.87179501	4555.7692314	4943.20512967	4702.94871893	4983.58974512	4545.64102627	4859.8717962	4367.43589772	
4415.64102599	4233.4615384	4279.74358982	4246.15384616	4447.94871837	4323.84615399	4330.2564104	4563.33333403	4953.58974505	4704.10256508	4993.84615545	4548.46153909	4869.8717962	4372.17948746	
4413.33333368	4229.48717942	4279.87179495	4241.28205129	4440.51282093	4318.33333348	4328.4615386	4560.12820576	4952.82051428	4696.28205226	4998.46154006	4552.17948781	4871.02564235	4372.94871823	
4413.07692343	4238.46153847	4283.07692315	4238.84615385	4441.02564145	4319.3589745	4328.4615386	4560.64102627	4952.69230916	4690.76923168	5002.05128365	4558.84615448	4868.9743603	4379.35897464	
4415.76923112	4244.87179488	4281.28205136	4236.15384616	4443.84615427	4323.33333348	4329.23076937	4560.38461601	4956.41025794	4689.61538552	4997.69230929	4552.17948781	4867.1794885	4378.33333362	
4408.97435933	4235.0	4278.07692315	4229.74358968	4435.25641068	4318.4615386	4326.53846168	4554.10256473	4952.82051428	4685.8974368	4989.74359135	4539.61538524	4861.02564235	4368.717949	
4400.76923112	4226.79487173	4277.17948725	4225.51282045	4426.02564138	4311.66666681	4323.58974373	4545.7692314	4942.30769377	4676.7948727	4981.79487333	4538.9743596	4852.56410382	4363.97435919	
4406.79487215	4232.5641025	4277.56410264	4226.28205122	4428.07692343	4313.33333348	4326.79487194	4547.56410319	4942.05128351	4668.07692398	4981.28205281	4542.17948781	4853.20512946	4365.51282079	
4410.25641061	4236.92307693	4278.20512828	4227.43589737	4429.61538497	4319.10256425	4329.3589745	4551.79487242	4938.97436044	4661.92307783	4975.7692323	4535.51282114	4851.02564228	4363.5897438	
4398.8461542	4226.79487173	4273.58974366	4219.61538455	4423.97435933	4318.20512835	4325.76923091	4534.74359037	4914.61538601	4647.94871879	4948.97436044	4523.58974415	4827.9487192	4353.5897438	
4389.35897464	4216.53846147	4266.15384616	4208.58974352	4416.79487215	4312.43589758	4321.41025655	4514.7435903	4895.38461678	4627.69230853	4927.4358989	4515.12820569	4807.94871913	4343.46153867	
4394.35897464	4225.12820506	4270.89743597	4211.28205122	4414.35897471	4315.76923091	4323.84615399	4523.71794928	4906.15384755	4625.1282059	4937.69230916	4517.56410312	4815.25641144	4348.20512842	
4403.58974394	4232.17948711	4280.1282052	4220.25641019	4416.28205163	4318.4615386	4328.33333348	4536.41025704	4915.89743729	4635.89743674	4947.56410403	4522.435898	4823.97436016	4359.23076944	
4405.12820548	4227.17948711	4277.56410264	4221.02564096	4413.20512856	4312.05128219	4328.07692322	4531.28205191	4906.79487319	4632.82051366	4938.07692454	4524.87179543	4816.66666785	4358.97435919	
4401.79487215	4224.35897429	4272.82051289	4219.10256404	4407.17948753	4308.4615386	4325.38461553	4527.05128261	4906.28205268	4622.30769308	4936.538463	4525.89743646	4812.05128324	4355.89743611	
4395.25641054	4224.35897429	4271.923077	4215.25641019	4401.79487215	4307.05128219	4320.38461553	4524.10256466	4907.69230909	4616.28205205	4936.15384762	4516.15384671	4808.7179499	4351.79487201	
4389.87179515	4221.53846147	4270.1282052	4207.69230763	4395.12820541	4305.2564104	4319.61538476	4513.84615441	4893.2051296	4605.89743667	4919.1025655	4503.58974415	4796.02564221	4339.61538483	
4391.41025669	4221.92307686	4267.82051289	4209.61538455	4394.10256438	4309.87179501	4320.00000014	4507.56410312	4880.64102697	4595.76923154	4908.33333473	4506.02564159	4788.84615496	4334.87179508	
4391.41025669	4227.17948711	4267.43589751	4213.58974352	4395.51282079	4312.43589758	4314.23076937	4503.84615441	4876.53846286	4590.51282121	4905.76923216	4506.28205184	4788.84615496	4337.30769252	
4383.717949	4230.51282045	4267.94871802	4206.53846147	4388.33333362	4308.33333348	4312.17948732	4495.89743639	4869.74359107	4581.92307762	4892.43589883	4495.00000049	4780.89743701	4331.28205142	
4380.00000028	4233.07692301	4269.10256418	4203.97435891	4383.33333362	4307.94871809	4319.74358989	4494.48717998	4862.1794885	4572.05128275	4878.20512953	4493.33333382	4773.46153958	4325.51282066	
4384.10256438	4233.58974352	4271.15384623	4209.87179481	4387.94871823	4307.69230784	4326.1538463	4499.10256466	4860.00000132	4570.12820583	4880.51282184	4496.5384621	4777.05128317	4329.23076937	
4384.10256438	4231.41025634	4271.79487187	4210.25641019	4392.43589772	4306.1538463	4326.28205142	4503.20512876	4868.0769244	4576.02564172	4889.8717962	4498.58974415	4786.53846265	4335.12820534	
4381.28205156	4230.38461532	4269.74358982	4205.12820506	4395.38461567	4311.41025655	4326.41025655	4509.61538518	4878.58974491	4578.97435967	4893.46153986	4502.82051338	4792.56410375	4333.33333355	
4380.76923105	4227.30769224	4269.35897443	4204.23076917	4395.64102592	4315.12820527	4326.28205142	4511.92307748	4875.76923209	4571.79487249	4888.84615517	4498.97435953	4791.92307811	4325.2564104	
4381.15384644	4223.20512814	4270.89743597	4206.28205122	4389.10256438	4309.74358989	4325.12820527	4508.58974415	4865.00000132	4564.23076993	4880.51282184	4491.4102569	4787.30769342	4323.58974373	
4378.97435926	4219.48717942	4269.10256418	4201.41025634	4385.89743618	4304.3589745	4322.43589758	4505.12820569	4863.33333466	4562.69230839	4876.79487312	4487.94871844	4783.97436009	4325.64102578	
4370.89743618	4215.25641019	4264.23076923	4193.07692294	4384.35897464	4305.76923091	4317.56410271	4497.17948774	4863.71795004	4553.33333396	4872.94871927	4485.512821	4779.4871806	4317.30769245	
4366.41025669	4212.30769224	4265.76923077	4198.3333332	4383.84615413	4308.07692322	4318.97435912	4490.512821	4853.07692433	4542.82051345	4862.56410389	4481.66666716	4774.74359086	4312.56410271	
4372.69230797	4209.99999993	4272.43589751	4206.15384609	4386.15384644	4305.00000014	4323.71794886	4492.94871844	4848.20512946	4545.25641089	4857.94871927	4482.3076928	4770.76923188	4318.33333348	
4378.58974387	4207.43589737	4272.82051289	4199.48717935	4386.41025669	4304.48717963	4324.87179501	4491.66666716	4851.79487305	4544.10256473	4861.92307825	4484.61538511	4761.2820524	4316.1538463	
4375.89743618	4208.97435891	4272.82051289	4197.4358973	4390.51282079	4308.97435912	4324.87179501	4489.10256459	4851.66666792	4533.46153909	4862.05128338	4484.35897485	4757.17948823	4312.82051296	
4374.35897464	4209.61538455	4277.17948725	4203.71794865	4396.66666695	4310.89743604	4324.74358989	4493.07692357	4846.92307818	4531.92307755	4858.58974491	4484.74359023	4759.87179599	4318.4615386	
4378.46153874	4206.53846147	4278.20512828	4201.79487173	4395.51282079	4309.74358989	4324.87179501	4491.28205177	4841.53846279	4532.43589807	4859.48718081	4484.87179536	4754.87179592	4319.10256425	
4373.717949	4206.02564096	4272.69230777	4193.58974345	4390.89743618	4306.79487194	4326.92307707	4482.3076928	4838.33333459	4518.71794928	4857.94871927	4479.48717998	4747.94871899	4311.1538463	
4360.89743611	4206.41025634	4266.15384616	4189.10256397	4383.07692336	4302.56410271	4321.79487194	4477.3076928	4829.35897561	4506.28205184	4845.6410269	4465.76923126	4740.76923182	4303.84615399	
4353.46153867	4202.94871788	4262.82051282	4186.79487166	4369.87179515	4301.02564117	4312.17948732	4472.05128254	4815.5128217	4500.76923133	4829.743591	4456.41025683	4726.92307797	4296.53846161	
4356.92307714	4203.20512814	4264.48717949	4185.25641012	4368.97435926	4304.23076937	4315.76923091	4469.23076972	4806.66666785	4490.64102613	4823.33333452	4459.23076965	4721.15384713	4293.84615392	
4361.79487201	4205.7692307	4266.66666674	4188.71794858	4380.64102592	4307.05128219	4326.28205142	4475.89743639	4808.84615503	4487.94871844	4826.92307818	4460.00000042	4728.84615489	4297.94871802	
4360.25641047	4203.20512814	4265.8974359	4192.4358973	4379.74359003	4309.10256425	4326.1538463	4477.3076928	4811.53846272	4491.15384664	4826.53846279	4453.33333375	4732.30769335	4295.64102571	
4358.97435919	4203.33333327	4266.41025641	4188.07692294	4373.33333362	4308.33333348	4321.41025655	4473.2051287	4807.94871913	4486.4102569	4818.7179499	4450.51282093	4732.0512831	4291.41025648	
4360.12820534	4207.17948711	4265.64102564	4181.92307679	4372.43589772	4305.00000014	4319.10256425	4472.3076928	4805.64102683	4477.3076928	4815.25641144	4452.56410298	4733.84615489	4290.51282059	
4360.3846156	4213.84615378	4265.12820513	4188.46153833	4372.05128233	4305.89743604	4322.30769245	4473.97435946	4808.97436016	4477.05128254	4822.43589862	4454.10256452	4737.56410361	4291.923077	
4361.79487201	4218.97435891	4269.74358982	4193.3333332	4376.41025669	4310.76923091	4323.58974373	4476.53846203	4814.48718067	4478.71794921	4832.17948843	4458.0769235	4743.58974464	4295.1282052	
4359.87179508	4216.41025634	4271.79487187	4181.79487166	4376.79487208	4308.20512835	4317.05128219	4474.23076972	4807.69230888	4465.76923126	4826.92307818	4458.84615427	4738.84615489	4293.07692315	
4350.00000021	4212.30769224	4267.69230777	4174.35897422	4365.25641054	4298.20512828	4311.53846168	4462.56410298	4788.33333445	4447.1794876	4807.30769349	4447.05128247	4721.15384713	4282.56410264	
4344.87179508	4215.12820506	4266.28205129	4176.41025628	4358.71794893	4297.30769238	4313.84615399	4455.25641068	4780.00000112	4443.71794914	4802.56410375	4440.51282093	4710.51282149	4278.97435905	
4349.35897457	4221.41025634	4271.28205136	4177.05128192	4361.53846175	4301.1538463	4317.82051296	4460.25641068	4786.15384727	4446.41025683	4810.00000119	4445.64102606	4711.79487277	4284.48717956	
4353.33333355	4222.82051275	4272.82051289	4177.69230756	4363.20512842	4298.46153853	4317.82051296	4462.69230811	4789.23077035	4438.71794914	4807.17948836	4445.76923119	4711.9230779	4284.35897443	
4355.00000021	4217.69230763	4271.0256411	4177.56410243	4362.17948739	4297.05128212	4316.53846168	4458.46153888	4785.25641137	4433.46153888	4801.53846272	4443.33333375	4710.89743687	4284.74358982	
4354.35897457	4214.99999993	4273.07692315	4175.25641012	4356.92307714	4297.69230777	4318.07692322	4459.23076965	4781.53846265	4438.0769235	4803.20512939	4443.84615427	4709.61538559	4284.61538469	
4351.66666688	4217.30769224	4269.2307693	4177.30769217	4355.64102585	4299.2307693	4323.33333348	4465.64102613	4783.71794983	4441.66666709	4801.79487298	4443.0769235	4703.84615482	4284.10256418	
4351.41025662	4215.38461532	4259.61538462	4178.20512807	4361.28205149	4302.69230784	4321.92307707	4462.30769273	4781.92307804	4437.69230811	4794.35897554	4440.89743632	4696.15384713	4287.69230777	
4347.05128226	4207.82051275	4258.33333334	4169.74358961	4358.20512842	4300.00000014	4311.41025655	4452.05128247	4767.94871906	4426.28205163	4784.61538573	4434.61538504	4685.76923168	4283.71794879	
4340.25641047	4206.79487173	4264.61538462	4166.92307672	4350.64102585	4292.56410264	4308.71794886	4448.33333375	4757.94871899	4415.00000035	4773.58974471	4427.30769266	4674.61538552	4275.51282059	
4348.20512842	4214.48717942	4272.82051289	4176.41025628	4355.3846156	4298.33333341	4317.56410271	4453.9743594	4763.97436009	4416.41025676	4780.51282163	4432.30769273	4677.43589834	4281.79487187	
4360.25641047	4219.10256404	4277.94871802	4185.12820499	4362.30769252	4307.56410271	4323.71794886	4461.66666709	4776.66666778	4425.00000035	4798.07692426	4444.35897478	4692.82051373	4293.58974366	
4360.3846156	4215.51282045	4278.20512828	4185.51282038	4360.89743611	4305.51282066	4320.76923091	4463.20512863	4781.41025753	4423.20512856	4800.00000119	4444.87179529	4698.71794969	4293.07692315	
4357.6923079	4214.74358968	4278.20512828	4187.4358973	4360.76923098	4306.41025655	4321.41025655	4467.05128254	4781.2820524	4420.38461574	4796.4102576	4443.84615427	4693.84615482	4294.87179495	
4363.97435919	4217.5641025	4281.15384623	4194.99999986	4365.38461567	4315.12820527	4327.43589758	4471.66666716	4785.51282163	4428.20512856	4802.69230888	4451.2820517	4698.07692405	4305.51282066	
4369.10256438	4217.94871788	4282.43589751	4195.25641012	4367.56410285	4318.20512835	4328.20512835	4471.02564152	4790.64102676	4429.61538497	4804.74359093	4453.46153888	4701.53846252	4306.1538463	
4363.20512842	4217.69230763	4278.71794879	4194.35897422	4365.25641054	4314.3589745	4325.2564104	4465.38461587	4781.41025753	4415.25641061	4788.20512932	4445.00000042	4690.00000091	4298.46153853	
4363.84615406	4219.74358968	4283.33333341	4201.15384609	4366.02564131	4315.64102578	4326.53846168	4463.84615434	4768.97436009	4410.12820548	4780.3846165	4444.35897478	4684.87179578	4301.92307707	
4373.58974387	4221.15384609	4290.00000007	4203.97435891	4368.20512849	4321.66666681	4328.58974373	4469.23076972	4773.46153958	4420.89743625	4789.10256522	4449.61538504	4689.74359065	4312.43589758	
4373.33333362	4218.84615378	4284.48717956	4197.05128192	4365.38461567	4321.66666681	4325.12820527	4469.74359023	4774.87179599	4418.71794907	4786.79487291	4446.41025683	4683.20512911	4309.61538476	
4366.28205156	4217.05128199	4279.10256418	4192.56410243	4358.20512842	4316.1538463	4321.92307707	4465.512821	4767.1794883	4407.43589779	4777.69230881	4442.69230811	4677.56410347	4303.4615386	
4364.61538483	4212.82051275	4281.79487187	4194.2307691	4347.30769252	4312.69230784	4320.89743604	4464.87179536	4765.51282163	4405.51282086	4778.07692419	4444.35897478	4685.76923168	4306.53846168	
4362.6923079	4209.61538455	4284.10256418	4189.61538448	4337.94871816	4312.56410271	4319.48717963	4468.2051287	4766.92307804	4403.33333368	4784.35897547	4443.33333375	4691.41025732	4307.56410271	
4360.3846156	4208.33333327	4283.07692315	4184.2307691	4336.79487201	4314.48717963	4321.66666681	4469.87179536	4770.12820624	4397.17948746	4793.46153965	4444.61538504	4694.74359072	4307.30769245	
4363.20512842	4211.15384609	4283.97435905	4188.71794858	4339.23076944	4316.02564117	4325.00000014	4472.82051331	4779.35897547	4395.12820541	4801.4102576	4451.41025683	4703.84615482	4310.12820527	
4361.92307714	4212.17948711	4286.0256411	4192.30769217	4333.97435919	4310.12820527	4323.33333348	4475.76923126	4780.64102676	4392.17948746	4798.84615503	4448.84615427	4703.58974457	4309.74358989	
4359.10256431	4207.94871788	4287.82051289	4188.97435884	4327.05128219	4304.3589745	4323.97435912	4474.48717998	4776.02564214	4390.12820541	4797.69230888	4442.69230811	4699.10256508	4307.56410271	
4355.76923098	4209.61538455	4285.76923084	4187.30769217	4324.48717963	4305.00000014	4326.28205142	4474.87179536	4779.35897547	4384.87179515	4802.43589862	4442.56410298	4703.07692405	4303.07692322	
4347.6923079	4209.61538455	4280.51282059	4186.15384602	4319.10256425	4304.10256425	4321.02564117	4472.43589793	4773.71794983	4374.10256438	4795.38461657	4436.02564145	4697.94871893	4292.56410264	
4345.3846156	4204.23076917	4280.38461546	4181.66666653	4313.33333348	4303.07692322	4319.3589745	4467.3076928	4763.58974471	4373.58974387	4784.87179599	4427.82051317	4684.61538552	4290.76923084	
4345.25641047	4202.43589737	4280.89743597	4181.66666653	4309.3589745	4304.23076937	4322.43589758	4467.43589793	4761.79487291	4374.48717977	4782.30769342	4425.64102599	4683.20512911	4293.71794879	
4334.4871797	4203.33333327	4275.76923084	4180.38461525	4305.2564104	4301.02564117	4317.69230784	4465.38461587	4755.64102669	4357.30769252	4774.61538573	4419.61538497	4679.87179578	4280.25641033	
4327.43589758	4206.02564096	4273.71794879	4174.48717935	4302.43589758	4296.923077	4312.05128219	4457.30769273	4743.33333438	4345.00000021	4765.00000112	4409.61538497	4664.74359065	4269.35897443	
4328.97435912	4210.89743583	4275.00000007	4175.64102551	4299.2307693	4296.15384623	4312.17948732	4455.25641068	4737.30769335	4346.15384637	4761.02564214	4404.61538497	4656.53846238	4271.79487187	
