4203.33333327	4204.23076917	4196.92307679	4200.12820499	4178.20512807	4185.51282038	4189.2307691	4200.12820499	4197.94871781	4200.64102551	4231.92307686	4203.07692301	4203.84615378	4208.33333327	
4194.10256397	4200.25641012	4185.89743576	4197.05128192	4181.5384614	4184.99999986	4182.82051269	4197.17948704	4191.15384602	4199.35897422	4228.4615384	4198.71794858	4198.46153833	4199.35897422	
4202.5641025	4202.30769224	4188.20512807	4200.12820499	4186.79487166	4185.25641012	4184.10256397	4182.30769217	4182.17948704	4185.76923063	4220.25641019	4200.89743576	4191.92307679	4196.15384602	
4201.02564096	4208.97435891	4190.51282038	4201.53846147	4182.94871781	4186.02564089	4182.30769217	4184.48717935	4182.4358973	4187.94871781	4221.92307686	4200.12820499	4189.2307691	4200.89743576	
4203.07692301	4211.79487173	4197.69230756	4205.51282045	4192.4358973	4187.82051269	4188.3333332	4188.84615371	4184.87179474	4198.3333332	4233.71794865	4202.69230763	4197.4358973	4208.97435891	
4203.71794865	4212.05128199	4199.61538448	4207.43589737	4200.51282038	4192.4358973	4196.28205115	4190.38461525	4188.07692294	4197.4358973	4236.15384616	4203.97435891	4202.05128199	4209.10256404	
4200.51282038	4211.15384609	4192.82051269	4201.53846147	4191.28205115	4187.82051269	4193.97435884	4185.89743576	4185.51282038	4185.89743576	4228.71794865	4200.76923063	4197.30769217	4201.02564096	
4203.84615378	4212.69230763	4190.64102551	4203.33333327	4188.71794858	4190.38461525	4194.99999986	4183.58974345	4180.76923063	4186.28205115	4226.79487173	4200.12820499	4197.4358973	4202.82051275	
4214.48717942	4215.38461532	4198.84615371	4216.79487173	4201.6666666	4203.71794865	4203.33333327	4194.99999986	4190.51282038	4202.30769224	4233.4615384	4208.58974352	4201.6666666	4215.7692307	
4222.05128199	4217.5641025	4206.15384609	4221.92307686	4206.28205122	4206.92307686	4204.99999993	4205.64102558	4204.23076917	4215.25641019	4239.10256411	4213.07692301	4203.33333327	4222.43589737	
4219.23076917	4219.48717942	4203.84615378	4218.20512814	4203.33333327	4202.5641025	4201.28205122	4201.28205122	4201.92307686	4210.25641019	4235.64102564	4206.15384609	4204.61538455	4218.58974352	
4211.79487173	4217.17948711	4199.48717935	4216.15384609	4198.84615371	4199.99999986	4199.99999986	4194.87179474	4193.84615371	4196.5384614	4230.89743583	4205.12820506	4201.6666666	4214.35897429	
4214.61538455	4219.61538455	4205.12820506	4218.97435891	4199.35897422	4200.76923063	4199.87179474	4200.51282038	4199.35897422	4203.20512814	4240.51282052	4217.17948711	4202.17948711	4222.05128199	
4221.28205122	4224.48717942	4208.84615378	4222.94871788	4204.35897429	4204.10256404	4203.07692301	4202.5641025	4206.02564096	4213.84615378	4244.74358975	4219.87179481	4205.12820506	4229.87179481	
4211.6666666	4221.92307686	4202.30769224	4216.6666666	4196.41025628	4198.58974345	4198.71794858	4190.12820499	4196.41025628	4206.28205122	4234.61538462	4208.33333327	4200.76923063	4217.94871788	
4196.28205115	4213.97435891	4195.89743576	4205.25641019	4187.69230756	4188.97435884	4185.25641012	4183.07692294	4186.41025628	4197.69230756	4228.33333327	4200.12820499	4195.51282038	4203.71794865	
4201.02564096	4212.69230763	4197.82051269	4209.23076917	4198.71794858	4194.35897422	4187.05128192	4192.69230756	4192.82051269	4201.41025634	4232.43589737	4203.33333327	4198.3333332	4210.25641019	
4216.02564096	4218.33333327	4202.17948711	4221.41025634	4205.51282045	4202.69230763	4201.02564096	4203.20512814	4203.33333327	4207.43589737	4238.58974359	4209.48717942	4202.94871788	4219.87179481	
4218.20512814	4219.74358968	4202.05128199	4220.25641019	4197.17948704	4199.74358961	4202.5641025	4200.38461525	4200.64102551	4207.43589737	4238.58974359	4207.05128199	4200.64102551	4214.23076917	
4210.51282045	4216.92307686	4201.28205122	4215.25641019	4197.82051269	4200.12820499	4198.71794858	4196.92307679	4196.92307679	4202.30769224	4233.71794865	4201.79487173	4199.74358961	4211.02564096	
4206.6666666	4213.33333327	4198.46153833	4213.4615384	4201.79487173	4203.58974352	4201.28205122	4197.94871781	4198.97435884	4200.12820499	4229.87179481	4203.4615384	4200.38461525	4214.48717942	
4208.71794865	4213.71794865	4200.64102551	4214.35897429	4198.71794858	4200.38461525	4200.38461525	4200.89743576	4201.15384609	4207.05128199	4236.53846154	4209.87179481	4201.02564096	4216.6666666	
4216.02564096	4219.35897429	4209.87179481	4222.43589737	4203.4615384	4202.17948711	4201.02564096	4208.4615384	4207.05128199	4218.33333327	4249.61538462	4217.43589737	4207.05128199	4221.41025634	
4219.61538455	4219.74358968	4208.4615384	4225.12820506	4206.41025634	4205.89743583	4205.12820506	4208.20512814	4208.33333327	4217.82051275	4249.74358975	4215.51282045	4207.69230763	4223.33333327	
4210.25641019	4212.94871788	4197.4358973	4213.84615378	4196.02564089	4198.07692294	4196.41025628	4196.41025628	4198.71794858	4204.74358968	4236.15384616	4203.97435891	4198.3333332	4216.28205122	
4205.89743583	4210.64102558	4197.4358973	4209.99999993	4193.58974345	4194.61538448	4189.74358961	4194.87179474	4197.82051269	4199.61538448	4232.30769224	4201.41025634	4197.30769217	4214.35897429	
4213.97435891	4215.25641019	4203.33333327	4217.17948711	4198.84615371	4197.56410243	4196.79487166	4200.76923063	4202.69230763	4204.10256404	4238.33333334	4205.64102558	4204.23076917	4219.23076917	
4215.12820506	4217.94871788	4200.89743576	4218.71794865	4196.15384602	4199.61538448	4202.05128199	4198.58974345	4199.87179474	4204.74358968	4235.12820513	4201.28205122	4203.84615378	4216.6666666	
4216.92307686	4222.82051275	4205.64102558	4224.10256404	4203.20512814	4210.12820506	4207.30769224	4206.6666666	4206.6666666	4217.17948711	4238.20512821	4204.87179481	4206.53846147	4220.25641019	
4226.28205122	4233.33333327	4219.61538455	4233.33333327	4217.94871788	4220.12820506	4217.5641025	4224.35897429	4223.84615378	4233.07692301	4251.53846154	4219.48717942	4218.58974352	4232.17948711	
4226.28205122	4235.12820513	4218.4615384	4227.43589737	4213.71794865	4209.87179481	4215.12820506	4221.15384609	4220.89743583	4227.05128199	4247.6923077	4217.82051275	4218.07692301	4228.84615378	
4213.33333327	4224.61538455	4206.02564096	4216.28205122	4201.15384609	4199.48717935	4202.30769224	4202.05128199	4202.5641025	4210.25641019	4231.15384609	4202.5641025	4203.33333327	4214.10256404	
4205.12820506	4216.53846147	4199.48717935	4216.41025634	4201.92307686	4210.7692307	4200.76923063	4196.02564089	4197.69230756	4205.25641019	4227.69230763	4196.92307679	4194.87179474	4208.20512814	
4206.02564096	4219.87179481	4202.5641025	4219.23076917	4204.23076917	4216.6666666	4205.7692307	4203.58974352	4205.12820506	4208.07692301	4231.41025634	4200.38461525	4196.92307679	4212.30769224	
4211.92307686	4223.58974352	4210.38461532	4219.61538455	4202.69230763	4204.61538455	4203.58974352	4204.99999993	4205.89743583	4213.58974352	4230.25641019	4204.35897429	4199.48717935	4214.23076917	
4214.74358968	4220.64102558	4214.61538455	4221.92307686	4202.69230763	4200.25641012	4199.87179474	4201.15384609	4202.17948711	4215.7692307	4230.89743583	4207.17948711	4199.74358961	4215.25641019	
4208.20512814	4216.41025634	4208.07692301	4219.87179481	4196.15384602	4202.30769224	4200.76923063	4199.74358961	4200.12820499	4206.02564096	4231.6666666	4205.89743583	4197.69230756	4210.38461532	
4202.05128199	4213.4615384	4199.74358961	4218.58974352	4192.4358973	4196.66666653	4197.56410243	4196.28205115	4197.94871781	4197.82051269	4229.87179481	4201.6666666	4196.66666653	4203.58974352	
4202.69230763	4214.61538455	4204.10256404	4220.7692307	4199.87179474	4194.61538448	4189.99999986	4194.61538448	4198.97435884	4201.28205122	4227.82051275	4202.94871788	4195.76923063	4209.74358968	
4205.12820506	4216.6666666	4205.89743583	4210.12820506	4201.53846147	4197.56410243	4187.17948704	4197.05128192	4199.87179474	4206.28205122	4223.4615384	4207.43589737	4191.79487166	4213.71794865	
4198.84615371	4209.74358968	4191.41025628	4183.84615371	4191.15384602	4192.05128192	4186.66666653	4192.17948704	4190.25641012	4199.2307691	4216.92307686	4199.10256397	4185.51282038	4202.43589737	
4185.89743576	4199.61538448	4181.28205115	4157.17948697	4183.20512807	4185.76923063	4183.97435884	4182.05128192	4181.15384602	4186.79487166	4208.33333327	4188.58974345	4180.12820499	4192.05128192	
4186.5384614	4200.51282038	4188.20512807	4134.99999973	4184.48717935	4186.79487166	4185.25641012	4184.35897422	4186.15384602	4186.28205115	4204.61538455	4191.41025628	4180.12820499	4194.10256397	
4190.38461525	4202.94871788	4186.66666653	4118.9743587	4182.94871781	4183.58974345	4186.5384614	4188.58974345	4189.61538448	4187.94871781	4206.53846147	4192.30769217	4180.25641012	4192.05128192	
4182.94871781	4197.69230756	4174.48717935	4117.94871767	4180.64102551	4180.38461525	4183.07692294	4181.41025628	4183.07692294	4182.56410243	4206.41025634	4184.61538448	4175.89743576	4182.30769217	
4180.25641012	4196.15384602	4177.17948704	4121.28205101	4183.84615371	4185.89743576	4183.84615371	4178.58974345	4181.15384602	4179.35897422	4197.94871781	4181.92307679	4169.48717935	4182.56410243	
4190.12820499	4204.10256404	4187.94871781	4119.48717921	4183.20512807	4188.3333332	4186.92307679	4185.12820499	4185.12820499	4183.46153833	4197.05128192	4188.84615371	4170.12820499	4192.4358973	
4189.10256397	4204.99999993	4188.3333332	4121.02564075	4178.46153833	4183.97435884	4185.64102551	4185.38461525	4186.28205115	4186.92307679	4212.69230763	4193.97435884	4176.79487166	4195.38461525	
4175.12820499	4195.12820499	4180.38461525	4119.48717921	4182.69230756	4183.46153833	4178.71794858	4174.87179474	4182.30769217	4187.4358973	4221.79487173	4191.5384614	4182.4358973	4187.56410243	
4170.38461525	4189.35897422	4174.87179474	4115.38461511	4190.64102551	4185.89743576	4171.92307679	4169.48717935	4180.89743576	4186.41025628	4218.20512814	4186.5384614	4185.25641012	4183.58974345	
4172.30769217	4189.10256397	4173.84615371	4113.71794844	4177.30769217	4179.74358961	4168.84615371	4171.79487166	4183.58974345	4183.07692294	4212.30769224	4185.51282038	4177.56410243	4184.2307691	
4170.89743576	4192.94871781	4173.46153833	4109.23076896	4165.51282031	4175.25641012	4169.74358961	4170.25641012	4179.61538448	4180.25641012	4208.20512814	4186.28205115	4169.10256397	4182.82051269	
4169.48717935	4195.51282038	4175.64102551	4109.35897408	4181.02564089	4185.12820499	4173.58974345	4169.87179474	4177.82051269	4184.87179474	4209.23076917	4186.15384602	4174.87179474	4183.71794858	
4174.2307691	4194.87179474	4184.61538448	4122.05128178	4187.69230756	4186.79487166	4176.02564089	4174.35897422	4183.46153833	4188.58974345	4215.89743583	4189.2307691	4186.66666653	4186.66666653	
4174.2307691	4192.82051269	4184.99999986	4122.56410229	4172.30769217	4173.58974345	4172.56410243	4171.02564089	4178.20512807	4176.15384602	4212.05128199	4188.84615371	4182.94871781	4186.5384614	
4169.35897422	4191.41025628	4174.35897422	4110.51282024	4171.02564089	4173.46153833	4164.74358954	4164.61538441	4165.51282031	4167.43589723	4201.6666666	4184.10256397	4170.64102551	4182.82051269	
4175.89743576	4194.48717935	4178.71794858	4115.89743562	4187.56410243	4186.28205115	4169.99999986	4173.84615371	4174.61538448	4185.51282038	4212.43589737	4183.84615371	4176.28205115	4184.48717935	
4186.79487166	4199.2307691	4189.2307691	4130.25640998	4189.2307691	4186.92307679	4184.10256397	4188.07692294	4197.30769217	4203.58974352	4227.17948711	4188.3333332	4188.84615371	4195.25641012	
4186.66666653	4200.51282038	4187.05128192	4130.12820485	4182.4358973	4182.4358973	4184.48717935	4188.46153833	4199.10256397	4198.84615371	4220.64102558	4189.10256397	4188.97435884	4200.12820499	
4183.58974345	4198.58974345	4183.97435884	4127.94871767	4183.71794858	4186.5384614	4179.48717935	4184.74358961	4191.92307679	4195.12820499	4215.64102558	4185.38461525	4184.99999986	4198.20512807	
4187.82051269	4203.58974352	4187.82051269	4136.66666646	4186.66666653	4190.76923063	4185.89743576	4188.71794858	4199.74358961	4205.51282045	4225.25641019	4185.12820499	4188.46153833	4198.46153833	
4182.30769217	4204.48717942	4187.69230756	4137.05128185	4186.66666653	4187.05128192	4185.38461525	4189.74358961	4202.82051275	4204.61538455	4224.10256404	4183.07692294	4189.2307691	4194.2307691	
4166.53846133	4195.38461525	4181.66666653	4124.10256383	4180.76923063	4181.28205115	4170.51282038	4183.84615371	4188.84615371	4188.58974345	4213.4615384	4172.69230756	4182.17948704	4183.07692294	
4169.87179474	4194.87179474	4182.4358973	4127.82051255	4179.2307691	4181.02564089	4168.84615371	4182.17948704	4184.35897422	4186.15384602	4214.35897429	4167.82051262	4181.41025628	4183.84615371	
4184.10256397	4199.35897422	4187.30769217	4143.58974339	4185.64102551	4184.2307691	4175.12820499	4184.10256397	4190.76923063	4195.64102551	4218.97435891	4172.82051269	4185.89743576	4192.56410243	
4187.05128192	4200.76923063	4188.46153833	4143.205128	4187.69230756	4185.89743576	4177.56410243	4186.15384602	4188.71794858	4193.07692294	4219.74358968	4175.64102551	4187.94871781	4192.4358973	
4183.71794858	4202.69230763	4185.76923063	4136.41025621	4182.56410243	4183.84615371	4178.20512807	4185.76923063	4186.5384614	4184.2307691	4215.7692307	4172.69230756	4186.66666653	4188.84615371	
4179.2307691	4199.61538448	4185.25641012	4140.51282031	4183.97435884	4183.07692294	4175.25641012	4179.35897422	4183.46153833	4185.38461525	4207.05128199	4168.71794858	4180.76923063	4187.94871781	
4174.99999986	4191.92307679	4185.38461525	4142.94871774	4191.79487166	4186.92307679	4172.69230756	4176.5384614	4177.30769217	4184.48717935	4204.99999993	4167.69230749	4176.02564089	4186.15384602	
4164.23076903	4184.35897422	4171.79487166	4128.58974332	4182.30769217	4181.66666653	4167.94871774	4170.25641012	4169.99999986	4163.58974339	4194.48717935	4158.58974339	4166.66666646	4172.69230756	
4140.38461518	4165.38461518	4144.61538441	4103.71794844	4158.71794851	4165.38461518	4152.69230749	4146.02564082	4147.43589723	4133.33333306	4158.58974339	4134.8717946	4142.3076921	4150.12820492	
4133.58974332	4153.33333313	4138.205128	4094.87179453	4155.38461518	4167.94871774	4154.23076903	4140.51282031	4138.71794851	4128.20512793	4145.12820492	4126.92307665	4131.79487152	4146.92307672	
4157.56410236	4168.3333332	4158.07692287	4108.33333306	4169.48717935	4186.02564089	4178.97435884	4171.92307679	4169.87179474	4160.38461518	4171.92307679	4144.23076903	4153.07692287	4166.15384595	
4172.05128192	4185.76923063	4172.56410243	4126.15384588	4174.87179474	4188.58974345	4186.79487166	4191.41025628	4190.76923063	4183.97435884	4198.07692294	4160.12820492	4175.89743576	4184.35897422	
4173.3333332	4194.48717935	4179.48717935	4147.3076921	4180.38461525	4183.71794858	4181.5384614	4186.28205115	4186.41025628	4184.35897422	4212.30769224	4168.20512807	4183.58974345	4190.25641012	
4185.25641012	4201.6666666	4189.35897422	4158.71794851	4192.56410243	4188.20512807	4185.38461525	4186.92307679	4194.61538448	4193.97435884	4222.94871788	4176.41025628	4187.82051269	4191.02564089	
4186.15384602	4195.89743576	4189.61538448	4146.66666646	4190.25641012	4188.97435884	4185.38461525	4188.46153833	4198.07692294	4200.89743576	4221.02564096	4177.05128192	4187.94871781	4189.99999986	
4175.25641012	4183.97435884	4182.69230756	4134.61538434	4180.25641012	4183.97435884	4181.79487166	4184.35897422	4185.12820499	4187.82051269	4214.10256404	4172.56410243	4184.10256397	4187.56410243	
4178.58974345	4186.41025628	4183.07692294	4139.87179467	4181.15384602	4183.20512807	4185.64102551	4186.02564089	4189.48717935	4183.3333332	4213.58974352	4173.07692294	4184.61538448	4189.2307691	
4186.79487166	4193.97435884	4187.17948704	4149.61538441	4185.25641012	4187.56410243	4189.87179474	4188.46153833	4198.3333332	4193.07692294	4213.20512814	4174.10256397	4186.79487166	4193.58974345	
4184.74358961	4194.74358961	4188.58974345	4153.71794851	4186.02564089	4188.97435884	4186.92307679	4185.38461525	4189.48717935	4189.74358961	4212.43589737	4172.56410243	4185.89743576	4192.17948704	
4181.5384614	4189.87179474	4187.30769217	4153.84615364	4184.87179474	4186.02564089	4182.69230756	4182.56410243	4182.05128192	4181.15384602	4209.74358968	4172.56410243	4181.79487166	4186.02564089	
4182.94871781	4186.28205115	4183.46153833	4151.41025621	4183.3333332	4183.20512807	4180.89743576	4184.10256397	4184.87179474	4184.87179474	4205.64102558	4173.58974345	4183.71794858	4185.25641012	
4183.84615371	4190.38461525	4185.25641012	4150.89743569	4182.56410243	4183.71794858	4183.20512807	4185.76923063	4187.69230756	4188.07692294	4203.33333327	4172.4358973	4185.12820499	4187.4358973	
4183.20512807	4191.02564089	4184.99999986	4152.05128185	4184.74358961	4185.76923063	4187.17948704	4185.12820499	4188.20512807	4184.61538448	4200.89743576	4170.89743576	4175.38461525	4184.48717935	
4180.25641012	4185.25641012	4177.69230756	4149.87179467	4186.28205115	4187.30769217	4184.61538448	4184.2307691	4188.46153833	4182.4358973	4200.89743576	4169.61538448	4167.94871774	4181.02564089	
4173.07692294	4182.4358973	4169.87179474	4142.17948697	4182.82051269	4185.12820499	4181.5384614	4183.97435884	4186.5384614	4184.10256397	4196.02564089	4167.17948697	4170.12820499	4178.97435884	
4170.51282038	4182.82051269	4166.66666646	4134.10256383	4181.28205115	4184.87179474	4191.5384614	4190.64102551	4186.66666653	4184.74358961	4187.94871781	4165.38461518	4169.10256397	4178.71794858	
4177.56410243	4187.17948704	4169.87179474	4143.46153826	4188.97435884	4195.25641012	4202.82051275	4200.38461525	4195.51282038	4187.69230756	4191.66666653	4167.82051262	4168.84615371	4183.97435884	
4178.20512807	4189.61538448	4172.94871781	4156.02564082	4192.56410243	4199.61538448	4194.35897422	4195.76923063	4199.10256397	4191.79487166	4197.05128192	4171.66666653	4172.94871781	4183.20512807	
4168.97435884	4185.38461525	4168.71794858	4147.82051262	4182.30769217	4188.3333332	4182.56410243	4182.94871781	4187.94871781	4182.4358973	4189.61538448	4166.15384595	4167.17948697	4172.82051269	
4165.76923056	4180.64102551	4164.9999998	4137.69230749	4180.12820499	4182.17948704	4184.87179474	4182.69230756	4181.28205115	4170.76923063	4183.58974345	4158.33333313	4159.87179467	4168.3333332	
4167.05128185	4178.97435884	4167.82051262	4137.3076921	4187.05128192	4184.35897422	4179.99999986	4182.17948704	4185.51282038	4171.02564089	4185.89743576	4162.94871774	4163.205128	4172.30769217	
4166.41025621	4180.51282038	4169.2307691	4140.89743569	4180.25641012	4182.05128192	4166.66666646	4170.64102551	4184.2307691	4172.82051269	4188.58974345	4170.38461525	4168.71794858	4171.92307679	
4168.84615371	4186.66666653	4168.97435884	4148.46153826	4174.35897422	4180.51282038	4172.05128192	4171.02564089	4180.38461525	4171.02564089	4188.46153833	4167.56410236	4166.79487159	4171.92307679	
4170.89743576	4187.69230756	4171.15384602	4149.48717928	4183.97435884	4186.66666653	4185.38461525	4178.58974345	4183.97435884	4171.5384614	4181.79487166	4163.71794851	4158.46153826	4176.79487166	
4168.71794858	4180.51282038	4170.12820499	4142.69230749	4187.69230756	4185.76923063	4183.71794858	4174.48717935	4182.05128192	4170.76923063	4182.17948704	4167.3076921	4157.94871774	4175.51282038	
4169.61538448	4183.84615371	4169.61538448	4149.48717928	4183.71794858	4185.25641012	4181.79487166	4174.10256397	4177.56410243	4170.76923063	4199.74358961	4171.15384602	4167.69230749	4174.2307691	
4170.76923063	4187.82051269	4173.84615371	4157.94871774	4185.38461525	4194.2307691	4187.30769217	4182.4358973	4181.66666653	4177.69230756	4215.25641019	4171.41025628	4173.84615371	4181.92307679	
4168.46153833	4177.82051269	4174.10256397	4144.35897415	4182.82051269	4194.87179474	4185.89743576	4184.35897422	4187.94871781	4184.99999986	4216.92307686	4172.56410243	4172.17948704	4187.30769217	
4168.71794858	4174.87179474	4171.15384602	4133.71794844	4174.35897422	4188.20512807	4182.30769217	4183.20512807	4186.02564089	4184.35897422	4215.64102558	4179.2307691	4177.4358973	4185.12820499	
4170.51282038	4182.94871781	4175.12820499	4140.76923056	4169.2307691	4184.99999986	4183.97435884	4183.84615371	4184.48717935	4187.69230756	4217.5641025	4185.89743576	4184.2307691	4184.61538448	
4174.61538448	4183.71794858	4181.5384614	4148.33333313	4171.79487166	4184.48717935	4183.71794858	4185.38461525	4193.84615371	4194.35897422	4222.43589737	4186.5384614	4184.99999986	4190.51282038	
4183.58974345	4184.10256397	4184.99999986	4153.84615364	4182.4358973	4190.51282038	4186.66666653	4192.69230756	4202.94871788	4192.17948704	4230.51282045	4188.20512807	4188.84615371	4196.5384614	
4188.20512807	4189.48717935	4187.17948704	4156.53846133	4184.61538448	4194.99999986	4193.07692294	4196.15384602	4203.58974352	4189.48717935	4229.35897429	4189.61538448	4190.25641012	4196.02564089	
4183.46153833	4185.89743576	4182.4358973	4153.33333313	4178.07692294	4187.56410243	4188.84615371	4185.25641012	4195.89743576	4194.74358961	4218.97435891	4186.28205115	4183.84615371	4187.69230756	
4181.28205115	4182.4358973	4177.4358973	4152.94871774	4181.41025628	4189.87179474	4183.84615371	4183.07692294	4194.99999986	4201.15384609	4216.15384609	4184.61538448	4182.05128192	4185.25641012	
4184.99999986	4187.05128192	4180.25641012	4157.43589723	4186.66666653	4200.25641012	4187.94871781	4192.69230756	4202.05128199	4200.89743576	4220.38461532	4187.30769217	4186.79487166	4188.46153833	
4186.28205115	4188.3333332	4183.71794858	4156.66666646	4183.3333332	4193.07692294	4190.12820499	4196.41025628	4201.92307686	4199.2307691	4220.7692307	4190.25641012	4186.79487166	4188.07692294	
4187.17948704	4190.89743576	4183.58974345	4159.74358954	4185.12820499	4186.28205115	4190.76923063	4198.58974345	4198.58974345	4201.41025634	4217.94871788	4194.10256397	4186.41025628	4191.15384602	
4190.25641012	4197.56410243	4185.64102551	4168.3333332	4179.99999986	4186.92307679	4189.87179474	4198.07692294	4198.97435884	4196.5384614	4217.30769224	4198.3333332	4187.69230756	4197.56410243	
4194.2307691	4201.6666666	4192.30769217	4169.61538448	4171.92307679	4182.4358973	4187.17948704	4192.69230756	4200.76923063	4193.3333332	4222.43589737	4199.2307691	4187.05128192	4200.64102551	
4197.82051269	4200.89743576	4198.97435884	4172.94871781	4187.4358973	4187.05128192	4190.76923063	4193.84615371	4200.89743576	4204.99999993	4231.53846147	4201.92307686	4192.05128192	4200.76923063	
4202.43589737	4202.30769224	4202.94871788	4185.89743576	4202.30769224	4202.17948711	4199.74358961	4202.82051275	4204.61538455	4215.89743583	4236.7948718	4210.64102558	4199.87179474	4205.51282045	
4204.23076917	4204.99999993	4202.30769224	4186.79487166	4189.2307691	4200.76923063	4201.41025634	4204.23076917	4205.64102558	4208.58974352	4233.58974352	4215.25641019	4200.12820499	4208.20512814	
4200.38461525	4203.4615384	4200.38461525	4177.30769217	4176.5384614	4189.74358961	4196.41025628	4197.4358973	4201.02564096	4199.74358961	4230.12820506	4213.07692301	4197.17948704	4202.5641025	
4198.46153833	4200.51282038	4199.99999986	4180.76923063	4190.51282038	4193.07692294	4197.05128192	4197.82051269	4202.30769224	4201.92307686	4230.89743583	4212.43589737	4198.71794858	4201.53846147	
4200.12820499	4200.64102551	4200.51282038	4190.25641012	4203.4615384	4202.30769224	4202.17948711	4203.07692301	4206.28205122	4207.5641025	4233.58974352	4214.74358968	4200.51282038	4204.23076917	
4198.84615371	4202.69230763	4200.51282038	4191.15384602	4192.30769217	4202.43589737	4203.4615384	4205.25641019	4206.41025634	4211.6666666	4235.38461539	4215.38461532	4201.02564096	4208.4615384	
4196.5384614	4201.28205122	4198.3333332	4187.4358973	4179.87179474	4196.41025628	4199.74358961	4202.17948711	4204.48717942	4208.07692301	4231.53846147	4212.82051275	4199.87179474	4210.12820506	
4200.38461525	4201.28205122	4201.02564096	4186.5384614	4193.20512807	4198.07692294	4200.89743576	4199.87179474	4205.7692307	4204.23076917	4230.25641019	4208.07692301	4199.61538448	4206.28205122	
4200.12820499	4202.5641025	4201.6666666	4189.61538448	4207.30769224	4205.25641019	4206.41025634	4201.92307686	4206.79487173	4203.97435891	4234.10256411	4204.99999993	4200.38461525	4202.94871788	
4188.07692294	4200.38461525	4191.28205115	4190.12820499	4190.89743576	4198.3333332	4197.94871781	4201.02564096	4202.43589737	4200.51282038	4229.87179481	4202.30769224	4193.58974345	4197.82051269	
4178.07692294	4197.4358973	4183.07692294	4179.2307691	4176.15384602	4186.41025628	4184.48717935	4192.56410243	4197.82051269	4195.89743576	4217.43589737	4195.76923063	4183.84615371	4187.05128192	
4178.46153833	4195.64102551	4186.15384602	4174.35897422	4185.89743576	4190.51282038	4184.48717935	4187.30769217	4199.48717935	4191.79487166	4214.87179481	4196.66666653	4183.97435884	4183.71794858	
4174.61538448	4188.20512807	4187.82051269	4177.4358973	4191.02564089	4194.2307691	4187.05128192	4187.05128192	4196.79487166	4184.2307691	4217.69230763	4196.15384602	4181.66666653	4187.82051269	
4167.3076921	4182.4358973	4181.5384614	4172.17948704	4178.46153833	4184.2307691	4181.92307679	4182.4358973	4188.07692294	4179.99999986	4211.41025634	4186.92307679	4173.71794858	4181.5384614	
4176.41025628	4192.05128192	4182.56410243	4174.87179474	4180.64102551	4188.71794858	4187.30769217	4185.38461525	4190.89743576	4188.07692294	4212.43589737	4189.99999986	4179.61538448	4182.30769217	
4193.71794858	4207.30769224	4194.74358961	4192.4358973	4200.25641012	4206.6666666	4202.05128199	4200.38461525	4204.99999993	4203.33333327	4227.5641025	4202.5641025	4191.5384614	4201.41025634	
4196.02564089	4207.94871788	4204.35897429	4199.99999986	4207.30769224	4207.30769224	4203.84615378	4204.10256404	4207.94871788	4208.07692301	4236.53846154	4205.12820506	4190.51282038	4207.82051275	
4188.3333332	4193.71794858	4198.46153833	4184.2307691	4196.41025628	4199.87179474	4201.6666666	4199.48717935	4202.69230763	4205.25641019	4230.38461532	4201.79487173	4186.66666653	4202.05128199	
4188.20512807	4184.87179474	4188.58974345	4176.66666653	4188.58974345	4202.69230763	4205.25641019	4203.58974352	4205.7692307	4202.43589737	4223.33333327	4202.82051275	4189.74358961	4203.4615384	
4189.74358961	4186.66666653	4187.82051269	4196.79487166	4189.10256397	4201.02564096	4199.61538448	4198.97435884	4202.69230763	4191.92307679	4218.33333327	4202.82051275	4183.97435884	4199.87179474	
4183.46153833	4184.61538448	4190.89743576	4215.38461532	4188.84615371	4191.41025628	4186.66666653	4185.76923063	4188.3333332	4183.84615371	4211.02564096	4196.41025628	4171.79487166	4188.20512807	
4175.64102551	4176.15384602	4185.76923063	4210.25641019	4187.17948704	4187.30769217	4183.58974345	4182.05128192	4185.25641012	4182.94871781	4201.53846147	4189.35897422	4170.89743576	4181.41025628	
4170.12820499	4164.74358954	4172.05128192	4195.38461525	4178.58974345	4186.41025628	4182.05128192	4176.92307679	4185.38461525	4173.84615371	4189.48717935	4181.15384602	4167.69230749	4175.51282038	
4168.71794858	4158.205128	4166.53846133	4192.82051269	4168.3333332	4183.97435884	4173.58974345	4167.3076921	4177.69230756	4168.58974345	4182.82051269	4173.71794858	4156.66666646	4169.87179474	
4162.82051262	4155.25641005	4168.71794858	4189.99999986	4165.25641005	4180.51282038	4166.28205108	4164.74358954	4172.17948704	4166.15384595	4180.76923063	4169.10256397	4152.3076921	4167.05128185	
4155.89743569	4153.58974339	4167.17948697	4185.76923063	4168.97435884	4178.97435884	4165.64102544	4166.02564082	4173.20512807	4157.56410236	4178.71794858	4168.58974345	4155.12820492	4166.53846133	
4162.56410236	4158.97435877	4166.28205108	4192.56410243	4176.79487166	4181.66666653	4169.61538448	4165.51282031	4173.20512807	4159.74358954	4182.4358973	4171.66666653	4154.61538441	4168.71794858	
4169.61538448	4163.46153826	4171.66666653	4199.61538448	4180.89743576	4183.07692294	4170.12820499	4164.74358954	4171.66666653	4169.2307691	4186.28205115	4175.76923063	4156.02564082	4169.87179474	
4168.71794858	4159.48717928	4178.3333332	4199.48717935	4182.30769217	4181.66666653	4170.51282038	4168.20512807	4175.12820499	4172.17948704	4188.3333332	4182.94871781	4163.33333313	4174.35897422	
4177.17948704	4160.25641005	4183.84615371	4198.71794858	4186.02564089	4187.05128192	4180.38461525	4178.20512807	4183.71794858	4179.99999986	4191.15384602	4188.97435884	4169.61538448	4185.76923063	
4185.38461525	4168.3333332	4184.2307691	4200.12820499	4182.05128192	4187.4358973	4183.84615371	4181.41025628	4186.5384614	4186.66666653	4188.71794858	4187.30769217	4168.07692287	4187.17948704	
4183.71794858	4168.97435884	4184.10256397	4201.02564096	4175.64102551	4180.51282038	4178.58974345	4178.20512807	4186.15384602	4182.17948704	4185.89743576	4187.56410243	4167.3076921	4184.99999986	
4191.02564089	4169.35897422	4192.4358973	4207.94871788	4190.12820499	4190.51282038	4184.61538448	4185.38461525	4193.97435884	4185.25641012	4198.97435884	4198.20512807	4177.05128192	4198.46153833	
4196.66666653	4172.4358973	4194.61538448	4213.71794865	4202.43589737	4200.76923063	4189.99999986	4189.35897422	4198.3333332	4189.48717935	4203.07692301	4202.69230763	4180.12820499	4202.5641025	
4182.56410243	4166.02564082	4186.41025628	4208.58974352	4189.74358961	4190.64102551	4180.12820499	4178.71794858	4188.07692294	4180.64102551	4188.71794858	4190.51282038	4169.35897422	4186.41025628	
4175.51282038	4159.61538441	4179.87179474	4201.41025634	4183.20512807	4182.17948704	4172.69230756	4171.41025628	4183.07692294	4177.17948704	4184.2307691	4183.20512807	4165.51282031	4180.38461525	
4180.76923063	4154.35897415	4175.51282038	4197.56410243	4184.74358961	4181.79487166	4170.38461525	4169.2307691	4183.20512807	4178.46153833	4187.82051269	4183.58974345	4166.15384595	4182.4358973	
4184.74358961	4157.05128185	4180.89743576	4205.51282045	4184.74358961	4183.97435884	4173.97435884	4173.84615371	4184.74358961	4182.4358973	4194.2307691	4183.84615371	4167.17948697	4184.2307691	
4188.46153833	4167.3076921	4191.92307679	4214.74358968	4188.20512807	4189.74358961	4183.97435884	4184.74358961	4192.56410243	4190.64102551	4202.43589737	4190.64102551	4174.74358961	4190.64102551	
4177.17948704	4159.87179467	4180.12820499	4200.64102551	4181.28205115	4182.56410243	4174.35897422	4175.25641012	4183.58974345	4183.07692294	4189.74358961	4183.3333332	4166.79487159	4180.64102551	
4163.46153826	4148.33333313	4164.23076903	4187.82051269	4173.84615371	4173.20512807	4161.66666646	4161.02564082	4169.87179474	4170.76923063	4176.5384614	4166.15384595	4154.48717928	4164.23076903	
4176.66666653	4155.64102544	4176.02564089	4204.99999993	4186.66666653	4184.35897422	4177.69230756	4175.64102551	4183.84615371	4179.35897422	4192.4358973	4173.97435884	4166.79487159	4175.12820499	
4188.58974345	4162.3076921	4187.56410243	4219.23076917	4196.15384602	4192.82051269	4191.66666653	4189.61538448	4197.05128192	4191.5384614	4205.12820506	4191.5384614	4177.56410243	4189.87179474	
4175.51282038	4153.97435877	4177.17948704	4200.38461525	4180.76923063	4185.89743576	4183.84615371	4181.92307679	4187.4358973	4186.5384614	4191.41025628	4183.71794858	4169.48717935	4186.02564089	
4170.89743576	4152.56410236	4170.25641012	4190.12820499	4177.82051269	4188.3333332	4182.05128192	4177.56410243	4184.48717935	4182.56410243	4181.15384602	4171.28205115	4165.76923056	4183.20512807	
4177.17948704	4157.56410236	4174.2307691	4209.61538455	4184.99999986	4188.46153833	4181.79487166	4173.20512807	4184.99999986	4174.74358961	4174.61538448	4172.82051269	4161.41025621	4179.2307691	
4158.58974339	4146.28205108	4160.12820492	4213.84615378	4169.48717935	4173.07692294	4162.56410236	4152.82051262	4159.48717928	4142.17948697	4141.66666646	4159.61538441	4132.94871767	4155.76923056	
4137.43589723	4132.43589716	4138.33333313	4201.02564096	4158.07692287	4169.87179474	4148.205128	4134.10256383	4133.0769228	4111.02564075	4101.53846119	4134.74358947	4101.92307658	4132.69230742	
4143.84615364	4141.53846133	4142.94871774	4216.02564096	4168.84615371	4180.38461525	4160.51282031	4135.25640998	4135.25640998	4102.56410229	4093.58974325	4131.66666639	4095.89743555	4131.92307665	
4160.64102544	4167.17948697	4164.35897415	4247.94871795	4170.38461525	4184.99999986	4175.25641012	4154.9999998	4153.46153826	4119.48717921	4107.69230742	4148.46153826	4112.17948691	4145.64102544	
4166.79487159	4179.99999986	4171.66666653	4258.46153847	4164.9999998	4182.17948704	4172.56410243	4165.64102544	4159.48717928	4140.51282031	4108.71794844	4157.43589723	4125.51282024	4154.48717928	
4169.99999986	4188.71794858	4177.69230756	4270.64102571	4179.87179474	4180.12820499	4169.48717935	4151.28205108	4149.1025639	4131.66666639	4095.76923043	4153.205128	4118.0769228	4151.53846133	
4178.58974345	4209.48717942	4193.07692294	4281.28205136	4182.94871781	4175.76923063	4170.89743576	4140.12820492	4140.76923056	4113.71794844	4084.48717914	4147.43589723	4103.33333306	4146.66666646	
4166.79487159	4201.41025634	4178.46153833	4270.1282052	4168.46153833	4164.1025639	4149.61538441	4126.79487152	4122.69230742	4096.92307658	4057.17948677	4134.10256383	4085.76923043	4131.41025614	
4159.23076903	4186.5384614	4167.56410236	4307.17948732	4202.17948711	4179.99999986	4146.02564082	4119.48717921	4115.89743562	4094.87179453	4054.35897395	4135.25640998	4087.05128171	4131.15384588	
4187.05128192	4212.30769224	4196.02564089	4384.23076951	4252.6923077	4214.23076917	4181.28205115	4143.205128	4143.46153826	4124.35897408	4099.7435894	4161.15384595	4111.66666639	4161.53846133	
4179.35897422	4213.20512814	4186.5384614	4373.07692336	4223.07692301	4184.74358961	4157.82051262	4128.33333306	4129.10256383	4116.41025614	4096.79487145	4148.84615364	4096.41025607	4145.38461518	
4135.76923056	4178.20512807	4144.48717928	4321.1538463	4173.3333332	4133.0769228	4103.33333306	4076.79487145	4075.89743555	4058.46153805	4051.66666625	4109.74358947	4056.79487138	4095.6410253	
4160.25641005	4201.79487173	4174.48717935	4365.00000021	4204.48717942	4167.43589723	4140.89743569	4103.0769228	4101.28205094	4067.43589702	4085.38461504	4133.46153819	4078.58974325	4122.17948691	
4214.48717942	4251.02564103	4225.38461532	4421.53846189	4228.71794865	4207.05128199	4195.76923063	4161.15384595	4157.3076921	4129.61538434	4148.33333313	4173.71794858	4122.94871767	4175.76923063	
4196.66666653	4236.15384616	4205.12820506	4399.61538497	4197.56410243	4175.76923063	4168.58974345	4143.58974339	4137.3076921	4120.38461511	4134.74358947	4153.97435877	4111.02564075	4157.17948697	
4164.61538441	4211.15384609	4178.71794858	4380.25641054	4196.02564089	4161.66666646	4141.92307672	4114.61538434	4110.12820485	4081.53846119	4110.89743562	4136.92307672	4090.51282017	4129.10256383	
4174.74358961	4221.41025634	4190.25641012	4391.66666695	4213.97435891	4182.4358973	4159.1025639	4128.20512793	4127.30769203	4091.28205094	4126.28205101	4153.84615364	4100.51282017	4144.1025639	
4177.05128192	4221.53846147	4192.05128192	4384.23076951	4195.38461525	4176.28205115	4160.64102544	4130.7692305	4127.30769203	4101.41025607	4123.84615357	4152.56410236	4101.28205094	4146.92307672	
4158.205128	4204.23076917	4172.17948704	4363.20512842	4176.92307679	4158.07692287	4140.76923056	4107.17948691	4101.66666632	4077.94871761	4096.15384581	4132.56410229	4082.43589709	4124.8717946	
4143.58974339	4191.02564089	4155.51282031	4348.84615406	4179.74358961	4149.1025639	4124.23076896	4088.07692273	4087.43589709	4055.89743548	4079.23076889	4119.23076896	4065.89743548	4109.61538434	
4150.89743569	4196.41025628	4164.48717928	4354.87179508	4183.84615371	4151.92307672	4131.15384588	4099.7435894	4100.25640991	4074.7435894	4090.51282017	4123.46153819	4078.33333299	4118.46153819	
4160.25641005	4205.38461532	4174.61538448	4364.23076944	4180.76923063	4163.205128	4147.05128185	4119.61538434	4117.43589716	4097.82051248	4098.20512786	4132.43589716	4097.17948684	4129.35897408	
4139.87179467	4188.97435884	4149.9999998	4339.4871797	4170.25641012	4154.9999998	4131.41025614	4103.71794844	4101.92307658	4075.76923043	4076.53846119	4115.38461511	4077.05128171	4111.79487152	
4126.79487152	4176.5384614	4136.41025621	4321.79487194	4167.94871774	4147.56410236	4122.17948691	4092.05128171	4087.94871761	4058.58974318	4068.58974318	4100.6410253	4057.94871754	4100.51282017	
4147.56410236	4192.17948704	4160.76923056	4338.33333355	4172.30769217	4163.46153826	4146.53846133	4116.92307665	4109.8717946	4080.76923043	4089.10256376	4115.64102537	4079.23076889	4118.58974332	
4164.1025639	4206.6666666	4177.17948704	4348.97435919	4175.38461525	4172.4358973	4160.76923056	4138.84615364	4133.58974332	4102.05128171	4103.71794844	4129.74358947	4098.97435863	4132.17948691	
4158.97435877	4202.5641025	4168.84615371	4341.79487201	4182.05128192	4171.79487166	4154.9999998	4138.33333313	4135.89743569	4106.28205101	4104.8717946	4130.51282024	4094.23076889	4130.64102537	
4148.07692287	4190.38461525	4156.53846133	4333.84615406	4180.76923063	4170.76923063	4148.97435877	4127.05128178	4127.82051255	4103.46153819	4098.20512786	4122.17948691	4085.25640991	4124.35897408	
4130.64102537	4174.10256397	4140.76923056	4316.02564117	4163.205128	4155.25641005	4133.46153819	4108.46153819	4113.33333306	4084.48717914	4077.94871761	4103.84615357	4071.92307658	4103.9743587	
4114.74358947	4160.64102544	4126.41025614	4296.0256411	4151.92307672	4139.9999998	4115.7692305	4095.89743555	4102.30769196	4068.33333292	4063.46153805	4094.35897402	4062.56410215	4088.20512786	
4126.92307665	4169.87179474	4135.51282031	4300.89743604	4158.46153826	4153.205128	4128.33333306	4110.12820485	4114.10256383	4084.87179453	4077.17948684	4108.46153819	4076.15384581	4107.17948691	
4147.05128185	4186.41025628	4156.79487159	4314.48717963	4169.35897422	4171.41025628	4155.51282031	4131.02564075	4136.79487159	4110.51282024	4095.38461504	4123.71794844	4093.58974325	4128.33333306	
4146.02564082	4188.46153833	4154.87179467	4312.82051296	4168.46153833	4170.76923063	4155.89743569	4129.74358947	4139.87179467	4114.23076896	4092.69230735	4120.12820485	4092.82051248	4123.0769228	
4134.23076896	4178.84615371	4137.69230749	4304.23076937	4163.71794851	4165.64102544	4140.25641005	4117.69230742	4126.28205101	4105.38461511	4083.07692273	4112.30769203	4086.79487145	4114.8717946	
4137.05128185	4176.5384614	4142.82051262	4305.51282066	4175.89743576	4170.38461525	4146.92307672	4126.15384588	4129.48717921	4111.41025614	4089.87179453	4118.46153819	4090.89743555	4121.66666639	
4149.48717928	4182.69230756	4156.53846133	4306.41025655	4179.74358961	4172.82051269	4163.205128	4142.56410236	4145.38461518	4121.28205101	4097.94871761	4124.74358947	4098.97435863	4129.48717921	
4135.25640998	4167.82051262	4139.48717928	4285.51282059	4156.41025621	4156.28205108	4143.71794851	4124.61538434	4129.99999973	4104.10256383	4078.33333299	4109.8717946	4087.56410222	4115.51282024	
4121.53846126	4154.61538441	4127.17948691	4268.97435905	4148.46153826	4143.58974339	4124.10256383	4105.64102537	4107.43589716	4085.76923043	4061.53846113	4104.61538434	4076.28205094	4104.10256383	
4141.92307672	4173.07692294	4146.28205108	4282.69230777	4168.97435884	4160.76923056	4150.89743569	4126.66666639	4127.43589716	4107.05128178	4079.23076889	4126.41025614	4094.7435894	4124.8717946	
4160.64102544	4190.64102551	4160.51282031	4302.30769245	4183.58974345	4180.38461525	4174.87179474	4147.3076921	4153.71794851	4134.99999973	4097.30769196	4138.97435877	4113.33333306	4144.74358954	
4163.205128	4193.46153833	4166.41025621	4307.30769245	4186.5384614	4183.97435884	4171.66666653	4148.46153826	4154.9999998	4139.87179467	4102.17948684	4145.51282031	4118.46153819	4149.48717928	
4168.58974345	4198.58974345	4174.48717935	4305.00000014	4186.15384602	4182.4358973	4170.64102551	4151.92307672	4155.51282031	4141.92307672	4110.64102537	4155.89743569	4127.17948691	4157.43589723	
4157.05128185	4186.02564089	4160.38461518	4286.15384623	4166.15384595	4169.10256397	4157.05128185	4141.15384595	4145.51282031	4128.20512793	4098.20512786	4142.56410236	4117.82051255	4146.92307672	
4131.41025614	4163.07692287	4140.89743569	4263.84615385	4145.89743569	4147.69230749	4131.15384588	4116.15384588	4121.53846126	4103.0769228	4072.94871761	4122.05128178	4094.23076889	4121.15384588	
4138.46153826	4171.66666653	4150.51282031	4271.28205136	4158.33333313	4151.66666646	4136.53846133	4119.99999973	4126.41025614	4112.94871767	4082.05128171	4131.41025614	4099.48717914	4124.99999973	
4162.69230749	4187.4358973	4165.38461518	4283.20512828	4181.02564089	4175.51282038	4164.61538441	4148.205128	4156.92307672	4144.35897415	4102.69230742	4149.48717928	4118.84615357	4149.35897415	
4149.87179467	4172.05128192	4152.69230749	4263.97435898	4170.64102551	4170.12820499	4156.15384595	4147.69230749	4151.41025621	4131.15384588	4084.99999966	4139.23076903	4107.56410229	4141.79487159	
4122.30769203	4153.58974339	4133.9743587	4246.92307693	4144.9999998	4143.205128	4127.43589716	4120.25640998	4119.10256383	4095.76923043	4061.02564061	4118.84615357	4086.15384581	4114.35897408	
4130.89743562	4166.15384595	4141.79487159	4264.10256411	4150.64102544	4146.02564082	4131.79487152	4120.38461511	4122.69230742	4103.71794844	4072.05128171	4122.82051255	4092.05128171	4117.56410229	
4167.94871774	4197.30769217	4170.64102551	4295.00000007	4178.3333332	4176.15384602	4166.02564082	4156.92307672	4159.87179467	4138.205128	4101.02564068	4149.23076903	4117.43589716	4152.56410236	
4178.46153833	4207.94871788	4181.15384602	4301.41025655	4186.5384614	4189.61538448	4187.4358973	4179.2307691	4175.89743576	4151.02564082	4108.84615357	4160.12820492	4128.84615357	4165.64102544	
4148.33333313	4184.2307691	4155.64102544	4274.61538469	4166.28205108	4167.17948697	4166.53846133	4156.15384595	4148.84615364	4127.94871767	4082.69230735	4133.84615357	4109.48717921	4138.71794851	
4117.69230742	4155.25641005	4124.35897408	4240.0	4133.84615357	4134.48717921	4131.28205101	4119.48717921	4113.84615357	4093.8461535	4049.87179446	4103.20512793	4080.12820478	4108.71794844	
4120.7692305	4159.48717928	4124.10256383	4233.84615385	4127.82051255	4135.89743569	4131.92307665	4116.53846126	4114.10256383	4090.38461504	4049.99999959	4106.66666639	4078.07692273	4108.9743587	
4151.41025621	4187.05128192	4152.69230749	4262.56410257	4167.56410236	4176.28205115	4169.61538448	4150.38461518	4149.23076903	4126.53846126	4085.12820478	4136.15384595	4111.41025614	4142.43589723	
4166.53846133	4193.3333332	4167.69230749	4283.20512828	4201.6666666	4196.15384602	4186.5384614	4169.99999986	4168.97435884	4151.15384595	4103.9743587	4150.51282031	4133.71794844	4164.1025639	
4143.97435877	4171.41025628	4147.05128185	4257.05128206	4178.3333332	4168.84615371	4159.74358954	4143.84615364	4144.48717928	4127.43589716	4076.79487145	4129.61538434	4107.82051255	4137.69230749	
4124.61538434	4162.56410236	4131.66666639	4228.4615384	4141.41025621	4147.56410236	4144.87179467	4123.33333306	4125.25640998	4103.0769228	4057.30769189	4114.10256383	4084.23076889	4113.71794844	
4131.79487152	4169.87179474	4139.1025639	4238.97435898	4149.35897415	4159.87179467	4155.51282031	4135.51282031	4137.3076921	4111.41025614	4070.25640991	4123.0769228	4098.8461535	4126.41025614	
4142.05128185	4169.61538448	4143.71794851	4248.71794872	4171.79487166	4169.87179474	4160.64102544	4146.15384595	4146.53846133	4127.05128178	4080.51282017	4130.12820485	4109.99999973	4137.56410236	
4140.64102544	4171.79487166	4142.05128185	4238.33333334	4169.10256397	4160.76923056	4157.43589723	4140.38461518	4141.02564082	4128.33333306	4080.76923043	4128.0769228	4100.89743555	4132.56410229	
4125.12820485	4166.28205108	4131.66666639	4221.02564096	4150.12820492	4146.28205108	4145.64102544	4125.64102537	4126.79487152	4110.25640998	4062.17948677	4117.82051255	4085.89743555	4117.82051255	
4111.15384588	4147.05128185	4116.79487152	4200.64102551	4134.23076896	4141.41025621	4132.30769203	4115.7692305	4114.10256383	4091.53846119	4031.92307644	4104.23076896	4079.10256376	4106.02564075	
4123.58974332	4148.07692287	4125.51282024	4204.10256404	4142.56410236	4151.02564082	4142.56410236	4127.43589716	4125.12820485	4100.51282017	4035.89743541	4109.8717946	4091.15384581	4117.30769203	
4138.33333313	4164.9999998	4140.64102544	4226.92307686	4165.25641005	4162.3076921	4159.74358954	4141.53846133	4143.33333313	4120.89743562	4060.38461497	4125.7692305	4103.58974332	4133.20512793	
4129.10256383	4161.02564082	4129.74358947	4221.41025634	4159.35897415	4152.43589723	4148.205128	4129.23076896	4133.84615357	4116.41025614	4053.97435856	4118.33333306	4095.76923043	4122.69230742	
4115.64102537	4144.61538441	4114.61538434	4194.48717935	4132.30769203	4133.71794844	4130.64102537	4111.66666639	4113.33333306	4096.53846119	4033.97435849	4100.25640991	4082.94871761	4101.92307658	
4123.33333306	4150.89743569	4123.9743587	4196.79487166	4141.92307672	4144.35897415	4142.3076921	4119.74358947	4121.53846126	4103.71794844	4044.35897395	4104.99999973	4090.76923043	4112.17948691	
4130.38461511	4159.48717928	4128.58974332	4205.25641019	4158.46153826	4159.61538441	4151.28205108	4130.51282024	4136.28205108	4119.74358947	4055.89743548	4112.43589716	4095.6410253	4126.79487152	
4117.56410229	4142.05128185	4112.56410229	4185.25641012	4138.71794851	4143.97435877	4131.79487152	4121.15384588	4124.8717946	4104.35897408	4040.64102523	4100.38461504	4082.43589709	4111.53846126	
4109.99999973	4132.94871767	4110.12820485	4177.4358973	4133.71794844	4131.41025614	4124.35897408	4118.71794844	4119.61538434	4097.30769196	4038.20512779	4096.92307658	4084.35897402	4103.33333306	
4124.61538434	4152.69230749	4125.38461511	4197.05128192	4150.25641005	4145.76923056	4145.25641005	4137.94871774	4139.35897415	4118.9743587	4059.6153842	4110.64102537	4101.66666632	4120.7692305	
4129.74358947	4158.71794851	4125.64102537	4195.76923063	4141.92307672	4147.3076921	4149.35897415	4146.15384595	4145.12820492	4120.25640998	4062.05128164	4112.69230742	4102.30769196	4123.84615357	
4104.8717946	4132.82051255	4104.74358947	4165.76923056	4115.38461511	4118.58974332	4120.38461511	4121.79487152	4119.23076896	4093.46153812	4036.66666618	4097.43589709	4083.20512786	4099.99999966	
4107.30769203	4136.66666646	4109.35897408	4167.56410236	4117.30769203	4114.74358947	4123.46153819	4119.99999973	4117.94871767	4099.48717914	4044.35897395	4102.94871767	4088.46153812	4104.23076896	
4147.43589723	4171.15384602	4142.43589723	4199.48717935	4147.56410236	4149.48717928	4166.79487159	4162.56410236	4156.41025621	4139.1025639	4086.28205094	4130.64102537	4119.10256383	4140.12820492	
4151.15384595	4169.2307691	4149.35897415	4200.89743576	4159.1025639	4160.51282031	4173.84615371	4171.79487166	4163.58974339	4143.97435877	4091.66666632	4135.12820485	4123.84615357	4146.02564082	
4115.25640998	4137.94871774	4122.82051255	4173.07692294	4143.205128	4133.71794844	4139.35897415	4128.20512793	4129.35897408	4109.99999973	4059.87179446	4108.84615357	4098.8461535	4115.12820485	
4099.87179453	4123.46153819	4101.28205094	4158.71794851	4130.38461511	4119.35897408	4120.38461511	4104.99999973	4109.74358947	4088.97435863	4045.5128201	4088.46153812	4083.07692273	4095.12820478	
4112.69230742	4131.79487152	4110.12820485	4164.74358954	4122.69230742	4122.69230742	4128.9743587	4123.46153819	4121.53846126	4103.84615357	4062.94871754	4094.87179453	4094.10256376	4104.61538434	
4122.69230742	4144.74358954	4130.25640998	4167.82051262	4118.58974332	4126.66666639	4140.25641005	4138.46153826	4134.35897408	4124.10256383	4079.61538427	4107.56410229	4105.64102537	4115.64102537	
4133.33333306	4151.92307672	4139.9999998	4175.12820499	4144.23076903	4147.69230749	4159.35897415	4150.12820492	4147.94871774	4136.15384595	4088.58974325	4117.30769203	4111.79487152	4126.28205101	
4134.99999973	4144.35897415	4132.69230742	4183.71794858	4166.15384595	4159.87179467	4167.3076921	4157.56410236	4155.76923056	4142.43589723	4092.94871761	4120.89743562	4114.61538434	4131.02564075	
4104.23076896	4121.92307665	4107.30769203	4156.28205108	4124.61538434	4123.0769228	4128.46153819	4127.69230742	4128.33333306	4114.8717946	4068.58974318	4098.33333299	4094.23076889	4105.12820485	
4089.99999966	4118.33333306	4100.89743555	4134.8717946	4094.23076889	4098.20512786	4104.74358947	4107.82051255	4111.79487152	4094.87179453	4054.87179446	4084.7435894	4085.12820478	4094.61538427	
4126.92307665	4145.38461518	4131.41025614	4167.05128185	4139.61538441	4131.28205101	4144.61538441	4143.07692287	4144.1025639	4129.48717921	4090.51282017	4115.51282024	4115.64102537	4131.02564075	
4151.66666646	4162.3076921	4151.79487159	4192.17948704	4169.35897422	4153.71794851	4173.84615371	4170.51282038	4170.64102551	4161.41025621	4117.17948691	4140.25641005	4135.38461518	4154.74358954	
4117.82051255	4135.76923056	4122.82051255	4156.92307672	4129.99999973	4125.25640998	4136.79487159	4132.82051255	4139.74358954	4131.02564075	4081.53846119	4107.30769203	4105.38461511	4122.69230742	
4079.48717914	4101.02564068	4084.35897402	4114.99999973	4099.87179453	4100.38461504	4099.99999966	4085.12820478	4090.76923043	4075.89743555	4029.487179	4064.87179446	4064.6153842	4080.12820478	
4082.30769196	4101.15384581	4080.6410253	4116.15384588	4109.10256383	4106.66666639	4108.58974332	4084.35897402	4081.66666632	4058.46153805	4018.97435849	4064.23076882	4053.46153805	4072.82051248	
4087.05128171	4107.05128178	4081.15384581	4118.9743587	4107.56410229	4111.15384588	4114.61538434	4094.10256376	4090.51282017	4064.48717907	4022.1794867	4067.69230728	4053.84615343	4074.35897402	
4078.46153812	4100.76923043	4074.87179453	4107.30769203	4098.8461535	4107.69230742	4108.33333306	4092.30769196	4093.58974325	4069.7435894	4023.07692259	4061.92307651	4053.07692266	4071.79487145	
4097.17948684	4114.74358947	4094.87179453	4128.20512793	4115.12820485	4116.02564075	4124.23076896	4113.0769228	4114.74358947	4096.53846119	4053.20512779	4085.12820478	4073.33333299	4093.71794837	
4129.8717946	4141.28205108	4126.92307665	4166.53846133	4134.10256383	4129.35897408	4147.43589723	4144.35897415	4144.35897415	4136.66666646	4094.99999966	4116.28205101	4105.7692305	4127.82051255	
4129.48717921	4147.56410236	4129.61538434	4167.43589723	4134.74358947	4128.58974332	4142.69230749	4146.66666646	4147.94871774	4145.12820492	4102.69230742	4115.51282024	4112.56410229	4129.99999973	
4107.05128178	4133.9743587	4111.02564075	4148.205128	4121.66666639	4112.94871767	4124.74358947	4129.48717921	4131.02564075	4122.56410229	4084.23076889	4103.0769228	4094.61538427	4110.12820485	
4102.43589709	4126.79487152	4104.8717946	4151.15384595	4117.05128178	4106.92307665	4119.48717921	4122.69230742	4123.9743587	4112.94871767	4081.66666632	4102.05128171	4087.82051248	4105.25640998	
4111.53846126	4135.38461518	4112.82051255	4153.97435877	4127.56410229	4119.10256383	4123.46153819	4126.92307665	4131.66666639	4124.23076896	4090.76923043	4105.64102537	4096.28205094	4111.66666639	
4115.38461511	4143.07692287	4118.20512793	4147.69230749	4135.25640998	4126.53846126	4128.9743587	4132.69230742	4140.89743569	4133.58974332	4093.71794837	4111.41025614	4100.6410253	4112.82051255	
4097.56410222	4122.56410229	4097.94871761	4134.10256383	4115.38461511	4106.66666639	4111.28205101	4111.28205101	4119.35897408	4110.12820485	4074.10256376	4098.07692273	4083.97435863	4094.7435894	
4087.56410222	4106.15384588	4086.41025607	4124.74358947	4093.07692273	4089.7435894	4093.33333299	4087.17948684	4095.6410253	4086.66666632	4057.56410215	4082.56410222	4070.51282017	4081.92307658	
4120.89743562	4135.89743569	4122.17948691	4145.76923056	4119.61538434	4116.02564075	4120.64102537	4114.35897408	4120.25640998	4116.41025614	4086.66666632	4106.15384588	4094.48717914	4110.25640998	
4148.07692287	4163.46153826	4147.05128185	4166.79487159	4156.53846133	4144.74358954	4153.07692287	4148.07692287	4149.23076903	4151.66666646	4112.82051255	4128.9743587	4118.58974332	4138.97435877	
4133.84615357	4149.74358954	4127.43589716	4155.12820492	4145.76923056	4131.41025614	4143.07692287	4139.9999998	4143.205128	4141.15384595	4101.92307658	4115.38461511	4110.38461511	4128.84615357	
4120.89743562	4135.25640998	4117.56410229	4146.15384595	4125.38461511	4116.92307665	4133.9743587	4131.53846126	4136.92307672	4129.61538434	4097.56410222	4106.41025614	4103.33333306	4116.41025614	
4127.30769203	4145.64102544	4129.8717946	4158.84615364	4137.17948697	4133.0769228	4148.46153826	4143.71794851	4144.1025639	4141.66666646	4110.12820485	4119.74358947	4110.89743562	4124.23076896	
4127.69230742	4150.51282031	4127.82051255	4159.48717928	4147.82051262	4139.61538441	4147.3076921	4143.58974339	4142.56410236	4140.64102544	4108.0769228	4123.71794844	4109.10256383	4126.66666639	
4122.82051255	4142.17948697	4119.99999973	4149.23076903	4132.05128178	4126.53846126	4136.02564082	4134.48717921	4135.89743569	4126.92307665	4102.30769196	4119.48717921	4105.25640998	4120.38461511	
4120.7692305	4137.82051262	4122.43589716	4152.05128185	4126.92307665	4122.56410229	4135.25640998	4135.38461518	4134.48717921	4124.35897408	4104.10256383	4121.15384588	4107.17948691	4120.12820485	
4123.0769228	4141.53846133	4124.74358947	4153.58974339	4137.43589723	4126.28205101	4140.38461518	4138.07692287	4135.38461518	4130.12820485	4101.53846119	4120.12820485	4103.46153819	4123.46153819	
4121.66666639	4143.205128	4118.84615357	4141.28205108	4131.66666639	4125.51282024	4137.17948697	4132.82051255	4130.25640998	4124.10256383	4092.30769196	4112.17948691	4095.12820478	4114.61538434	
4107.43589716	4130.7692305	4104.99999973	4129.10256383	4116.41025614	4117.69230742	4122.30769203	4112.82051255	4108.84615357	4102.94871767	4073.20512786	4098.46153812	4085.38461504	4094.99999966	
4106.53846126	4129.35897408	4106.79487152	4138.84615364	4125.12820485	4116.66666639	4123.0769228	4108.9743587	4106.53846126	4104.99999973	4074.23076889	4099.61538427	4090.51282017	4099.10256376	
4125.12820485	4148.07692287	4122.56410229	4154.61538441	4143.33333313	4125.25640998	4139.23076903	4127.05128178	4127.94871767	4126.79487152	4100.89743555	4113.71794844	4101.28205094	4121.66666639	
4128.33333306	4156.02564082	4125.64102537	4153.97435877	4141.53846133	4128.20512793	4141.41025621	4132.82051255	4131.66666639	4128.84615357	4109.99999973	4113.84615357	4097.56410222	4125.38461511	
4119.61538434	4148.71794851	4120.25640998	4149.61538441	4133.46153819	4121.41025614	4132.94871767	4127.69230742	4124.61538434	4121.41025614	4099.35897402	4110.51282024	4095.12820478	4116.79487152	
4128.0769228	4150.38461518	4124.23076896	4158.58974339	4135.12820485	4123.71794844	4137.94871774	4136.02564082	4135.12820485	4130.7692305	4106.53846126	4121.41025614	4106.28205101	4121.02564075	
4139.9999998	4156.92307672	4129.99999973	4161.41025621	4140.51282031	4130.64102537	4141.15384595	4143.97435877	4145.25641005	4144.9999998	4123.0769228	4126.66666639	4110.38461511	4131.02564075	
4136.53846133	4153.97435877	4131.53846126	4152.82051262	4142.05128185	4125.7692305	4136.79487159	4138.84615364	4145.51282031	4152.17948697	4124.35897408	4125.51282024	4109.74358947	4134.23076896	
4133.46153819	4153.07692287	4135.25640998	4159.61538441	4143.84615364	4126.41025614	4143.71794851	4143.97435877	4153.71794851	4157.43589723	4127.30769203	4133.84615357	4121.02564075	4136.02564082	
4142.43589723	4158.58974339	4143.46153826	4172.17948704	4151.53846133	4137.82051262	4152.82051262	4153.33333313	4157.69230749	4153.33333313	4135.25640998	4139.9999998	4125.7692305	4142.82051262	
4153.205128	4166.02564082	4153.205128	4170.38461525	4156.28205108	4143.46153826	4155.64102544	4154.9999998	4155.89743569	4152.82051262	4137.43589723	4144.74358954	4122.69230742	4153.205128	
4156.02564082	4172.94871781	4154.9999998	4168.20512807	4153.71794851	4143.205128	4158.46153826	4155.76923056	4158.07692287	4160.76923056	4138.58974339	4153.58974339	4127.17948691	4156.79487159	
4151.92307672	4167.82051262	4145.89743569	4171.5384614	4153.07692287	4140.25641005	4157.05128185	4148.205128	4151.53846133	4153.46153826	4134.10256383	4154.74358954	4127.17948691	4150.25641005	
4148.58974339	4154.9999998	4138.97435877	4166.79487159	4150.64102544	4133.9743587	4149.61538441	4144.87179467	4146.53846133	4143.46153826	4125.38461511	4150.25641005	4123.9743587	4148.84615364	
4155.12820492	4159.23076903	4145.64102544	4168.46153833	4152.56410236	4140.51282031	4153.84615364	4154.23076903	4153.33333313	4154.1025639	4130.12820485	4151.15384595	4131.53846126	4157.05128185	
4166.53846133	4179.48717935	4159.74358954	4189.48717935	4167.3076921	4158.58974339	4171.5384614	4163.84615364	4160.51282031	4168.71794858	4143.97435877	4158.71794851	4141.92307672	4164.87179467	
4162.17948697	4183.84615371	4158.58974339	4193.97435884	4164.1025639	4155.25641005	4172.94871781	4159.48717928	4158.97435877	4162.56410236	4138.58974339	4160.25641005	4135.51282031	4161.28205108	
4140.89743569	4164.61538441	4136.79487159	4169.10256397	4135.64102544	4134.8717946	4151.66666646	4140.89743569	4144.23076903	4142.17948697	4116.92307665	4144.9999998	4118.84615357	4143.205128	
4141.53846133	4162.43589723	4138.33333313	4166.92307672	4143.205128	4140.89743569	4148.205128	4142.69230749	4141.15384595	4141.41025621	4120.12820485	4142.17948697	4121.79487152	4140.38461518	
4169.99999986	4186.02564089	4169.2307691	4202.94871788	4184.10256397	4166.53846133	4175.89743576	4174.2307691	4167.69230749	4168.58974345	4151.41025621	4167.82051262	4143.84615364	4167.3076921	
4174.99999986	4188.07692294	4171.41025628	4207.69230763	4177.4358973	4158.97435877	4179.10256397	4179.2307691	4175.64102551	4177.05128192	4158.84615364	4171.66666653	4146.15384595	4175.12820499	
4153.97435877	4169.2307691	4150.64102544	4181.15384602	4147.3076921	4138.97435877	4156.15384595	4153.58974339	4151.15384595	4157.82051262	4137.82051262	4151.02564082	4131.28205101	4152.43589723	
4155.25641005	4172.94871781	4153.97435877	4187.69230756	4160.76923056	4151.15384595	4160.25641005	4160.38461518	4156.53846133	4159.87179467	4136.41025621	4156.92307672	4135.64102544	4154.9999998	
4165.12820492	4185.25641012	4163.46153826	4203.20512814	4177.94871781	4164.48717928	4175.38461525	4179.74358961	4175.38461525	4175.25641012	4148.33333313	4170.12820499	4144.9999998	4174.61538448	
4156.15384595	4178.58974345	4153.46153826	4189.87179474	4166.28205108	4154.23076903	4168.46153833	4167.3076921	4160.51282031	4166.92307672	4139.74358954	4157.94871774	4136.15384595	4164.61538441	
4150.38461518	4172.05128192	4151.41025621	4186.66666653	4162.69230749	4152.17948697	4164.74358954	4162.69230749	4152.3076921	4156.79487159	4134.61538434	4150.38461518	4134.23076896	4150.64102544	
4153.71794851	4177.82051269	4157.17948697	4202.30769224	4167.94871774	4156.28205108	4170.25641012	4170.25641012	4161.53846133	4157.05128185	4139.23076903	4158.71794851	4139.35897415	4159.1025639	
4156.15384595	4181.5384614	4152.56410236	4203.58974352	4168.07692287	4152.94871774	4171.66666653	4169.35897422	4162.3076921	4154.48717928	4127.94871767	4156.28205108	4128.0769228	4165.76923056	
4162.94871774	4186.66666653	4157.05128185	4207.69230763	4169.48717935	4160.64102544	4178.84615371	4176.92307679	4164.74358954	4157.82051262	4124.61538434	4151.28205108	4117.05128178	4165.25641005	
4173.58974345	4194.35897422	4176.28205115	4228.71794865	4161.92307672	4168.97435884	4187.30769217	4186.15384602	4171.92307679	4169.61538448	4155.89743569	4164.61538441	4122.69230742	4172.30769217	
4183.3333332	4203.71794865	4197.4358973	4252.05128206	4161.15384595	4167.69230749	4186.02564089	4186.92307679	4176.28205115	4184.99999986	4201.53846147	4187.4358973	4134.61538434	4187.69230756	
4189.74358961	4208.97435891	4209.87179481	4259.61538462	4172.69230756	4168.07692287	4183.97435884	4186.41025628	4179.99999986	4196.02564089	4233.20512814	4200.89743576	4141.66666646	4200.38461525	
4195.25641012	4209.10256404	4221.28205122	4257.30769231	4176.02564089	4173.97435884	4189.48717935	4195.38461525	4187.82051269	4203.71794865	4265.8974359	4213.58974352	4150.51282031	4209.74358968	
4206.02564096	4212.82051275	4237.6923077	4259.48717949	4171.15384602	4175.12820499	4195.89743576	4205.51282045	4196.92307679	4213.33333327	4312.56410271	4237.82051282	4169.48717935	4221.79487173	
4219.74358968	4219.48717942	4252.56410257	4261.02564103	4181.15384602	4179.48717935	4204.23076917	4213.33333327	4208.58974352	4231.15384609	4354.74358996	4262.43589744	4192.17948704	4239.61538462	
4234.10256411	4226.79487173	4270.00000007	4258.33333334	4201.53846147	4198.97435884	4220.89743583	4235.0	4226.92307686	4266.02564103	4391.41025669	4283.33333341	4215.51282045	4264.61538462	
4245.8974359	4224.74358968	4281.28205136	4243.46153847	4197.4358973	4205.51282045	4231.15384609	4250.51282052	4247.30769231	4296.66666674	4422.82051317	4295.38461546	4232.05128199	4277.69230777	
4242.17948718	4208.33333327	4269.74358982	4206.15384609	4168.58974345	4185.76923063	4221.41025634	4240.51282052	4250.0	4296.15384623	4435.64102606	4288.20512828	4233.58974352	4268.20512828	
4227.5641025	4192.56410243	4249.35897436	4169.74358961	4160.51282031	4178.97435884	4212.5641025	4233.97435898	4241.66666667	4286.41025648	4437.43589786	4277.30769238	4232.30769224	4263.33333334	
4221.53846147	4184.2307691	4242.94871795	4151.66666646	4181.41025628	4197.69230756	4219.99999993	4247.94871795	4248.33333334	4301.1538463	4447.94871837	4276.0256411	4239.10256411	4271.53846161	
4217.5641025	4173.20512807	4232.5641025	4123.20512793	4173.3333332	4198.20512807	4220.64102558	4251.02564103	4253.84615385	4312.56410271	4449.61538504	4267.69230777	4237.94871795	4266.53846154	
4209.87179481	4161.02564082	4214.87179481	4094.10256376	4151.66666646	4182.94871781	4213.71794865	4244.61538462	4252.94871795	4306.1538463	4436.41025683	4258.07692308	4229.35897429	4258.07692308	
4209.99999993	4156.28205108	4214.61538455	4094.99999966	4166.02564082	4186.92307679	4216.02564096	4253.71794872	4261.66666667	4316.02564117	4431.02564145	4259.10256411	4233.97435898	4264.48717949	
4209.35897429	4151.79487159	4213.20512814	4093.20512786	4173.97435884	4189.35897422	4214.74358968	4248.20512821	4260.38461539	4319.87179501	4419.35897471	4253.07692308	4233.07692301	4259.87179488	
4202.82051275	4153.33333313	4200.89743576	4086.92307658	4161.53846133	4183.71794858	4209.23076917	4231.92307686	4245.0	4296.41025648	4390.64102592	4241.7948718	4219.99999993	4244.23076923	
4203.71794865	4159.48717928	4200.76923063	4093.46153812	4159.87179467	4189.74358961	4215.51282045	4238.58974359	4246.53846154	4287.30769238	4372.8205131	4240.0	4214.74358968	4245.76923077	
4202.05128199	4153.07692287	4201.41025634	4091.15384581	4163.46153826	4192.56410243	4214.99999993	4246.28205129	4253.84615385	4303.33333348	4371.28205156	4239.10256411	4209.23076917	4249.23076923	
4187.94871781	4140.89743569	4187.17948704	4076.41025607	4152.05128185	4180.12820499	4198.58974345	4231.53846147	4238.71794872	4293.07692315	4359.74358996	4231.79487173	4198.84615371	4234.74358975	
4188.3333332	4144.87179467	4188.58974345	4079.99999966	4151.53846133	4186.15384602	4201.6666666	4226.6666666	4232.5641025	4272.69230777	4346.53846175	4230.12820506	4204.48717942	4233.97435898	
4204.10256404	4158.07692287	4203.71794865	4101.53846119	4170.76923063	4203.20512814	4216.02564096	4241.92307693	4251.7948718	4290.1282052	4353.33333355	4238.97435898	4215.12820506	4250.38461539	
4198.07692294	4152.3076921	4193.71794858	4106.53846126	4177.56410243	4194.99999986	4205.64102558	4240.12820513	4253.58974359	4302.30769245	4353.97435919	4236.28205129	4206.6666666	4244.87179488	
4182.56410243	4139.48717928	4177.82051269	4093.71794837	4162.56410236	4180.51282038	4194.74358961	4227.94871788	4235.76923077	4281.923077	4334.61538483	4221.02564096	4197.17948704	4228.20512814	
4184.48717935	4139.23076903	4183.46153833	4089.10256376	4149.23076903	4182.30769217	4202.5641025	4230.51282045	4231.53846147	4275.00000007	4322.94871809	4216.15384609	4196.41025628	4224.99999993	
4187.17948704	4144.23076903	4184.99999986	4095.25640991	4152.43589723	4186.5384614	4202.43589737	4233.4615384	4235.38461539	4282.05128212	4322.69230784	4221.53846147	4190.76923063	4222.30769224	
4183.46153833	4149.23076903	4175.12820499	4096.79487145	4156.92307672	4183.71794858	4199.2307691	4230.7692307	4230.7692307	4268.84615392	4318.58974373	4218.33333327	4185.51282038	4215.89743583	
4187.30769217	4153.07692287	4177.05128192	4097.17948684	4158.84615364	4183.71794858	4208.97435891	4232.05128199	4231.53846147	4261.92307693	4316.1538463	4214.48717942	4191.41025628	4221.02564096	
4194.2307691	4156.02564082	4185.51282038	4105.25640998	4170.12820499	4194.2307691	4217.94871788	4237.05128206	4242.30769231	4279.10256418	4319.61538476	4225.7692307	4200.64102551	4232.43589737	
4193.97435884	4156.53846133	4185.25641012	4111.41025614	4175.76923063	4205.51282045	4218.4615384	4237.30769231	4250.12820513	4286.66666674	4318.07692322	4230.7692307	4201.41025634	4232.17948711	
4187.82051269	4152.94871774	4179.87179474	4113.46153819	4171.79487166	4201.28205122	4212.05128199	4235.12820513	4245.38461539	4280.1282052	4309.3589745	4219.87179481	4193.07692294	4221.41025634	
4185.12820499	4151.79487159	4174.87179474	4113.20512793	4168.71794858	4190.38461525	4204.61538455	4229.23076917	4234.35897436	4274.10256418	4300.12820527	4215.51282045	4186.02564089	4215.12820506	
4186.28205115	4154.9999998	4174.10256397	4107.69230742	4158.07692287	4187.17948704	4200.25641012	4220.38461532	4232.05128199	4264.10256411	4290.25641033	4218.97435891	4185.64102551	4216.02564096	
4185.64102551	4154.74358954	4175.76923063	4105.89743562	4149.35897415	4185.89743576	4195.89743576	4215.89743583	4231.53846147	4255.51282052	4281.0256411	4214.87179481	4183.58974345	4214.23076917	
4192.69230756	4159.61538441	4183.3333332	4121.41025614	4169.10256397	4193.07692294	4201.79487173	4224.35897429	4231.28205122	4265.12820513	4287.82051289	4217.43589737	4186.79487166	4220.38461532	
4209.48717942	4175.12820499	4198.3333332	4140.25641005	4191.66666653	4206.6666666	4217.82051275	4238.71794872	4243.46153847	4281.15384623	4304.48717963	4235.76923077	4201.41025634	4237.17948718	
4211.15384609	4179.35897422	4200.51282038	4136.41025621	4185.89743576	4207.17948711	4217.30769224	4238.97435898	4249.10256411	4277.43589751	4296.53846161	4236.28205129	4204.87179481	4238.20512821	
4192.56410243	4164.9999998	4180.51282038	4121.15384588	4172.17948704	4196.66666653	4200.64102551	4219.35897429	4227.82051275	4251.28205129	4261.28205129	4212.43589737	4186.02564089	4216.41025634	
4179.48717935	4153.07692287	4163.58974339	4114.8717946	4167.43589723	4194.61538448	4194.74358961	4197.69230756	4201.15384609	4223.07692301	4233.20512814	4195.89743576	4164.35897415	4197.17948704	
4178.84615371	4151.02564082	4163.33333313	4113.0769228	4166.53846133	4201.28205122	4200.25641012	4193.58974345	4194.48717935	4216.28205122	4226.53846147	4194.87179474	4158.46153826	4193.20512807	
4182.17948704	4155.25641005	4169.48717935	4115.25640998	4172.69230756	4204.61538455	4205.51282045	4206.02564096	4206.02564096	4228.58974352	4236.02564103	4200.38461525	4166.79487159	4199.10256397	
4195.12820499	4168.58974345	4182.56410243	4130.51282024	4181.5384614	4208.07692301	4215.38461532	4226.15384609	4228.07692301	4247.6923077	4260.25641026	4215.7692307	4188.58974345	4214.99999993	
4216.15384609	4190.76923063	4203.07692301	4153.46153826	4191.28205115	4216.28205122	4227.30769224	4242.82051282	4246.66666667	4270.89743597	4287.30769238	4234.23076923	4212.94871788	4236.53846154	
4225.38461532	4201.28205122	4213.20512814	4163.97435877	4199.61538448	4220.64102558	4232.30769224	4244.23076923	4246.41025641	4280.76923084	4295.51282059	4238.46153847	4222.94871788	4244.87179488	
4220.7692307	4191.41025628	4208.07692301	4151.92307672	4190.64102551	4217.82051275	4231.15384609	4236.53846154	4236.92307693	4268.07692315	4285.64102571	4234.23076923	4221.53846147	4239.61538462	
4221.41025634	4185.12820499	4202.5641025	4144.35897415	4177.69230756	4215.12820506	4227.43589737	4231.92307686	4232.17948711	4260.38461539	4278.46153853	4231.6666666	4215.89743583	4233.33333327	
4231.02564096	4195.12820499	4210.25641019	4162.43589723	4191.02564089	4216.41025634	4226.79487173	4231.92307686	4231.92307686	4267.30769238	4281.15384623	4229.87179481	4214.35897429	4233.71794865	
4235.76923077	4201.53846147	4220.25641019	4182.82051269	4213.07692301	4226.15384609	4230.64102558	4231.92307686	4231.15384609	4267.17948725	4286.79487187	4236.7948718	4222.30769224	4240.8974359	
4231.79487173	4199.10256397	4219.87179481	4179.35897422	4209.74358968	4230.38461532	4232.05128199	4232.30769224	4229.23076917	4258.71794872	4287.30769238	4243.33333334	4225.89743583	4247.05128206	
4229.87179481	4202.17948711	4217.05128199	4172.30769217	4195.51282038	4219.61538455	4228.20512814	4234.87179488	4232.17948711	4260.64102564	4284.87179495	4240.76923077	4224.87179481	4246.7948718	
4230.89743583	4203.20512814	4217.05128199	4179.74358961	4196.15384602	4213.84615378	4226.28205122	4235.8974359	4236.66666667	4266.02564103	4282.94871802	4238.33333334	4227.5641025	4242.30769231	
4228.97435891	4197.94871781	4216.53846147	4184.48717935	4203.58974352	4221.28205122	4232.5641025	4233.97435898	4233.07692301	4263.71794872	4281.79487187	4236.15384616	4227.5641025	4237.30769231	
4222.5641025	4199.10256397	4212.30769224	4175.25641012	4195.12820499	4222.30769224	4230.25641019	4231.02564096	4226.41025634	4260.76923077	4277.56410264	4232.05128199	4223.20512814	4233.07692301	
4215.25641019	4199.35897422	4204.61538455	4167.17948697	4183.20512807	4211.53846147	4217.5641025	4228.33333327	4225.38461532	4257.43589744	4271.15384623	4228.97435891	4225.12820506	4229.10256404	
4219.99999993	4195.76923063	4205.51282045	4174.74358961	4195.25641012	4211.15384609	4219.61538455	4231.28205122	4230.89743583	4257.43589744	4274.10256418	4230.89743583	4232.30769224	4231.92307686	
4233.07692301	4205.89743583	4218.71794865	4185.89743576	4217.17948711	4226.53846147	4237.94871795	4242.94871795	4240.38461539	4270.51282059	4283.33333341	4239.10256411	4236.53846154	4243.20512821	
4234.87179488	4216.02564096	4225.38461532	4189.99999986	4223.20512814	4238.84615385	4247.82051282	4249.35897436	4248.46153847	4282.05128212	4284.10256418	4244.74358975	4236.28205129	4247.94871795	
4228.58974352	4206.79487173	4218.4615384	4188.58974345	4212.05128199	4235.38461539	4245.76923077	4246.7948718	4246.7948718	4272.05128212	4277.69230777	4238.84615385	4232.94871788	4243.33333334	
4231.28205122	4201.28205122	4218.07692301	4186.28205115	4205.12820506	4229.61538455	4242.30769231	4246.28205129	4240.51282052	4264.35897436	4279.2307693	4234.35897436	4234.87179488	4243.33333334	
4228.20512814	4206.41025634	4217.30769224	4185.64102551	4206.92307686	4229.99999993	4235.12820513	4241.66666667	4235.38461539	4266.28205129	4283.07692315	4236.66666667	4236.41025641	4238.97435898	
4214.23076917	4199.2307691	4205.51282045	4179.2307691	4200.25641012	4226.02564096	4228.84615378	4231.02564096	4229.48717942	4253.20512821	4275.00000007	4231.41025634	4229.48717942	4227.94871788	
4220.38461532	4197.17948704	4207.17948711	4182.56410243	4199.35897422	4228.33333327	4235.12820513	4232.05128199	4232.43589737	4250.76923077	4273.84615392	4230.38461532	4231.41025634	4229.99999993	
4232.5641025	4207.5641025	4215.38461532	4193.07692294	4211.92307686	4233.07692301	4234.23076923	4239.87179488	4238.71794872	4265.64102564	4283.58974366	4236.53846154	4237.56410257	4236.92307693	
4219.23076917	4195.25641012	4203.4615384	4176.5384614	4208.33333327	4222.69230763	4217.17948711	4230.89743583	4230.25641019	4257.6923077	4276.53846161	4227.17948711	4229.74358968	4227.69230763	
4209.35897429	4182.69230756	4194.35897422	4165.25641005	4195.89743576	4214.99999993	4212.69230763	4219.10256404	4221.6666666	4246.53846154	4264.48717949	4215.12820506	4227.82051275	4219.61538455	
4215.64102558	4197.05128192	4203.07692301	4189.48717935	4202.17948711	4219.61538455	4219.48717942	4219.35897429	4220.89743583	4252.56410257	4265.8974359	4217.5641025	4233.07692301	4221.41025634	
4208.71794865	4202.05128199	4198.58974345	4194.99999986	4200.64102551	4217.05128199	4212.30769224	4213.71794865	4211.15384609	4240.12820513	4258.58974359	4215.12820506	4219.35897429	4212.94871788	
4208.33333327	4197.30769217	4200.51282038	4187.94871781	4197.56410243	4217.05128199	4214.10256404	4211.28205122	4210.7692307	4233.84615385	4255.0	4214.74358968	4217.82051275	4215.51282045	
4230.12820506	4212.5641025	4225.64102558	4213.07692301	4217.17948711	4232.05128199	4234.87179488	4228.33333327	4231.79487173	4264.74358975	4277.56410264	4231.28205122	4242.05128206	4240.38461539	
4237.30769231	4223.20512814	4230.51282045	4223.33333327	4219.61538455	4235.12820513	4237.82051282	4236.28205129	4237.6923077	4268.71794879	4285.89743597	4235.0	4243.20512821	4245.8974359	
4229.35897429	4214.48717942	4215.38461532	4204.23076917	4211.6666666	4229.74358968	4226.79487173	4226.41025634	4228.58974352	4245.12820513	4270.76923084	4223.07692301	4233.07692301	4229.23076917	
4234.10256411	4215.7692307	4218.71794865	4212.5641025	4233.71794865	4238.58974359	4232.05128199	4229.48717942	4234.87179488	4256.7948718	4273.58974366	4227.30769224	4245.51282052	4232.05128199	
4237.43589744	4218.97435891	4224.87179481	4221.53846147	4238.33333334	4242.30769231	4237.05128206	4235.38461539	4237.94871795	4269.10256418	4277.69230777	4234.35897436	4247.43589744	4240.64102564	
4228.84615378	4212.82051275	4215.7692307	4203.71794865	4210.7692307	4230.89743583	4230.12820506	4227.17948711	4228.58974352	4251.15384616	4261.28205129	4226.92307686	4228.58974352	4230.51282045	
4232.17948711	4216.15384609	4220.89743583	4208.58974352	4218.84615378	4234.10256411	4232.43589737	4228.20512814	4232.5641025	4253.97435898	4258.58974359	4228.58974352	4232.17948711	4233.84615385	
4239.48717949	4222.17948711	4232.43589737	4223.71794865	4242.05128206	4243.97435898	4236.92307693	4233.58974352	4237.17948718	4267.05128212	4267.56410264	4236.7948718	4246.02564103	4246.02564103	
4233.97435898	4217.43589737	4223.33333327	4207.43589737	4220.38461532	4235.0	4230.25641019	4226.6666666	4228.4615384	4251.15384616	4260.64102564	4229.35897429	4239.35897436	4238.84615385	
4230.64102558	4213.58974352	4212.82051275	4196.92307679	4204.35897429	4227.43589737	4228.33333327	4225.64102558	4227.94871788	4240.64102564	4251.7948718	4223.97435891	4229.35897429	4231.53846147	
4232.5641025	4215.25641019	4214.87179481	4209.10256404	4229.74358968	4235.25641026	4234.48717949	4231.28205122	4234.74358975	4250.0	4256.41025641	4230.7692307	4231.92307686	4232.94871788	
4230.38461532	4213.33333327	4217.30769224	4207.30769224	4235.64102564	4237.56410257	4233.71794865	4229.10256404	4232.17948711	4252.05128206	4260.8974359	4232.5641025	4239.87179488	4231.53846147	
4235.25641026	4214.99999993	4223.4615384	4200.12820499	4212.05128199	4229.48717942	4230.51282045	4228.97435891	4231.6666666	4254.87179488	4264.23076923	4235.64102564	4247.05128206	4237.56410257	
4247.56410257	4221.53846147	4234.48717949	4211.53846147	4216.41025634	4231.79487173	4234.35897436	4232.94871788	4234.87179488	4263.46153847	4265.38461539	4245.38461539	4251.92307693	4249.61538462	
4246.92307693	4220.64102558	4232.82051275	4218.84615378	4231.02564096	4238.58974359	4235.25641026	4230.64102558	4232.82051275	4262.17948718	4262.17948718	4246.7948718	4250.25641026	4246.53846154	
4246.02564103	4221.79487173	4233.33333327	4215.38461532	4225.51282045	4239.35897436	4239.61538462	4237.43589744	4239.10256411	4260.12820513	4270.00000007	4243.84615385	4252.17948718	4248.58974359	
4256.7948718	4233.33333327	4243.46153847	4221.28205122	4230.7692307	4246.28205129	4250.25641026	4249.87179488	4246.92307693	4266.66666674	4279.48717956	4251.53846154	4261.28205129	4261.53846154	
4255.51282052	4235.64102564	4241.15384616	4223.84615378	4236.28205129	4245.25641026	4244.74358975	4242.43589744	4238.46153847	4267.17948725	4270.00000007	4251.41025641	4258.71794872	4255.51282052	
4244.48717949	4221.15384609	4228.58974352	4214.48717942	4216.28205122	4230.51282045	4225.7692307	4225.12820506	4226.41025634	4256.66666667	4257.05128206	4238.46153847	4247.94871795	4243.07692308	
4244.48717949	4214.99999993	4227.69230763	4214.10256404	4213.84615378	4227.43589737	4225.38461532	4229.10256404	4231.15384609	4255.38461539	4259.61538462	4237.94871795	4247.56410257	4244.74358975	
4247.82051282	4226.15384609	4234.61538462	4221.79487173	4229.23076917	4237.05128206	4242.82051282	4247.17948718	4246.7948718	4269.74358982	4267.56410264	4248.33333334	4256.7948718	4249.87179488	
4245.0	4226.92307686	4233.71794865	4212.05128199	4217.17948711	4233.33333327	4242.82051282	4247.82051282	4244.87179488	4270.51282059	4266.66666674	4250.0	4260.0	4248.07692308	
4243.84615385	4218.4615384	4229.99999993	4202.5641025	4214.35897429	4232.17948711	4232.69230763	4238.33333334	4233.20512814	4257.17948718	4263.20512821	4245.51282052	4259.48717949	4246.53846154	
4249.23076923	4220.64102558	4234.35897436	4216.02564096	4237.56410257	4245.51282052	4237.56410257	4245.8974359	4238.07692308	4261.92307693	4259.87179488	4245.38461539	4260.0	4250.76923077	
4245.76923077	4223.84615378	4232.69230763	4215.89743583	4232.05128199	4242.05128206	4241.15384616	4250.0	4244.48717949	4266.02564103	4252.82051282	4241.53846154	4254.61538462	4247.43589744	
4234.23076923	4216.15384609	4221.15384609	4198.20512807	4207.5641025	4227.05128199	4227.69230763	4233.07692301	4228.71794865	4247.17948718	4245.8974359	4227.82051275	4246.15384616	4237.6923077	
4236.02564103	4213.07692301	4222.17948711	4200.89743576	4210.38461532	4228.33333327	4226.41025634	4233.71794865	4224.35897429	4245.0	4245.51282052	4217.30769224	4247.94871795	4240.25641026	
4245.76923077	4218.84615378	4231.02564096	4212.5641025	4221.53846147	4236.92307693	4243.97435898	4248.84615385	4242.82051282	4261.53846154	4247.6923077	4212.69230763	4253.20512821	4248.33333334	
4243.84615385	4219.35897429	4229.10256404	4212.69230763	4217.5641025	4234.74358975	4241.41025641	4241.02564103	4241.41025641	4256.41025641	4252.56410257	4211.92307686	4248.07692308	4243.71794872	
4241.66666667	4218.97435891	4228.58974352	4215.25641019	4215.64102558	4232.94871788	4232.43589737	4234.10256411	4232.17948711	4249.61538462	4261.02564103	4215.51282045	4249.87179488	4242.82051282	
4243.58974359	4218.97435891	4233.20512814	4214.74358968	4217.43589737	4234.87179488	4238.33333334	4243.58974359	4240.38461539	4261.66666667	4261.53846154	4210.89743583	4258.46153847	4248.84615385	
4239.35897436	4217.17948711	4232.94871788	4205.89743583	4214.87179481	4233.84615385	4240.0	4247.6923077	4249.48717949	4268.33333341	4260.76923077	4202.82051275	4257.17948718	4249.23076923	
4236.41025641	4217.05128199	4227.82051275	4203.07692301	4212.82051275	4238.07692308	4240.12820513	4242.82051282	4248.46153847	4262.43589744	4261.53846154	4205.7692307	4252.30769231	4244.10256411	
4237.43589744	4216.15384609	4219.61538455	4201.6666666	4213.58974352	4245.64102564	4245.38461539	4237.94871795	4242.30769231	4257.17948718	4253.20512821	4205.64102558	4249.74358975	4235.76923077	
4235.12820513	4216.79487173	4217.17948711	4202.30769224	4218.71794865	4247.05128206	4243.07692308	4233.33333327	4237.56410257	4254.23076923	4247.05128206	4197.30769217	4247.43589744	4236.92307693	
4232.43589737	4217.5641025	4219.87179481	4203.71794865	4216.28205122	4238.97435898	4231.92307686	4231.28205122	4232.43589737	4248.07692308	4247.43589744	4196.92307679	4245.38461539	4242.30769231	
4229.87179481	4214.48717942	4215.89743583	4197.56410243	4205.89743583	4229.48717942	4227.82051275	4230.12820506	4229.87179481	4243.58974359	4245.0	4198.71794858	4244.23076923	4234.23076923	
4232.05128199	4214.48717942	4219.74358968	4204.87179481	4210.89743583	4229.99999993	4232.5641025	4231.02564096	4232.05128199	4249.87179488	4251.92307693	4198.71794858	4246.92307693	4230.7692307	
4235.25641026	4216.79487173	4232.05128199	4217.43589737	4222.82051275	4235.76923077	4233.84615385	4231.02564096	4231.53846147	4252.17948718	4263.46153847	4206.79487173	4250.12820513	4240.8974359	
4230.25641019	4214.99999993	4229.87179481	4208.4615384	4214.61538455	4233.4615384	4225.25641019	4225.64102558	4225.7692307	4243.97435898	4261.41025641	4212.82051275	4249.61538462	4242.94871795	
4236.92307693	4217.17948711	4228.33333327	4208.33333327	4209.61538455	4231.02564096	4225.7692307	4231.02564096	4235.0	4257.43589744	4264.87179488	4216.53846147	4256.53846154	4245.76923077	
4248.07692308	4222.05128199	4235.38461539	4220.25641019	4216.92307686	4234.10256411	4235.25641026	4240.12820513	4247.94871795	4272.43589751	4271.79487187	4218.07692301	4264.74358975	4250.51282052	
4237.6923077	4217.43589737	4227.69230763	4211.41025634	4211.79487173	4230.89743583	4226.92307686	4232.05128199	4235.38461539	4256.7948718	4260.51282052	4207.82051275	4254.48717949	4237.30769231	
4233.4615384	4215.38461532	4221.53846147	4206.53846147	4212.30769224	4229.74358968	4221.28205122	4227.43589737	4226.92307686	4251.02564103	4255.12820513	4206.02564096	4251.92307693	4235.0	
4245.38461539	4220.38461532	4231.53846147	4220.51282045	4219.61538455	4232.94871788	4232.94871788	4234.35897436	4239.74358975	4265.51282052	4266.53846154	4217.5641025	4262.94871795	4250.25641026	
4246.92307693	4219.35897429	4232.5641025	4218.33333327	4214.10256404	4230.7692307	4232.82051275	4235.38461539	4244.10256411	4262.94871795	4266.15384616	4218.97435891	4261.53846154	4249.35897436	
4241.53846154	4217.69230763	4226.79487173	4213.07692301	4219.10256404	4232.30769224	4228.33333327	4236.15384616	4242.94871795	4257.56410257	4258.07692308	4214.74358968	4255.64102564	4241.15384616	
4241.15384616	4221.53846147	4231.6666666	4219.48717942	4228.84615378	4235.38461539	4232.69230763	4239.48717949	4245.12820513	4262.94871795	4264.74358975	4217.82051275	4258.46153847	4242.94871795	
4235.25641026	4220.38461532	4229.99999993	4210.89743583	4216.79487173	4230.25641019	4229.10256404	4232.82051275	4237.82051282	4253.46153847	4262.43589744	4216.15384609	4253.84615385	4235.76923077	
4230.51282045	4216.15384609	4219.74358968	4200.25641012	4215.25641019	4228.97435891	4227.17948711	4232.17948711	4235.51282052	4246.7948718	4247.43589744	4212.94871788	4245.25641026	4229.87179481	
4236.41025641	4218.97435891	4225.12820506	4211.02564096	4235.76923077	4234.74358975	4235.0	4243.71794872	4246.66666667	4264.10256411	4259.10256411	4217.69230763	4253.84615385	4240.8974359	
4235.38461539	4218.58974352	4231.92307686	4213.84615378	4235.51282052	4232.30769224	4230.64102558	4241.28205129	4247.05128206	4269.61538469	4283.84615392	4219.87179481	4264.10256411	4241.7948718	
4223.33333327	4205.12820506	4218.84615378	4195.89743576	4220.25641019	4222.82051275	4217.30769224	4226.28205122	4237.17948718	4253.97435898	4286.66666674	4217.69230763	4258.33333334	4228.33333327	
4213.4615384	4195.38461525	4204.35897429	4182.94871781	4212.82051275	4214.99999993	4212.94871788	4223.84615378	4232.5641025	4247.6923077	4275.1282052	4211.15384609	4250.0	4228.07692301	
4213.97435891	4197.05128192	4203.4615384	4180.25641012	4207.17948711	4211.79487173	4213.33333327	4224.74358968	4230.38461532	4251.15384616	4268.58974366	4202.43589737	4249.74358975	4232.5641025	
4217.69230763	4193.97435884	4206.53846147	4176.79487166	4203.84615378	4215.51282045	4210.38461532	4220.12820506	4228.20512814	4247.43589744	4265.0	4202.43589737	4250.76923077	4225.64102558	
4212.17948711	4184.61538448	4201.53846147	4168.84615371	4202.82051275	4215.38461532	4205.25641019	4213.4615384	4219.35897429	4233.20512814	4254.10256411	4202.5641025	4244.35897436	4219.23076917	
4198.58974345	4177.05128192	4187.05128192	4156.92307672	4197.56410243	4206.41025634	4199.10256397	4203.20512814	4201.79487173	4209.23076917	4228.84615378	4187.30769217	4227.5641025	4210.51282045	
4194.74358961	4177.30769217	4183.46153833	4147.05128185	4192.05128192	4203.97435891	4200.25641012	4199.35897422	4201.28205122	4202.69230763	4213.4615384	4181.28205115	4217.17948711	4203.84615378	
4218.97435891	4194.87179474	4208.4615384	4161.92307672	4204.99999993	4219.74358968	4219.35897429	4220.51282045	4228.84615378	4234.87179488	4242.94871795	4208.84615378	4240.8974359	4225.89743583	
4246.41025641	4216.79487173	4235.12820513	4196.66666653	4228.71794865	4235.0	4237.82051282	4246.41025641	4253.33333334	4272.30769238	4280.00000007	4235.38461539	4272.43589751	4258.46153847	
4251.15384616	4220.64102558	4237.05128206	4211.92307686	4235.38461539	4235.0	4236.66666667	4251.66666667	4256.28205129	4278.20512828	4283.46153853	4235.12820513	4279.10256418	4267.17948725	
4249.74358975	4218.58974352	4233.58974352	4205.64102558	4231.6666666	4233.71794865	4233.33333327	4247.6923077	4253.84615385	4270.51282059	4280.25641033	4234.23076923	4278.46153853	4263.84615385	
4245.76923077	4220.38461532	4232.69230763	4202.17948711	4233.20512814	4232.43589737	4235.0	4240.8974359	4251.02564103	4264.74358975	4279.2307693	4234.48717949	4271.923077	4258.20512821	
4232.5641025	4214.23076917	4223.07692301	4201.53846147	4231.28205122	4225.12820506	4229.74358968	4230.38461532	4244.48717949	4256.28205129	4267.69230777	4221.92307686	4254.74358975	4247.43589744	
4225.51282045	4208.07692301	4217.17948711	4193.3333332	4214.61538455	4215.7692307	4220.38461532	4227.43589737	4237.94871795	4250.25641026	4259.48717949	4215.51282045	4250.51282052	4243.07692308	
4228.58974352	4204.61538455	4216.79487173	4185.89743576	4206.6666666	4212.82051275	4214.61538455	4225.89743583	4229.48717942	4241.28205129	4259.48717949	4217.82051275	4251.28205129	4236.53846154	
4228.71794865	4205.64102558	4217.82051275	4194.87179474	4225.7692307	4225.51282045	4221.41025634	4226.41025634	4230.64102558	4237.30769231	4259.10256411	4219.87179481	4248.97435898	4232.94871788	
4232.05128199	4214.61538455	4221.92307686	4208.20512814	4237.17948718	4236.7948718	4235.76923077	4233.07692301	4243.46153847	4249.48717949	4264.74358975	4226.53846147	4257.56410257	4244.10256411	
4231.92307686	4213.07692301	4220.12820506	4197.4358973	4217.82051275	4222.94871788	4230.12820506	4233.97435898	4243.71794872	4252.56410257	4265.38461539	4227.30769224	4260.76923077	4244.61538462	
4221.41025634	4199.61538448	4212.69230763	4179.48717935	4208.71794865	4210.38461532	4218.71794865	4229.23076917	4233.4615384	4238.97435898	4252.82051282	4215.89743583	4248.46153847	4230.64102558	
4219.87179481	4199.61538448	4214.23076917	4190.76923063	4224.35897429	4226.15384609	4228.71794865	4231.15384609	4232.69230763	4240.8974359	4251.92307693	4214.35897429	4246.02564103	4230.51282045	
4229.48717942	4207.30769224	4219.48717942	4203.4615384	4223.97435891	4232.05128199	4232.43589737	4233.58974352	4236.02564103	4250.64102564	4259.48717949	4221.92307686	4251.92307693	4237.05128206	
4229.61538455	4203.97435891	4217.17948711	4188.71794858	4213.84615378	4219.10256404	4224.35897429	4231.6666666	4232.17948711	4238.07692308	4252.30769231	4219.10256404	4247.05128206	4233.4615384	
4222.05128199	4202.05128199	4216.15384609	4178.97435884	4220.25641019	4216.28205122	4227.5641025	4231.92307686	4229.99999993	4226.79487173	4245.25641026	4215.12820506	4244.35897436	4231.53846147	
4220.64102558	4201.79487173	4216.53846147	4190.25641012	4221.15384609	4219.87179481	4227.5641025	4231.41025634	4231.79487173	4233.20512814	4247.05128206	4216.28205122	4246.53846154	4232.05128199	
4225.51282045	4203.97435891	4215.7692307	4200.25641012	4218.4615384	4225.38461532	4223.07692301	4226.53846147	4233.33333327	4236.92307693	4250.0	4217.82051275	4245.51282052	4233.71794865	
4230.25641019	4212.17948711	4218.71794865	4199.48717935	4224.10256404	4229.74358968	4226.6666666	4223.84615378	4230.64102558	4236.02564103	4254.48717949	4221.6666666	4246.66666667	4239.35897436	
4226.15384609	4209.99999993	4218.97435891	4191.02564089	4215.51282045	4221.79487173	4220.51282045	4217.94871788	4219.35897429	4230.25641019	4253.71794872	4221.02564096	4248.07692308	4236.53846154	
4217.30769224	4200.89743576	4215.64102558	4184.10256397	4205.12820506	4214.48717942	4212.69230763	4209.35897429	4211.6666666	4218.71794865	4245.8974359	4215.89743583	4243.46153847	4230.51282045	
4216.53846147	4200.38461525	4216.41025634	4187.69230756	4217.05128199	4220.89743583	4216.79487173	4207.30769224	4213.33333327	4214.87179481	4246.02564103	4214.61538455	4236.53846154	4230.64102558	
4218.97435891	4201.92307686	4215.12820506	4188.3333332	4212.43589737	4214.74358968	4212.05128199	4207.82051275	4216.02564096	4217.69230763	4250.51282052	4215.12820506	4233.71794865	4227.30769224	
4212.05128199	4199.61538448	4206.53846147	4177.56410243	4188.3333332	4198.46153833	4198.07692294	4202.5641025	4212.5641025	4216.92307686	4246.28205129	4213.71794865	4232.43589737	4217.82051275	
4205.7692307	4196.02564089	4201.92307686	4172.4358973	4198.20512807	4204.99999993	4201.41025634	4198.71794858	4209.74358968	4216.28205122	4238.33333334	4213.97435891	4230.51282045	4215.7692307	
4213.84615378	4192.69230756	4203.33333327	4181.02564089	4224.87179481	4222.69230763	4213.33333327	4205.51282045	4213.07692301	4217.94871788	4232.5641025	4215.12820506	4230.12820506	4220.89743583	
4215.64102558	4193.07692294	4201.53846147	4186.79487166	4214.23076917	4217.5641025	4208.4615384	4207.43589737	4215.51282045	4216.6666666	4236.28205129	4214.48717942	4229.87179481	4220.89743583	
4204.10256404	4192.56410243	4199.61538448	4183.46153833	4187.56410243	4199.2307691	4197.17948704	4201.02564096	4215.25641019	4213.4615384	4247.56410257	4214.87179481	4229.61538455	4216.41025634	
4201.41025634	4188.07692294	4202.30769224	4183.07692294	4193.97435884	4197.94871781	4198.20512807	4201.6666666	4213.71794865	4216.53846147	4250.64102564	4217.5641025	4229.61538455	4216.6666666	
4203.97435891	4185.51282038	4201.92307686	4177.94871781	4204.23076917	4202.82051275	4197.69230756	4198.20512807	4208.20512814	4216.6666666	4239.23076923	4216.53846147	4223.58974352	4214.23076917	
4199.10256397	4184.74358961	4196.92307679	4167.56410236	4189.74358961	4196.41025628	4188.3333332	4188.07692294	4200.12820499	4203.58974352	4228.97435891	4212.30769224	4214.74358968	4203.4615384	
4204.23076917	4192.4358973	4199.2307691	4174.99999986	4187.82051269	4197.56410243	4190.38461525	4189.74358961	4201.15384609	4198.3333332	4236.28205129	4214.35897429	4220.25641019	4204.99999993	
4216.92307686	4197.30769217	4206.53846147	4189.48717935	4203.58974352	4205.7692307	4202.05128199	4201.79487173	4208.20512814	4213.71794865	4246.66666667	4219.23076917	4232.43589737	4218.97435891	
4214.23076917	4188.46153833	4205.25641019	4184.48717935	4202.30769224	4201.41025634	4201.79487173	4201.79487173	4202.69230763	4221.28205122	4244.35897436	4218.4615384	4232.17948711	4219.48717942	
4208.71794865	4186.79487166	4201.92307686	4179.61538448	4197.30769217	4202.30769224	4200.89743576	4197.17948704	4189.87179474	4216.6666666	4241.41025641	4221.79487173	4228.97435891	4218.20512814	
4215.89743583	4200.38461525	4211.28205122	4191.15384602	4206.6666666	4214.48717942	4206.79487173	4206.79487173	4186.92307679	4226.15384609	4248.97435898	4231.92307686	4239.23076923	4230.12820506	
4221.6666666	4206.02564096	4218.58974352	4193.71794858	4203.58974352	4210.64102558	4208.71794865	4215.12820506	4190.89743576	4233.58974352	4254.23076923	4235.38461539	4246.66666667	4234.35897436	
4212.69230763	4195.25641012	4209.99999993	4184.10256397	4196.41025628	4199.87179474	4204.10256404	4209.35897429	4187.82051269	4221.41025634	4246.41025641	4231.92307686	4237.30769231	4222.17948711	
4202.05128199	4185.76923063	4199.35897422	4181.41025628	4201.92307686	4204.87179481	4199.74358961	4201.02564096	4182.94871781	4216.53846147	4240.51282052	4229.99999993	4228.71794865	4213.71794865	
4206.41025634	4192.17948704	4203.4615384	4187.30769217	4204.74358968	4213.97435891	4205.12820506	4207.5641025	4190.12820499	4227.17948711	4246.41025641	4230.25641019	4233.20512814	4216.02564096	
4217.82051275	4201.28205122	4209.87179481	4189.48717935	4207.17948711	4217.69230763	4217.17948711	4222.43589737	4203.07692301	4237.05128206	4247.82051282	4233.33333327	4237.56410257	4223.58974352	
4216.02564096	4194.10256397	4204.35897429	4179.87179474	4208.20512814	4215.64102558	4214.74358968	4219.99999993	4202.17948711	4234.10256411	4235.51282052	4230.12820506	4232.17948711	4221.53846147	
4203.58974352	4183.46153833	4196.28205115	4172.05128192	4201.28205122	4209.48717942	4201.28205122	4202.82051275	4186.79487166	4220.89743583	4226.92307686	4217.43589737	4227.05128199	4207.30769224	
4199.61538448	4184.87179474	4196.02564089	4175.64102551	4202.69230763	4212.43589737	4201.79487173	4198.07692294	4182.69230756	4214.87179481	4232.94871788	4214.99999993	4226.41025634	4201.6666666	
4202.30769224	4185.76923063	4193.07692294	4175.25641012	4204.35897429	4212.17948711	4208.33333327	4204.87179481	4188.71794858	4221.15384609	4233.71794865	4220.12820506	4223.97435891	4205.51282045	
4199.48717935	4182.69230756	4182.30769217	4165.51282031	4184.35897422	4194.48717935	4199.48717935	4199.74358961	4183.84615371	4213.07692301	4218.58974352	4214.87179481	4217.17948711	4199.74358961	
4198.07692294	4182.30769217	4185.64102551	4166.92307672	4177.69230756	4190.51282038	4193.3333332	4195.25641012	4178.97435884	4198.46153833	4213.33333327	4212.43589737	4215.64102558	4195.25641012	
4201.92307686	4184.48717935	4196.92307679	4174.10256397	4199.74358961	4204.23076917	4201.6666666	4204.87179481	4186.28205115	4206.53846147	4227.94871788	4220.38461532	4220.51282045	4202.30769224	
4200.51282038	4187.94871781	4193.58974345	4169.48717935	4208.58974352	4205.64102558	4204.87179481	4207.05128199	4190.89743576	4221.79487173	4234.48717949	4220.64102558	4220.38461532	4204.23076917	
4196.41025628	4183.07692294	4184.10256397	4167.43589723	4198.07692294	4198.46153833	4193.84615371	4194.2307691	4184.61538448	4214.87179481	4221.02564096	4213.84615378	4216.28205122	4197.94871781	
4198.71794858	4176.02564089	4184.61538448	4174.48717935	4195.76923063	4202.05128199	4191.15384602	4191.02564089	4182.17948704	4203.71794865	4218.20512814	4215.12820506	4218.33333327	4198.46153833	
4202.17948711	4180.38461525	4190.38461525	4178.07692294	4196.79487166	4206.41025634	4202.69230763	4202.05128199	4187.69230756	4208.33333327	4228.20512814	4218.07692301	4220.38461532	4202.69230763	
4197.56410243	4182.4358973	4187.4358973	4171.5384614	4185.51282038	4200.89743576	4199.87179474	4199.87179474	4187.82051269	4209.74358968	4223.33333327	4214.74358968	4216.15384609	4198.71794858	
4190.12820499	4172.82051269	4181.66666653	4163.97435877	4183.97435884	4195.76923063	4186.92307679	4190.12820499	4186.66666653	4204.99999993	4215.12820506	4210.64102558	4213.97435891	4193.20512807	
4187.05128192	4168.46153833	4182.4358973	4163.205128	4187.94871781	4198.20512807	4191.02564089	4194.87179474	4188.71794858	4201.53846147	4217.94871788	4209.10256404	4213.20512814	4195.38461525	
4191.02564089	4176.41025628	4185.25641012	4164.1025639	4172.94871781	4197.69230756	4199.35897422	4199.10256397	4188.46153833	4198.84615371	4218.07692301	4210.64102558	4210.38461532	4197.82051269	
4198.07692294	4183.3333332	4186.15384602	4167.3076921	4173.58974345	4198.84615371	4197.05128192	4197.17948704	4193.3333332	4205.38461532	4218.71794865	4215.38461532	4213.33333327	4201.53846147	
4202.30769224	4185.89743576	4190.25641012	4173.71794858	4203.97435891	4211.79487173	4202.82051275	4209.87179481	4205.89743583	4219.10256404	4229.10256404	4219.35897429	4220.25641019	4209.61538455	
4201.41025634	4183.97435884	4192.4358973	4174.10256397	4207.94871788	4213.07692301	4209.10256404	4217.5641025	4207.5641025	4223.20512814	4229.48717942	4218.71794865	4219.10256404	4209.87179481	
4198.46153833	4175.89743576	4185.12820499	4168.3333332	4185.12820499	4194.35897422	4197.05128192	4203.84615378	4199.61538448	4213.33333327	4223.07692301	4216.6666666	4210.89743583	4200.38461525	
4198.97435884	4171.5384614	4183.97435884	4170.51282038	4187.94871781	4192.56410243	4192.4358973	4199.10256397	4203.33333327	4209.48717942	4228.71794865	4219.35897429	4211.53846147	4200.64102551	
4195.38461525	4174.61538448	4185.64102551	4175.89743576	4190.89743576	4196.79487166	4196.92307679	4200.89743576	4203.20512814	4202.94871788	4228.20512814	4218.84615378	4211.15384609	4201.02564096	
4192.56410243	4180.38461525	4183.71794858	4174.2307691	4177.94871781	4185.64102551	4193.07692294	4194.74358961	4196.28205115	4194.35897422	4221.79487173	4216.28205122	4205.64102558	4198.20512807	
4202.17948711	4186.28205115	4194.87179474	4182.69230756	4195.51282038	4192.4358973	4198.07692294	4199.2307691	4205.12820506	4207.94871788	4229.61538455	4227.5641025	4208.97435891	4208.84615378	
4207.17948711	4187.05128192	4200.12820499	4189.99999986	4203.4615384	4203.20512814	4202.30769224	4203.84615378	4210.89743583	4215.51282045	4229.87179481	4233.20512814	4210.25641019	4213.58974352	
4194.99999986	4179.35897422	4183.07692294	4176.66666653	4174.74358961	4188.58974345	4188.07692294	4187.4358973	4197.05128192	4195.25641012	4209.99999993	4216.6666666	4198.07692294	4197.17948704	
4194.87179474	4182.30769217	4183.84615371	4175.38461525	4178.97435884	4187.56410243	4185.64102551	4179.87179474	4193.97435884	4188.46153833	4212.17948711	4211.92307686	4193.97435884	4193.46153833	
4209.35897429	4196.66666653	4202.94871788	4193.71794858	4211.53846147	4206.41025634	4200.51282038	4195.38461525	4211.28205122	4205.89743583	4229.87179481	4229.87179481	4203.71794865	4206.53846147	
4208.97435891	4192.94871781	4202.17948711	4196.41025628	4204.48717942	4203.58974352	4201.28205122	4202.69230763	4217.17948711	4207.05128199	4224.61538455	4234.23076923	4206.6666666	4208.84615378	
4203.58974352	4184.87179474	4195.12820499	4186.15384602	4183.84615371	4194.48717935	4196.41025628	4198.84615371	4212.17948711	4202.5641025	4214.61538455	4225.25641019	4201.79487173	4202.43589737	
4209.35897429	4192.94871781	4201.41025634	4185.51282038	4194.35897422	4201.53846147	4199.87179474	4200.38461525	4214.48717942	4212.82051275	4218.97435891	4225.64102558	4200.38461525	4203.4615384	
4214.48717942	4195.64102551	4202.94871788	4189.48717935	4203.20512814	4205.89743583	4201.28205122	4202.94871788	4214.87179481	4211.53846147	4220.64102558	4228.71794865	4207.5641025	4209.99999993	
4212.5641025	4192.94871781	4201.6666666	4194.2307691	4197.30769217	4203.20512814	4202.94871788	4203.07692301	4213.33333327	4205.89743583	4217.30769224	4229.87179481	4213.20512814	4216.41025634	
4211.02564096	4195.89743576	4202.43589737	4196.66666653	4198.07692294	4201.41025634	4203.71794865	4201.28205122	4214.48717942	4204.48717942	4217.5641025	4231.6666666	4207.17948711	4216.28205122	
4215.89743583	4194.74358961	4198.97435884	4191.5384614	4197.17948704	4202.05128199	4201.92307686	4199.74358961	4216.6666666	4203.71794865	4218.58974352	4232.43589737	4207.05128199	4212.5641025	
4215.38461532	4188.97435884	4198.97435884	4189.99999986	4190.25641012	4203.33333327	4202.30769224	4200.76923063	4215.64102558	4209.10256404	4219.48717942	4232.69230763	4213.33333327	4209.87179481	
4204.48717942	4186.5384614	4198.46153833	4188.07692294	4187.4358973	4197.30769217	4198.97435884	4199.74358961	4212.82051275	4207.30769224	4217.82051275	4230.25641019	4204.61538455	4200.76923063	
4204.87179481	4188.07692294	4196.79487166	4186.5384614	4194.99999986	4199.99999986	4200.12820499	4200.51282038	4215.89743583	4206.28205122	4217.30769224	4229.35897429	4199.48717935	4200.89743576	
4215.7692307	4192.05128192	4201.02564096	4193.07692294	4203.97435891	4211.6666666	4208.33333327	4205.12820506	4221.28205122	4215.12820506	4221.15384609	4232.82051275	4209.87179481	4214.99999993	
4206.79487173	4189.2307691	4197.56410243	4191.5384614	4196.92307679	4208.20512814	4204.74358968	4204.10256404	4217.82051275	4212.30769224	4216.53846147	4228.84615378	4209.10256404	4210.7692307	
4196.02564089	4185.64102551	4191.02564089	4184.10256397	4189.2307691	4202.17948711	4200.25641012	4202.43589737	4215.7692307	4205.12820506	4210.7692307	4222.69230763	4201.28205122	4198.20512807	
4209.10256404	4197.05128192	4197.17948704	4190.51282038	4197.56410243	4212.17948711	4210.7692307	4207.30769224	4221.15384609	4214.74358968	4216.02564096	4228.84615378	4204.23076917	4208.84615378	
4216.79487173	4202.43589737	4204.99999993	4198.71794858	4201.15384609	4216.6666666	4215.38461532	4206.6666666	4219.99999993	4218.84615378	4218.33333327	4233.84615385	4210.38461532	4219.74358968	
4214.10256404	4198.46153833	4206.15384609	4197.69230756	4199.87179474	4212.5641025	4210.89743583	4207.94871788	4221.92307686	4213.4615384	4216.6666666	4231.79487173	4214.87179481	4215.25641019	
4221.41025634	4205.51282045	4210.25641019	4203.97435891	4213.4615384	4220.64102558	4219.10256404	4219.99999993	4235.12820513	4223.33333327	4224.23076917	4236.53846154	4219.23076917	4218.71794865	
4209.74358968	4196.66666653	4198.20512807	4196.28205115	4208.84615378	4217.17948711	4214.74358968	4210.51282045	4221.6666666	4214.74358968	4211.79487173	4227.5641025	4207.30769224	4210.51282045	
4164.23076903	4153.33333313	4154.61538441	4146.02564082	4160.25641005	4182.30769217	4176.15384602	4167.17948697	4173.58974345	4162.56410236	4155.64102544	4186.92307679	4164.61538441	4166.02564082	
