4070.51282017	4065.89743548	4096.92307658	4064.6153842	4078.20512786	4080.25640991	4078.33333299	4078.20512786	4151.41025621	4109.61538434	4088.33333299	4044.99999959	4119.8717946	4181.15384602	
4072.30769196	4066.92307651	4095.12820478	4066.53846113	4083.33333299	4084.7435894	4080.51282017	4080.25640991	4155.89743569	4108.58974332	4088.07692273	4049.74358933	4121.79487152	4178.20512807	
4072.05128171	4069.10256369	4093.20512786	4069.48717907	4086.92307658	4088.97435863	4085.25640991	4083.97435863	4158.97435877	4107.56410229	4086.02564068	4048.46153805	4122.69230742	4174.48717935	
4074.48717914	4069.6153842	4093.46153812	4068.07692266	4083.58974325	4086.92307658	4086.92307658	4085.38461504	4159.23076903	4107.43589716	4080.6410253	4044.23076882	4115.25640998	4171.66666653	
4074.87179453	4065.38461497	4090.25640991	4059.35897395	4080.38461504	4083.97435863	4082.82051248	4077.43589709	4156.28205108	4105.7692305	4078.33333299	4038.46153805	4112.05128178	4162.94871774	
4072.69230735	4062.94871754	4089.23076889	4056.53846113	4080.76923043	4086.41025607	4083.07692273	4074.48717914	4158.71794851	4104.74358947	4080.25640991	4037.94871754	4118.33333306	4153.97435877	
4071.92307658	4062.17948677	4091.53846119	4060.76923036	4080.6410253	4087.05128171	4084.87179453	4081.66666632	4160.51282031	4104.48717921	4078.33333299	4039.87179446	4118.33333306	4152.05128185	
4071.28205094	4061.02564061	4091.28205094	4061.410256	4079.23076889	4085.51282017	4084.61538427	4082.94871761	4159.61538441	4104.48717921	4079.61538427	4038.07692266	4113.58974332	4152.3076921	
4069.23076882	4059.6153842	4089.99999966	4057.56410215	4075.12820478	4086.15384581	4085.25640991	4078.07692273	4159.35897415	4104.74358947	4087.43589709	4037.69230728	4112.17948691	4150.25641005	
4065.5128201	4058.58974318	4090.89743555	4055.89743548	4071.92307658	4084.48717914	4085.38461504	4076.28205094	4158.84615364	4106.66666639	4090.89743555	4039.87179446	4114.10256383	4146.53846133	
4061.53846113	4058.07692266	4091.02564068	4057.94871754	4074.23076889	4082.05128171	4084.7435894	4074.87179453	4160.51282031	4107.43589716	4089.61538427	4039.99999959	4114.23076896	4141.66666646	
4066.28205087	4058.07692266	4092.94871761	4060.76923036	4080.51282017	4082.17948684	4084.99999966	4073.8461535	4164.9999998	4105.7692305	4091.53846119	4043.07692266	4111.15384588	4137.69230749	
4075.25640991	4059.99999959	4093.46153812	4062.69230728	4084.10256376	4084.48717914	4089.87179453	4078.8461535	4170.76923063	4109.74358947	4098.71794837	4050.12820472	4112.94871767	4138.84615364	
4076.79487145	4065.64102523	4092.56410222	4066.66666625	4086.41025607	4089.87179453	4097.43589709	4086.28205094	4178.46153833	4118.58974332	4106.15384588	4055.12820472	4122.82051255	4141.53846133	
4076.02564068	4071.53846119	4095.38461504	4073.07692273	4089.48717914	4095.6410253	4100.25640991	4090.89743555	4187.56410243	4124.10256383	4112.05128178	4057.43589702	4128.20512793	4142.05128185	
4079.35897402	4071.02564068	4095.76923043	4072.69230735	4089.7435894	4094.48717914	4100.12820478	4093.8461535	4189.99999986	4124.99999973	4114.48717921	4057.69230728	4123.46153819	4139.74358954	
4080.51282017	4070.12820478	4090.38461504	4068.84615343	4089.61538427	4093.07692273	4101.79487145	4091.15384581	4184.61538448	4123.58974332	4112.56410229	4055.38461497	4117.94871767	4127.82051255	
4076.79487145	4072.17948684	4087.43589709	4069.48717907	4087.82051248	4091.02564068	4099.10256376	4082.05128171	4179.35897422	4118.9743587	4109.23076896	4052.17948677	4114.8717946	4116.41025614	
4076.41025607	4067.94871754	4088.46153812	4069.87179453	4083.46153812	4086.02564068	4093.33333299	4081.92307658	4181.79487166	4116.02564075	4108.9743587	4049.10256369	4112.17948691	4115.51282024	
4078.07692273	4066.28205087	4088.97435863	4066.92307651	4087.69230735	4089.99999966	4098.20512786	4091.15384581	4189.61538448	4122.17948691	4113.58974332	4048.97435856	4114.99999973	4117.69230742	
4075.76923043	4070.38461504	4089.10256376	4067.43589702	4094.99999966	4095.76923043	4104.23076896	4092.17948684	4193.58974345	4122.05128178	4115.38461511	4050.64102523	4117.94871767	4115.12820485	
4074.23076889	4070.51282017	4088.46153812	4071.02564068	4088.58974325	4092.94871761	4099.48717914	4088.33333299	4192.17948704	4113.0769228	4113.58974332	4049.99999959	4113.46153819	4110.51282024	
4078.71794837	4070.51282017	4088.58974325	4068.58974318	4084.23076889	4092.56410222	4098.20512786	4090.12820478	4193.20512807	4118.0769228	4118.46153819	4051.410256	4110.25640998	4110.51282024	
4081.92307658	4073.46153812	4091.66666632	4062.94871754	4091.15384581	4096.02564068	4103.71794844	4092.30769196	4196.41025628	4127.05128178	4126.79487152	4058.58974318	4113.71794844	4109.74358947	
4078.46153812	4072.94871761	4092.30769196	4064.87179446	4092.30769196	4096.28205094	4103.9743587	4090.76923043	4193.3333332	4123.0769228	4126.53846126	4060.76923036	4112.30769203	4102.05128171	
4078.46153812	4073.71794837	4089.87179453	4069.87179453	4093.46153812	4098.8461535	4100.76923043	4088.33333299	4189.99999986	4118.71794844	4122.17948691	4054.6153842	4104.74358947	4094.35897402	
4083.58974325	4078.58974325	4092.82051248	4073.20512786	4099.87179453	4102.69230742	4102.94871767	4086.66666632	4194.99999986	4120.64102537	4119.99999973	4052.05128164	4105.12820485	4095.51282017	
4085.51282017	4080.6410253	4097.17948684	4076.41025607	4097.05128171	4101.53846119	4104.8717946	4085.12820478	4197.17948704	4118.58974332	4117.69230742	4056.02564061	4106.79487152	4096.53846119	
4084.61538427	4078.71794837	4094.61538427	4077.43589709	4095.12820478	4101.41025607	4102.17948684	4086.53846119	4192.4358973	4118.33333306	4117.82051255	4057.69230728	4102.69230742	4087.69230735	
4088.33333299	4078.58974325	4092.17948684	4077.82051248	4103.9743587	4106.53846126	4104.23076896	4090.6410253	4196.02564089	4121.92307665	4122.05128178	4059.35897395	4103.46153819	4079.87179453	
4092.82051248	4082.17948684	4096.28205094	4084.99999966	4105.89743562	4110.7692305	4109.61538434	4094.99999966	4207.43589737	4123.9743587	4124.10256383	4064.6153842	4105.64102537	4080.76923043	
4090.89743555	4087.17948684	4100.25640991	4091.02564068	4104.10256383	4111.53846126	4112.43589716	4098.07692273	4213.4615384	4130.7692305	4127.82051255	4071.41025607	4106.02564075	4083.46153812	
4089.87179453	4088.58974325	4098.97435863	4092.69230735	4110.25640998	4112.17948691	4114.99999973	4101.02564068	4215.64102558	4137.43589723	4136.02564082	4075.51282017	4107.69230742	4082.05128171	
4096.79487145	4091.79487145	4101.79487145	4103.84615357	4120.89743562	4118.9743587	4123.71794844	4109.74358947	4221.79487173	4142.94871774	4145.51282031	4079.87179453	4113.58974332	4085.38461504	
4103.84615357	4098.8461535	4108.33333306	4116.28205101	4125.7692305	4127.05128178	4130.89743562	4117.17948691	4229.61538455	4151.28205108	4150.89743569	4089.35897402	4118.46153819	4089.61538427	
4105.51282024	4102.82051255	4110.64102537	4118.46153819	4124.23076896	4127.17948691	4133.33333306	4117.17948691	4234.10256411	4155.76923056	4154.9999998	4096.79487145	4119.10256383	4078.33333299	
4107.30769203	4103.84615357	4114.10256383	4120.51282024	4128.33333306	4128.58974332	4137.56410236	4119.48717921	4236.92307693	4158.71794851	4162.3076921	4100.76923043	4121.79487152	4062.56410215	
4109.35897408	4104.99999973	4116.92307665	4122.56410229	4135.25640998	4130.89743562	4136.15384595	4123.46153819	4239.10256411	4161.79487159	4165.64102544	4104.10256383	4127.30769203	4057.56410215	
4110.51282024	4105.89743562	4116.15384588	4122.05128178	4135.38461518	4125.89743562	4130.25640998	4123.20512793	4240.12820513	4164.23076903	4163.46153826	4107.82051255	4130.38461511	4059.74358933	
4114.8717946	4106.28205101	4119.23076896	4128.58974332	4133.84615357	4123.0769228	4133.84615357	4123.71794844	4241.28205129	4166.15384595	4163.84615364	4111.53846126	4131.02564075	4068.33333292	
4121.92307665	4113.20512793	4126.79487152	4139.48717928	4139.23076903	4128.58974332	4143.71794851	4128.58974332	4245.8974359	4171.92307679	4169.2307691	4118.71794844	4133.84615357	4085.76923043	
4129.10256383	4121.79487152	4128.84615357	4141.53846133	4144.1025639	4133.0769228	4146.15384595	4132.94871767	4253.46153847	4179.2307691	4176.15384602	4126.66666639	4139.35897415	4099.48717914	
4137.82051262	4124.35897408	4130.38461511	4145.76923056	4147.94871774	4136.28205108	4147.17948697	4140.25641005	4262.17948718	4185.25641012	4184.87179474	4134.23076896	4147.05128185	4107.43589716	
4141.92307672	4125.7692305	4134.23076896	4154.9999998	4156.92307672	4145.38461518	4152.94871774	4148.07692287	4268.46153853	4189.48717935	4189.74358961	4138.205128	4153.58974339	4117.94871767	
4135.25640998	4122.82051255	4131.02564075	4151.66666646	4158.33333313	4150.38461518	4154.61538441	4146.53846133	4263.20512821	4188.3333332	4185.64102551	4131.02564075	4151.41025621	4121.79487152	
4126.28205101	4119.48717921	4127.30769203	4146.41025621	4156.92307672	4151.92307672	4156.41025621	4142.82051262	4254.23076923	4181.79487166	4178.20512807	4124.23076896	4141.92307672	4114.61538434	
4124.23076896	4121.92307665	4129.74358947	4150.89743569	4164.61538441	4161.28205108	4162.05128185	4143.84615364	4253.33333334	4174.61538448	4171.79487166	4124.8717946	4135.38461518	4113.84615357	
4126.79487152	4124.61538434	4130.25640998	4153.97435877	4167.56410236	4165.76923056	4165.51282031	4150.25641005	4257.05128206	4175.25641012	4173.3333332	4127.43589716	4140.89743569	4124.74358947	
4126.15384588	4121.66666639	4128.84615357	4151.02564082	4158.84615364	4154.74358954	4162.17948697	4154.61538441	4263.20512821	4186.02564089	4182.94871781	4129.8717946	4150.25641005	4134.8717946	
4123.71794844	4122.43589716	4131.15384588	4150.64102544	4157.3076921	4148.205128	4161.53846133	4152.94871774	4272.43589751	4194.87179474	4188.46153833	4133.71794844	4152.82051262	4143.07692287	
4128.33333306	4126.92307665	4133.46153819	4156.02564082	4168.07692287	4157.05128185	4169.35897422	4155.12820492	4278.33333341	4199.10256397	4188.07692294	4138.205128	4158.58974339	4153.58974339	
4136.15384595	4130.64102537	4133.33333306	4160.89743569	4172.56410243	4160.51282031	4169.10256397	4156.92307672	4276.0256411	4200.51282038	4185.38461525	4142.82051262	4163.71794851	4158.58974339	
4136.15384595	4135.12820485	4133.20512793	4158.07692287	4167.94871774	4155.38461518	4159.87179467	4151.92307672	4273.97435905	4198.97435884	4180.89743576	4146.15384595	4158.07692287	4159.9999998	
4132.94871767	4134.99999973	4133.9743587	4152.17948697	4163.205128	4151.79487159	4157.94871774	4150.25641005	4275.25641033	4198.97435884	4179.35897422	4146.28205108	4156.28205108	4168.71794858	
4136.79487159	4132.17948691	4134.61538434	4154.74358954	4164.48717928	4152.43589723	4162.05128185	4155.76923056	4277.56410264	4202.30769224	4182.17948704	4148.97435877	4162.17948697	4179.48717935	
4140.38461518	4133.46153819	4132.05128178	4160.51282031	4170.64102551	4155.64102544	4162.3076921	4156.02564082	4280.00000007	4201.53846147	4180.76923063	4148.71794851	4160.89743569	4184.35897422	
4137.69230749	4136.92307672	4132.82051255	4163.84615364	4172.94871781	4158.97435877	4163.71794851	4153.46153826	4277.94871802	4198.84615371	4176.79487166	4146.92307672	4156.02564082	4186.15384602	
4138.07692287	4138.33333313	4138.07692287	4167.69230749	4172.94871781	4160.89743569	4166.66666646	4161.92307672	4278.33333341	4204.35897429	4182.69230756	4148.07692287	4158.71794851	4192.82051269	
4140.12820492	4138.71794851	4140.38461518	4169.2307691	4175.12820499	4161.66666646	4165.64102544	4170.25641012	4281.53846161	4211.79487173	4190.76923063	4151.79487159	4163.58974339	4201.92307686	
4139.74358954	4141.28205108	4139.74358954	4168.3333332	4175.76923063	4163.46153826	4165.64102544	4168.84615371	4282.43589751	4211.92307686	4188.97435884	4157.94871774	4164.1025639	4207.5641025	
4140.89743569	4139.35897415	4139.48717928	4167.94871774	4173.58974345	4162.17948697	4166.79487159	4167.82051262	4283.58974366	4210.51282045	4185.89743576	4160.89743569	4160.89743569	4207.43589737	
4138.07692287	4132.69230742	4137.43589723	4166.15384595	4170.76923063	4155.51282031	4163.205128	4165.12820492	4281.15384623	4207.69230763	4186.41025628	4156.02564082	4154.74358954	4201.53846147	
4127.56410229	4131.41025614	4134.74358947	4165.12820492	4163.07692287	4146.28205108	4157.3076921	4157.17948697	4271.53846161	4200.12820499	4182.94871781	4149.23076903	4148.46153826	4193.20512807	
4124.35897408	4133.71794844	4135.51282031	4166.28205108	4155.89743569	4144.35897415	4155.76923056	4151.53846133	4264.74358975	4195.64102551	4179.48717935	4149.74358954	4148.46153826	4189.99999986	
4132.43589716	4130.7692305	4135.64102544	4163.71794851	4157.05128185	4146.41025621	4155.76923056	4148.07692287	4262.05128206	4193.07692294	4175.89743576	4149.61538441	4146.02564082	4190.64102551	
4137.69230749	4130.38461511	4136.41025621	4161.28205108	4163.97435877	4145.64102544	4157.3076921	4143.97435877	4259.23076923	4187.94871781	4171.5384614	4147.43589723	4139.9999998	4187.30769217	
4137.94871774	4138.33333313	4140.12820492	4170.12820499	4166.15384595	4148.46153826	4160.89743569	4149.48717928	4262.05128206	4191.5384614	4176.5384614	4153.07692287	4145.12820492	4188.3333332	
4136.28205108	4139.61538441	4140.38461518	4174.48717935	4163.58974339	4151.53846133	4159.61538441	4153.84615364	4262.30769231	4197.94871781	4183.3333332	4157.17948697	4151.66666646	4193.07692294	
4136.53846133	4135.25640998	4139.35897415	4167.82051262	4164.48717928	4152.56410236	4154.48717928	4144.74358954	4258.71794872	4195.76923063	4182.94871781	4156.79487159	4147.69230749	4192.82051269	
4138.46153826	4140.12820492	4142.17948697	4170.64102551	4168.07692287	4152.82051262	4152.3076921	4138.84615364	4256.66666667	4192.56410243	4182.69230756	4159.61538441	4144.87179467	4191.5384614	
4134.74358947	4142.05128185	4143.07692287	4173.46153833	4165.38461518	4150.12820492	4149.74358954	4135.89743569	4249.10256411	4189.87179474	4176.02564089	4157.69230749	4144.35897415	4191.92307679	
4125.64102537	4132.69230742	4138.07692287	4161.66666646	4157.17948697	4144.35897415	4148.07692287	4128.9743587	4239.10256411	4180.38461525	4163.46153826	4147.69230749	4137.3076921	4192.05128192	
4122.56410229	4130.7692305	4137.43589723	4159.23076903	4158.71794851	4142.82051262	4152.3076921	4128.84615357	4234.74358975	4175.38461525	4162.05128185	4146.53846133	4133.46153819	4191.02564089	
4124.8717946	4137.3076921	4139.74358954	4164.87179467	4163.84615364	4146.79487159	4153.58974339	4136.79487159	4234.10256411	4178.97435884	4166.79487159	4151.79487159	4135.38461518	4189.61538448	
4124.10256383	4136.02564082	4137.05128185	4159.9999998	4158.205128	4144.35897415	4150.12820492	4138.71794851	4231.92307686	4176.41025628	4162.05128185	4147.43589723	4134.10256383	4184.48717935	
4123.58974332	4133.20512793	4135.64102544	4159.35897415	4152.05128185	4138.205128	4148.33333313	4133.20512793	4228.84615378	4172.4358973	4157.82051262	4144.48717928	4134.61538434	4182.56410243	
4125.64102537	4135.64102544	4135.76923056	4164.61538441	4155.51282031	4137.94871774	4147.69230749	4132.05128178	4228.20512814	4175.76923063	4162.94871774	4150.89743569	4136.02564082	4186.5384614	
4126.79487152	4131.66666639	4133.71794844	4159.87179467	4157.82051262	4141.79487159	4147.3076921	4132.82051255	4230.64102558	4177.69230756	4166.79487159	4153.33333313	4133.9743587	4187.30769217	
4126.41025614	4125.64102537	4131.41025614	4155.38461518	4153.46153826	4141.28205108	4147.56410236	4130.51282024	4226.79487173	4174.99999986	4163.33333313	4149.23076903	4131.66666639	4179.74358961	
4122.82051255	4124.74358947	4127.17948691	4153.07692287	4148.58974339	4136.92307672	4147.05128185	4126.53846126	4219.23076917	4173.71794858	4160.51282031	4146.53846133	4133.71794844	4169.61538448	
4120.25640998	4122.17948691	4123.46153819	4148.46153826	4146.41025621	4133.58974332	4146.79487159	4127.69230742	4221.53846147	4176.28205115	4162.43589723	4148.07692287	4136.28205108	4169.74358961	
4123.20512793	4123.46153819	4124.99999973	4150.51282031	4148.84615364	4133.20512793	4148.58974339	4134.48717921	4225.25641019	4178.58974345	4164.48717928	4152.94871774	4138.46153826	4177.4358973	
4126.53846126	4127.82051255	4124.8717946	4152.05128185	4146.41025621	4129.8717946	4147.17948697	4133.84615357	4216.53846147	4176.28205115	4162.43589723	4154.61538441	4137.17948697	4178.84615371	
4124.10256383	4123.9743587	4118.71794844	4147.3076921	4137.82051262	4122.82051255	4142.69230749	4124.74358947	4206.28205122	4170.51282038	4157.43589723	4149.35897415	4131.02564075	4171.66666653	
4122.30769203	4121.66666639	4117.56410229	4145.89743569	4136.92307672	4123.33333306	4138.97435877	4120.38461511	4207.94871788	4166.28205108	4152.17948697	4143.84615364	4125.51282024	4164.9999998	
4122.30769203	4125.12820485	4119.23076896	4145.64102544	4140.25641005	4128.0769228	4139.48717928	4123.0769228	4209.48717942	4164.23076903	4149.9999998	4142.43589723	4124.8717946	4162.3076921	
4120.12820485	4123.84615357	4115.7692305	4146.79487159	4140.12820492	4126.15384588	4141.15384595	4124.10256383	4205.25641019	4164.61538441	4150.76923056	4142.05128185	4129.35897408	4159.61538441	
4120.12820485	4122.56410229	4116.66666639	4154.1025639	4143.205128	4126.15384588	4138.71794851	4124.35897408	4205.38461532	4167.56410236	4151.79487159	4141.53846133	4132.17948691	4155.89743569	
4122.43589716	4126.02564075	4118.71794844	4156.02564082	4145.51282031	4130.25640998	4136.92307672	4125.89743562	4209.99999993	4169.48717935	4151.53846133	4143.46153826	4132.17948691	4150.12820492	
4121.66666639	4126.28205101	4113.46153819	4150.12820492	4141.79487159	4131.79487152	4141.15384595	4124.23076896	4211.53846147	4163.07692287	4146.28205108	4142.94871774	4133.9743587	4142.94871774	
4116.15384588	4123.20512793	4112.69230742	4148.205128	4139.87179467	4133.58974332	4145.51282031	4120.12820485	4210.38461532	4158.205128	4139.1025639	4137.69230749	4134.74358947	4136.02564082	
4109.99999973	4123.9743587	4114.61538434	4150.51282031	4141.79487159	4136.02564082	4142.56410236	4122.17948691	4213.33333327	4164.1025639	4139.1025639	4133.58974332	4131.66666639	4130.64102537	
4107.05128178	4123.46153819	4110.89743562	4150.89743569	4141.53846133	4134.35897408	4136.66666646	4129.8717946	4217.82051275	4170.25641012	4145.25641005	4134.23076896	4133.33333306	4127.05128178	
4110.64102537	4123.71794844	4110.51282024	4149.48717928	4140.38461518	4131.02564075	4137.82051262	4131.92307665	4221.6666666	4169.35897422	4152.05128185	4138.46153826	4140.76923056	4127.17948691	
4117.82051255	4125.7692305	4113.20512793	4151.28205108	4139.74358954	4132.94871767	4142.94871774	4129.35897408	4221.02564096	4170.38461525	4154.35897415	4141.53846133	4139.48717928	4124.8717946	
4121.53846126	4125.89743562	4111.66666639	4157.17948697	4144.1025639	4137.82051262	4146.79487159	4132.56410229	4218.20512814	4172.17948704	4153.71794851	4143.33333313	4135.64102544	4114.35897408	
4122.05128178	4128.46153819	4109.99999973	4158.07692287	4151.66666646	4141.92307672	4152.17948697	4138.46153826	4220.38461532	4170.38461525	4157.56410236	4144.1025639	4140.51282031	4108.20512793	
4123.58974332	4134.23076896	4113.58974332	4158.205128	4155.89743569	4147.3076921	4158.84615364	4138.71794851	4226.02564096	4175.51282038	4165.12820492	4146.15384595	4150.76923056	4109.8717946	
4125.64102537	4139.1025639	4117.43589716	4166.66666646	4158.46153826	4151.41025621	4155.89743569	4141.15384595	4229.10256404	4182.4358973	4170.51282038	4150.89743569	4158.46153826	4109.10256383	
4123.9743587	4134.10256383	4117.05128178	4167.17948697	4155.89743569	4146.15384595	4148.07692287	4142.43589723	4224.10256404	4179.87179474	4168.84615371	4154.61538441	4155.38461518	4102.56410229	
4121.41025614	4124.10256383	4114.23076896	4156.02564082	4147.3076921	4138.205128	4146.79487159	4136.15384595	4220.12820506	4174.61538448	4166.66666646	4152.82051262	4150.76923056	4097.17948684	
4122.43589716	4125.38461511	4113.33333306	4155.89743569	4145.25641005	4139.74358954	4147.82051262	4136.02564082	4222.43589737	4175.89743576	4167.82051262	4149.9999998	4153.205128	4094.10256376	
4125.51282024	4135.51282031	4117.43589716	4163.58974339	4151.66666646	4141.53846133	4149.61538441	4139.87179467	4221.02564096	4176.92307679	4167.56410236	4152.82051262	4154.74358954	4092.82051248	
4127.94871767	4140.25641005	4117.94871767	4165.25641005	4153.97435877	4139.74358954	4152.82051262	4137.69230749	4213.97435891	4171.92307679	4164.23076903	4155.89743569	4149.23076903	4095.76923043	
4128.0769228	4134.35897408	4116.15384588	4161.53846133	4149.35897415	4141.41025621	4151.15384595	4136.15384595	4213.07692301	4170.38461525	4163.71794851	4153.205128	4146.92307672	4094.23076889	
4124.10256383	4128.0769228	4115.12820485	4156.41025621	4145.89743569	4142.69230749	4147.69230749	4139.61538441	4208.33333327	4171.15384602	4166.53846133	4150.25641005	4149.74358954	4087.05128171	
4121.92307665	4128.0769228	4113.71794844	4152.94871774	4148.58974339	4140.25641005	4149.87179467	4139.23076903	4181.79487166	4169.87179474	4166.66666646	4152.43589723	4151.28205108	4085.38461504	
4128.71794844	4134.74358947	4118.0769228	4157.43589723	4152.82051262	4139.74358954	4152.3076921	4140.64102544	4155.38461518	4174.10256397	4171.28205115	4159.35897415	4152.43589723	4092.69230735	
4138.71794851	4138.58974339	4125.7692305	4164.1025639	4151.53846133	4142.94871774	4153.33333313	4147.94871774	4153.33333313	4183.3333332	4179.35897422	4164.74358954	4156.28205108	4098.33333299	
4140.51282031	4137.17948697	4124.48717921	4161.53846133	4150.64102544	4142.82051262	4155.51282031	4148.33333313	4154.9999998	4182.56410243	4177.69230756	4163.46153826	4161.28205108	4095.89743555	
4137.43589723	4137.56410236	4118.58974332	4157.82051262	4153.33333313	4142.82051262	4156.02564082	4144.74358954	4147.17948697	4176.79487166	4170.25641012	4160.76923056	4151.53846133	4093.58974325	
4139.61538441	4136.92307672	4121.15384588	4161.41025621	4152.82051262	4145.25641005	4157.43589723	4149.87179467	4147.43589723	4180.64102551	4170.76923063	4163.58974339	4122.17948691	4091.02564068	
4141.02564082	4136.66666646	4126.15384588	4166.28205108	4149.9999998	4146.02564082	4160.38461518	4156.79487159	4153.46153826	4185.25641012	4178.84615371	4166.02564082	4097.30769196	4086.41025607	
4138.84615364	4137.43589723	4126.28205101	4167.17948697	4151.79487159	4145.89743569	4164.23076903	4155.89743569	4153.84615364	4183.3333332	4179.61538448	4165.89743569	4089.61538427	4080.76923043	
4140.51282031	4138.33333313	4126.28205101	4168.3333332	4157.05128185	4148.84615364	4168.97435884	4153.58974339	4152.17948697	4179.61538448	4175.76923063	4164.9999998	4081.02564068	4076.15384581	
4142.3076921	4141.28205108	4126.02564075	4168.97435884	4159.48717928	4150.51282031	4169.48717935	4149.9999998	4145.64102544	4174.2307691	4170.64102551	4159.23076903	4063.97435856	4073.97435863	
4139.74358954	4140.51282031	4125.38461511	4164.74358954	4156.53846133	4145.89743569	4164.23076903	4140.89743569	4135.76923056	4162.94871774	4161.02564082	4153.205128	4051.410256	4067.69230728	
4138.46153826	4139.48717928	4126.28205101	4167.3076921	4155.25641005	4145.51282031	4162.69230749	4138.84615364	4138.205128	4158.84615364	4157.3076921	4157.56410236	4052.05128164	4064.23076882	
4141.41025621	4144.74358954	4128.9743587	4173.20512807	4157.17948697	4148.205128	4164.74358954	4144.35897415	4145.51282031	4167.05128185	4164.61538441	4164.61538441	4057.94871754	4067.30769189	
4141.02564082	4145.89743569	4129.10256383	4169.61538448	4155.51282031	4146.53846133	4167.05128185	4146.92307672	4145.12820492	4173.58974345	4170.38461525	4165.76923056	4056.92307651	4068.58974318	
4138.205128	4138.46153826	4125.51282024	4162.56410236	4151.15384595	4143.58974339	4167.56410236	4145.64102544	4145.38461518	4173.71794858	4166.15384595	4164.48717928	4052.30769189	4061.66666625	
4135.12820485	4135.76923056	4122.69230742	4161.66666646	4151.28205108	4142.56410236	4164.48717928	4146.53846133	4148.46153826	4171.92307679	4162.43589723	4160.76923056	4053.33333292	4054.6153842	
4138.84615364	4139.9999998	4126.15384588	4167.94871774	4155.25641005	4145.89743569	4167.56410236	4153.205128	4152.94871774	4175.12820499	4166.66666646	4162.94871774	4060.64102523	4059.10256369	
4147.56410236	4143.71794851	4132.43589716	4172.94871781	4156.92307672	4148.84615364	4174.74358961	4159.61538441	4158.58974339	4182.56410243	4174.35897422	4173.58974345	4065.89743548	4069.23076882	
4150.51282031	4142.56410236	4133.33333306	4171.66666653	4154.9999998	4147.17948697	4174.74358961	4158.71794851	4159.74358954	4183.84615371	4174.74358961	4174.2307691	4064.6153842	4074.7435894	
4149.61538441	4138.58974339	4132.69230742	4170.76923063	4153.84615364	4146.53846133	4175.51282038	4160.25641005	4159.9999998	4180.64102551	4171.41025628	4170.76923063	4067.30769189	4078.33333299	
4153.58974339	4143.84615364	4134.74358947	4177.94871781	4159.87179467	4153.58974339	4181.79487166	4169.87179474	4170.12820499	4188.84615371	4181.02564089	4181.79487166	4077.17948684	4088.07692273	
4157.56410236	4152.17948697	4137.05128185	4184.35897422	4164.48717928	4157.94871774	4179.74358961	4172.05128192	4176.28205115	4195.51282038	4189.2307691	4188.3333332	4079.61538427	4093.97435863	
4151.41025621	4148.33333313	4137.17948697	4179.87179474	4161.41025621	4153.58974339	4174.74358961	4164.48717928	4166.02564082	4183.07692294	4176.5384614	4173.58974345	4070.12820478	4085.89743555	
4141.41025621	4139.61538441	4130.89743562	4171.5384614	4156.02564082	4150.38461518	4176.28205115	4157.05128185	4154.74358954	4169.74358961	4158.33333313	4159.87179467	4062.30769189	4074.10256376	
4137.05128185	4139.1025639	4123.71794844	4168.84615371	4154.61538441	4151.02564082	4175.12820499	4152.56410236	4152.43589723	4168.07692287	4156.66666646	4158.84615364	4060.12820472	4070.12820478	
4137.69230749	4141.92307672	4125.7692305	4171.41025628	4154.1025639	4152.69230749	4171.66666653	4152.17948697	4152.82051262	4169.35897422	4162.69230749	4160.76923056	4058.97435856	4072.94871761	
4139.35897415	4138.84615364	4132.69230742	4171.41025628	4152.69230749	4152.56410236	4171.41025628	4153.33333313	4153.46153826	4167.94871774	4159.87179467	4160.51282031	4061.28205087	4076.92307658	
4138.33333313	4138.205128	4134.10256383	4171.02564089	4157.05128185	4149.61538441	4171.5384614	4154.23076903	4158.205128	4166.66666646	4157.17948697	4158.33333313	4065.76923036	4079.35897402	
4139.1025639	4146.41025621	4133.84615357	4177.17948704	4164.35897415	4152.82051262	4173.3333332	4157.56410236	4166.41025621	4174.35897422	4167.17948697	4166.02564082	4070.51282017	4086.15384581	
4145.76923056	4148.71794851	4137.05128185	4180.12820499	4166.41025621	4156.92307672	4175.89743576	4163.205128	4171.28205115	4185.12820499	4180.89743576	4179.74358961	4077.05128171	4099.7435894	
4146.41025621	4140.12820492	4137.43589723	4174.61538448	4159.9999998	4152.56410236	4173.07692294	4160.89743569	4168.84615371	4180.76923063	4181.15384602	4180.64102551	4078.20512786	4105.12820485	
4140.51282031	4137.43589723	4135.25640998	4172.82051269	4156.53846133	4148.58974339	4169.2307691	4154.87179467	4164.23076903	4172.56410243	4177.17948704	4173.84615371	4074.10256376	4101.79487145	
4145.64102544	4143.205128	4136.92307672	4176.5384614	4160.25641005	4150.64102544	4171.66666653	4156.02564082	4166.92307672	4179.2307691	4183.3333332	4177.17948704	4080.25640991	4104.48717921	
4153.205128	4143.97435877	4139.35897415	4179.35897422	4158.205128	4151.15384595	4175.38461525	4159.87179467	4172.82051269	4187.05128192	4190.89743576	4183.84615371	4087.94871761	4110.12820485	
4152.69230749	4141.41025621	4137.82051262	4179.10256397	4156.02564082	4151.28205108	4176.02564089	4163.84615364	4174.87179474	4185.12820499	4188.71794858	4180.89743576	4084.7435894	4110.64102537	
4147.3076921	4140.12820492	4137.56410236	4175.89743576	4159.48717928	4152.69230749	4175.12820499	4166.66666646	4174.87179474	4183.71794858	4184.61538448	4178.46153833	4081.28205094	4107.82051255	
4143.07692287	4139.48717928	4137.17948697	4171.92307679	4159.48717928	4149.48717928	4171.66666653	4165.76923056	4172.69230756	4183.07692294	4185.76923063	4178.97435884	4081.92307658	4109.48717921	
4143.46153826	4141.02564082	4131.28205101	4169.87179474	4154.61538441	4146.79487159	4166.66666646	4161.28205108	4167.56410236	4178.20512807	4182.69230756	4176.02564089	4078.46153812	4114.48717921	
4144.35897415	4140.64102544	4125.64102537	4169.35897422	4155.12820492	4150.38461518	4165.12820492	4156.28205108	4165.38461518	4172.17948704	4172.69230756	4169.99999986	4075.12820478	4112.56410229	
4137.94871774	4138.97435877	4121.41025614	4165.51282031	4156.53846133	4152.82051262	4165.64102544	4148.33333313	4159.35897415	4160.76923056	4160.51282031	4161.79487159	4067.30769189	4100.76923043	
4132.05128178	4138.33333313	4115.12820485	4158.46153826	4151.41025621	4152.82051262	4165.64102544	4143.07692287	4148.33333313	4149.74358954	4150.38461518	4153.33333313	4055.12820472	4096.02564068	
4135.76923056	4136.28205108	4112.82051255	4157.3076921	4149.74358954	4156.66666646	4171.66666653	4152.05128185	4156.15384595	4157.82051262	4156.92307672	4153.71794851	4060.64102523	4105.64102537	
4142.3076921	4135.25640998	4116.92307665	4163.71794851	4152.17948697	4159.9999998	4178.71794858	4164.74358954	4179.87179474	4177.82051269	4177.82051269	4167.56410236	4079.61538427	4118.46153819	
4150.51282031	4145.51282031	4118.9743587	4172.30769217	4155.51282031	4158.46153826	4177.4358973	4170.25641012	4188.46153833	4187.69230756	4190.89743576	4183.07692294	4088.07692273	4130.25640998	
4157.17948697	4152.94871774	4115.89743562	4179.35897422	4159.87179467	4157.43589723	4178.84615371	4173.07692294	4187.4358973	4189.48717935	4190.25641012	4188.20512807	4088.33333299	4137.69230749	
4154.61538441	4144.74358954	4114.35897408	4178.46153833	4158.97435877	4158.205128	4185.12820499	4175.38461525	4191.5384614	4189.87179474	4188.07692294	4182.94871781	4088.97435863	4136.92307672	
4149.61538441	4141.66666646	4114.8717946	4175.76923063	4156.79487159	4157.94871774	4186.02564089	4174.35897422	4190.38461525	4186.92307679	4186.28205115	4179.74358961	4086.28205094	4133.9743587	
4149.23076903	4148.07692287	4112.69230742	4176.66666653	4158.84615364	4158.97435877	4184.10256397	4169.2307691	4183.71794858	4181.79487166	4183.20512807	4181.28205115	4080.38461504	4132.05128178	
4152.43589723	4150.64102544	4110.12820485	4176.41025628	4159.35897415	4160.38461518	4182.30769217	4163.97435877	4180.25641012	4176.79487166	4181.5384614	4177.17948704	4076.41025607	4126.92307665	
4150.64102544	4145.89743569	4109.61538434	4175.76923063	4156.28205108	4156.79487159	4177.4358973	4158.71794851	4177.05128192	4170.38461525	4177.94871781	4172.30769217	4073.71794837	4119.99999973	
4147.94871774	4141.66666646	4107.30769203	4175.51282038	4155.64102544	4155.12820492	4174.10256397	4153.46153826	4172.30769217	4164.87179467	4172.82051269	4173.07692294	4071.02564068	4117.43589716	
4152.05128185	4140.64102544	4104.8717946	4169.35897422	4155.64102544	4153.97435877	4169.87179474	4146.28205108	4165.76923056	4159.9999998	4170.25641012	4172.94871781	4067.56410215	4115.38461511	
4154.1025639	4141.53846133	4105.64102537	4167.69230749	4153.205128	4147.56410236	4161.15384595	4138.46153826	4162.3076921	4156.92307672	4170.89743576	4172.69230756	4064.6153842	4114.10256383	
4152.05128185	4142.82051262	4106.28205101	4172.17948704	4152.82051262	4146.41025621	4159.9999998	4136.79487159	4167.05128185	4157.82051262	4172.94871781	4175.76923063	4062.82051241	4118.71794844	
4152.17948697	4140.12820492	4104.99999973	4171.28205115	4153.07692287	4149.23076903	4163.71794851	4139.87179467	4171.28205115	4157.3076921	4173.07692294	4177.82051269	4062.56410215	4126.53846126	
4154.1025639	4140.38461518	4106.66666639	4170.38461525	4151.28205108	4147.17948697	4163.07692287	4145.51282031	4172.56410243	4160.51282031	4176.79487166	4182.4358973	4066.28205087	4133.84615357	
4156.53846133	4145.76923056	4110.51282024	4176.15384602	4153.205128	4150.12820492	4165.38461518	4154.35897415	4180.89743576	4172.30769217	4187.56410243	4193.20512807	4069.87179453	4142.69230749	
4156.15384595	4146.92307672	4109.23076896	4176.79487166	4155.12820492	4156.28205108	4171.66666653	4158.58974339	4186.41025628	4176.79487166	4190.51282038	4195.64102551	4064.99999959	4147.17948697	
4154.35897415	4144.35897415	4108.0769228	4172.56410243	4153.71794851	4154.1025639	4175.89743576	4155.25641005	4182.4358973	4169.99999986	4183.07692294	4183.84615371	4059.87179446	4142.05128185	
4154.87179467	4148.97435877	4110.89743562	4177.94871781	4157.43589723	4156.02564082	4175.89743576	4155.25641005	4183.07692294	4169.74358961	4181.15384602	4177.69230756	4066.28205087	4137.43589723	
4154.9999998	4152.82051262	4111.92307665	4184.10256397	4166.41025621	4161.15384595	4172.69230756	4153.97435877	4184.99999986	4173.07692294	4183.20512807	4181.28205115	4070.25640991	4134.35897408	
4151.41025621	4147.43589723	4111.15384588	4175.12820499	4165.12820492	4155.89743569	4167.05128185	4142.69230749	4177.94871781	4162.56410236	4172.30769217	4175.89743576	4062.43589702	4128.84615357	
4151.02564082	4146.15384595	4111.41025614	4166.15384595	4156.53846133	4151.66666646	4161.66666646	4134.74358947	4168.97435884	4151.15384595	4159.61538441	4165.51282031	4054.6153842	4129.48717921	
4155.38461518	4147.56410236	4113.84615357	4172.4358973	4159.23076903	4152.3076921	4161.41025621	4136.66666646	4167.94871774	4152.69230749	4162.94871774	4167.17948697	4058.33333292	4137.17948697	
4151.53846133	4140.89743569	4113.33333306	4174.74358961	4162.43589723	4146.79487159	4159.87179467	4134.35897408	4168.07692287	4152.82051262	4164.61538441	4169.48717935	4062.69230728	4136.15384595	
4141.41025621	4136.79487159	4109.48717921	4165.89743569	4152.94871774	4143.71794851	4152.17948697	4124.61538434	4163.71794851	4143.58974339	4152.69230749	4159.1025639	4055.76923036	4125.7692305	
4143.58974339	4138.07692287	4110.7692305	4165.64102544	4150.76923056	4148.58974339	4151.66666646	4125.7692305	4169.10256397	4145.76923056	4151.53846133	4158.58974339	4054.74358933	4127.82051255	
4155.76923056	4139.48717928	4115.12820485	4169.87179474	4157.82051262	4147.69230749	4159.61538441	4139.87179467	4183.07692294	4160.51282031	4168.3333332	4171.66666653	4068.46153805	4142.69230749	
4155.25641005	4139.61538441	4114.61538434	4165.38461518	4152.17948697	4140.51282031	4156.92307672	4143.205128	4185.51282038	4163.33333313	4173.3333332	4172.69230756	4074.99999966	4144.74358954	
4142.94871774	4137.05128185	4112.30769203	4159.48717928	4141.92307672	4138.07692287	4145.64102544	4136.28205108	4177.17948704	4154.87179467	4160.12820492	4161.66666646	4068.97435856	4131.66666639	
4141.66666646	4136.02564082	4112.69230742	4161.02564082	4146.28205108	4140.38461518	4149.35897415	4140.89743569	4179.2307691	4153.97435877	4157.3076921	4157.69230749	4069.99999966	4127.17948691	
4142.56410236	4137.56410236	4111.53846126	4159.9999998	4147.82051262	4139.87179467	4156.02564082	4146.41025621	4183.07692294	4155.12820492	4159.74358954	4156.92307672	4074.23076889	4129.48717921	
4134.23076896	4136.53846133	4110.38461511	4153.97435877	4142.69230749	4139.87179467	4150.12820492	4141.28205108	4181.41025628	4152.05128185	4153.58974339	4148.84615364	4069.87179453	4125.38461511	
4131.92307665	4130.7692305	4110.38461511	4150.12820492	4143.97435877	4139.48717928	4145.12820492	4139.23076903	4182.94871781	4152.94871774	4149.23076903	4144.35897415	4070.6410253	4119.74358947	
4134.23076896	4128.58974332	4108.84615357	4151.79487159	4145.38461518	4137.3076921	4147.05128185	4141.02564082	4185.51282038	4154.23076903	4148.97435877	4145.51282031	4075.51282017	4119.10256383	
4132.17948691	4133.84615357	4112.05128178	4156.02564082	4144.87179467	4138.84615364	4149.35897415	4143.33333313	4189.87179474	4156.66666646	4151.15384595	4146.28205108	4078.97435863	4123.46153819	
4135.89743569	4139.61538441	4117.94871767	4159.9999998	4149.1025639	4143.71794851	4150.64102544	4144.87179467	4195.25641012	4163.58974339	4157.69230749	4151.41025621	4081.66666632	4130.7692305	
4142.69230749	4139.35897415	4117.56410229	4161.92307672	4151.66666646	4143.71794851	4150.12820492	4141.79487159	4198.20512807	4165.64102544	4161.53846133	4158.205128	4084.10256376	4135.38461518	
4138.97435877	4135.89743569	4115.89743562	4161.02564082	4147.69230749	4139.61538441	4147.56410236	4142.3076921	4201.02564096	4162.94871774	4157.69230749	4161.02564082	4086.02564068	4136.41025621	
4133.9743587	4134.61538434	4116.15384588	4156.53846133	4143.205128	4137.94871774	4146.28205108	4147.82051262	4203.58974352	4161.66666646	4153.84615364	4163.07692287	4085.76923043	4140.76923056	
4137.94871774	4130.7692305	4115.12820485	4153.46153826	4139.74358954	4138.07692287	4145.76923056	4147.43589723	4201.15384609	4162.56410236	4151.66666646	4164.1025639	4085.6410253	4142.82051262	
4143.71794851	4129.99999973	4115.89743562	4158.71794851	4137.43589723	4135.12820485	4145.51282031	4143.84615364	4198.58974345	4162.05128185	4149.35897415	4164.1025639	4085.12820478	4142.3076921	
4144.87179467	4136.66666646	4119.10256383	4163.07692287	4138.46153826	4128.58974332	4144.87179467	4141.66666646	4199.35897422	4157.56410236	4150.38461518	4164.35897415	4085.12820478	4143.97435877	
4141.28205108	4135.25640998	4118.84615357	4159.74358954	4135.64102544	4125.38461511	4138.84615364	4136.28205108	4195.12820499	4151.79487159	4147.05128185	4159.23076903	4083.46153812	4137.69230749	
4134.8717946	4123.58974332	4115.12820485	4154.1025639	4132.43589716	4127.17948691	4134.23076896	4132.17948691	4186.66666653	4146.79487159	4138.46153826	4150.12820492	4080.76923043	4128.33333306	
4132.43589716	4121.79487152	4113.9743587	4151.02564082	4136.28205108	4129.74358947	4136.92307672	4132.17948691	4183.46153833	4141.79487159	4131.02564075	4145.25641005	4075.89743555	4125.25640998	
4134.61538434	4129.61538434	4117.05128178	4154.87179467	4142.3076921	4133.84615357	4139.48717928	4129.48717921	4187.94871781	4138.205128	4125.51282024	4143.205128	4072.69230735	4124.61538434	
4132.56410229	4128.71794844	4119.35897408	4157.17948697	4143.07692287	4136.28205108	4141.41025621	4128.33333306	4191.66666653	4141.28205108	4123.33333306	4142.3076921	4076.15384581	4123.46153819	
4130.38461511	4123.20512793	4116.66666639	4151.53846133	4140.51282031	4134.23076896	4143.33333313	4132.30769203	4193.07692294	4143.71794851	4125.89743562	4143.07692287	4074.61538427	4124.48717921	
4136.28205108	4125.51282024	4117.56410229	4150.12820492	4140.25641005	4133.9743587	4139.87179467	4137.56410236	4196.79487166	4142.82051262	4128.84615357	4145.89743569	4072.82051248	4128.0769228	
4139.48717928	4132.69230742	4125.12820485	4159.61538441	4144.9999998	4137.82051262	4138.84615364	4142.56410236	4203.4615384	4149.23076903	4129.8717946	4151.41025621	4079.48717914	4134.10256383	
4136.28205108	4138.33333313	4128.58974332	4162.82051262	4148.97435877	4140.76923056	4145.38461518	4151.28205108	4210.38461532	4158.71794851	4132.82051255	4157.3076921	4089.10256376	4138.97435877	
4138.33333313	4137.94871774	4127.30769203	4154.35897415	4145.76923056	4140.25641005	4149.61538441	4156.92307672	4211.79487173	4161.28205108	4135.51282031	4158.97435877	4094.35897402	4136.15384595	
4137.94871774	4133.0769228	4127.56410229	4152.3076921	4139.74358954	4136.41025621	4143.33333313	4148.46153826	4205.7692307	4154.87179467	4131.79487152	4157.17948697	4091.79487145	4132.56410229	
4132.82051255	4131.79487152	4131.15384588	4156.41025621	4137.05128185	4133.58974332	4138.07692287	4141.15384595	4202.43589737	4149.87179467	4128.0769228	4152.82051262	4089.7435894	4134.61538434	
4136.02564082	4131.79487152	4130.51282024	4155.89743569	4136.53846133	4135.38461518	4141.92307672	4146.92307672	4206.6666666	4153.46153826	4129.61538434	4152.56410236	4092.69230735	4137.94871774	
4140.51282031	4128.71794844	4126.02564075	4149.61538441	4136.66666646	4136.92307672	4140.76923056	4148.07692287	4206.41025634	4152.17948697	4126.15384588	4151.28205108	4092.30769196	4132.43589716	
4136.53846133	4125.89743562	4123.9743587	4147.05128185	4138.07692287	4133.33333306	4136.41025621	4139.61538441	4201.53846147	4143.71794851	4116.53846126	4139.1025639	4084.23076889	4122.69230742	
4132.69230742	4125.7692305	4123.20512793	4148.97435877	4138.97435877	4131.41025614	4139.87179467	4138.46153826	4199.99999986	4141.02564082	4115.89743562	4134.10256383	4082.69230735	4124.23076896	
4133.0769228	4126.53846126	4125.12820485	4150.12820492	4140.38461518	4132.69230742	4142.3076921	4142.56410236	4200.51282038	4146.02564082	4118.0769228	4143.07692287	4089.99999966	4127.94871767	
4133.0769228	4126.53846126	4125.12820485	4150.12820492	4140.38461518	4132.69230742	4142.3076921	4142.56410236	4200.51282038	4146.02564082	4118.0769228	4143.07692287	4089.99999966	4127.94871767	
4134.10256383	4130.7692305	4126.53846126	4151.66666646	4141.53846133	4134.23076896	4141.79487159	4142.3076921	4206.79487173	4149.74358954	4113.0769228	4147.43589723	4092.43589709	4124.61538434	
4134.10256383	4137.05128185	4124.61538434	4153.84615364	4141.66666646	4134.23076896	4140.89743569	4142.94871774	4214.10256404	4150.12820492	4112.05128178	4145.89743569	4093.33333299	4127.43589716	
4136.15384595	4136.92307672	4126.15384588	4156.41025621	4141.02564082	4134.74358947	4138.97435877	4146.53846133	4216.6666666	4153.58974339	4120.38461511	4152.82051262	4099.87179453	4135.89743569	
4139.61538441	4135.76923056	4133.33333306	4156.92307672	4142.3076921	4137.43589723	4138.33333313	4155.38461518	4227.43589737	4163.71794851	4129.23076896	4164.9999998	4105.7692305	4137.94871774	
4137.94871774	4136.66666646	4136.53846133	4156.15384595	4144.23076903	4137.43589723	4140.38461518	4161.79487159	4241.53846154	4173.3333332	4131.02564075	4166.28205108	4107.69230742	4134.8717946	
4138.33333313	4137.05128185	4133.71794844	4159.74358954	4144.74358954	4138.205128	4140.38461518	4158.205128	4241.02564103	4173.20512807	4130.64102537	4162.05128185	4109.23076896	4132.94871767	
4145.64102544	4139.1025639	4133.84615357	4162.17948697	4146.53846133	4144.23076903	4139.1025639	4155.12820492	4236.02564103	4168.20512807	4132.82051255	4164.61538441	4110.7692305	4131.66666639	
4144.48717928	4139.87179467	4135.12820485	4158.46153826	4147.94871774	4150.25641005	4140.64102544	4158.71794851	4236.53846154	4164.35897415	4130.12820485	4164.74358954	4105.7692305	4126.02564075	
4138.58974339	4138.97435877	4132.82051255	4155.25641005	4148.07692287	4150.64102544	4143.33333313	4159.87179467	4232.5641025	4157.43589723	4121.66666639	4153.97435877	4100.6410253	4109.8717946	
4142.56410236	4138.33333313	4132.17948691	4156.53846133	4148.205128	4149.87179467	4146.53846133	4157.94871774	4228.07692301	4153.33333313	4119.61538434	4148.46153826	4100.25640991	4094.23076889	
4146.15384595	4138.71794851	4134.61538434	4160.76923056	4152.3076921	4148.84615364	4147.43589723	4159.61538441	4232.69230763	4155.25641005	4123.58974332	4152.05128185	4099.99999966	4091.79487145	
4144.9999998	4138.46153826	4134.48717921	4163.07692287	4152.94871774	4145.89743569	4143.07692287	4158.07692287	4236.41025641	4154.9999998	4121.79487152	4152.56410236	4099.87179453	4092.17948684	
4146.28205108	4137.05128185	4132.94871767	4160.12820492	4147.05128185	4144.35897415	4138.33333313	4152.43589723	4232.82051275	4150.89743569	4117.94871767	4152.3076921	4103.0769228	4089.99999966	
4147.43589723	4136.66666646	4136.79487159	4153.58974339	4147.05128185	4142.94871774	4139.1025639	4153.205128	4231.79487173	4151.92307672	4121.15384588	4155.89743569	4107.05128178	4095.25640991	
4150.25641005	4137.82051262	4144.1025639	4155.25641005	4150.25641005	4145.64102544	4145.38461518	4161.53846133	4238.58974359	4160.89743569	4129.10256383	4160.64102544	4108.33333306	4108.33333306	
4156.66666646	4139.9999998	4147.05128185	4161.53846133	4146.92307672	4148.33333313	4140.76923056	4165.25641005	4247.56410257	4166.02564082	4132.43589716	4162.43589723	4111.79487152	4117.30769203	
4157.43589723	4141.41025621	4144.9999998	4160.38461518	4144.74358954	4146.28205108	4130.51282024	4159.87179467	4249.87179488	4164.23076903	4130.51282024	4163.46153826	4118.33333306	4120.89743562	
4157.3076921	4142.94871774	4145.25641005	4160.76923056	4150.51282031	4146.79487159	4135.12820485	4156.53846133	4248.97435898	4166.41025621	4134.23076896	4166.02564082	4120.7692305	4130.38461511	
4158.84615364	4142.56410236	4147.69230749	4164.61538441	4153.07692287	4152.94871774	4141.92307672	4158.07692287	4251.15384616	4169.87179474	4137.82051262	4167.56410236	4120.38461511	4139.61538441	
4154.1025639	4140.64102544	4146.28205108	4161.79487159	4153.33333313	4154.48717928	4136.53846133	4155.64102544	4252.05128206	4164.74358954	4132.82051255	4163.205128	4118.9743587	4141.15384595	
4150.76923056	4141.79487159	4146.28205108	4160.76923056	4156.92307672	4154.48717928	4134.99999973	4153.71794851	4249.35897436	4159.48717928	4129.23076896	4160.51282031	4117.05128178	4141.79487159	
4152.43589723	4141.92307672	4147.94871774	4162.56410236	4154.9999998	4154.74358954	4144.48717928	4156.41025621	4247.94871795	4159.61538441	4129.8717946	4162.94871774	4114.8717946	4150.12820492	
4152.94871774	4141.02564082	4147.43589723	4158.46153826	4153.46153826	4152.82051262	4149.48717928	4158.58974339	4251.15384616	4159.23076903	4128.9743587	4162.3076921	4117.82051255	4160.76923056	
4154.74358954	4142.69230749	4148.07692287	4158.33333313	4158.97435877	4154.1025639	4149.23076903	4161.92307672	4257.30769231	4164.35897415	4135.51282031	4163.33333313	4124.35897408	4170.38461525	
4155.89743569	4141.53846133	4150.51282031	4161.66666646	4156.41025621	4149.9999998	4149.23076903	4162.17948697	4258.97435898	4168.71794858	4140.51282031	4165.38461518	4121.53846126	4175.89743576	
4153.97435877	4137.05128185	4149.9999998	4156.92307672	4147.69230749	4142.94871774	4149.35897415	4160.51282031	4256.28205129	4166.02564082	4136.53846133	4166.28205108	4119.48717921	4179.2307691	
4156.41025621	4137.56410236	4149.9999998	4157.56410236	4153.07692287	4150.51282031	4154.23076903	4170.51282038	4266.02564103	4174.48717935	4142.05128185	4172.82051269	4131.66666639	4189.35897422	
4156.66666646	4139.74358954	4152.69230749	4162.94871774	4157.17948697	4156.15384595	4152.17948697	4176.41025628	4275.89743597	4184.99999986	4150.25641005	4172.82051269	4138.205128	4194.48717935	
4150.51282031	4137.82051262	4151.53846133	4156.02564082	4147.69230749	4145.12820492	4135.25640998	4162.17948697	4264.87179488	4173.84615371	4140.89743569	4159.1025639	4127.30769203	4187.69230756	
4150.38461518	4134.8717946	4146.66666646	4147.56410236	4145.89743569	4142.43589723	4128.46153819	4151.15384595	4255.25641026	4161.02564082	4132.43589716	4151.41025621	4119.74358947	4185.64102551	
4147.82051262	4130.64102537	4144.87179467	4148.33333313	4148.07692287	4149.1025639	4136.02564082	4153.33333313	4258.97435898	4160.76923056	4133.20512793	4152.17948697	4118.20512793	4187.56410243	
4139.9999998	4125.12820485	4144.23076903	4146.53846133	4141.79487159	4144.61538441	4137.82051262	4149.9999998	4255.25641026	4157.82051262	4130.51282024	4145.51282031	4114.74358947	4184.99999986	
4139.74358954	4125.25640998	4142.94871774	4142.3076921	4139.23076903	4136.92307672	4134.61538434	4142.82051262	4247.43589744	4153.07692287	4130.38461511	4142.43589723	4114.10256383	4184.35897422	
4140.64102544	4128.20512793	4142.17948697	4143.205128	4141.66666646	4136.79487159	4131.66666639	4139.74358954	4246.92307693	4149.1025639	4133.0769228	4144.74358954	4112.94871767	4187.82051269	
4142.3076921	4130.64102537	4144.74358954	4147.56410236	4142.17948697	4142.94871774	4133.0769228	4141.28205108	4249.87179488	4146.92307672	4132.43589716	4144.61538441	4110.64102537	4196.28205115	
4148.84615364	4136.15384595	4148.71794851	4151.66666646	4145.89743569	4147.69230749	4140.25641005	4146.79487159	4253.71794872	4151.53846133	4138.07692287	4148.33333313	4112.05128178	4208.4615384	
4149.87179467	4136.53846133	4146.53846133	4155.38461518	4149.74358954	4144.74358954	4139.9999998	4148.71794851	4255.0	4155.12820492	4145.64102544	4150.76923056	4109.8717946	4208.07692301	
4147.69230749	4131.15384588	4144.74358954	4156.79487159	4147.43589723	4141.53846133	4132.17948691	4149.61538441	4256.66666667	4156.41025621	4138.07692287	4149.61538441	4107.30769203	4202.82051275	
4154.74358954	4134.10256383	4150.38461518	4152.82051262	4145.64102544	4143.97435877	4135.12820485	4156.92307672	4267.94871802	4165.51282031	4117.82051255	4154.61538441	4111.53846126	4213.71794865	
4157.94871774	4136.79487159	4151.53846133	4152.17948697	4145.38461518	4145.12820492	4141.92307672	4161.92307672	4274.87179495	4171.66666653	4096.66666632	4160.51282031	4117.05128178	4224.35897429	
4152.94871774	4131.41025614	4147.17948697	4157.05128185	4146.28205108	4144.74358954	4139.74358954	4160.89743569	4266.66666674	4164.61538441	4081.15384581	4156.41025621	4115.64102537	4220.64102558	
4154.48717928	4129.74358947	4147.94871774	4157.3076921	4149.1025639	4145.38461518	4139.35897415	4161.79487159	4269.48717956	4158.205128	4073.33333299	4152.43589723	4111.41025614	4219.23076917	
4155.38461518	4129.99999973	4147.43589723	4151.41025621	4145.76923056	4143.07692287	4139.74358954	4162.82051262	4292.56410264	4157.82051262	4063.7179483	4151.53846133	4110.7692305	4222.05128199	
4145.64102544	4124.74358947	4143.46153826	4148.71794851	4142.69230749	4142.05128185	4139.74358954	4161.66666646	4307.82051296	4156.66666646	4057.56410215	4147.69230749	4111.79487152	4219.74358968	
4143.33333313	4125.64102537	4147.94871774	4153.84615364	4150.25641005	4144.61538441	4144.48717928	4163.58974339	4308.07692322	4154.61538441	4061.02564061	4147.3076921	4108.33333306	4219.23076917	
4151.28205108	4130.12820485	4151.15384595	4153.84615364	4150.25641005	4142.43589723	4144.87179467	4164.61538441	4307.56410271	4151.41025621	4058.84615343	4147.69230749	4106.66666639	4217.69230763	
4149.23076903	4127.43589716	4144.9999998	4148.58974339	4140.64102544	4138.71794851	4137.3076921	4159.61538441	4308.71794886	4149.74358954	4050.38461497	4146.15384595	4108.0769228	4212.43589737	
4139.35897415	4124.61538434	4142.69230749	4148.205128	4142.17948697	4137.82051262	4133.58974332	4153.33333313	4310.2564104	4150.89743569	4049.6153842	4148.205128	4109.48717921	4211.92307686	
4137.43589723	4124.35897408	4145.25641005	4145.76923056	4144.87179467	4137.43589723	4133.46153819	4150.51282031	4309.48717963	4148.71794851	4047.56410215	4145.89743569	4107.43589716	4208.58974352	
4138.84615364	4121.41025614	4141.41025621	4137.56410236	4140.64102544	4140.64102544	4131.79487152	4148.33333313	4299.10256418	4139.9999998	4031.02564054	4135.38461518	4099.87179453	4199.2307691	
4135.64102544	4120.64102537	4136.92307672	4138.205128	4142.3076921	4146.92307672	4137.94871774	4147.94871774	4290.51282059	4135.51282031	4017.56410208	4132.94871767	4095.12820478	4198.3333332	
4136.28205108	4122.69230742	4140.38461518	4146.66666646	4144.74358954	4148.97435877	4146.79487159	4155.38461518	4302.69230784	4146.92307672	4023.33333285	4143.07692287	4103.71794844	4207.30769224	
4144.48717928	4123.20512793	4146.02564082	4144.87179467	4144.1025639	4148.07692287	4149.1025639	4167.43589723	4321.41025655	4166.02564082	4036.92307651	4149.48717928	4117.82051255	4212.5641025	
4148.84615364	4128.46153819	4147.82051262	4144.23076903	4146.15384595	4144.61538441	4145.89743569	4169.74358961	4321.79487194	4171.79487166	4040.38461497	4149.87179467	4119.99999973	4209.48717942	
4147.3076921	4132.30769203	4146.66666646	4151.15384595	4146.41025621	4140.12820492	4140.76923056	4164.35897415	4310.38461553	4164.35897415	4035.25640977	4148.46153826	4116.28205101	4205.51282045	
4144.87179467	4129.35897408	4146.15384595	4148.58974339	4143.84615364	4141.02564082	4138.205128	4162.94871774	4304.48717963	4158.07692287	4032.82051234	4145.76923056	4114.8717946	4203.71794865	
4144.61538441	4130.7692305	4148.205128	4145.38461518	4147.69230749	4146.79487159	4142.94871774	4162.3076921	4303.84615399	4156.53846133	4034.23076875	4146.92307672	4113.71794844	4204.99999993	
4146.15384595	4133.71794844	4147.56410236	4150.51282031	4151.66666646	4149.87179467	4146.53846133	4156.66666646	4299.10256418	4153.205128	4032.43589695	4147.69230749	4112.30769203	4205.25641019	
4146.15384595	4127.30769203	4143.97435877	4152.82051262	4147.17948697	4147.17948697	4141.92307672	4151.79487159	4294.48717956	4148.97435877	4030.3846149	4142.82051262	4109.48717921	4199.61538448	
4142.82051262	4121.79487152	4140.38461518	4147.43589723	4142.17948697	4143.58974339	4140.25641005	4152.56410236	4295.1282052	4148.205128	4031.15384567	4136.79487159	4108.46153819	4195.89743576	
4139.48717928	4124.48717921	4138.84615364	4143.33333313	4141.28205108	4143.33333313	4139.9999998	4156.28205108	4294.2307693	4150.38461518	4031.66666618	4136.28205108	4108.9743587	4196.41025628	
4140.64102544	4124.61538434	4140.51282031	4146.66666646	4142.56410236	4146.02564082	4135.76923056	4161.66666646	4297.17948725	4156.79487159	4038.7179483	4143.33333313	4113.33333306	4198.46153833	
4140.38461518	4123.0769228	4143.07692287	4149.74358954	4141.79487159	4143.97435877	4135.64102544	4164.35897415	4303.71794886	4161.66666646	4049.48717907	4148.205128	4118.58974332	4200.51282038	
4138.205128	4123.71794844	4141.53846133	4146.28205108	4136.66666646	4135.76923056	4133.9743587	4154.61538441	4296.66666674	4153.84615364	4046.15384574	4141.02564082	4114.48717921	4197.56410243	
4139.48717928	4123.9743587	4139.35897415	4144.74358954	4137.43589723	4135.12820485	4128.20512793	4147.94871774	4286.66666674	4147.3076921	4040.38461497	4138.07692287	4108.84615357	4192.94871781	
4143.33333313	4126.02564075	4143.97435877	4149.48717928	4149.87179467	4147.05128185	4136.02564082	4158.84615364	4295.00000007	4158.71794851	4053.20512779	4151.02564082	4116.66666639	4198.84615371	
4141.15384595	4124.99999973	4144.48717928	4148.205128	4154.87179467	4152.69230749	4146.28205108	4161.15384595	4299.2307693	4162.82051262	4058.97435856	4150.38461518	4121.66666639	4196.92307679	
4129.8717946	4119.48717921	4137.94871774	4141.66666646	4144.35897415	4144.74358954	4140.64102544	4144.1025639	4282.17948725	4144.1025639	4040.64102523	4130.89743562	4107.05128178	4176.5384614	
4124.99999973	4115.12820485	4135.51282031	4140.64102544	4139.1025639	4139.9999998	4132.56410229	4136.41025621	4271.79487187	4134.23076896	4032.30769183	4124.8717946	4100.12820478	4169.10256397	
4123.9743587	4114.8717946	4134.8717946	4136.41025621	4141.41025621	4140.76923056	4131.02564075	4140.76923056	4277.43589751	4140.12820492	4040.12820472	4130.38461511	4107.05128178	4171.66666653	
4123.0769228	4117.05128178	4134.99999973	4135.25640998	4140.38461518	4143.07692287	4133.58974332	4142.69230749	4281.66666674	4144.48717928	4044.48717907	4131.41025614	4110.12820485	4167.3076921	
4131.28205101	4123.0769228	4141.41025621	4146.41025621	4144.23076903	4147.56410236	4142.43589723	4149.1025639	4283.71794879	4150.76923056	4051.02564061	4139.61538441	4114.23076896	4173.07692294	
4136.66666646	4126.92307665	4144.9999998	4150.76923056	4150.51282031	4148.07692287	4146.02564082	4152.3076921	4282.82051289	4156.02564082	4057.43589702	4146.79487159	4115.89743562	4181.15384602	
4127.82051255	4120.64102537	4138.97435877	4143.84615364	4146.41025621	4144.1025639	4136.28205108	4140.76923056	4272.56410264	4146.79487159	4049.35897395	4136.79487159	4107.05128178	4170.89743576	
4118.9743587	4114.8717946	4133.46153819	4137.3076921	4138.71794851	4142.05128185	4128.71794844	4132.69230742	4260.0	4134.61538434	4039.35897395	4124.99999973	4100.51282017	4159.48717928	
4125.25640998	4118.84615357	4135.64102544	4137.94871774	4139.48717928	4142.05128185	4131.41025614	4135.76923056	4257.56410257	4134.8717946	4041.66666625	4128.20512793	4102.94871767	4159.87179467	
4135.12820485	4123.33333306	4140.89743569	4144.61538441	4145.51282031	4143.205128	4137.3076921	4139.61538441	4264.48717949	4142.17948697	4048.97435856	4137.17948697	4108.9743587	4164.48717928	
4133.46153819	4123.0769228	4144.87179467	4147.3076921	4146.02564082	4144.61538441	4138.33333313	4138.33333313	4268.71794879	4144.23076903	4051.02564061	4139.35897415	4112.30769203	4166.02564082	
4126.15384588	4121.79487152	4140.38461518	4139.23076903	4139.61538441	4139.74358954	4132.30769203	4130.38461511	4262.30769231	4135.64102544	4045.12820472	4132.82051255	4107.17948691	4156.15384595	
4122.05128178	4116.15384588	4131.28205101	4129.8717946	4134.61538434	4133.9743587	4127.17948691	4123.58974332	4249.10256411	4124.10256383	4033.07692259	4125.12820485	4099.48717914	4142.3076921	
4123.9743587	4110.64102537	4129.74358947	4130.12820485	4135.25640998	4135.12820485	4128.71794844	4126.66666639	4247.6923077	4124.23076896	4033.33333285	4125.7692305	4100.25640991	4141.28205108	
4127.17948691	4115.38461511	4135.25640998	4132.82051255	4135.89743569	4138.07692287	4130.25640998	4130.51282024	4255.76923077	4132.94871767	4045.25640984	4129.74358947	4105.38461511	4144.87179467	
4130.25640998	4121.53846126	4137.05128185	4135.89743569	4137.3076921	4138.46153826	4128.71794844	4132.17948691	4257.05128206	4139.1025639	4051.92307651	4132.05128178	4110.25640998	4144.1025639	
4132.94871767	4122.05128178	4136.02564082	4139.35897415	4140.25641005	4136.53846133	4129.10256383	4138.07692287	4256.41025641	4141.66666646	4052.94871754	4136.79487159	4112.82051255	4144.48717928	
4132.94871767	4121.53846126	4136.15384595	4136.15384595	4136.79487159	4134.35897408	4128.71794844	4140.25641005	4258.07692308	4142.43589723	4054.99999959	4137.17948697	4113.9743587	4142.3076921	
4128.58974332	4120.38461511	4134.61538434	4134.23076896	4130.38461511	4132.05128178	4126.41025614	4134.8717946	4255.25641026	4142.17948697	4056.92307651	4134.10256383	4115.25640998	4136.41025621	
4123.71794844	4118.20512793	4133.71794844	4139.61538441	4132.56410229	4134.61538434	4126.41025614	4133.20512793	4251.15384616	4138.46153826	4052.30769189	4133.0769228	4114.48717921	4132.17948691	
4127.94871767	4119.48717921	4135.38461518	4143.58974339	4140.38461518	4141.15384595	4130.89743562	4136.79487159	4256.02564103	4139.23076903	4054.6153842	4134.99999973	4116.41025614	4130.38461511	
4134.23076896	4123.0769228	4137.69230749	4142.3076921	4140.51282031	4142.69230749	4132.56410229	4137.94871774	4260.64102564	4147.05128185	4068.33333292	4138.84615364	4122.17948691	4132.30769203	
4136.28205108	4123.0769228	4139.35897415	4145.51282031	4137.56410236	4141.66666646	4133.33333306	4136.53846133	4257.43589744	4149.48717928	4073.58974325	4144.61538441	4125.12820485	4132.94871767	
4137.17948697	4122.05128178	4137.82051262	4151.15384595	4141.41025621	4143.205128	4138.205128	4135.25640998	4255.76923077	4147.82051262	4069.99999966	4145.25641005	4122.94871767	4121.02564075	
4135.12820485	4122.82051255	4136.92307672	4148.205128	4142.94871774	4143.58974339	4139.74358954	4135.76923056	4252.94871795	4146.66666646	4070.12820478	4142.05128185	4121.53846126	4101.41025607	
4134.74358947	4122.69230742	4138.58974339	4144.9999998	4139.48717928	4140.12820492	4137.69230749	4137.82051262	4246.28205129	4142.17948697	4073.07692273	4142.56410236	4123.33333306	4098.71794837	
4138.205128	4122.56410229	4139.23076903	4148.84615364	4142.05128185	4142.05128185	4141.53846133	4141.66666646	4247.17948718	4142.17948697	4076.02564068	4144.35897415	4127.43589716	4108.71794844	
4134.99999973	4122.43589716	4137.17948697	4152.3076921	4146.53846133	4147.69230749	4146.92307672	4144.9999998	4254.61538462	4151.53846133	4082.30769196	4146.28205108	4130.51282024	4111.92307665	
4129.48717921	4121.28205101	4135.25640998	4149.61538441	4142.3076921	4146.66666646	4145.25641005	4145.25641005	4254.61538462	4155.25641005	4083.33333299	4146.66666646	4130.12820485	4111.92307665	
4132.56410229	4121.41025614	4135.64102544	4144.74358954	4135.76923056	4141.66666646	4141.28205108	4143.71794851	4250.38461539	4149.87179467	4079.99999966	4143.97435877	4131.41025614	4116.41025614	
4132.43589716	4121.66666639	4136.41025621	4144.61538441	4136.66666646	4140.25641005	4138.58974339	4141.66666646	4248.46153847	4146.79487159	4081.41025607	4142.82051262	4129.10256383	4118.9743587	
4130.89743562	4121.28205101	4135.51282031	4146.02564082	4139.61538441	4141.41025621	4133.58974332	4139.9999998	4244.61538462	4142.69230749	4079.23076889	4141.53846133	4123.0769228	4115.89743562	
4136.15384595	4122.30769203	4137.17948697	4144.87179467	4137.43589723	4139.61538441	4130.64102537	4134.61538434	4239.61538462	4136.28205108	4075.51282017	4136.92307672	4120.7692305	4115.7692305	
4134.48717921	4122.43589716	4140.76923056	4143.58974339	4132.56410229	4135.76923056	4128.0769228	4125.25640998	4233.71794865	4131.41025614	4075.51282017	4135.12820485	4119.8717946	4117.30769203	
4128.33333306	4121.41025614	4139.35897415	4141.66666646	4130.7692305	4132.30769203	4125.12820485	4121.66666639	4226.92307686	4127.82051255	4071.79487145	4136.79487159	4116.92307665	4117.69230742	
4134.35897408	4123.33333306	4139.1025639	4142.17948697	4134.23076896	4132.43589716	4126.66666639	4123.58974332	4225.64102558	4129.61538434	4069.48717907	4137.43589723	4114.8717946	4122.17948691	
4142.05128185	4125.38461511	4144.1025639	4147.05128185	4138.46153826	4136.28205108	4130.64102537	4128.0769228	4228.84615378	4136.53846133	4076.53846119	4141.66666646	4118.0769228	4129.99999973	
4136.15384595	4124.8717946	4144.35897415	4147.05128185	4140.64102544	4139.87179467	4132.17948691	4134.48717921	4231.6666666	4139.48717928	4081.15384581	4143.97435877	4121.02564075	4133.0769228	
4129.10256383	4123.71794844	4137.82051262	4142.43589723	4138.84615364	4141.79487159	4132.56410229	4139.9999998	4232.94871788	4137.94871774	4075.76923043	4139.1025639	4119.35897408	4132.30769203	
4126.66666639	4122.05128178	4133.46153819	4140.51282031	4134.8717946	4140.12820492	4132.17948691	4140.25641005	4232.69230763	4141.53846133	4070.51282017	4136.15384595	4117.69230742	4133.20512793	
4125.89743562	4119.8717946	4134.10256383	4137.05128185	4136.15384595	4135.64102544	4129.74358947	4137.94871774	4233.33333327	4146.28205108	4074.99999966	4138.07692287	4119.61538434	4135.25640998	
4125.64102537	4119.99999973	4135.89743569	4136.66666646	4138.97435877	4132.69230742	4127.56410229	4135.64102544	4235.8974359	4144.87179467	4081.28205094	4139.9999998	4121.53846126	4137.94871774	
4125.51282024	4122.56410229	4137.05128185	4141.28205108	4133.46153819	4130.64102537	4125.38461511	4131.92307665	4232.17948711	4139.61538441	4077.05128171	4138.46153826	4117.69230742	4136.66666646	
4126.41025614	4123.71794844	4136.41025621	4138.205128	4126.92307665	4126.66666639	4121.15384588	4128.84615357	4221.6666666	4133.71794844	4067.30769189	4133.71794844	4111.41025614	4131.41025614	
4125.51282024	4116.53846126	4132.94871767	4131.02564075	4125.12820485	4122.69230742	4117.17948691	4125.51282024	4213.97435891	4128.20512793	4062.17948677	4128.46153819	4106.41025614	4126.66666639	
4119.74358947	4108.84615357	4130.38461511	4127.30769203	4124.23076896	4120.64102537	4113.33333306	4120.7692305	4212.05128199	4124.10256383	4056.92307651	4125.89743562	4104.10256383	4122.17948691	
4110.7692305	4109.99999973	4127.05128178	4122.82051255	4123.0769228	4120.12820485	4109.35897408	4117.69230742	4208.84615378	4120.64102537	4049.74358933	4120.12820485	4103.0769228	4114.99999973	
4106.15384588	4108.20512793	4123.20512793	4118.33333306	4120.12820485	4116.28205101	4104.10256383	4111.02564075	4200.64102551	4112.82051255	4046.28205087	4108.84615357	4098.07692273	4107.05128178	
4107.30769203	4102.30769196	4123.9743587	4116.66666639	4115.25640998	4109.61538434	4099.35897402	4103.46153819	4197.17948704	4107.05128178	4045.38461497	4105.64102537	4093.71794837	4105.38461511	
4107.43589716	4102.56410229	4124.74358947	4116.79487152	4113.71794844	4111.79487152	4099.7435894	4105.7692305	4199.35897422	4109.35897408	4044.48717907	4107.30769203	4091.53846119	4108.33333306	
4106.15384588	4104.48717921	4122.56410229	4119.48717921	4117.17948691	4118.84615357	4106.92307665	4112.30769203	4200.64102551	4112.94871767	4044.87179446	4105.7692305	4092.43589709	4110.89743562	
4106.79487152	4104.10256383	4121.28205101	4121.28205101	4120.12820485	4119.48717921	4111.15384588	4111.79487152	4202.17948711	4116.28205101	4049.23076882	4109.23076896	4094.7435894	4113.20512793	
4110.38461511	4106.02564075	4120.64102537	4121.41025614	4120.51282024	4117.43589716	4107.30769203	4113.58974332	4207.05128199	4121.28205101	4057.69230728	4119.23076896	4098.33333299	4120.64102537	
4116.28205101	4107.69230742	4121.79487152	4128.0769228	4122.43589716	4122.43589716	4109.10256383	4124.23076896	4215.25641019	4126.92307665	4065.38461497	4127.05128178	4105.89743562	4131.02564075	
4121.92307665	4106.79487152	4124.74358947	4131.66666639	4123.9743587	4126.66666639	4114.74358947	4127.43589716	4218.97435891	4127.56410229	4069.7435894	4130.25640998	4109.74358947	4137.94871774	
4121.53846126	4107.56410229	4122.94871767	4127.69230742	4119.99999973	4121.28205101	4107.30769203	4117.43589716	4212.82051275	4122.17948691	4066.15384574	4129.10256383	4102.94871767	4136.28205108	
4117.43589716	4107.69230742	4117.30769203	4127.69230742	4112.05128178	4114.35897408	4097.05128171	4107.56410229	4201.53846147	4113.71794844	4056.92307651	4122.17948691	4093.58974325	4128.20512793	
4118.20512793	4109.99999973	4120.51282024	4134.61538434	4113.20512793	4115.89743562	4098.97435863	4107.30769203	4197.17948704	4109.74358947	4054.74358933	4117.82051255	4093.07692273	4128.0769228	
4124.99999973	4118.46153819	4125.89743562	4143.46153826	4122.82051255	4123.0769228	4107.05128178	4113.84615357	4202.43589737	4116.02564075	4062.43589702	4125.25640998	4099.23076889	4135.38461518	
4127.56410229	4120.64102537	4125.7692305	4148.33333313	4128.20512793	4126.79487152	4111.28205101	4117.05128178	4204.87179481	4124.35897408	4068.7179483	4133.58974332	4103.9743587	4137.3076921	
4122.69230742	4112.69230742	4123.46153819	4147.05128185	4127.30769203	4126.92307665	4110.12820485	4113.58974332	4201.28205122	4124.74358947	4070.6410253	4131.02564075	4104.48717921	4132.17948691	
4122.94871767	4110.7692305	4121.02564075	4145.38461518	4128.46153819	4127.94871767	4108.46153819	4114.61538434	4200.51282038	4121.92307665	4070.89743555	4126.02564075	4103.71794844	4129.74358947	
4129.61538434	4116.92307665	4121.79487152	4149.87179467	4130.38461511	4128.20512793	4112.82051255	4121.02564075	4204.87179481	4123.20512793	4069.87179453	4129.10256383	4104.48717921	4131.41025614	
4128.33333306	4119.35897408	4124.99999973	4156.66666646	4129.35897408	4126.53846126	4116.41025614	4122.43589716	4206.41025634	4124.8717946	4074.35897402	4132.30769203	4107.43589716	4133.84615357	
4124.74358947	4119.74358947	4126.28205101	4159.87179467	4130.89743562	4124.48717921	4110.38461511	4120.64102537	4207.5641025	4128.58974332	4084.23076889	4132.69230742	4113.71794844	4140.51282031	
4131.53846126	4122.05128178	4125.12820485	4159.48717928	4134.8717946	4127.30769203	4106.53846126	4123.33333306	4211.53846147	4136.02564082	4090.25640991	4138.33333313	4115.25640998	4147.69230749	
4138.205128	4123.0769228	4128.0769228	4162.82051262	4139.74358954	4134.48717921	4112.82051255	4132.05128178	4215.64102558	4140.12820492	4094.10256376	4145.12820492	4115.51282024	4154.9999998	
4135.89743569	4123.71794844	4127.43589716	4164.87179467	4140.38461518	4136.53846133	4116.41025614	4138.58974339	4216.15384609	4139.61538441	4096.41025607	4141.66666646	4118.33333306	4157.94871774	
4132.05128178	4123.9743587	4123.46153819	4161.92307672	4135.64102544	4135.51282031	4115.25640998	4137.69230749	4213.20512814	4138.07692287	4092.69230735	4132.30769203	4117.56410229	4151.79487159	
4133.9743587	4123.46153819	4126.02564075	4160.38461518	4135.64102544	4139.23076903	4117.05128178	4137.43589723	4213.4615384	4138.58974339	4092.82051248	4132.30769203	4114.8717946	4149.87179467	
4137.69230749	4125.7692305	4130.64102537	4162.82051262	4141.92307672	4144.61538441	4122.94871767	4143.97435877	4216.92307686	4143.71794851	4100.6410253	4138.33333313	4119.48717921	4154.74358954	
4138.84615364	4127.94871767	4129.74358947	4165.76923056	4143.07692287	4145.12820492	4126.92307665	4146.79487159	4216.92307686	4146.41025621	4102.69230742	4136.66666646	4124.48717921	4152.82051262	
4139.48717928	4127.94871767	4128.0769228	4165.76923056	4143.07692287	4144.87179467	4128.84615357	4144.74358954	4216.6666666	4144.1025639	4099.7435894	4134.8717946	4123.9743587	4145.12820492	
4137.17948697	4127.05128178	4130.89743562	4160.64102544	4144.61538441	4145.64102544	4128.84615357	4143.58974339	4213.58974352	4141.79487159	4097.43589709	4136.53846133	4120.51282024	4141.66666646	
4129.99999973	4123.84615357	4131.15384588	4152.3076921	4138.33333313	4140.38461518	4124.10256383	4138.46153826	4204.48717942	4136.41025621	4089.87179453	4131.15384588	4116.15384588	4133.33333306	
4123.9743587	4118.71794844	4130.25640998	4147.82051262	4132.69230742	4137.82051262	4119.8717946	4133.46153819	4199.99999986	4129.61538434	4082.82051248	4123.0769228	4114.74358947	4122.82051255	
4124.8717946	4118.58974332	4132.56410229	4147.82051262	4134.74358947	4144.48717928	4119.8717946	4136.66666646	4200.38461525	4129.48717921	4083.20512786	4120.89743562	4116.79487152	4122.69230742	
4125.25640998	4122.30769203	4135.76923056	4147.69230749	4135.51282031	4147.43589723	4121.79487152	4139.48717928	4198.97435884	4130.64102537	4083.20512786	4122.69230742	4118.84615357	4124.23076896	
4123.71794844	4122.43589716	4135.76923056	4144.1025639	4130.64102537	4138.07692287	4116.53846126	4133.71794844	4196.41025628	4124.61538434	4078.97435863	4123.71794844	4119.48717921	4120.64102537	
4123.20512793	4119.23076896	4133.0769228	4138.71794851	4123.58974332	4127.82051255	4103.84615357	4125.38461511	4189.87179474	4118.84615357	4074.23076889	4119.74358947	4112.56410229	4115.7692305	
4122.56410229	4118.20512793	4135.64102544	4135.51282031	4120.89743562	4125.12820485	4100.89743555	4122.43589716	4184.10256397	4119.61538434	4074.48717914	4116.15384588	4106.92307665	4115.25640998	
4122.30769203	4120.25640998	4138.205128	4130.38461511	4121.15384588	4123.58974332	4112.30769203	4125.38461511	4183.58974345	4121.66666639	4080.38461504	4119.99999973	4109.74358947	4117.43589716	
4117.94871767	4114.99999973	4134.8717946	4121.53846126	4116.02564075	4120.89743562	4115.38461511	4122.56410229	4178.46153833	4118.20512793	4079.35897402	4116.92307665	4110.64102537	4112.05128178	
4106.92307665	4103.71794844	4130.64102537	4109.48717921	4103.20512793	4113.33333306	4102.05128171	4107.05128178	4162.05128185	4105.64102537	4066.02564061	4101.53846119	4096.92307658	4096.79487145	
4101.53846119	4099.61538427	4131.28205101	4098.8461535	4094.35897402	4101.41025607	4090.12820478	4091.79487145	4147.3076921	4090.12820478	4054.10256369	4093.46153812	4080.25640991	4085.6410253	
4101.79487145	4100.38461504	4133.20512793	4096.41025607	4094.10256376	4098.97435863	4087.05128171	4089.48717914	4143.46153826	4086.15384581	4053.33333292	4095.25640991	4077.82051248	4082.69230735	
4095.76923043	4096.79487145	4132.69230742	4094.61538427	4094.61538427	4100.76923043	4086.02564068	4089.61538427	4140.89743569	4088.97435863	4054.23076882	4092.17948684	4079.35897402	4077.56410222	
4090.12820478	4095.6410253	4132.30769203	4088.33333299	4092.43589709	4098.33333299	4084.61538427	4083.20512786	4137.82051262	4086.66666632	4054.6153842	4086.28205094	4073.71794837	4074.87179453	
4091.02564068	4096.79487145	4133.0769228	4085.51282017	4092.43589709	4097.30769196	4084.10256376	4082.43589709	4138.33333313	4086.02564068	4059.87179446	4085.12820478	4071.92307658	4077.69230735	
4087.17948684	4092.17948684	4133.20512793	4083.58974325	4092.82051248	4098.07692273	4083.8461535	4085.89743555	4135.12820485	4087.30769196	4062.05128164	4084.35897402	4074.7435894	4076.02564068	
4079.7435894	4089.48717914	4128.71794844	4075.89743555	4089.61538427	4096.79487145	4081.28205094	4086.02564068	4128.58974332	4083.07692273	4055.64102523	4079.35897402	4072.05128171	4071.41025607	
4076.15384581	4087.30769196	4123.20512793	4067.82051241	4084.10256376	4094.99999966	4075.6410253	4085.51282017	4124.8717946	4079.99999966	4049.48717907	4071.92307658	4065.89743548	4065.5128201	
4069.6153842	4076.92307658	4119.8717946	4061.28205087	4076.15384581	4086.28205094	4065.25640984	4081.15384581	4117.82051255	4075.6410253	4045.5128201	4061.410256	4058.84615343	4052.17948677	
4061.66666625	4070.51282017	4118.71794844	4053.84615343	4069.10256369	4076.92307658	4054.87179446	4072.43589709	4105.89743562	4064.6153842	4036.53846106	4050.5128201	4049.87179446	4040.89743548	
4060.64102523	4074.10256376	4119.99999973	4050.89743548	4066.410256	4077.94871761	4050.12820472	4067.56410215	4099.7435894	4060.38461497	4030.25640977	4048.20512779	4044.6153842	4039.23076882	
4059.23076882	4074.35897402	4119.48717921	4051.28205087	4062.56410215	4076.53846119	4046.79487138	4062.56410215	4094.99999966	4061.66666625	4034.10256362	4049.10256369	4040.76923036	4035.25640977	
4054.99999959	4067.56410215	4117.94871767	4045.76923036	4056.15384574	4065.89743548	4038.46153805	4053.46153805	4086.66666632	4054.48717907	4034.487179	4046.66666625	4034.35897388	4028.71794824	
4053.84615343	4063.58974318	4115.12820485	4038.97435856	4055.38461497	4062.94871754	4034.87179439	4046.15384574	4077.69230735	4040.38461497	4021.2820508	4041.66666625	4025.25640977	4025.3846149	
4051.28205087	4063.07692266	4113.0769228	4037.82051241	4059.74358933	4070.51282017	4039.23076882	4038.84615343	4062.17948677	4026.41025593	4003.07692252	4034.10256362	4012.05128157	4017.05128157	
4045.5128201	4061.410256	4115.89743562	4038.84615343	4058.97435856	4073.46153812	4040.64102523	4035.51282003	4054.99999959	4020.64102516	3999.74358919	4030.25640977	4004.23076875	4009.61538413	
4045.38461497	4059.6153842	4114.61538434	4034.23076875	4052.17948677	4068.46153805	4036.53846106	4043.20512779	4067.05128164	4029.61538413	4010.64102516	4034.61538413	4011.92307644	4013.71794824	
4049.74358933	4060.76923036	4109.8717946	4030.51282003	4046.92307651	4063.07692266	4031.92307644	4049.23076882	4076.79487145	4042.56410215	4019.99999952	4042.43589702	4022.30769183	4020.3846149	
4050.64102523	4061.66666625	4111.79487152	4036.41025593	4045.76923036	4059.10256369	4030.51282003	4046.28205087	4074.99999966	4045.5128201	4024.99999952	4047.69230728	4024.10256362	4023.07692259	
4045.5128201	4059.10256369	4113.33333306	4039.74358933	4043.07692266	4054.87179446	4029.487179	4042.94871754	4072.17948684	4040.76923036	4025.3846149	4046.79487138	4020.12820465	4021.79487131	
4039.6153842	4058.33333292	4106.15384588	4031.66666618	4041.410256	4051.410256	4026.92307644	4041.92307651	4069.87179453	4038.7179483	4019.23076875	4038.84615343	4016.15384567	4013.20512772	
4037.82051241	4057.69230728	4100.76923043	4026.2820508	4043.33333292	4052.94871754	4028.58974311	4043.46153805	4065.89743548	4041.15384574	4016.2820508	4032.43589695	4017.1794867	4004.487179	
4035.25640977	4053.46153805	4102.82051255	4029.35897388	4042.05128164	4055.5128201	4028.84615336	4042.43589702	4063.07692266	4037.30769189	4016.41025593	4029.74358926	4016.15384567	3993.84615329	
4032.05128157	4052.69230728	4102.17948684	4028.97435849	4040.12820472	4055.25640984	4023.84615336	4039.23076882	4062.56410215	4031.92307644	4013.97435849	4028.33333285	4009.23076875	3980.12820458	
4037.30769189	4057.82051241	4101.02564068	4029.10256362	4041.53846113	4052.43589702	4020.3846149	4038.97435856	4063.84615343	4035.51282003	4015.51282003	4033.07692259	4008.20512772	3980.64102509	
4044.87179446	4061.02564061	4104.23076896	4037.69230728	4043.97435856	4052.30769189	4020.12820465	4038.33333292	4064.74358933	4037.05128164	4020.25640977	4038.20512779	4012.56410208	3992.30769176	
4043.46153805	4057.43589702	4104.74358947	4041.15384574	4041.15384574	4052.56410215	4016.66666618	4033.97435849	4062.05128164	4033.97435849	4017.94871747	4034.10256362	4008.84615336	3996.02564047	
4041.53846113	4055.5128201	4103.71794844	4040.25640984	4037.94871754	4049.6153842	4014.35897388	4032.82051234	4060.5128201	4034.10256362	4015.89743541	4032.94871747	4004.61538413	4001.92307637	
4047.05128164	4058.7179483	4106.79487152	4045.25640984	4042.94871754	4054.99999959	4021.92307644	4039.23076882	4062.94871754	4038.07692266	4023.20512772	4042.69230728	4010.76923029	4021.2820508	
4052.82051241	4061.79487138	4109.99999973	4052.30769189	4051.15384574	4064.74358933	4031.2820508	4044.74358933	4067.43589702	4041.410256	4031.92307644	4049.99999959	4015.51282003	4038.58974318	
4053.7179483	4062.94871754	4107.56410229	4054.48717907	4052.17948677	4063.7179483	4032.56410208	4045.76923036	4070.51282017	4042.94871754	4032.30769183	4047.17948677	4013.07692259	4045.89743548	
4045.76923036	4060.89743548	4102.05128171	4048.07692266	4044.74358933	4054.6153842	4024.99999952	4040.64102523	4064.87179446	4038.58974318	4023.07692259	4038.84615343	4008.46153798	4048.84615343	
4035.64102516	4053.97435856	4096.02564068	4036.53846106	4036.2820508	4048.7179483	4017.30769183	4030.3846149	4054.99999959	4029.61538413	4015.64102516	4031.15384567	4004.61538413	4048.84615343	
4032.56410208	4044.35897395	4090.89743555	4032.30769183	4028.84615336	4046.410256	4010.64102516	4021.2820508	4050.25640984	4024.23076875	4016.15384567	4027.05128157	3999.74358919	4050.89743548	
4034.10256362	4042.30769189	4090.76923043	4036.53846106	4024.87179439	4044.23076882	4006.79487131	4016.2820508	4048.20512779	4023.58974311	4014.23076875	4027.1794867	3996.53846099	4059.23076882	
4039.48717907	4048.58974318	4093.33333299	4042.30769189	4027.56410208	4044.6153842	4010.3846149	4018.46153798	4048.33333292	4026.53846106	4014.35897388	4031.92307644	4000.12820458	4070.38461504	
4047.30769189	4052.43589702	4091.92307658	4049.6153842	4034.61538413	4046.92307651	4013.71794824	4025.89743541	4052.82051241	4029.35897388	4021.15384567	4037.82051241	4004.87179439	4079.99999966	
4047.69230728	4046.28205087	4088.46153812	4052.69230728	4037.05128164	4048.7179483	4013.07692259	4026.2820508	4052.30769189	4026.2820508	4018.20512772	4035.89743541	4002.0512815	4082.56410222	
4040.76923036	4040.38461497	4086.53846119	4048.20512779	4029.87179439	4047.56410215	4012.94871747	4018.97435849	4044.48717907	4020.25640977	4008.07692259	4030.12820465	3995.12820458	4081.41025607	
4044.35897395	4044.87179446	4086.79487145	4053.84615343	4028.58974311	4048.33333292	4017.1794867	4022.30769183	4043.20512779	4023.07692259	4009.99999952	4032.56410208	3996.02564047	4090.12820478	
4051.66666625	4048.84615343	4088.07692273	4066.28205087	4038.20512779	4053.46153805	4023.71794824	4031.66666618	4049.6153842	4031.79487131	4014.487179	4035.12820465	4003.46153791	4102.56410229	
4048.97435856	4048.46153805	4087.05128171	4065.25640984	4044.35897395	4058.84615343	4030.25640977	4032.56410208	4052.30769189	4032.56410208	4012.05128157	4033.71794824	4005.89743541	4105.38461511	
4045.76923036	4047.17948677	4081.92307658	4060.12820472	4044.23076882	4059.10256369	4032.69230721	4029.487179	4051.79487138	4028.07692259	4016.15384567	4036.92307651	4004.87179439	4107.05128178	
4048.07692266	4047.05128164	4078.8461535	4065.5128201	4044.87179446	4057.17948677	4031.66666618	4029.87179439	4053.07692266	4029.99999952	4021.66666618	4039.35897395	4006.79487131	4115.51282024	
4052.69230728	4053.46153805	4080.25640991	4074.48717914	4046.66666625	4062.43589702	4035.51282003	4036.02564054	4058.20512779	4035.51282003	4021.66666618	4038.84615343	4009.61538413	4123.9743587	
4059.74358933	4061.28205087	4085.25640991	4078.58974325	4049.48717907	4066.66666625	4041.92307651	4040.25640984	4061.66666625	4038.20512779	4027.69230721	4043.07692266	4013.58974311	4132.05128178	
4065.12820472	4059.48717907	4088.33333299	4081.79487145	4055.38461497	4064.6153842	4043.58974318	4037.17948677	4061.92307651	4041.28205087	4034.99999952	4048.46153805	4016.02564054	4141.41025621	
4063.84615343	4055.5128201	4085.76923043	4086.66666632	4055.5128201	4063.97435856	4041.410256	4033.97435849	4063.84615343	4043.20512779	4030.3846149	4050.64102523	4014.10256362	4145.25641005	
4063.46153805	4058.46153805	4083.33333299	4088.71794837	4050.12820472	4062.43589702	4041.410256	4036.02564054	4063.97435856	4041.66666625	4025.3846149	4053.07692266	4017.82051234	4140.89743569	
4068.58974318	4059.87179446	4083.46153812	4089.61538427	4053.58974318	4063.46153805	4046.02564061	4038.58974318	4065.5128201	4042.69230728	4031.2820508	4053.46153805	4024.35897388	4141.02564082	
4070.51282017	4058.97435856	4085.89743555	4092.82051248	4059.74358933	4069.23076882	4052.17948677	4039.6153842	4069.7435894	4047.17948677	4037.94871754	4053.07692266	4024.23076875	4152.05128185	
4069.87179453	4066.02564061	4089.99999966	4098.71794837	4063.07692266	4073.46153812	4058.84615343	4048.7179483	4074.61538427	4054.48717907	4041.53846113	4059.10256369	4027.82051234	4162.05128185	
4076.02564068	4075.12820478	4092.17948684	4105.7692305	4071.92307658	4081.28205094	4067.94871754	4061.66666625	4083.20512786	4066.28205087	4052.05128164	4070.25640991	4043.97435856	4170.38461525	
4081.53846119	4076.15384581	4093.07692273	4111.28205101	4078.8461535	4088.8461535	4074.35897402	4063.97435856	4090.51282017	4073.71794837	4061.53846113	4074.10256376	4052.94871754	4179.74358961	
4076.53846119	4070.12820478	4093.97435863	4110.7692305	4073.58974325	4083.97435863	4071.79487145	4056.66666625	4087.05128171	4069.99999966	4056.28205087	4068.84615343	4045.64102523	4180.12820499	
4079.10256376	4068.58974318	4096.53846119	4109.10256383	4067.94871754	4080.89743555	4071.79487145	4056.66666625	4083.46153812	4068.84615343	4050.89743548	4070.38461504	4046.02564061	4175.64102551	
4090.38461504	4074.23076889	4098.71794837	4114.74358947	4071.53846119	4087.82051248	4080.25640991	4065.12820472	4092.56410222	4077.05128171	4059.87179446	4079.48717914	4058.33333292	4183.3333332	
4086.66666632	4076.15384581	4096.02564068	4113.9743587	4071.92307658	4088.71794837	4081.53846119	4065.25640984	4096.41025607	4081.28205094	4063.07692266	4078.8461535	4060.76923036	4187.94871781	
4075.76923043	4072.82051248	4093.8461535	4106.66666639	4070.25640991	4085.76923043	4075.51282017	4060.25640984	4087.30769196	4074.7435894	4050.38461497	4071.41025607	4053.07692266	4177.30769217	
4077.69230735	4073.33333299	4097.94871761	4108.33333306	4073.20512786	4088.20512786	4074.23076889	4058.7179483	4081.02564068	4070.6410253	4043.58974318	4068.20512779	4051.92307651	4172.4358973	
4080.38461504	4073.20512786	4097.17948684	4110.12820485	4072.69230735	4084.61538427	4071.28205094	4054.23076882	4079.48717914	4067.82051241	4041.79487138	4062.82051241	4051.66666625	4172.05128192	
4077.69230735	4069.23076882	4091.66666632	4103.71794844	4072.43589709	4080.89743555	4070.51282017	4052.82051241	4079.61538427	4066.410256	4037.94871754	4059.10256369	4050.5128201	4171.15384602	
4081.15384581	4070.51282017	4095.76923043	4103.0769228	4074.7435894	4083.71794837	4078.8461535	4060.38461497	4082.43589709	4070.51282017	4040.89743548	4065.25640984	4055.89743548	4178.58974345	
4084.61538427	4076.15384581	4101.66666632	4108.46153819	4072.30769196	4083.71794837	4080.6410253	4063.20512779	4084.35897402	4070.25640991	4048.33333292	4068.20512779	4060.38461497	4185.64102551	
4083.97435863	4075.38461504	4096.79487145	4106.02564075	4070.38461504	4084.7435894	4076.79487145	4060.64102523	4083.71794837	4069.10256369	4051.66666625	4064.99999959	4061.02564061	4185.38461525	
4084.87179453	4073.33333299	4095.12820478	4106.15384588	4076.41025607	4089.7435894	4081.53846119	4064.23076882	4084.87179453	4075.6410253	4055.5128201	4068.33333292	4064.87179446	4191.41025628	
4090.76923043	4079.35897402	4104.74358947	4114.23076896	4080.76923043	4091.92307658	4086.66666632	4067.94871754	4089.87179453	4082.82051248	4063.46153805	4077.05128171	4073.58974325	4203.33333327	
4099.23076889	4088.20512786	4109.74358947	4120.25640998	4081.79487145	4094.23076889	4085.76923043	4070.25640991	4095.25640991	4085.76923043	4068.84615343	4082.17948684	4077.69230735	4206.53846147	
4103.0769228	4092.17948684	4106.66666639	4124.10256383	4087.94871761	4100.38461504	4087.69230735	4075.6410253	4098.58974325	4090.38461504	4070.76923043	4083.71794837	4077.17948684	4208.33333327	
4101.79487145	4091.41025607	4108.0769228	4127.69230742	4092.94871761	4101.28205094	4093.07692273	4076.28205094	4101.79487145	4093.8461535	4070.76923043	4084.99999966	4078.8461535	4213.20512814	
4103.46153819	4090.89743555	4112.30769203	4129.99999973	4094.99999966	4097.82051248	4094.35897402	4077.82051248	4104.99999973	4093.58974325	4070.25640991	4087.69230735	4084.61538427	4215.51282045	
4109.10256383	4096.53846119	4112.69230742	4133.0769228	4095.6410253	4102.17948684	4094.35897402	4081.79487145	4106.02564075	4096.53846119	4073.07692273	4091.92307658	4092.05128171	4217.43589737	
4109.8717946	4104.61538434	4113.20512793	4136.66666646	4096.28205094	4108.84615357	4096.15384581	4083.07692273	4107.94871767	4098.97435863	4077.69230735	4094.7435894	4094.10256376	4218.71794865	
4108.71794844	4103.84615357	4116.79487152	4136.41025621	4099.7435894	4108.58974332	4097.05128171	4085.6410253	4110.7692305	4099.99999966	4078.46153812	4093.20512786	4093.07692273	4215.25641019	
4105.38461511	4094.99999966	4114.61538434	4135.89743569	4101.79487145	4105.38461511	4094.35897402	4088.07692273	4111.02564075	4101.79487145	4075.51282017	4089.10256376	4093.71794837	4209.87179481	
4099.35897402	4091.15384581	4106.66666639	4134.8717946	4098.58974325	4104.61538434	4090.12820478	4083.8461535	4111.79487152	4103.20512793	4074.35897402	4083.58974325	4093.97435863	4204.48717942	
4096.53846119	4090.38461504	4103.9743587	4129.35897408	4093.97435863	4103.33333306	4087.82051248	4080.12820478	4109.61538434	4101.41025607	4073.20512786	4079.23076889	4092.56410222	4199.2307691	
4099.48717914	4089.7435894	4104.23076896	4126.92307665	4095.25640991	4101.02564068	4087.94871761	4083.8461535	4105.64102537	4097.17948684	4070.89743555	4080.51282017	4094.35897402	4200.25641012	
4102.05128171	4091.02564068	4102.56410229	4127.82051255	4098.97435863	4101.41025607	4088.20512786	4084.10256376	4106.53846126	4096.92307658	4069.48717907	4084.23076889	4093.33333299	4204.87179481	
4103.20512793	4093.20512786	4102.43589709	4130.38461511	4098.46153812	4105.25640998	4089.7435894	4082.30769196	4109.35897408	4097.69230735	4071.92307658	4083.46153812	4091.15384581	4203.07692301	
4105.7692305	4092.69230735	4104.23076896	4131.28205101	4096.41025607	4106.79487152	4092.17948684	4084.10256376	4109.23076896	4096.79487145	4075.89743555	4082.69230735	4098.58974325	4202.05128199	
4107.17948691	4092.82051248	4105.51282024	4128.33333306	4093.8461535	4103.58974332	4090.6410253	4084.87179453	4108.9743587	4095.51282017	4075.38461504	4086.79487145	4103.33333306	4207.94871788	
4107.82051255	4098.20512786	4107.56410229	4128.71794844	4095.12820478	4104.35897408	4090.51282017	4088.8461535	4111.15384588	4098.07692273	4074.23076889	4089.7435894	4097.17948684	4211.79487173	
4108.84615357	4100.25640991	4109.8717946	4133.46153819	4101.28205094	4108.71794844	4094.99999966	4089.10256376	4111.41025614	4101.15384581	4077.17948684	4089.48717914	4097.69230735	4205.89743583	
4108.20512793	4098.46153812	4112.82051255	4136.66666646	4103.9743587	4108.33333306	4092.82051248	4083.58974325	4108.9743587	4100.12820478	4079.99999966	4089.23076889	4108.0769228	4198.46153833	
4108.71794844	4103.33333306	4115.38461511	4140.76923056	4104.74358947	4107.82051255	4088.97435863	4083.07692273	4108.58974332	4098.07692273	4077.56410222	4089.61538427	4109.48717921	4198.3333332	
4110.51282024	4109.23076896	4114.48717921	4143.58974339	4106.66666639	4110.25640998	4093.07692273	4086.66666632	4109.35897408	4096.15384581	4074.99999966	4092.05128171	4104.99999973	4197.30769217	
4108.9743587	4107.05128178	4111.53846126	4138.84615364	4105.51282024	4108.9743587	4097.17948684	4087.56410222	4108.84615357	4096.79487145	4076.53846119	4093.33333299	4107.43589716	4190.89743576	
4108.58974332	4104.99999973	4112.17948691	4136.53846133	4103.71794844	4108.33333306	4098.33333299	4091.15384581	4113.20512793	4102.82051255	4081.92307658	4094.87179453	4116.41025614	4189.10256397	
4112.43589716	4109.61538434	4115.51282024	4141.28205108	4106.02564075	4110.64102537	4099.7435894	4097.30769196	4121.41025614	4108.0769228	4087.30769196	4099.35897402	4121.92307665	4189.35897422	
4114.61538434	4110.25640998	4116.79487152	4144.87179467	4107.94871767	4108.20512793	4098.20512786	4094.87179453	4123.33333306	4106.02564075	4088.97435863	4102.30769196	4122.05128178	4185.38461525	
4116.28205101	4108.33333306	4116.41025614	4143.71794851	4108.33333306	4106.92307665	4095.89743555	4093.71794837	4121.28205101	4102.69230742	4090.38461504	4101.02564068	4120.7692305	4180.51282038	
4118.58974332	4111.79487152	4114.8717946	4144.1025639	4115.25640998	4111.66666639	4097.56410222	4095.12820478	4122.94871767	4105.51282024	4093.07692273	4099.23076889	4118.46153819	4175.25641012	
4118.9743587	4116.02564075	4113.33333306	4147.56410236	4119.48717921	4114.23076896	4098.8461535	4094.87179453	4123.0769228	4107.17948691	4097.43589709	4100.76923043	4118.84615357	4167.69230749	
4118.0769228	4111.41025614	4111.02564075	4145.76923056	4116.28205101	4112.69230742	4097.94871761	4096.53846119	4120.89743562	4105.12820485	4096.92307658	4103.58974332	4118.0769228	4160.25641005	
4113.0769228	4105.51282024	4104.99999973	4138.58974339	4114.8717946	4111.79487152	4096.41025607	4096.66666632	4121.79487152	4102.30769196	4093.20512786	4100.6410253	4110.25640998	4154.23076903	
4105.64102537	4107.43589716	4100.89743555	4135.76923056	4113.9743587	4111.15384588	4095.76923043	4095.38461504	4122.43589716	4101.41025607	4094.61538427	4095.25640991	4105.38461511	4150.12820492	
4105.64102537	4108.9743587	4103.0769228	4136.79487159	4111.92307665	4110.89743562	4096.41025607	4098.07692273	4122.05128178	4103.20512793	4098.8461535	4096.79487145	4108.20512793	4145.25641005	
4107.43589716	4105.38461511	4102.94871767	4133.84615357	4115.12820485	4113.9743587	4098.71794837	4100.89743555	4127.69230742	4106.79487152	4102.94871767	4100.6410253	4108.58974332	4140.89743569	
4105.89743562	4102.30769196	4098.71794837	4132.30769203	4115.7692305	4113.46153819	4102.43589709	4097.94871761	4131.02564075	4106.79487152	4102.43589709	4096.28205094	4104.8717946	4135.76923056	
4107.94871767	4103.33333306	4098.33333299	4133.0769228	4109.61538434	4111.41025614	4104.8717946	4098.71794837	4127.17948691	4103.0769228	4098.8461535	4093.97435863	4103.58974332	4129.23076896	
4108.46153819	4106.53846126	4097.56410222	4130.64102537	4112.05128178	4115.25640998	4106.92307665	4105.89743562	4130.89743562	4106.66666639	4100.51282017	4100.51282017	4104.10256383	4129.74358947	
4103.84615357	4108.20512793	4095.38461504	4129.8717946	4117.94871767	4116.02564075	4107.69230742	4104.10256383	4139.23076903	4107.43589716	4102.69230742	4100.12820478	4101.28205094	4131.41025614	
4102.56410229	4107.43589716	4094.48717914	4131.02564075	4115.64102537	4111.92307665	4104.74358947	4094.48717914	4137.3076921	4099.99999966	4098.33333299	4091.15384581	4095.12820478	4119.10256383	
4100.6410253	4100.89743555	4093.20512786	4125.7692305	4111.41025614	4106.66666639	4098.33333299	4089.87179453	4131.66666639	4094.87179453	4093.58974325	4084.48717914	4091.79487145	4105.25640998	
4094.61538427	4095.25640991	4091.66666632	4118.33333306	4107.69230742	4101.79487145	4095.38461504	4091.66666632	4130.38461511	4092.94871761	4094.48717914	4083.46153812	4091.92307658	4106.41025614	
4096.41025607	4101.66666632	4092.43589709	4119.8717946	4106.02564075	4103.0769228	4098.71794837	4095.51282017	4132.43589716	4096.02564068	4097.30769196	4086.66666632	4095.12820478	4108.58974332	
4103.58974332	4108.9743587	4094.61538427	4126.41025614	4111.66666639	4111.15384588	4103.0769228	4101.15384581	4139.61538441	4105.12820485	4102.56410229	4091.79487145	4099.23076889	4107.17948691	
4106.15384588	4105.64102537	4095.89743555	4127.56410229	4115.7692305	4113.0769228	4104.61538434	4103.71794844	4146.15384595	4110.12820485	4108.58974332	4093.8461535	4103.71794844	4106.53846126	
4104.23076896	4103.20512793	4096.53846119	4123.33333306	4111.41025614	4107.94871767	4103.58974332	4101.28205094	4143.58974339	4106.15384588	4109.10256383	4091.53846119	4103.58974332	4102.82051255	
4100.51282017	4107.30769203	4095.76923043	4119.8717946	4108.33333306	4106.79487152	4100.25640991	4097.94871761	4141.53846133	4103.84615357	4107.94871767	4092.56410222	4099.23076889	4097.43589709	
4100.25640991	4104.61538434	4096.15384581	4118.0769228	4107.17948691	4105.25640998	4094.87179453	4096.79487145	4142.82051262	4104.48717921	4107.69230742	4094.35897402	4095.38461504	4093.71794837	
4102.43589709	4098.33333299	4099.10256376	4115.51282024	4104.74358947	4099.48717914	4089.10256376	4096.15384581	4140.25641005	4101.79487145	4106.28205101	4092.17948684	4093.97435863	4089.99999966	
4098.58974325	4095.51282017	4097.05128171	4113.46153819	4104.48717921	4096.02564068	4086.15384581	4091.41025607	4134.35897408	4097.30769196	4104.35897408	4088.20512786	4092.69230735	4080.6410253	
4092.17948684	4094.99999966	4093.33333299	4112.30769203	4106.79487152	4099.23076889	4087.05128171	4086.41025607	4130.12820485	4093.33333299	4103.46153819	4085.51282017	4089.87179453	4061.79487138	
4091.92307658	4096.53846119	4093.07692273	4107.82051255	4103.0769228	4101.53846119	4085.38461504	4083.46153812	4127.94871767	4092.30769196	4101.41025607	4080.38461504	4085.6410253	4040.38461497	
4092.17948684	4096.79487145	4092.30769196	4101.79487145	4096.79487145	4096.28205094	4080.51282017	4077.30769196	4123.46153819	4088.33333299	4095.6410253	4073.20512786	4080.76923043	4026.2820508	
4087.30769196	4092.82051248	4090.38461504	4096.02564068	4094.87179453	4090.12820478	4078.33333299	4071.41025607	4118.0769228	4081.92307658	4092.30769196	4069.23076882	4078.97435863	4018.58974311	
4084.10256376	4088.8461535	4089.10256376	4091.66666632	4092.05128171	4089.35897402	4078.58974325	4073.20512786	4117.69230742	4079.99999966	4092.43589709	4068.20512779	4078.46153812	4017.05128157	
4088.07692273	4091.02564068	4091.66666632	4091.28205094	4088.8461535	4090.25640991	4076.15384581	4075.89743555	4120.12820485	4082.05128171	4092.30769196	4069.48717907	4076.92307658	4026.41025593	
4089.7435894	4094.7435894	4096.66666632	4089.87179453	4089.61538427	4086.66666632	4074.23076889	4075.12820478	4119.10256383	4081.66666632	4094.23076889	4070.51282017	4077.56410222	4035.89743541	
4084.10256376	4090.38461504	4099.10256376	4088.71794837	4091.79487145	4084.35897402	4076.92307658	4075.89743555	4118.46153819	4080.89743555	4095.12820478	4071.53846119	4077.56410222	4037.05128164	
4079.99999966	4086.53846119	4097.17948684	4087.69230735	4090.6410253	4085.38461504	4078.97435863	4074.23076889	4119.99999973	4077.30769196	4087.56410222	4070.76923043	4073.07692273	4036.41025593	
4079.99999966	4087.69230735	4095.6410253	4081.02564068	4089.87179453	4088.33333299	4078.46153812	4068.33333292	4112.30769203	4064.10256369	4076.02564068	4063.07692266	4065.25640984	4036.02564054	
4078.20512786	4087.69230735	4095.51282017	4072.82051248	4091.15384581	4094.23076889	4079.10256376	4065.5128201	4100.6410253	4051.410256	4069.23076882	4054.23076882	4057.56410215	4038.58974318	
4077.30769196	4086.92307658	4095.51282017	4072.43589709	4086.79487145	4095.89743555	4082.94871761	4069.23076882	4101.66666632	4052.94871754	4069.6153842	4054.48717907	4057.05128164	4048.7179483	
4078.8461535	4089.7435894	4097.17948684	4075.6410253	4078.71794837	4088.46153812	4080.6410253	4072.69230735	4109.35897408	4061.28205087	4075.25640991	4059.10256369	4064.74358933	4057.17948677	
4081.02564068	4091.79487145	4100.51282017	4077.05128171	4078.58974325	4081.02564068	4075.76923043	4069.35897395	4111.28205101	4066.410256	4083.20512786	4062.43589702	4071.28205094	4058.46153805	
4080.6410253	4090.25640991	4103.0769228	4075.12820478	4080.12820478	4080.6410253	4073.8461535	4064.10256369	4105.7692305	4065.64102523	4084.23076889	4066.02564061	4071.79487145	4059.6153842	
4074.61538427	4089.61538427	4102.30769196	4069.87179453	4074.7435894	4079.61538427	4071.28205094	4063.07692266	4100.51282017	4063.7179483	4079.99999966	4064.87179446	4071.02564068	4061.410256	
4073.07692273	4089.87179453	4101.53846119	4069.48717907	4073.97435863	4077.43589709	4069.87179453	4065.64102523	4102.94871767	4067.82051241	4079.87179453	4063.33333292	4074.10256376	4061.66666625	
4078.07692273	4089.99999966	4104.23076896	4071.41025607	4079.10256376	4078.46153812	4070.89743555	4069.87179453	4112.05128178	4075.38461504	4084.61538427	4069.6153842	4080.51282017	4064.35897395	
4078.71794837	4091.28205094	4106.66666639	4070.25640991	4078.97435863	4080.51282017	4071.15384581	4071.41025607	4117.43589716	4078.20512786	4085.25640991	4072.17948684	4083.8461535	4067.05128164	
4077.05128171	4090.76923043	4104.35897408	4070.51282017	4077.05128171	4079.23076889	4069.6153842	4067.05128164	4114.74358947	4078.97435863	4082.05128171	4069.23076882	4081.41025607	4067.05128164	
4075.89743555	4091.41025607	4102.94871767	4069.87179453	4078.71794837	4073.71794837	4067.82051241	4065.5128201	4112.30769203	4077.05128171	4081.79487145	4069.48717907	4079.61538427	4067.43589702	
4073.8461535	4091.79487145	4103.33333306	4066.53846113	4076.02564068	4072.17948684	4065.25640984	4068.84615343	4110.64102537	4072.69230735	4080.89743555	4069.10256369	4080.76923043	4064.99999959	
4074.48717914	4092.17948684	4102.94871767	4068.33333292	4072.82051248	4074.7435894	4064.10256369	4066.28205087	4107.43589716	4072.56410222	4078.71794837	4067.82051241	4080.6410253	4062.43589702	
4077.05128171	4093.8461535	4103.71794844	4070.25640991	4075.51282017	4073.20512786	4063.84615343	4058.46153805	4103.20512793	4070.6410253	4076.66666632	4068.20512779	4077.30769196	4063.46153805	
4077.30769196	4094.35897402	4102.82051255	4067.17948677	4077.56410222	4074.61538427	4065.5128201	4058.7179483	4104.48717921	4068.97435856	4076.15384581	4066.15384574	4077.30769196	4064.74358933	
4076.28205094	4095.12820478	4103.71794844	4069.7435894	4079.35897402	4081.02564068	4067.94871754	4064.6153842	4106.02564075	4072.69230735	4078.46153812	4066.28205087	4083.33333299	4066.410256	
4075.51282017	4094.61538427	4107.43589716	4074.48717914	4082.17948684	4080.51282017	4064.48717907	4066.92307651	4099.48717914	4073.33333299	4078.07692273	4068.7179483	4084.48717914	4070.25640991	
4078.71794837	4092.82051248	4107.30769203	4072.43589709	4079.61538427	4073.71794837	4059.87179446	4068.58974318	4098.8461535	4072.69230735	4076.66666632	4066.15384574	4081.79487145	4072.30769196	
4083.07692273	4090.76923043	4103.9743587	4070.12820478	4075.6410253	4074.35897402	4061.79487138	4072.69230735	4104.35897408	4075.6410253	4079.99999966	4064.48717907	4085.12820478	4070.12820478	
4082.05128171	4092.05128171	4106.66666639	4072.17948684	4079.48717914	4081.79487145	4068.20512779	4077.43589709	4106.28205101	4078.8461535	4088.58974325	4069.99999966	4092.94871761	4068.58974318	
4083.58974325	4094.99999966	4110.89743562	4074.7435894	4084.10256376	4084.48717914	4071.53846119	4082.17948684	4108.20512793	4082.56410222	4094.35897402	4075.25640991	4092.43589709	4070.12820478	
4087.30769196	4093.97435863	4107.82051255	4071.66666632	4080.38461504	4081.15384581	4072.43589709	4084.35897402	4111.15384588	4087.05128171	4094.35897402	4075.89743555	4089.35897402	4068.20512779	
4082.56410222	4090.6410253	4103.9743587	4063.58974318	4076.53846119	4078.33333299	4073.07692273	4080.76923043	4110.12820485	4085.51282017	4089.87179453	4073.46153812	4093.97435863	4061.53846113	
4075.12820478	4087.17948684	4104.10256383	4058.97435856	4075.89743555	4077.30769196	4069.7435894	4076.53846119	4105.25640998	4080.38461504	4081.79487145	4069.7435894	4092.69230735	4057.82051241	
4075.25640991	4086.02564068	4103.58974332	4063.33333292	4074.7435894	4075.25640991	4063.33333292	4073.8461535	4097.82051248	4076.15384581	4073.07692273	4066.15384574	4083.58974325	4055.76923036	
4079.48717914	4087.82051248	4101.02564068	4066.92307651	4078.8461535	4076.92307658	4061.410256	4074.10256376	4095.38461504	4077.30769196	4073.8461535	4065.89743548	4084.61538427	4052.94871754	
4080.76923043	4089.87179453	4102.05128171	4065.25640984	4083.33333299	4084.87179453	4064.35897395	4077.69230735	4102.56410229	4081.41025607	4078.71794837	4067.30769189	4090.12820478	4050.25640984	
4077.30769196	4090.51282017	4104.61538434	4065.76923036	4079.61538427	4085.6410253	4063.58974318	4078.58974325	4100.76923043	4078.71794837	4071.53846119	4066.02564061	4086.15384581	4044.48717907	
