4199.99999986	4210.12820506	4011.66666618	4139.61538441	4181.41025628	4200.25641012	4185.76923063	4282.82051289	4223.4615384	4289.74358982	4238.84615385	4202.05128199	4206.02564096	4229.23076917	
4198.97435884	4207.43589737	4007.30769183	4142.43589723	4176.02564089	4201.15384609	4186.41025628	4281.79487187	4230.64102558	4283.33333341	4244.61538462	4202.05128199	4213.71794865	4228.58974352	
4200.76923063	4207.30769224	4002.17948663	4142.82051262	4171.66666653	4196.5384614	4180.12820499	4275.1282052	4222.69230763	4284.2307693	4240.76923077	4200.76923063	4205.51282045	4226.79487173	
4198.07692294	4206.53846147	4004.35897388	4135.89743569	4169.2307691	4194.35897422	4172.94871781	4265.0	4216.79487173	4280.00000007	4230.38461532	4201.15384609	4199.61538448	4221.53846147	
4192.4358973	4203.20512814	4006.02564054	4130.89743562	4170.25641012	4193.97435884	4173.71794858	4260.12820513	4219.10256404	4272.43589751	4221.41025634	4201.79487173	4196.66666653	4218.07692301	
4192.94871781	4202.43589737	4004.487179	4131.28205101	4171.28205115	4191.66666653	4173.58974345	4257.17948718	4213.07692301	4267.56410264	4214.35897429	4197.69230756	4192.69230756	4216.6666666	
4199.74358961	4208.20512814	4007.05128157	4136.02564082	4169.99999986	4193.84615371	4171.79487166	4252.56410257	4207.69230763	4262.43589744	4214.48717942	4195.12820499	4193.97435884	4218.20512814	
4202.30769224	4211.92307686	4011.15384567	4137.43589723	4169.99999986	4196.41025628	4179.2307691	4252.82051282	4213.20512814	4258.97435898	4219.35897429	4200.76923063	4197.4358973	4220.89743583	
4198.97435884	4208.58974352	4007.94871747	4133.33333306	4170.64102551	4194.35897422	4181.02564089	4255.64102564	4217.30769224	4258.97435898	4217.94871788	4198.84615371	4198.07692294	4218.97435891	
4197.05128192	4209.35897429	4007.69230721	4134.10256383	4169.87179474	4192.30769217	4173.84615371	4248.33333334	4209.10256404	4254.35897436	4209.99999993	4188.58974345	4194.2307691	4214.48717942	
4199.74358961	4218.58974352	4015.3846149	4137.56410236	4169.2307691	4193.58974345	4175.64102551	4238.46153847	4201.02564096	4248.58974359	4203.4615384	4191.15384602	4186.5384614	4214.99999993	
4201.79487173	4222.43589737	4018.58974311	4138.07692287	4172.05128192	4194.48717935	4179.10256397	4244.35897436	4203.97435891	4254.10256411	4207.94871788	4201.53846147	4186.41025628	4221.15384609	
4202.69230763	4220.25641019	4019.35897388	4140.38461518	4177.4358973	4197.05128192	4176.79487166	4253.07692308	4212.05128199	4261.02564103	4217.82051275	4206.79487173	4196.15384602	4226.92307686	
4204.99999993	4221.6666666	4024.10256362	4143.71794851	4179.74358961	4199.99999986	4182.05128192	4252.82051282	4219.35897429	4259.10256411	4220.51282045	4206.6666666	4199.48717935	4228.33333327	
4205.64102558	4222.5641025	4027.56410208	4143.46153826	4177.30769217	4199.61538448	4188.3333332	4251.53846154	4219.99999993	4256.02564103	4221.02564096	4207.05128199	4196.66666653	4226.79487173	
4202.69230763	4221.53846147	4028.07692259	4141.92307672	4177.82051269	4200.89743576	4184.87179474	4251.66666667	4219.61538455	4254.74358975	4225.38461532	4211.53846147	4198.84615371	4227.94871788	
4202.05128199	4218.33333327	4028.97435849	4141.66666646	4184.10256397	4201.41025634	4183.58974345	4252.43589744	4221.6666666	4253.07692308	4224.61538455	4210.38461532	4201.6666666	4229.99999993	
4203.33333327	4215.89743583	4032.1794867	4143.58974339	4186.66666653	4198.20512807	4185.12820499	4252.94871795	4220.12820506	4251.7948718	4218.58974352	4208.58974352	4199.99999986	4229.74358968	
4204.35897429	4217.69230763	4034.99999952	4142.56410236	4184.35897422	4198.71794858	4184.48717935	4251.15384616	4214.87179481	4249.61538462	4216.02564096	4211.79487173	4198.84615371	4230.38461532	
4203.20512814	4216.92307686	4034.10256362	4134.10256383	4181.15384602	4199.61538448	4184.48717935	4244.87179488	4210.25641019	4242.17948718	4212.17948711	4210.7692307	4196.5384614	4229.99999993	
4199.61538448	4208.4615384	4033.58974311	4129.61538434	4174.10256397	4193.71794858	4181.66666653	4236.15384616	4203.58974352	4232.82051275	4202.43589737	4199.99999986	4186.15384602	4223.58974352	
4198.46153833	4205.64102558	4037.30769189	4130.38461511	4174.2307691	4191.28205115	4181.28205115	4232.5641025	4199.61538448	4231.53846147	4201.79487173	4198.71794858	4182.30769217	4221.92307686	
4200.64102551	4209.99999993	4041.02564061	4127.56410229	4181.28205115	4194.48717935	4183.84615371	4236.53846154	4204.35897429	4235.12820513	4207.05128199	4205.7692307	4189.48717935	4223.58974352	
4202.30769224	4206.53846147	4040.76923036	4125.89743562	4180.25641012	4194.10256397	4182.30769217	4237.94871795	4205.25641019	4233.20512814	4205.51282045	4201.53846147	4193.20512807	4221.28205122	
4200.51282038	4202.43589737	4041.79487138	4129.10256383	4179.74358961	4195.25641012	4183.84615371	4238.20512821	4203.4615384	4233.20512814	4206.53846147	4199.87179474	4198.20512807	4222.82051275	
4200.64102551	4207.5641025	4045.25640984	4132.43589716	4185.25641012	4199.87179474	4194.99999986	4247.17948718	4217.05128199	4242.6923077	4219.10256404	4209.23076917	4210.64102558	4229.35897429	
4206.53846147	4206.6666666	4045.25640984	4132.82051255	4187.05128192	4200.64102551	4198.3333332	4253.46153847	4231.79487173	4248.07692308	4231.53846147	4216.28205122	4219.74358968	4236.15384616	
4213.84615378	4202.30769224	4044.87179446	4130.51282024	4186.5384614	4201.41025634	4194.10256397	4249.74358975	4224.99999993	4239.48717949	4227.17948711	4215.25641019	4217.5641025	4239.23076923	
4214.35897429	4206.41025634	4047.43589702	4128.46153819	4188.07692294	4206.6666666	4197.4358973	4241.41025641	4211.6666666	4228.71794865	4214.10256404	4210.7692307	4212.05128199	4235.38461539	
4208.97435891	4204.61538455	4047.69230728	4127.30769203	4187.30769217	4206.6666666	4203.20512814	4237.05128206	4215.7692307	4230.25641019	4215.7692307	4209.99999993	4212.17948711	4233.58974352	
4209.35897429	4197.4358973	4045.64102523	4129.8717946	4188.07692294	4202.69230763	4203.71794865	4242.94871795	4229.99999993	4239.74358975	4233.58974352	4213.71794865	4220.25641019	4239.61538462	
4211.79487173	4202.05128199	4050.25640984	4134.99999973	4183.3333332	4200.12820499	4195.51282038	4252.6923077	4237.56410257	4245.0	4250.51282052	4218.71794865	4231.79487173	4243.97435898	
4207.43589737	4207.94871788	4058.97435856	4132.43589716	4171.28205115	4194.35897422	4188.46153833	4256.28205129	4241.66666667	4242.05128206	4263.20512821	4220.12820506	4242.17948718	4241.41025641	
4202.30769224	4204.35897429	4056.15384574	4125.38461511	4172.69230756	4188.71794858	4193.46153833	4254.23076923	4246.28205129	4237.6923077	4270.1282052	4218.97435891	4243.20512821	4237.94871795	
4202.69230763	4199.2307691	4048.33333292	4125.7692305	4181.79487166	4192.30769217	4196.92307679	4250.12820513	4243.07692308	4238.07692308	4262.05128206	4214.61538455	4231.6666666	4234.61538462	
4203.20512814	4199.35897422	4051.410256	4126.15384588	4178.58974345	4196.66666653	4193.07692294	4243.84615385	4233.71794865	4237.56410257	4251.7948718	4211.79487173	4222.5641025	4232.30769224	
4196.92307679	4201.53846147	4057.30769189	4116.92307665	4172.17948704	4193.20512807	4191.15384602	4238.58974359	4226.92307686	4232.30769224	4245.12820513	4208.4615384	4217.43589737	4229.48717942	
4188.3333332	4199.35897422	4056.28205087	4112.17948691	4171.66666653	4190.76923063	4189.74358961	4232.5641025	4221.28205122	4224.87179481	4234.10256411	4197.30769217	4206.28205122	4218.97435891	
4184.2307691	4194.74358961	4053.58974318	4113.84615357	4172.05128192	4193.3333332	4187.30769217	4229.61538455	4219.35897429	4223.07692301	4232.69230763	4193.3333332	4203.71794865	4212.05128199	
4186.15384602	4196.5384614	4053.97435856	4112.94871767	4171.79487166	4192.17948704	4188.84615371	4230.51282045	4222.5641025	4222.43589737	4240.64102564	4197.4358973	4208.97435891	4216.02564096	
4186.66666653	4198.3333332	4054.48717907	4114.23076896	4172.30769217	4185.51282038	4188.46153833	4226.92307686	4217.05128199	4214.61538455	4238.07692308	4190.25641012	4206.53846147	4213.84615378	
4182.56410243	4191.66666653	4054.35897395	4114.48717921	4174.10256397	4183.71794858	4185.38461525	4223.33333327	4211.41025634	4208.71794865	4234.74358975	4183.07692294	4203.33333327	4206.41025634	
4180.76923063	4192.4358973	4058.33333292	4112.30769203	4177.05128192	4185.89743576	4189.99999986	4223.33333327	4217.5641025	4210.25641019	4243.07692308	4187.30769217	4208.07692301	4207.82051275	
4184.10256397	4201.53846147	4064.23076882	4114.48717921	4177.17948704	4186.79487166	4194.10256397	4223.33333327	4220.25641019	4212.5641025	4246.66666667	4189.61538448	4211.92307686	4211.41025634	
4186.79487166	4199.99999986	4064.6153842	4115.38461511	4176.15384602	4188.46153833	4190.64102551	4222.94871788	4214.61538455	4210.7692307	4241.7948718	4185.64102551	4208.58974352	4208.20512814	
4183.46153833	4196.5384614	4066.28205087	4111.53846126	4177.82051269	4189.87179474	4188.20512807	4220.7692307	4217.43589737	4208.4615384	4242.05128206	4186.66666653	4211.79487173	4206.28205122	
4181.5384614	4201.28205122	4071.28205094	4113.71794844	4183.20512807	4189.2307691	4191.02564089	4223.33333327	4229.10256404	4211.28205122	4251.28205129	4193.07692294	4222.05128199	4211.02564096	
4184.87179474	4201.92307686	4068.97435856	4121.53846126	4185.12820499	4187.56410243	4190.12820499	4226.02564096	4229.35897429	4213.71794865	4254.23076923	4193.46153833	4213.07692301	4209.61538455	
4184.48717935	4199.35897422	4063.97435856	4119.99999973	4179.61538448	4185.76923063	4182.82051269	4217.94871788	4216.02564096	4211.92307686	4240.38461539	4188.07692294	4183.58974345	4202.43589737	
4182.56410243	4200.12820499	4065.76923036	4114.35897408	4178.97435884	4188.46153833	4183.97435884	4210.38461532	4207.43589737	4213.4615384	4228.33333327	4188.58974345	4167.43589723	4204.87179481	
4185.12820499	4200.12820499	4071.41025607	4117.94871767	4184.74358961	4190.51282038	4188.58974345	4209.99999993	4208.33333327	4218.58974352	4229.10256404	4194.10256397	4171.66666653	4211.79487173	
4187.05128192	4201.92307686	4072.56410222	4121.79487152	4186.5384614	4188.71794858	4187.05128192	4208.97435891	4206.28205122	4217.69230763	4227.82051275	4193.84615371	4170.12820499	4210.51282045	
4185.64102551	4202.69230763	4069.10256369	4116.66666639	4188.71794858	4193.07692294	4188.46153833	4211.41025634	4203.33333327	4218.71794865	4223.4615384	4190.12820499	4165.25641005	4206.79487173	
4183.07692294	4199.48717935	4065.12820472	4113.20512793	4188.20512807	4195.51282038	4189.10256397	4207.17948711	4201.6666666	4219.61538455	4220.38461532	4185.51282038	4160.89743569	4203.33333327	
4180.76923063	4200.25641012	4064.87179446	4116.02564075	4180.89743576	4186.92307679	4185.51282038	4196.41025628	4191.41025628	4210.7692307	4212.05128199	4180.64102551	4152.17948697	4198.07692294	
4183.07692294	4203.97435891	4069.10256369	4115.89743562	4182.82051269	4185.89743576	4186.5384614	4199.99999986	4188.20512807	4209.35897429	4207.69230763	4183.3333332	4153.07692287	4199.87179474	
4186.66666653	4196.92307679	4069.7435894	4115.38461511	4188.58974345	4193.46153833	4186.79487166	4204.35897429	4195.64102551	4218.4615384	4211.53846147	4186.28205115	4157.3076921	4202.5641025	
4182.82051269	4193.58974345	4067.82051241	4115.64102537	4182.17948704	4188.58974345	4180.25641012	4193.46153833	4192.4358973	4215.51282045	4208.20512814	4180.25641012	4148.33333313	4197.4358973	
4179.35897422	4197.30769217	4067.69230728	4112.05128178	4176.79487166	4179.10256397	4178.46153833	4186.5384614	4183.07692294	4206.79487173	4203.07692301	4176.15384602	4140.51282031	4196.5384614	
4183.3333332	4194.61538448	4068.7179483	4114.74358947	4179.48717935	4180.38461525	4179.2307691	4187.82051269	4180.76923063	4208.07692301	4203.4615384	4180.89743576	4143.46153826	4201.41025634	
4183.46153833	4192.05128192	4070.12820478	4119.8717946	4177.05128192	4181.5384614	4178.46153833	4186.79487166	4180.25641012	4209.35897429	4202.05128199	4182.94871781	4142.56410236	4201.28205122	
4179.35897422	4192.94871781	4072.05128171	4117.05128178	4174.35897422	4177.4358973	4180.64102551	4184.35897422	4180.25641012	4205.89743583	4201.02564096	4179.61538448	4139.35897415	4199.99999986	
4180.38461525	4194.10256397	4072.43589709	4117.56410229	4177.69230756	4177.17948704	4180.25641012	4185.38461525	4182.05128192	4205.89743583	4205.38461532	4181.02564089	4142.56410236	4205.12820506	
4186.41025628	4196.79487166	4075.25640991	4123.58974332	4178.20512807	4179.74358961	4179.87179474	4187.94871781	4182.05128192	4208.20512814	4208.71794865	4184.48717935	4145.89743569	4210.51282045	
4185.64102551	4196.79487166	4078.71794837	4123.0769228	4175.64102551	4178.46153833	4180.12820499	4188.97435884	4181.15384602	4209.99999993	4208.07692301	4184.99999986	4145.51282031	4206.28205122	
4177.94871781	4194.99999986	4074.23076889	4120.25640998	4176.28205115	4178.3333332	4176.28205115	4186.02564089	4178.46153833	4208.20512814	4203.20512814	4183.3333332	4142.3076921	4197.05128192	
4178.97435884	4199.48717935	4070.38461504	4124.8717946	4178.71794858	4182.82051269	4176.41025628	4186.92307679	4175.76923063	4207.30769224	4202.82051275	4181.15384602	4142.17948697	4197.17948704	
4185.89743576	4203.07692301	4073.07692273	4128.9743587	4183.3333332	4186.02564089	4183.07692294	4190.89743576	4186.02564089	4214.61538455	4215.12820506	4183.20512807	4150.38461518	4208.58974352	
4186.02564089	4203.58974352	4075.6410253	4130.64102537	4188.58974345	4186.41025628	4182.30769217	4196.41025628	4198.97435884	4223.33333327	4227.82051275	4192.56410243	4159.61538441	4212.30769224	
4184.35897422	4207.43589737	4076.66666632	4133.20512793	4190.38461525	4188.71794858	4181.92307679	4203.84615378	4201.79487173	4226.53846147	4229.87179481	4200.64102551	4164.87179467	4208.97435891	
4188.97435884	4206.28205122	4078.58974325	4134.48717921	4189.74358961	4187.56410243	4188.3333332	4206.02564096	4203.71794865	4226.41025634	4231.15384609	4201.53846147	4167.3076921	4212.69230763	
4187.94871781	4198.58974345	4075.76923043	4133.58974332	4186.66666653	4182.4358973	4187.05128192	4199.99999986	4203.20512814	4220.89743583	4227.94871788	4194.2307691	4160.89743569	4213.58974352	
4177.94871781	4192.56410243	4067.94871754	4128.33333306	4185.25641012	4182.05128192	4180.76923063	4195.76923063	4195.64102551	4218.07692301	4217.5641025	4186.5384614	4152.17948697	4206.92307686	
4173.58974345	4193.3333332	4067.82051241	4125.7692305	4185.38461525	4181.66666653	4177.17948704	4191.66666653	4186.79487166	4217.17948711	4209.74358968	4183.07692294	4147.05128185	4199.61538448	
4171.5384614	4198.07692294	4070.38461504	4129.61538434	4184.74358961	4177.94871781	4173.20512807	4183.07692294	4179.10256397	4209.74358968	4205.12820506	4174.74358961	4138.84615364	4193.71794858	
4167.94871774	4201.41025634	4068.20512779	4132.82051255	4186.02564089	4177.82051269	4170.25641012	4179.61538448	4177.4358973	4205.51282045	4203.07692301	4168.97435884	4136.41025621	4191.92307679	
4172.30769217	4203.20512814	4069.35897395	4135.64102544	4190.64102551	4182.4358973	4175.25641012	4185.89743576	4186.02564089	4212.43589737	4207.94871788	4176.66666653	4146.28205108	4195.51282038	
4183.84615371	4204.48717942	4073.33333299	4139.48717928	4191.41025628	4183.97435884	4184.10256397	4193.84615371	4196.79487166	4221.79487173	4219.10256404	4187.56410243	4157.05128185	4201.79487173	
4183.84615371	4202.17948711	4073.46153812	4139.35897415	4187.17948704	4179.35897422	4184.10256397	4195.25641012	4198.58974345	4223.97435891	4227.30769224	4188.58974345	4159.9999998	4206.92307686	
4176.41025628	4201.02564096	4072.82051248	4137.17948697	4186.15384602	4173.97435884	4179.87179474	4192.17948704	4196.66666653	4219.99999993	4222.94871788	4183.71794858	4156.79487159	4206.92307686	
4178.84615371	4204.61538455	4074.10256376	4138.205128	4187.69230756	4176.15384602	4182.94871781	4194.61538448	4196.02564089	4218.33333327	4216.53846147	4181.5384614	4154.87179467	4202.43589737	
4186.41025628	4203.58974352	4072.82051248	4135.38461518	4186.15384602	4178.58974345	4185.25641012	4198.97435884	4199.74358961	4224.35897429	4222.94871788	4188.07692294	4161.15384595	4206.28205122	
4187.17948704	4201.79487173	4070.76923043	4133.46153819	4188.20512807	4174.74358961	4181.66666653	4200.25641012	4204.48717942	4227.82051275	4227.69230763	4196.02564089	4163.58974339	4214.74358968	
4185.89743576	4208.4615384	4072.82051248	4139.74358954	4197.05128192	4177.17948704	4183.07692294	4201.28205122	4207.82051275	4226.79487173	4224.87179481	4197.17948704	4164.23076903	4216.92307686	
4193.84615371	4211.6666666	4076.15384581	4145.51282031	4201.79487173	4189.2307691	4186.28205115	4202.69230763	4215.12820506	4232.43589737	4234.87179488	4205.25641019	4177.05128192	4219.87179481	
4202.5641025	4203.84615378	4076.79487145	4144.1025639	4201.41025634	4189.2307691	4185.64102551	4199.87179474	4221.15384609	4237.82051282	4242.94871795	4213.71794865	4185.38461525	4224.99999993	
4199.10256397	4199.99999986	4076.15384581	4138.97435877	4200.89743576	4181.41025628	4184.99999986	4198.20512807	4217.82051275	4236.66666667	4234.23076923	4209.61538455	4177.4358973	4224.61538455	
4194.48717935	4204.48717942	4073.97435863	4138.33333313	4200.64102551	4182.30769217	4183.07692294	4197.17948704	4211.15384609	4233.97435898	4225.89743583	4203.71794865	4170.89743576	4220.25641019	
4199.87179474	4204.87179481	4071.66666632	4141.92307672	4201.6666666	4186.15384602	4183.07692294	4194.2307691	4212.69230763	4235.25641026	4227.05128199	4204.61538455	4179.48717935	4221.15384609	
4203.58974352	4200.89743576	4073.58974325	4144.1025639	4203.97435891	4189.48717935	4192.4358973	4194.87179474	4223.4615384	4240.64102564	4235.64102564	4213.07692301	4192.69230756	4228.97435891	
4200.51282038	4203.20512814	4074.99999966	4145.12820492	4205.38461532	4191.79487166	4197.69230756	4196.02564089	4227.94871788	4244.10256411	4240.25641026	4214.48717942	4192.82051269	4231.02564096	
4200.12820499	4208.58974352	4074.48717914	4147.94871774	4202.94871788	4187.30769217	4189.61538448	4189.61538448	4219.48717942	4239.23076923	4231.79487173	4208.07692301	4183.58974345	4225.38461532	
4205.89743583	4207.94871788	4075.89743555	4150.25641005	4201.15384609	4182.17948704	4185.38461525	4186.28205115	4215.7692307	4233.33333327	4226.6666666	4210.25641019	4181.92307679	4225.25641019	
4203.71794865	4200.64102551	4074.23076889	4145.64102544	4194.10256397	4180.12820499	4187.69230756	4186.02564089	4214.48717942	4228.71794865	4222.30769224	4208.4615384	4178.3333332	4223.84615378	
4190.89743576	4194.48717935	4067.17948677	4135.76923056	4180.51282038	4174.48717935	4184.10256397	4175.51282038	4196.28205115	4215.64102558	4200.25641012	4188.71794858	4155.64102544	4207.30769224	
4187.05128192	4196.92307679	4064.74358933	4131.79487152	4177.69230756	4172.17948704	4180.51282038	4163.33333313	4180.38461525	4204.74358968	4183.84615371	4178.84615371	4142.05128185	4197.17948704	
4192.05128192	4201.28205122	4069.10256369	4136.02564082	4187.05128192	4178.46153833	4184.87179474	4164.23076903	4186.15384602	4210.64102558	4191.79487166	4188.07692294	4148.84615364	4204.99999993	
4190.64102551	4198.84615371	4069.99999966	4137.3076921	4192.69230756	4180.25641012	4188.3333332	4169.61538448	4194.61538448	4218.33333327	4196.28205115	4189.10256397	4151.53846133	4206.41025634	
4185.51282038	4197.82051269	4067.17948677	4138.07692287	4183.71794858	4171.79487166	4178.46153833	4161.79487159	4183.97435884	4209.61538455	4184.87179474	4179.35897422	4143.58974339	4196.41025628	
4183.46153833	4196.41025628	4069.10256369	4138.84615364	4176.02564089	4165.64102544	4167.94871774	4150.25641005	4171.66666653	4199.87179474	4176.5384614	4174.35897422	4136.79487159	4192.17948704	
4182.4358973	4191.79487166	4067.69230728	4132.56410229	4178.84615371	4168.20512807	4172.56410243	4155.38461518	4176.66666653	4207.17948711	4178.46153833	4175.38461525	4135.89743569	4192.56410243	
4179.99999986	4193.3333332	4063.20512779	4127.30769203	4181.28205115	4171.5384614	4177.4358973	4165.38461518	4186.28205115	4216.15384609	4182.82051269	4175.12820499	4140.64102544	4192.30769217	
4176.02564089	4196.28205115	4065.25640984	4127.56410229	4179.74358961	4171.15384602	4171.41025628	4159.87179467	4182.05128192	4212.30769224	4181.5384614	4169.87179474	4141.79487159	4191.28205115	
4173.71794858	4192.69230756	4068.33333292	4127.82051255	4178.46153833	4168.20512807	4168.3333332	4149.48717928	4173.71794858	4208.20512814	4175.12820499	4166.66666646	4134.99999973	4188.46153833	
4179.61538448	4194.61538448	4067.82051241	4132.56410229	4180.12820499	4167.17948697	4170.51282038	4150.12820492	4178.3333332	4211.6666666	4176.5384614	4170.64102551	4138.07692287	4191.41025628	
4186.02564089	4201.92307686	4069.23076882	4137.43589723	4180.38461525	4169.87179474	4170.25641012	4150.64102544	4182.17948704	4209.10256404	4181.02564089	4175.89743576	4145.25641005	4199.99999986	
4187.17948704	4199.87179474	4073.71794837	4132.82051255	4179.74358961	4171.79487166	4170.64102551	4146.28205108	4178.46153833	4203.20512814	4180.64102551	4177.05128192	4140.25641005	4202.17948711	
4185.89743576	4197.4358973	4074.35897402	4130.12820485	4177.69230756	4166.66666646	4170.51282038	4139.61538441	4177.56410243	4202.82051275	4178.71794858	4172.4358973	4134.35897408	4196.79487166	
4181.79487166	4198.84615371	4071.41025607	4132.82051255	4174.99999986	4161.28205108	4169.10256397	4135.89743569	4178.58974345	4203.58974352	4177.94871781	4164.61538441	4136.15384595	4191.15384602	
4176.15384602	4198.07692294	4073.8461535	4131.28205101	4171.5384614	4162.05128185	4169.87179474	4137.05128185	4177.05128192	4199.99999986	4178.07692294	4163.205128	4138.97435877	4187.17948704	
4174.35897422	4199.2307691	4078.20512786	4130.51282024	4166.92307672	4162.82051262	4170.25641012	4134.61538434	4175.64102551	4196.41025628	4179.2307691	4165.25641005	4138.97435877	4185.25641012	
4179.10256397	4200.12820499	4077.82051248	4133.0769228	4170.38461525	4162.94871774	4172.4358973	4134.8717946	4180.64102551	4198.20512807	4184.35897422	4167.3076921	4145.38461518	4188.46153833	
4184.10256397	4202.43589737	4079.87179453	4134.35897408	4176.5384614	4164.23076903	4174.61538448	4144.48717928	4188.58974345	4202.05128199	4193.46153833	4174.2307691	4157.43589723	4192.56410243	
4183.97435884	4203.07692301	4086.02564068	4134.35897408	4178.84615371	4168.07692287	4173.3333332	4151.41025621	4197.17948704	4208.97435891	4204.23076917	4179.35897422	4164.23076903	4193.3333332	
4183.84615371	4199.61538448	4086.41025607	4134.74358947	4178.97435884	4168.46153833	4171.28205115	4146.28205108	4197.4358973	4209.87179481	4205.12820506	4173.46153833	4162.43589723	4190.76923063	
4184.2307691	4197.17948704	4085.51282017	4136.79487159	4180.51282038	4165.64102544	4171.02564089	4143.33333313	4192.69230756	4203.20512814	4198.84615371	4169.61538448	4160.64102544	4191.02564089	
4184.87179474	4203.71794865	4089.10256376	4142.56410236	4187.94871781	4166.53846133	4174.74358961	4147.3076921	4198.84615371	4205.12820506	4202.17948711	4181.02564089	4167.94871774	4196.79487166	
4193.58974345	4212.69230763	4096.15384581	4150.64102544	4189.87179474	4167.69230749	4182.17948704	4149.74358954	4205.64102558	4211.02564096	4210.89743583	4189.87179474	4176.92307679	4199.2307691	
4197.94871781	4211.6666666	4099.48717914	4152.17948697	4184.2307691	4167.56410236	4185.25641012	4144.74358954	4200.12820499	4209.10256404	4208.71794865	4182.69230756	4173.84615371	4193.97435884	
4191.02564089	4205.89743583	4095.38461504	4144.74358954	4182.69230756	4165.25641005	4181.79487166	4136.15384595	4191.41025628	4201.41025634	4196.92307679	4177.30769217	4164.74358954	4187.17948704	
4187.17948704	4202.17948711	4094.7435894	4141.28205108	4187.94871781	4162.82051262	4182.69230756	4139.9999998	4193.71794858	4199.61538448	4195.76923063	4180.12820499	4164.61538441	4188.46153833	
4190.76923063	4206.41025634	4097.82051248	4145.64102544	4187.69230756	4163.97435877	4187.69230756	4148.205128	4201.53846147	4204.35897429	4204.99999993	4183.97435884	4170.76923063	4193.84615371	
4189.10256397	4209.23076917	4096.53846119	4146.79487159	4185.38461525	4167.69230749	4187.69230756	4145.64102544	4201.92307686	4207.43589737	4205.51282045	4184.61538448	4170.38461525	4190.25641012	
4184.48717935	4207.30769224	4095.89743555	4144.9999998	4191.5384614	4170.38461525	4186.66666653	4141.02564082	4197.82051269	4203.4615384	4196.15384602	4179.35897422	4166.15384595	4183.97435884	
4185.89743576	4209.10256404	4100.38461504	4146.41025621	4196.79487166	4173.84615371	4189.48717935	4142.43589723	4193.97435884	4194.2307691	4191.15384602	4171.02564089	4165.38461518	4182.69230756	
4186.02564089	4207.5641025	4101.41025607	4146.02564082	4193.97435884	4178.58974345	4188.07692294	4147.17948697	4199.10256397	4196.15384602	4195.76923063	4170.76923063	4170.25641012	4182.94871781	
4183.84615371	4202.69230763	4101.41025607	4143.205128	4186.79487166	4174.87179474	4176.15384602	4149.61538441	4207.30769224	4208.71794865	4205.51282045	4181.5384614	4178.58974345	4185.25641012	
4184.87179474	4203.84615378	4104.99999973	4142.69230749	4182.56410243	4168.71794858	4164.23076903	4150.38461518	4207.5641025	4214.61538455	4209.87179481	4188.84615371	4184.10256397	4189.99999986	
4187.4358973	4208.4615384	4102.94871767	4145.64102544	4181.92307679	4168.3333332	4158.58974339	4146.92307672	4199.87179474	4207.82051275	4205.25641019	4185.38461525	4180.38461525	4189.10256397	
4183.20512807	4202.82051275	4099.87179453	4147.43589723	4177.56410243	4163.205128	4150.38461518	4136.41025621	4188.58974345	4196.15384602	4190.64102551	4175.12820499	4167.05128185	4176.5384614	
4177.4358973	4196.79487166	4103.71794844	4145.89743569	4175.12820499	4156.02564082	4141.15384595	4126.66666639	4179.87179474	4189.74358961	4180.51282038	4166.28205108	4156.41025621	4166.53846133	
4181.15384602	4200.64102551	4107.30769203	4146.15384595	4176.02564089	4156.02564082	4140.12820492	4127.05128178	4179.48717935	4191.41025628	4186.66666653	4167.94871774	4158.205128	4171.5384614	
4185.12820499	4202.05128199	4105.64102537	4146.15384595	4171.28205115	4159.1025639	4139.9999998	4129.74358947	4182.82051269	4189.48717935	4189.61538448	4171.5384614	4160.89743569	4174.2307691	
4181.5384614	4197.05128192	4105.38461511	4142.05128185	4164.35897415	4156.41025621	4129.35897408	4123.58974332	4177.69230756	4180.89743576	4176.5384614	4166.92307672	4152.17948697	4164.9999998	
4172.94871781	4194.10256397	4107.30769203	4137.43589723	4159.61538441	4153.97435877	4119.74358947	4116.66666639	4171.79487166	4182.05128192	4169.10256397	4161.02564082	4146.53846133	4158.84615364	
4171.41025628	4195.12820499	4107.69230742	4137.43589723	4157.94871774	4155.89743569	4119.99999973	4118.46153819	4174.2307691	4188.71794858	4175.25641012	4160.76923056	4152.43589723	4161.02564082	
4179.61538448	4195.38461525	4110.38461511	4141.02564082	4163.33333313	4159.1025639	4120.38461511	4119.61538434	4176.5384614	4187.17948704	4176.92307679	4164.87179467	4156.15384595	4165.25641005	
4179.74358961	4195.76923063	4115.89743562	4144.23076903	4169.10256397	4164.1025639	4120.25640998	4113.71794844	4180.25641012	4186.41025628	4178.84615371	4170.25641012	4157.56410236	4167.05128185	
4170.51282038	4197.69230756	4116.66666639	4146.79487159	4167.82051262	4163.33333313	4120.51282024	4111.02564075	4182.82051269	4190.76923063	4184.10256397	4171.5384614	4161.53846133	4164.61538441	
4170.38461525	4197.82051269	4115.89743562	4147.43589723	4166.79487159	4159.23076903	4115.7692305	4115.89743562	4179.74358961	4191.41025628	4181.5384614	4169.74358961	4163.07692287	4163.97435877	
4176.02564089	4198.97435884	4118.9743587	4147.05128185	4165.25641005	4156.79487159	4110.51282024	4112.82051255	4171.66666653	4180.76923063	4173.3333332	4168.07692287	4156.15384595	4163.71794851	
4173.3333332	4200.76923063	4119.35897408	4147.43589723	4167.05128185	4160.76923056	4111.92307665	4107.17948691	4169.61538448	4173.58974345	4169.35897422	4166.53846133	4150.51282031	4160.25641005	
4172.05128192	4200.89743576	4119.23076896	4148.84615364	4174.87179474	4167.94871774	4114.23076896	4112.30769203	4173.46153833	4177.4358973	4170.25641012	4166.15384595	4153.58974339	4158.46153826	
4173.46153833	4199.61538448	4122.05128178	4149.48717928	4175.76923063	4166.53846133	4113.20512793	4113.0769228	4170.64102551	4169.87179474	4167.3076921	4164.61538441	4153.46153826	4158.33333313	
4170.64102551	4199.61538448	4121.02564075	4146.28205108	4167.05128185	4161.28205108	4110.7692305	4101.66666632	4159.87179467	4153.58974339	4158.84615364	4159.1025639	4142.69230749	4153.07692287	
4168.3333332	4198.20512807	4118.58974332	4142.82051262	4164.74358954	4159.48717928	4108.20512793	4097.17948684	4152.94871774	4155.76923056	4153.205128	4154.74358954	4136.28205108	4149.87179467	
4169.99999986	4193.71794858	4120.12820485	4142.69230749	4166.79487159	4160.64102544	4105.64102537	4098.33333299	4154.61538441	4162.82051262	4151.15384595	4154.23076903	4136.28205108	4152.82051262	
4170.25641012	4194.2307691	4121.15384588	4145.89743569	4162.56410236	4158.33333313	4104.61538434	4095.76923043	4154.61538441	4155.64102544	4148.58974339	4153.205128	4133.58974332	4150.89743569	
4170.25641012	4197.30769217	4122.43589716	4146.66666646	4163.46153826	4160.89743569	4106.41025614	4097.17948684	4158.58974339	4156.92307672	4152.3076921	4153.97435877	4138.33333313	4149.35897415	
4171.02564089	4195.89743576	4124.35897408	4144.35897415	4167.82051262	4168.46153833	4103.71794844	4103.0769228	4165.12820492	4169.35897422	4161.28205108	4157.17948697	4147.17948697	4153.71794851	
4167.43589723	4192.17948704	4121.66666639	4142.17948697	4160.25641005	4166.41025621	4095.51282017	4105.51282024	4162.69230749	4166.28205108	4161.79487159	4156.66666646	4145.51282031	4152.56410236	
4161.53846133	4189.10256397	4115.89743562	4141.15384595	4151.28205108	4159.1025639	4088.97435863	4101.53846119	4155.38461518	4155.12820492	4152.05128185	4150.76923056	4136.92307672	4144.87179467	
4158.58974339	4191.28205115	4114.35897408	4139.87179467	4155.12820492	4156.66666646	4085.38461504	4097.17948684	4153.07692287	4152.69230749	4147.05128185	4144.74358954	4131.66666639	4142.56410236	
4161.79487159	4193.71794858	4116.79487152	4135.12820485	4157.05128185	4158.58974339	4083.8461535	4098.20512786	4153.07692287	4155.25641005	4150.12820492	4141.53846133	4132.43589716	4146.28205108	
4162.17948697	4190.89743576	4114.48717921	4134.10256383	4150.51282031	4157.56410236	4081.53846119	4093.20512786	4141.79487159	4150.25641005	4142.56410236	4137.82051262	4128.46153819	4140.25641005	
4159.1025639	4190.25641012	4111.66666639	4135.25640998	4153.71794851	4157.69230749	4079.48717914	4085.38461504	4131.79487152	4143.07692287	4135.51282031	4136.92307672	4121.02564075	4132.82051255	
4161.92307672	4193.97435884	4115.7692305	4132.43589716	4158.33333313	4159.9999998	4079.7435894	4089.10256376	4135.51282031	4145.51282031	4141.15384595	4139.9999998	4122.05128178	4136.15384595	
4169.10256397	4193.46153833	4121.02564075	4135.12820485	4156.02564082	4161.28205108	4080.76923043	4096.66666632	4140.64102544	4152.05128185	4147.17948697	4142.3076921	4129.23076896	4140.25641005	
4170.76923063	4195.38461525	4123.71794844	4143.71794851	4157.94871774	4164.74358954	4084.23076889	4096.28205094	4142.56410236	4151.02564082	4150.64102544	4147.17948697	4133.71794844	4138.97435877	
4166.66666646	4202.17948711	4123.71794844	4143.33333313	4161.41025621	4165.51282031	4088.71794837	4098.33333299	4148.07692287	4146.79487159	4156.41025621	4151.02564082	4134.61538434	4139.61538441	
4168.84615371	4200.25641012	4124.74358947	4139.74358954	4159.23076903	4165.12820492	4087.94871761	4103.20512793	4155.64102544	4151.66666646	4161.15384595	4152.56410236	4139.61538441	4145.64102544	
4172.30769217	4199.61538448	4127.17948691	4147.69230749	4160.64102544	4168.84615371	4083.20512786	4108.20512793	4163.46153826	4164.61538441	4168.20512807	4160.51282031	4148.84615364	4150.12820492	
4171.02564089	4201.02564096	4127.69230742	4151.15384595	4162.82051262	4170.25641012	4079.10256376	4112.69230742	4170.25641012	4169.10256397	4176.41025628	4164.35897415	4154.1025639	4150.12820492	
4169.10256397	4194.99999986	4128.20512793	4141.28205108	4158.84615364	4165.38461518	4071.53846119	4112.05128178	4165.76923056	4162.43589723	4177.56410243	4159.87179467	4152.05128185	4149.35897415	
4169.48717935	4195.76923063	4128.84615357	4140.76923056	4160.89743569	4166.53846133	4059.74358933	4110.89743562	4163.58974339	4162.3076921	4175.89743576	4158.97435877	4151.66666646	4152.17948697	
4170.89743576	4201.53846147	4127.82051255	4149.87179467	4165.89743569	4173.3333332	4048.33333292	4115.25640998	4171.15384602	4169.10256397	4174.2307691	4161.15384595	4153.46153826	4156.15384595	
4169.2307691	4199.87179474	4126.02564075	4146.41025621	4163.46153826	4174.48717935	4038.46153805	4118.46153819	4173.84615371	4169.35897422	4174.35897422	4159.74358954	4152.69230749	4153.07692287	
4163.46153826	4197.82051269	4126.66666639	4135.76923056	4160.76923056	4171.5384614	4029.74358926	4113.33333306	4164.48717928	4163.58974339	4174.48717935	4158.84615364	4150.12820492	4148.58974339	
4161.66666646	4201.6666666	4131.28205101	4140.51282031	4163.205128	4171.41025628	4023.33333285	4105.51282024	4158.07692287	4156.79487159	4169.48717935	4157.3076921	4146.02564082	4147.69230749	
4167.82051262	4203.84615378	4134.8717946	4150.64102544	4166.02564082	4173.07692294	4021.53846106	4103.33333306	4161.02564082	4154.23076903	4163.46153826	4154.61538441	4143.07692287	4148.07692287	
4168.07692287	4203.4615384	4131.92307665	4145.25641005	4165.25641005	4172.4358973	4021.2820508	4100.76923043	4157.3076921	4153.58974339	4156.15384595	4152.43589723	4137.3076921	4142.94871774	
4158.97435877	4200.12820499	4128.46153819	4134.74358947	4160.12820492	4166.41025621	4014.61538413	4095.51282017	4143.71794851	4145.38461518	4143.84615364	4145.51282031	4125.7692305	4135.51282031	
4153.46153826	4194.35897422	4126.92307665	4133.0769228	4153.46153826	4161.02564082	4004.87179439	4093.71794837	4136.15384595	4134.10256383	4133.0769228	4138.46153826	4117.17948691	4131.15384588	
4152.56410236	4194.99999986	4124.74358947	4133.20512793	4150.51282031	4161.28205108	4003.84615329	4091.66666632	4136.02564082	4134.48717921	4129.61538434	4136.66666646	4113.33333306	4128.46153819	
4153.46153826	4196.28205115	4124.99999973	4132.56410229	4152.05128185	4163.58974339	4004.74358926	4085.38461504	4134.8717946	4139.87179467	4129.99999973	4137.17948697	4113.71794844	4128.46153819	
4153.33333313	4192.82051269	4130.51282024	4132.82051255	4148.205128	4160.76923056	3996.79487124	4082.94871761	4132.94871767	4137.56410236	4131.53846126	4139.61538441	4117.30769203	4131.15384588	
4152.43589723	4194.35897422	4136.79487159	4131.92307665	4140.12820492	4158.97435877	3993.07692252	4083.46153812	4135.64102544	4134.61538434	4134.10256383	4140.38461518	4119.61538434	4131.66666639	
4160.89743569	4199.48717935	4142.69230749	4137.56410236	4146.66666646	4171.02564089	4003.46153791	4095.38461504	4148.71794851	4147.69230749	4149.23076903	4150.12820492	4130.12820485	4141.15384595	
4173.07692294	4199.87179474	4149.23076903	4146.15384595	4161.41025621	4183.46153833	4006.15384567	4114.23076896	4170.64102551	4167.3076921	4172.4358973	4169.99999986	4153.71794851	4158.97435877	
4171.66666653	4197.30769217	4148.46153826	4142.56410236	4162.05128185	4178.84615371	3988.58974304	4114.61538434	4177.17948704	4168.46153833	4174.87179474	4171.66666653	4158.07692287	4158.71794851	
4166.92307672	4196.79487166	4147.82051262	4139.87179467	4159.74358954	4174.87179474	3973.84615329	4106.28205101	4168.20512807	4159.23076903	4164.48717928	4155.89743569	4145.64102544	4147.94871774	
4173.20512807	4199.48717935	4153.58974339	4145.12820492	4169.10256397	4181.41025628	3974.35897381	4110.51282024	4169.61538448	4159.48717928	4168.97435884	4155.25641005	4150.25641005	4151.79487159	
4172.30769217	4202.17948711	4153.07692287	4137.3076921	4168.58974345	4178.97435884	3972.0512815	4111.02564075	4168.97435884	4156.53846133	4169.87179474	4156.15384595	4150.12820492	4151.79487159	
4158.58974339	4199.2307691	4148.97435877	4119.99999973	4153.33333313	4165.38461518	3960.25640963	4097.30769196	4148.33333313	4139.87179467	4148.46153826	4139.48717928	4127.43589716	4137.05128185	
4153.58974339	4193.97435884	4151.53846133	4113.0769228	4145.25641005	4158.84615364	3953.46153784	4088.07692273	4131.53846126	4125.64102537	4131.79487152	4127.43589716	4113.33333306	4128.9743587	
4154.74358954	4194.10256397	4155.12820492	4112.43589716	4148.33333313	4161.15384595	3957.69230707	4087.17948684	4132.43589716	4125.12820485	4130.89743562	4126.66666639	4115.25640998	4129.8717946	
4154.61538441	4198.46153833	4155.12820492	4113.84615357	4149.35897415	4163.46153826	3959.10256348	4086.41025607	4133.84615357	4124.48717921	4130.89743562	4127.69230742	4112.94871767	4129.61538434	
4158.97435877	4201.53846147	4157.82051262	4114.61538434	4145.12820492	4163.71794851	3954.10256348	4085.76923043	4128.84615357	4120.12820485	4133.71794844	4132.82051255	4109.10256383	4132.82051255	
4162.82051262	4200.51282038	4161.53846133	4111.53846126	4145.38461518	4166.28205108	3954.48717887	4088.46153812	4133.0769228	4122.82051255	4142.69230749	4134.74358947	4117.05128178	4138.07692287	
4157.82051262	4197.69230756	4160.51282031	4114.35897408	4145.76923056	4166.79487159	3959.35897374	4091.53846119	4144.61538441	4126.92307665	4153.33333313	4129.35897408	4127.43589716	4137.94871774	
4154.74358954	4197.30769217	4158.84615364	4116.92307665	4137.94871774	4161.79487159	3957.17948656	4088.97435863	4145.25641005	4122.17948691	4154.87179467	4119.74358947	4125.64102537	4134.8717946	
4156.66666646	4200.12820499	4160.38461518	4109.99999973	4133.33333306	4162.82051262	3954.99999938	4088.07692273	4136.79487159	4118.20512793	4148.97435877	4113.84615357	4120.89743562	4133.0769228	
4155.12820492	4199.10256397	4162.82051262	4108.58974332	4138.71794851	4169.74358961	3964.74358912	4094.35897402	4138.84615364	4123.9743587	4149.1025639	4115.7692305	4125.12820485	4132.17948691	
4152.94871774	4196.15384602	4161.15384595	4114.74358947	4139.23076903	4165.25641005	3967.17948656	4092.94871761	4141.41025621	4125.64102537	4151.02564082	4113.33333306	4123.9743587	4126.66666639	
4148.33333313	4191.5384614	4155.12820492	4107.43589716	4127.05128178	4154.9999998	3955.64102502	4082.30769196	4128.20512793	4114.23076896	4139.74358954	4102.43589709	4111.41025614	4117.94871767	
4141.79487159	4188.71794858	4150.64102544	4098.20512786	4121.53846126	4153.84615364	3952.43589681	4079.35897402	4116.79487152	4105.38461511	4128.84615357	4098.33333299	4104.10256383	4115.64102537	
4139.9999998	4192.69230756	4152.05128185	4105.25640998	4126.28205101	4152.43589723	3954.99999938	4077.30769196	4115.51282024	4103.20512793	4127.05128178	4097.30769196	4101.92307658	4113.71794844	
4140.25641005	4194.99999986	4153.71794851	4110.12820485	4127.30769203	4148.33333313	3950.64102502	4068.58974318	4111.53846126	4100.12820478	4122.82051255	4089.7435894	4096.28205094	4108.9743587	
4145.12820492	4195.51282038	4152.05128185	4109.10256383	4127.30769203	4150.89743569	3950.38461476	4069.6153842	4108.58974332	4097.17948684	4124.8717946	4091.02564068	4099.61538427	4113.20512793	
4154.1025639	4197.94871781	4154.35897415	4116.28205101	4133.58974332	4155.38461518	3958.84615322	4079.35897402	4114.23076896	4098.46153812	4133.71794844	4098.8461535	4109.35897408	4121.28205101	
4153.07692287	4195.38461525	4157.17948697	4118.71794844	4133.84615357	4150.25641005	3957.43589681	4080.25640991	4112.56410229	4096.92307658	4129.8717946	4093.97435863	4104.48717921	4116.66666639	
4145.51282031	4191.41025628	4154.9999998	4111.15384588	4125.89743562	4144.87179467	3952.94871733	4077.94871761	4107.94871767	4094.10256376	4124.99999973	4086.92307658	4098.46153812	4112.17948691	
4148.97435877	4197.4358973	4155.76923056	4116.92307665	4127.69230742	4151.28205108	3960.51281989	4083.07692273	4117.82051255	4100.89743555	4134.99999973	4095.51282017	4110.89743562	4122.94871767	
4156.53846133	4202.17948711	4159.9999998	4128.46153819	4135.76923056	4155.89743569	3965.76923015	4086.41025607	4127.94871767	4107.82051255	4146.79487159	4107.69230742	4121.02564075	4130.38461511	
4155.89743569	4198.84615371	4160.64102544	4125.51282024	4134.10256383	4151.41025621	3963.33333271	4086.28205094	4131.41025614	4109.35897408	4152.05128185	4108.0769228	4121.53846126	4128.58974332	
4154.23076903	4199.61538448	4159.9999998	4125.38461511	4133.58974332	4154.87179467	3967.17948656	4095.12820478	4144.1025639	4120.51282024	4166.02564082	4112.94871767	4133.9743587	4135.25640998	
4156.28205108	4200.89743576	4162.82051262	4135.51282031	4143.07692287	4165.76923056	3976.66666611	4109.35897408	4164.1025639	4136.02564082	4184.74358961	4125.38461511	4156.02564082	4147.3076921	
4162.82051262	4201.02564096	4166.28205108	4137.3076921	4150.25641005	4167.3076921	3982.56410201	4117.17948691	4171.41025628	4139.9999998	4193.46153833	4127.94871767	4166.53846133	4150.51282031	
4164.74358954	4200.12820499	4166.41025621	4135.25640998	4150.64102544	4166.53846133	3985.2564097	4117.43589716	4169.35897422	4137.82051262	4192.4358973	4122.05128178	4162.69230749	4148.07692287	
4157.82051262	4200.25641012	4165.89743569	4137.82051262	4149.35897415	4168.71794858	3986.79487124	4113.71794844	4166.15384595	4134.10256383	4186.41025628	4119.74358947	4157.05128185	4144.87179467	
4156.92307672	4202.82051275	4166.02564082	4139.35897415	4148.33333313	4166.66666646	3985.2564097	4107.17948691	4160.38461518	4126.79487152	4178.97435884	4120.64102537	4154.87179467	4140.51282031	
4165.12820492	4201.6666666	4169.99999986	4140.51282031	4148.07692287	4166.02564082	3984.35897381	4103.9743587	4154.35897415	4120.12820485	4173.97435884	4119.35897408	4152.17948697	4139.35897415	
4170.64102551	4199.74358961	4176.66666653	4144.9999998	4150.76923056	4165.25641005	3984.61538406	4109.8717946	4157.43589723	4120.64102537	4177.94871781	4122.56410229	4155.12820492	4144.23076903	
4171.41025628	4205.64102558	4180.64102551	4149.23076903	4155.64102544	4163.33333313	3987.82051227	4115.64102537	4166.28205108	4123.46153819	4188.20512807	4132.43589716	4165.51282031	4150.38461518	
4172.56410243	4208.33333327	4181.5384614	4147.43589723	4154.74358954	4162.82051262	3991.53846099	4108.33333306	4163.07692287	4119.61538434	4187.56410243	4135.12820485	4164.23076903	4151.41025621	
4176.02564089	4202.82051275	4181.41025628	4147.3076921	4151.02564082	4162.05128185	3988.97435842	4097.82051248	4154.87179467	4113.58974332	4177.56410243	4130.51282024	4154.87179467	4149.61538441	
4177.94871781	4206.79487173	4186.02564089	4152.43589723	4152.56410236	4163.71794851	3989.74358919	4103.33333306	4162.94871774	4116.66666639	4180.38461525	4135.12820485	4162.3076921	4151.66666646	
4179.2307691	4212.69230763	4192.56410243	4154.61538441	4158.07692287	4172.30769217	4000.2564097	4116.53846126	4175.25641012	4126.79487152	4192.30769217	4142.56410236	4176.15384602	4157.56410236	
4176.15384602	4206.79487173	4189.74358961	4151.79487159	4163.07692287	4179.35897422	4005.12820465	4119.23076896	4172.56410243	4129.10256383	4191.41025628	4137.56410236	4173.84615371	4156.41025621	
4171.02564089	4202.94871788	4184.87179474	4149.74358954	4164.87179467	4181.15384602	4004.87179439	4121.15384588	4170.64102551	4128.84615357	4191.41025628	4135.76923056	4170.25641012	4153.46153826	
4174.99999986	4204.99999993	4188.84615371	4152.56410236	4166.66666646	4187.4358973	4012.43589695	4135.25640998	4190.51282038	4143.33333313	4208.58974352	4149.61538441	4186.66666653	4162.17948697	
4178.07692294	4204.74358968	4190.76923063	4151.66666646	4167.69230749	4187.94871781	4016.15384567	4143.71794851	4206.41025634	4155.25641005	4220.38461532	4155.51282031	4199.99999986	4169.2307691	
4173.20512807	4203.4615384	4188.46153833	4150.38461518	4163.07692287	4174.74358961	4008.97435849	4136.15384595	4193.46153833	4145.64102544	4212.69230763	4148.71794851	4190.51282038	4162.94871774	
4174.10256397	4207.05128199	4189.74358961	4154.23076903	4161.02564082	4170.38461525	4009.23076875	4131.28205101	4181.5384614	4138.71794851	4205.89743583	4146.66666646	4182.82051269	4159.35897415	
4180.25641012	4207.43589737	4191.15384602	4155.12820492	4164.23076903	4177.17948704	4016.15384567	4132.94871767	4189.2307691	4141.79487159	4209.87179481	4147.94871774	4188.07692294	4163.33333313	
4179.35897422	4204.74358968	4192.94871781	4154.1025639	4163.84615364	4177.56410243	4016.41025593	4130.38461511	4190.25641012	4135.38461518	4212.05128199	4144.9999998	4186.79487166	4163.58974339	
4182.56410243	4208.58974352	4199.61538448	4159.87179467	4167.17948697	4176.92307679	4019.87179439	4132.17948691	4187.94871781	4131.53846126	4216.02564096	4149.23076903	4187.17948704	4169.48717935	
4191.92307679	4216.02564096	4206.02564096	4167.05128185	4175.51282038	4183.20512807	4027.69230721	4139.35897415	4196.5384614	4137.43589723	4226.79487173	4165.64102544	4200.51282038	4181.92307679	
4191.41025628	4216.79487173	4204.48717942	4164.87179467	4173.58974345	4185.64102551	4025.89743541	4138.07692287	4198.84615371	4136.02564082	4226.53846147	4168.58974345	4202.30769224	4181.5384614	
4187.4358973	4213.07692301	4200.38461525	4159.9999998	4168.97435884	4181.15384602	4021.15384567	4133.58974332	4192.94871781	4130.12820485	4217.30769224	4157.3076921	4194.10256397	4174.87179474	
4186.41025628	4210.38461532	4199.74358961	4161.92307672	4174.74358961	4181.5384614	4023.58974311	4137.3076921	4196.66666653	4134.8717946	4221.15384609	4159.74358954	4198.58974345	4175.76923063	
4185.12820499	4210.51282045	4201.41025634	4161.41025621	4176.5384614	4185.89743576	4028.58974311	4143.71794851	4203.33333327	4145.38461518	4228.58974352	4167.94871774	4205.25641019	4179.2307691	
4183.84615371	4210.25641019	4203.20512814	4155.64102544	4171.66666653	4184.74358961	4029.61538413	4142.56410236	4203.84615378	4147.82051262	4226.15384609	4162.94871774	4205.12820506	4177.30769217	
4182.56410243	4206.6666666	4199.87179474	4152.94871774	4172.94871781	4182.05128192	4029.61538413	4139.9999998	4210.64102558	4146.66666646	4228.71794865	4158.58974339	4207.43589737	4176.66666653	
4181.79487166	4204.74358968	4196.28205115	4153.84615364	4175.25641012	4182.82051269	4031.41025593	4144.23076903	4220.51282045	4148.71794851	4235.76923077	4163.205128	4210.25641019	4178.46153833	
4179.48717935	4210.51282045	4198.71794858	4155.64102544	4174.2307691	4185.89743576	4036.2820508	4146.66666646	4216.28205122	4149.48717928	4234.87179488	4163.205128	4209.48717942	4179.87179474	
4181.92307679	4214.35897429	4201.92307686	4158.84615364	4177.69230756	4188.84615371	4043.7179483	4148.58974339	4214.35897429	4151.79487159	4236.41025641	4165.38461518	4213.84615378	4186.5384614	
4191.79487166	4212.82051275	4203.58974352	4160.89743569	4180.64102551	4190.76923063	4046.410256	4155.76923056	4226.79487173	4156.79487159	4247.82051282	4173.58974345	4222.17948711	4196.92307679	
4194.2307691	4213.20512814	4205.25641019	4162.69230749	4181.41025628	4190.89743576	4043.97435856	4158.07692287	4233.20512814	4154.48717928	4251.02564103	4174.61538448	4221.53846147	4199.10256397	
4187.4358973	4215.38461532	4204.74358968	4164.35897415	4180.64102551	4188.20512807	4041.79487138	4150.12820492	4223.07692301	4144.1025639	4241.7948718	4168.20512807	4213.20512814	4188.97435884	
4184.87179474	4212.94871788	4200.89743576	4161.53846133	4176.5384614	4186.92307679	4042.69230728	4144.48717928	4214.23076917	4139.35897415	4234.74358975	4163.58974339	4208.71794865	4181.02564089	
4186.79487166	4207.94871788	4198.3333332	4158.71794851	4176.5384614	4188.20512807	4042.17948677	4147.56410236	4214.48717942	4143.07692287	4235.51282052	4163.97435877	4211.15384609	4184.74358961	
4188.58974345	4210.25641019	4202.05128199	4162.94871774	4181.92307679	4187.56410243	4041.92307651	4155.89743569	4223.33333327	4148.205128	4245.0	4170.76923063	4218.33333327	4191.41025628	
4189.87179474	4212.94871788	4205.89743583	4165.89743569	4179.99999986	4183.71794858	4046.28205087	4164.87179467	4235.8974359	4152.05128185	4254.48717949	4177.30769217	4226.28205122	4195.12820499	
4184.87179474	4206.28205122	4200.38461525	4161.53846133	4171.66666653	4180.76923063	4046.79487138	4160.51282031	4232.69230763	4152.43589723	4247.82051282	4171.15384602	4224.48717942	4189.87179474	
4178.3333332	4202.30769224	4194.61538448	4156.28205108	4171.28205115	4182.69230756	4045.5128201	4149.23076903	4219.61538455	4148.07692287	4232.30769224	4158.84615364	4214.74358968	4179.99999986	
4182.30769217	4207.82051275	4198.07692294	4161.15384595	4180.76923063	4187.4358973	4053.7179483	4151.79487159	4221.79487173	4147.94871774	4233.84615385	4161.66666646	4216.53846147	4181.41025628	
4186.66666653	4211.15384609	4201.6666666	4169.99999986	4186.28205115	4188.97435884	4062.69230728	4160.38461518	4233.58974352	4155.12820492	4243.97435898	4172.05128192	4228.20512814	4189.48717935	
4186.66666653	4211.53846147	4201.41025634	4173.07692294	4183.20512807	4187.94871781	4062.69230728	4162.17948697	4236.28205129	4158.07692287	4243.46153847	4172.69230756	4230.89743583	4191.66666653	
4194.35897422	4213.58974352	4203.4615384	4175.25641012	4184.2307691	4190.12820499	4066.66666625	4163.46153826	4238.33333334	4159.1025639	4247.05128206	4177.82051269	4231.6666666	4199.10256397	
4204.10256404	4215.25641019	4208.58974352	4177.05128192	4191.92307679	4192.30769217	4073.8461535	4170.51282038	4247.30769231	4166.41025621	4258.84615385	4188.20512807	4241.28205129	4208.97435891	
4203.07692301	4217.82051275	4209.87179481	4176.02564089	4193.84615371	4189.48717935	4074.48717914	4173.46153833	4246.41025641	4166.92307672	4257.82051282	4186.66666653	4245.38461539	4206.79487173	
4199.61538448	4218.07692301	4208.33333327	4178.07692294	4190.25641012	4190.76923063	4076.15384581	4171.15384602	4237.17948718	4161.79487159	4250.38461539	4185.12820499	4237.82051282	4204.74358968	
4207.05128199	4216.53846147	4208.4615384	4180.76923063	4191.15384602	4194.35897422	4079.23076889	4167.17948697	4239.10256411	4165.51282031	4254.74358975	4192.56410243	4237.05128206	4210.64102558	
4216.15384609	4218.33333327	4211.41025634	4180.76923063	4195.25641012	4193.3333332	4079.48717914	4165.89743569	4248.07692308	4170.12820499	4258.84615385	4200.89743576	4243.33333334	4217.94871788	
4216.6666666	4220.51282045	4214.10256404	4182.30769217	4195.51282038	4192.17948704	4082.30769196	4170.76923063	4250.76923077	4169.99999986	4256.92307693	4203.58974352	4244.74358975	4223.33333327	
4214.48717942	4220.51282045	4212.5641025	4184.74358961	4196.92307679	4195.38461525	4087.56410222	4177.82051269	4251.28205129	4171.92307679	4259.87179488	4201.92307686	4243.84615385	4223.58974352	
4216.02564096	4219.35897429	4211.79487173	4185.51282038	4201.02564096	4197.17948704	4090.38461504	4182.94871781	4252.43589744	4173.20512807	4259.87179488	4200.89743576	4243.58974359	4221.41025634	
4216.02564096	4218.84615378	4214.35897429	4188.46153833	4202.05128199	4197.56410243	4091.92307658	4181.15384602	4251.66666667	4173.58974345	4258.07692308	4202.94871788	4243.20512821	4223.84615378	
4213.20512814	4221.02564096	4215.38461532	4190.76923063	4200.51282038	4199.35897422	4093.8461535	4180.76923063	4251.7948718	4176.66666653	4262.56410257	4204.23076917	4242.17948718	4225.12820506	
4214.48717942	4226.15384609	4215.7692307	4189.87179474	4201.6666666	4200.51282038	4096.53846119	4186.41025628	4255.64102564	4180.64102551	4266.41025641	4208.33333327	4247.94871795	4224.23076917	
4215.51282045	4224.23076917	4216.92307686	4190.12820499	4203.20512814	4201.6666666	4101.92307658	4189.35897422	4257.94871795	4185.12820499	4266.15384616	4215.38461532	4254.87179488	4229.61538455	
4214.61538455	4219.23076917	4216.6666666	4190.76923063	4199.99999986	4199.87179474	4104.10256383	4185.38461525	4254.74358975	4187.17948704	4266.923077	4213.84615378	4251.66666667	4231.6666666	
4216.28205122	4218.97435891	4217.17948711	4191.15384602	4199.87179474	4195.51282038	4102.30769196	4183.84615371	4257.56410257	4187.05128192	4268.84615392	4209.48717942	4250.64102564	4227.17948711	
4218.97435891	4220.89743583	4217.30769224	4192.69230756	4204.35897429	4194.61538448	4104.10256383	4187.82051269	4264.23076923	4189.99999986	4271.28205136	4213.33333327	4256.41025641	4227.69230763	
4217.5641025	4223.20512814	4214.48717942	4193.20512807	4205.7692307	4194.10256397	4106.41025614	4188.71794858	4262.94871795	4191.02564089	4271.41025648	4217.69230763	4255.8974359	4230.38461532	
4217.17948711	4222.5641025	4216.41025634	4196.02564089	4206.28205122	4194.87179474	4105.64102537	4191.66666653	4263.71794872	4191.02564089	4273.84615392	4219.48717942	4254.23076923	4232.43589737	
4223.97435891	4221.53846147	4222.5641025	4199.74358961	4211.92307686	4196.41025628	4106.92307665	4196.5384614	4271.923077	4195.76923063	4283.46153853	4222.17948711	4261.53846154	4238.33333334	
4222.82051275	4222.05128199	4222.82051275	4196.41025628	4212.30769224	4196.15384602	4111.79487152	4193.97435884	4268.71794879	4192.05128192	4283.71794879	4222.05128199	4261.92307693	4239.48717949	
4216.92307686	4222.94871788	4218.33333327	4192.4358973	4209.61538455	4197.56410243	4112.82051255	4189.35897422	4260.51282052	4183.58974345	4270.38461546	4218.58974352	4253.33333334	4234.74358975	
4221.79487173	4224.87179481	4218.97435891	4195.89743576	4217.69230763	4201.92307686	4115.12820485	4190.89743576	4264.61538462	4187.94871781	4270.1282052	4219.23076917	4255.64102564	4237.56410257	
4231.41025634	4225.38461532	4221.6666666	4198.3333332	4222.43589737	4204.35897429	4120.51282024	4194.10256397	4268.33333341	4193.71794858	4279.74358982	4224.99999993	4262.82051282	4241.92307693	
4231.6666666	4223.4615384	4220.38461532	4197.56410243	4216.92307686	4203.33333327	4119.74358947	4191.15384602	4264.48717949	4189.2307691	4277.30769238	4228.33333327	4260.8974359	4239.61538462	
4225.38461532	4221.53846147	4219.23076917	4196.66666653	4216.02564096	4201.79487173	4114.35897408	4188.71794858	4262.17948718	4185.51282038	4271.0256411	4227.30769224	4253.97435898	4236.53846154	
4226.6666666	4223.97435891	4220.38461532	4195.64102551	4219.48717942	4201.41025634	4118.46153819	4192.69230756	4268.20512828	4192.94871781	4279.48717956	4229.48717942	4255.38461539	4239.87179488	
4231.79487173	4227.5641025	4222.43589737	4197.17948704	4218.58974352	4203.33333327	4128.0769228	4199.99999986	4280.25641033	4204.74358968	4295.89743597	4237.82051282	4268.46153853	4248.20512821	
4228.07692301	4225.12820506	4221.6666666	4197.94871781	4213.4615384	4200.25641012	4125.7692305	4203.33333327	4282.05128212	4207.17948711	4294.74358982	4238.84615385	4273.07692315	4249.23076923	
4216.92307686	4217.5641025	4216.79487173	4190.38461525	4205.7692307	4192.30769217	4118.46153819	4193.71794858	4264.87179488	4196.15384602	4274.2307693	4226.15384609	4255.38461539	4236.41025641	
4215.38461532	4217.30769224	4215.89743583	4183.84615371	4200.25641012	4191.92307679	4120.25640998	4179.87179474	4251.92307693	4185.51282038	4262.30769231	4216.41025634	4239.23076923	4225.38461532	
4216.15384609	4222.30769224	4216.79487173	4180.76923063	4199.87179474	4194.48717935	4122.82051255	4174.74358961	4249.61538462	4184.2307691	4263.84615385	4215.7692307	4237.94871795	4224.61538455	
4204.74358968	4216.41025634	4215.12820506	4173.20512807	4198.97435884	4191.41025628	4123.20512793	4174.87179474	4241.28205129	4178.07692294	4255.64102564	4209.48717942	4235.0	4218.58974352	
4200.38461525	4213.71794865	4215.89743583	4168.58974345	4197.56410243	4188.20512807	4129.23076896	4173.3333332	4235.38461539	4169.61538448	4247.05128206	4201.53846147	4229.87179481	4210.25641019	
4203.4615384	4220.12820506	4216.92307686	4170.89743576	4197.56410243	4190.89743576	4133.0769228	4172.05128192	4235.8974359	4171.28205115	4249.48717949	4203.84615378	4230.89743583	4211.41025634	
4203.58974352	4218.07692301	4217.5641025	4173.07692294	4197.69230756	4192.82051269	4131.28205101	4173.46153833	4237.6923077	4174.35897422	4253.07692308	4208.07692301	4236.53846154	4215.51282045	
4209.48717942	4216.41025634	4220.38461532	4174.2307691	4199.2307691	4191.15384602	4134.61538434	4182.56410243	4243.58974359	4174.35897422	4259.48717949	4209.23076917	4244.48717949	4217.69230763	
4214.99999993	4218.84615378	4222.69230763	4176.02564089	4201.6666666	4191.92307679	4140.25641005	4193.97435884	4251.53846154	4176.5384614	4269.48717956	4215.12820506	4250.51282052	4221.41025634	
4211.6666666	4217.5641025	4224.48717942	4173.71794858	4200.12820499	4192.82051269	4138.46153826	4197.05128192	4256.53846154	4177.94871781	4271.66666674	4218.97435891	4251.15384616	4225.25641019	
4211.53846147	4216.15384609	4225.64102558	4170.64102551	4197.69230756	4192.05128192	4137.17948697	4193.84615371	4256.66666667	4173.84615371	4267.56410264	4216.15384609	4249.74358975	4225.12820506	
4216.28205122	4216.79487173	4226.92307686	4172.30769217	4197.94871781	4193.84615371	4141.41025621	4190.89743576	4252.56410257	4171.41025628	4269.61538469	4215.89743583	4250.76923077	4225.51282045	
4215.89743583	4217.43589737	4230.25641019	4175.64102551	4200.51282038	4197.30769217	4143.07692287	4191.41025628	4254.61538462	4174.99999986	4276.41025648	4221.53846147	4252.05128206	4228.84615378	
4215.51282045	4217.5641025	4230.12820506	4175.89743576	4202.17948711	4197.94871781	4140.89743569	4194.87179474	4260.51282052	4177.94871781	4276.53846161	4222.17948711	4251.53846154	4230.25641019	
4217.82051275	4217.43589737	4227.43589737	4172.82051269	4200.51282038	4195.25641012	4141.79487159	4193.58974345	4257.17948718	4176.41025628	4273.46153853	4221.02564096	4249.61538462	4228.07692301	
4217.69230763	4216.92307686	4228.58974352	4171.79487166	4196.79487166	4192.30769217	4143.33333313	4188.97435884	4253.46153847	4172.56410243	4274.87179495	4223.58974352	4248.20512821	4225.64102558	
4209.74358968	4215.12820506	4227.17948711	4171.15384602	4192.82051269	4190.89743576	4140.25641005	4187.30769217	4252.56410257	4167.82051262	4269.2307693	4218.4615384	4245.51282052	4221.28205122	
4205.38461532	4212.5641025	4224.61538455	4167.69230749	4192.30769217	4193.58974345	4143.97435877	4189.2307691	4247.6923077	4164.87179467	4260.0	4211.41025634	4243.84615385	4217.30769224	
4208.71794865	4212.5641025	4224.61538455	4166.02564082	4194.35897422	4193.84615371	4153.97435877	4191.66666653	4247.30769231	4166.66666646	4263.58974359	4212.43589737	4245.64102564	4220.12820506	
4207.05128199	4213.20512814	4223.33333327	4165.89743569	4193.97435884	4188.20512807	4155.38461518	4191.15384602	4250.0	4164.9999998	4266.923077	4210.25641019	4246.92307693	4221.53846147	
4206.41025634	4210.89743583	4223.4615384	4166.92307672	4193.97435884	4188.3333332	4152.3076921	4190.38461525	4251.92307693	4162.17948697	4263.58974359	4208.58974352	4251.41025641	4220.25641019	
4212.05128199	4212.82051275	4226.02564096	4169.87179474	4194.87179474	4192.05128192	4153.46153826	4193.3333332	4260.51282052	4166.41025621	4271.53846161	4219.23076917	4259.61538462	4225.12820506	
4212.05128199	4212.82051275	4226.02564096	4169.87179474	4194.87179474	4192.05128192	4153.46153826	4193.3333332	4260.51282052	4166.41025621	4271.53846161	4219.23076917	4259.61538462	4225.12820506	
4211.41025634	4213.07692301	4222.69230763	4167.94871774	4189.87179474	4187.05128192	4154.1025639	4192.82051269	4265.0	4166.41025621	4283.20512828	4223.07692301	4261.02564103	4228.07692301	
4204.74358968	4207.30769224	4217.30769224	4164.9999998	4183.46153833	4179.99999986	4148.07692287	4189.87179474	4259.23076923	4161.02564082	4279.61538469	4215.25641019	4257.43589744	4222.94871788	
4206.15384609	4207.05128199	4218.97435891	4170.12820499	4183.58974345	4181.15384602	4146.28205108	4197.56410243	4265.8974359	4166.79487159	4279.35897443	4219.48717942	4266.66666674	4224.99999993	
4212.69230763	4208.20512814	4222.69230763	4175.89743576	4187.05128192	4185.76923063	4152.17948697	4206.02564096	4280.76923084	4179.10256397	4293.97435905	4234.23076923	4281.66666674	4234.48717949	
4212.5641025	4207.05128199	4220.38461532	4171.28205115	4184.48717935	4183.07692294	4149.74358954	4199.74358961	4277.30769238	4181.15384602	4295.51282059	4236.02564103	4279.74358982	4234.35897436	
4206.15384609	4206.28205122	4213.71794865	4164.23076903	4175.51282038	4177.05128192	4143.71794851	4193.07692294	4264.10256411	4172.69230756	4277.30769238	4222.43589737	4265.64102564	4226.79487173	
4199.2307691	4205.64102558	4209.87179481	4162.94871774	4175.12820499	4177.82051269	4148.205128	4192.05128192	4256.02564103	4165.12820492	4264.87179488	4213.58974352	4255.64102564	4219.61538455	
4199.35897422	4206.79487173	4210.38461532	4165.64102544	4183.58974345	4180.76923063	4153.07692287	4189.99999986	4253.20512821	4164.87179467	4267.94871802	4215.12820506	4256.28205129	4214.87179481	
4206.6666666	4211.6666666	4211.6666666	4173.07692294	4190.76923063	4184.99999986	4154.48717928	4193.3333332	4263.71794872	4172.30769217	4278.84615392	4222.05128199	4266.28205129	4217.69230763	
4208.97435891	4216.79487173	4212.43589737	4178.07692294	4191.79487166	4188.20512807	4157.3076921	4200.12820499	4275.25641033	4177.56410243	4284.74358982	4225.12820506	4274.61538469	4224.99999993	
4205.51282045	4212.82051275	4213.4615384	4172.94871781	4186.15384602	4185.25641012	4158.58974339	4201.41025634	4274.10256418	4173.97435884	4286.66666674	4225.7692307	4278.97435905	4226.15384609	
4207.17948711	4206.92307686	4214.48717942	4168.84615371	4185.25641012	4183.84615371	4155.76923056	4203.20512814	4273.58974366	4172.30769217	4291.923077	4227.17948711	4281.79487187	4224.10256404	
4211.6666666	4209.23076917	4213.84615378	4171.92307679	4191.41025628	4189.10256397	4157.69230749	4206.6666666	4277.43589751	4177.30769217	4289.87179495	4224.99999993	4275.00000007	4224.48717942	
4210.25641019	4209.99999993	4214.23076917	4169.2307691	4194.35897422	4191.28205115	4164.61538441	4206.41025634	4272.69230777	4181.28205115	4279.48717956	4224.74358968	4262.17948718	4228.58974352	
4208.97435891	4207.17948711	4213.20512814	4166.15384595	4194.35897422	4190.76923063	4166.02564082	4204.99999993	4267.56410264	4182.56410243	4274.61538469	4227.5641025	4260.25641026	4232.5641025	
4213.84615378	4209.74358968	4213.4615384	4172.4358973	4196.66666653	4191.66666653	4163.07692287	4202.5641025	4268.84615392	4180.25641012	4272.05128212	4226.15384609	4259.48717949	4229.74358968	
4213.33333327	4210.89743583	4213.4615384	4175.64102551	4194.99999986	4186.92307679	4164.9999998	4195.38461525	4258.33333334	4171.92307679	4256.92307693	4217.94871788	4243.97435898	4223.4615384	
4205.7692307	4206.79487173	4210.51282045	4167.17948697	4189.87179474	4182.17948704	4168.3333332	4183.58974345	4239.61538462	4163.71794851	4241.02564103	4211.41025634	4229.99999993	4219.99999993	
4207.94871788	4211.02564096	4212.05128199	4167.43589723	4194.48717935	4189.48717935	4171.02564089	4178.97435884	4237.30769231	4163.71794851	4236.92307693	4211.92307686	4229.61538455	4219.61538455	
4215.64102558	4218.58974352	4216.6666666	4179.10256397	4207.30769224	4201.02564096	4176.5384614	4188.20512807	4246.41025641	4165.38461518	4240.0	4217.30769224	4233.97435898	4223.84615378	
4210.38461532	4215.89743583	4215.64102558	4179.87179474	4214.61538455	4205.64102558	4179.74358961	4193.3333332	4242.82051282	4162.3076921	4238.58974359	4216.15384609	4233.71794865	4224.10256404	
4204.48717942	4209.23076917	4212.5641025	4176.66666653	4212.17948711	4205.38461532	4180.25641012	4191.15384602	4238.33333334	4167.17948697	4234.35897436	4209.61538455	4230.89743583	4218.07692301	
4210.25641019	4208.97435891	4216.92307686	4180.89743576	4205.89743583	4203.20512814	4180.64102551	4194.74358961	4246.7948718	4180.51282038	4236.92307693	4214.87179481	4229.10256404	4218.84615378	
4208.84615378	4211.02564096	4218.07692301	4181.79487166	4203.84615378	4198.97435884	4175.89743576	4196.66666653	4245.12820513	4183.84615371	4232.94871788	4218.97435891	4223.97435891	4225.25641019	
4205.7692307	4208.20512814	4213.4615384	4179.2307691	4206.28205122	4197.69230756	4173.84615371	4191.92307679	4234.23076923	4180.64102551	4222.82051275	4213.97435891	4217.94871788	4224.99999993	
4214.10256404	4207.30769224	4218.4615384	4184.35897422	4208.97435891	4201.79487173	4180.51282038	4191.66666653	4232.5641025	4184.48717935	4223.33333327	4214.61538455	4221.28205122	4224.61538455	
4217.69230763	4215.89743583	4226.6666666	4190.51282038	4210.64102558	4204.35897429	4183.46153833	4195.51282038	4239.87179488	4188.3333332	4229.23076917	4222.5641025	4229.23076917	4228.97435891	
4219.61538455	4219.10256404	4226.28205122	4191.5384614	4210.89743583	4201.6666666	4183.58974345	4199.10256397	4248.84615385	4189.35897422	4234.23076923	4227.5641025	4236.28205129	4232.05128199	
4223.97435891	4215.25641019	4225.7692307	4189.35897422	4208.58974352	4201.41025634	4184.99999986	4200.64102551	4252.82051282	4191.92307679	4238.58974359	4230.51282045	4244.23076923	4234.10256411	
4218.33333327	4214.23076917	4226.79487173	4183.97435884	4206.15384609	4198.97435884	4183.3333332	4196.5384614	4245.51282052	4186.5384614	4234.23076923	4225.25641019	4241.53846154	4230.38461532	
4216.02564096	4214.10256404	4226.15384609	4183.07692294	4207.30769224	4195.38461525	4182.69230756	4193.71794858	4235.8974359	4178.46153833	4223.20512814	4218.20512814	4232.30769224	4223.97435891	
4221.15384609	4214.87179481	4228.58974352	4184.35897422	4211.15384609	4197.82051269	4185.64102551	4197.05128192	4239.35897436	4181.79487166	4226.28205122	4221.53846147	4236.92307693	4226.53846147	
4219.87179481	4217.30769224	4231.53846147	4183.20512807	4211.41025634	4201.02564096	4188.07692294	4199.87179474	4248.58974359	4187.4358973	4235.76923077	4225.51282045	4245.51282052	4230.38461532	
4217.43589737	4216.41025634	4231.6666666	4183.84615371	4207.69230763	4196.66666653	4187.17948704	4199.87179474	4249.35897436	4185.89743576	4236.41025641	4228.20512814	4243.84615385	4229.48717942	
4218.58974352	4211.15384609	4231.15384609	4182.69230756	4205.7692307	4192.05128192	4183.58974345	4200.51282038	4245.12820513	4187.69230756	4234.74358975	4228.97435891	4241.02564103	4229.23076917	
4218.33333327	4208.20512814	4232.94871788	4178.07692294	4205.7692307	4194.61538448	4184.10256397	4200.25641012	4243.97435898	4190.64102551	4234.35897436	4225.38461532	4243.20512821	4229.10256404	
4217.17948711	4212.94871788	4232.94871788	4178.46153833	4206.79487173	4194.99999986	4191.66666653	4202.05128199	4247.30769231	4190.12820499	4236.02564103	4225.38461532	4245.38461539	4231.53846147	
4218.20512814	4216.6666666	4230.89743583	4183.58974345	4210.89743583	4195.38461525	4194.48717935	4207.69230763	4248.97435898	4193.46153833	4238.84615385	4229.61538455	4245.38461539	4237.6923077	
4218.20512814	4213.97435891	4231.41025634	4183.84615371	4211.41025634	4196.02564089	4187.56410243	4203.20512814	4246.28205129	4193.71794858	4234.23076923	4229.10256404	4239.35897436	4233.71794865	
4216.15384609	4213.97435891	4232.30769224	4181.92307679	4207.82051275	4195.51282038	4183.84615371	4193.97435884	4241.15384616	4187.94871781	4225.25641019	4225.64102558	4228.4615384	4224.74358968	
4216.53846147	4217.82051275	4232.5641025	4183.58974345	4208.33333327	4196.15384602	4187.56410243	4194.61538448	4237.43589744	4187.30769217	4221.02564096	4225.51282045	4221.28205122	4226.41025634	
4214.87179481	4213.07692301	4231.41025634	4184.87179474	4210.51282045	4197.4358973	4191.15384602	4193.58974345	4231.53846147	4185.51282038	4214.74358968	4221.6666666	4216.6666666	4224.99999993	
4210.12820506	4205.7692307	4228.33333327	4180.64102551	4210.25641019	4198.3333332	4192.05128192	4183.46153833	4219.10256404	4176.02564089	4198.07692294	4212.17948711	4208.20512814	4218.71794865	
4210.25641019	4208.4615384	4227.43589737	4178.84615371	4212.94871788	4196.5384614	4194.61538448	4178.58974345	4210.89743583	4172.30769217	4192.56410243	4209.23076917	4202.43589737	4220.12820506	
4215.12820506	4213.33333327	4230.64102558	4184.2307691	4215.7692307	4196.28205115	4197.82051269	4180.51282038	4213.4615384	4176.5384614	4198.46153833	4214.10256404	4204.48717942	4222.5641025	
4217.30769224	4213.97435891	4233.07692301	4186.28205115	4213.97435891	4197.56410243	4200.12820499	4180.51282038	4214.87179481	4176.41025628	4193.97435884	4214.61538455	4200.38461525	4223.84615378	
4216.41025634	4212.43589737	4232.94871788	4182.4358973	4211.41025634	4198.46153833	4199.2307691	4181.15384602	4211.02564096	4174.35897422	4187.56410243	4209.48717942	4192.17948704	4224.48717942	
4214.99999993	4209.35897429	4231.02564096	4179.35897422	4209.10256404	4198.3333332	4198.71794858	4182.4358973	4211.79487173	4174.61538448	4190.38461525	4206.41025634	4192.4358973	4220.89743583	
4213.97435891	4209.10256404	4230.25641019	4178.58974345	4208.97435891	4196.02564089	4201.02564096	4183.71794858	4215.51282045	4172.94871781	4194.99999986	4207.69230763	4200.64102551	4218.4615384	
4214.74358968	4212.17948711	4233.84615385	4181.5384614	4212.5641025	4195.12820499	4203.07692301	4190.89743576	4221.6666666	4174.74358961	4204.10256404	4212.30769224	4213.58974352	4221.92307686	
4216.79487173	4212.30769224	4231.6666666	4184.10256397	4211.6666666	4195.51282038	4203.07692301	4199.61538448	4232.30769224	4180.64102551	4218.07692301	4217.5641025	4226.53846147	4225.38461532	
4214.99999993	4211.53846147	4224.48717942	4178.58974345	4202.5641025	4191.66666653	4201.28205122	4200.38461525	4234.23076923	4175.64102551	4219.87179481	4215.12820506	4231.79487173	4224.74358968	
4215.64102558	4215.38461532	4225.51282045	4175.76923063	4202.30769224	4188.3333332	4206.02564096	4201.02564096	4233.84615385	4171.66666653	4220.25641019	4218.4615384	4235.64102564	4229.23076917	
4224.74358968	4217.17948711	4231.15384609	4186.15384602	4215.64102558	4196.79487166	4216.28205122	4213.84615378	4249.87179488	4185.76923063	4243.46153847	4233.71794865	4252.17948718	4240.76923077	
4228.4615384	4214.74358968	4228.71794865	4192.4358973	4219.99999993	4201.41025634	4217.30769224	4224.74358968	4264.87179488	4193.3333332	4261.53846154	4237.56410257	4265.8974359	4242.56410257	
4221.15384609	4214.35897429	4221.6666666	4186.92307679	4213.58974352	4195.12820499	4211.15384609	4222.05128199	4261.7948718	4183.3333332	4255.0	4229.48717942	4264.48717949	4237.43589744	
4217.5641025	4215.38461532	4220.51282045	4187.82051269	4215.12820506	4194.35897422	4215.12820506	4221.41025634	4259.74358975	4181.79487166	4251.92307693	4224.35897429	4261.66666667	4237.82051282	
4220.51282045	4212.05128199	4220.12820506	4191.5384614	4215.38461532	4196.5384614	4216.15384609	4223.58974352	4260.51282052	4184.48717935	4254.48717949	4220.25641019	4260.76923077	4233.4615384	
4214.35897429	4207.69230763	4216.15384609	4182.69230756	4205.12820506	4192.05128192	4206.02564096	4212.82051275	4251.28205129	4175.25641012	4242.30769231	4213.58974352	4254.10256411	4221.28205122	
4207.43589737	4210.7692307	4214.10256404	4176.02564089	4202.30769224	4192.17948704	4210.38461532	4202.17948711	4247.30769231	4171.41025628	4235.8974359	4212.69230763	4250.38461539	4223.20512814	
4211.41025634	4214.35897429	4214.10256404	4179.35897422	4207.17948711	4196.66666653	4217.69230763	4203.58974352	4251.7948718	4180.64102551	4244.87179488	4214.74358968	4254.10256411	4231.02564096	
4215.64102558	4213.33333327	4214.23076917	4180.38461525	4203.4615384	4195.38461525	4207.05128199	4206.79487173	4251.66666667	4182.56410243	4247.56410257	4214.23076917	4257.82051282	4228.4615384	
4216.41025634	4215.38461532	4215.89743583	4181.5384614	4201.28205122	4194.99999986	4194.74358961	4210.25641019	4253.07692308	4180.89743576	4249.48717949	4219.74358968	4263.71794872	4230.38461532	
4219.10256404	4219.23076917	4219.87179481	4185.64102551	4207.30769224	4200.25641012	4191.92307679	4217.5641025	4262.17948718	4188.71794858	4258.97435898	4225.89743583	4271.923077	4238.07692308	
4218.58974352	4215.7692307	4217.05128199	4182.4358973	4202.17948711	4196.66666653	4184.61538448	4216.02564096	4259.61538462	4187.69230756	4251.53846154	4218.58974352	4268.20512828	4233.97435898	
4212.82051275	4212.69230763	4212.94871788	4179.48717935	4195.64102551	4191.15384602	4176.41025628	4205.89743583	4246.7948718	4176.5384614	4236.15384616	4208.20512814	4257.94871795	4224.48717942	
4213.4615384	4218.71794865	4219.48717942	4186.41025628	4204.48717942	4198.58974345	4180.38461525	4207.17948711	4249.10256411	4180.25641012	4243.84615385	4211.79487173	4261.41025641	4223.07692301	
4222.43589737	4223.71794865	4225.51282045	4190.38461525	4210.89743583	4206.02564096	4185.25641012	4220.38461532	4263.71794872	4190.89743576	4257.30769231	4222.43589737	4273.71794879	4230.51282045	
4224.87179481	4220.12820506	4222.43589737	4187.05128192	4204.74358968	4198.71794858	4182.82051269	4226.79487173	4270.1282052	4191.66666653	4258.71794872	4225.38461532	4276.66666674	4237.05128206	
4220.12820506	4215.25641019	4220.89743583	4183.84615371	4202.82051275	4188.97435884	4177.94871781	4221.41025634	4263.20512821	4190.25641012	4255.8974359	4220.89743583	4269.2307693	4235.25641026	
4219.99999993	4216.02564096	4223.33333327	4182.69230756	4208.84615378	4189.99999986	4178.20512807	4219.10256404	4259.74358975	4193.20512807	4253.58974359	4217.82051275	4266.15384616	4232.5641025	
4227.17948711	4220.38461532	4225.89743583	4186.15384602	4209.10256404	4194.74358961	4181.15384602	4227.69230763	4267.43589751	4198.58974345	4256.92307693	4223.71794865	4272.82051289	4238.97435898	
4233.4615384	4222.69230763	4230.64102558	4193.07692294	4211.15384609	4195.25641012	4182.82051269	4235.8974359	4274.74358982	4203.33333327	4266.28205129	4235.0	4280.38461546	4248.33333334	
4235.38461539	4221.79487173	4234.61538462	4194.99999986	4221.28205122	4195.64102551	4186.28205115	4238.33333334	4279.74358982	4205.25641019	4273.84615392	4241.7948718	4287.17948725	4255.25641026	
4234.87179488	4221.41025634	4233.4615384	4193.84615371	4224.48717942	4200.25641012	4185.76923063	4237.6923077	4283.46153853	4205.12820506	4274.10256418	4241.66666667	4288.58974366	4257.6923077	
4233.07692301	4221.79487173	4232.5641025	4194.87179474	4219.48717942	4203.20512814	4183.46153833	4236.02564103	4279.35897443	4202.69230763	4269.87179495	4238.58974359	4281.66666674	4253.84615385	
4228.58974352	4219.10256404	4233.97435898	4191.79487166	4216.79487173	4199.99999986	4183.58974345	4234.35897436	4268.33333341	4196.92307679	4260.25641026	4234.10256411	4274.74358982	4243.46153847	
4226.28205122	4216.6666666	4237.82051282	4189.99999986	4217.5641025	4200.64102551	4184.48717935	4236.66666667	4268.46153853	4194.10256397	4255.8974359	4230.89743583	4276.28205136	4240.12820513	
4229.99999993	4218.58974352	4239.61538462	4197.4358973	4220.89743583	4207.43589737	4185.76923063	4240.8974359	4273.71794879	4198.97435884	4262.17948718	4232.05128199	4281.53846161	4246.53846154	
4231.79487173	4222.17948711	4239.35897436	4202.82051275	4227.05128199	4209.35897429	4187.82051269	4241.15384616	4275.89743597	4201.6666666	4264.74358975	4236.41025641	4285.76923084	4248.97435898	
4229.35897429	4223.20512814	4241.15384616	4202.30769224	4229.87179481	4206.79487173	4188.97435884	4240.64102564	4278.46153853	4201.02564096	4266.41025641	4237.30769231	4285.64102571	4247.17948718	
4230.51282045	4219.35897429	4243.20512821	4203.20512814	4225.38461532	4206.41025634	4188.07692294	4239.10256411	4275.00000007	4198.97435884	4265.51282052	4236.02564103	4280.00000007	4246.7948718	
4233.07692301	4216.15384609	4242.82051282	4202.94871788	4220.38461532	4207.5641025	4190.76923063	4235.51282052	4271.923077	4198.07692294	4260.12820513	4239.23076923	4280.25641033	4247.05128206	
4231.53846147	4219.87179481	4242.43589744	4201.92307686	4225.64102558	4206.6666666	4197.30769217	4239.74358975	4277.30769238	4203.97435891	4260.76923077	4244.48717949	4286.53846161	4250.38461539	
4234.35897436	4222.30769224	4247.30769231	4204.99999993	4232.43589737	4207.05128199	4200.12820499	4250.0	4286.66666674	4210.12820506	4271.41025648	4247.82051282	4290.38461546	4258.33333334	
4245.64102564	4220.12820506	4253.20512821	4209.61538455	4226.02564096	4212.17948711	4199.99999986	4256.15384616	4297.30769238	4214.48717942	4282.69230777	4257.43589744	4298.84615392	4265.51282052	
4248.71794872	4222.30769224	4252.30769231	4211.41025634	4231.6666666	4216.15384609	4200.76923063	4257.05128206	4303.58974373	4218.97435891	4286.28205136	4264.48717949	4309.61538476	4267.94871802	
4246.66666667	4227.43589737	4252.43589744	4214.61538455	4236.28205129	4212.69230763	4200.89743576	4259.48717949	4302.56410271	4222.69230763	4288.33333341	4260.12820513	4313.84615399	4271.0256411	
4260.64102564	4229.87179481	4262.43589744	4220.38461532	4204.23076917	4206.41025634	4200.25641012	4265.8974359	4308.33333348	4221.53846147	4297.43589751	4272.30769238	4317.43589758	4287.05128212	
4270.64102571	4231.28205122	4267.56410264	4221.53846147	4196.66666653	4208.71794865	4203.4615384	4268.46153853	4317.94871809	4218.71794865	4306.92307707	4290.76923084	4325.12820527	4301.02564117	
4255.38461539	4226.53846147	4257.82051282	4219.10256404	4243.58974359	4218.4615384	4204.23076917	4261.53846154	4313.84615399	4223.33333327	4299.74358989	4275.89743597	4321.79487194	4288.20512828	
4242.82051282	4220.51282045	4251.02564103	4217.5641025	4262.6923077	4219.61538455	4202.5641025	4255.12820513	4304.23076937	4228.07692301	4285.51282059	4256.15384616	4307.43589758	4271.15384623	
4248.58974359	4224.87179481	4255.0	4219.23076917	4239.10256411	4215.7692307	4206.6666666	4255.64102564	4299.10256418	4226.28205122	4283.58974366	4261.66666667	4299.2307693	4273.71794879	
4249.10256411	4229.35897429	4258.20512821	4221.79487173	4237.56410257	4220.12820506	4215.7692307	4253.20512821	4295.25641033	4224.74358968	4284.87179495	4265.12820513	4296.66666674	4277.56410264	
4244.48717949	4228.07692301	4257.05128206	4224.99999993	4250.51282052	4226.92307686	4218.97435891	4251.41025641	4294.61538469	4231.02564096	4284.2307693	4261.28205129	4296.15384623	4275.1282052	
4253.07692308	4226.28205122	4257.6923077	4227.94871788	4247.6923077	4228.4615384	4214.74358968	4258.58974359	4300.64102578	4237.43589744	4288.97435905	4268.84615392	4299.2307693	4281.28205136	
4258.71794872	4223.4615384	4257.30769231	4228.20512814	4248.58974359	4230.38461532	4214.10256404	4263.97435898	4308.84615399	4244.10256411	4296.0256411	4277.94871802	4303.97435912	4289.10256418	
4253.07692308	4224.35897429	4259.48717949	4227.94871788	4252.56410257	4234.61538462	4217.82051275	4268.46153853	4310.51282066	4250.64102564	4297.43589751	4278.33333341	4306.79487194	4288.20512828	
4249.10256411	4228.4615384	4261.7948718	4231.28205122	4250.64102564	4235.0	4219.10256404	4279.10256418	4307.05128219	4250.38461539	4297.05128212	4278.84615392	4308.97435912	4288.07692315	
4250.76923077	4227.82051275	4259.35897436	4235.51282052	4247.6923077	4232.69230763	4216.6666666	4283.07692315	4307.43589758	4245.76923077	4295.76923084	4277.82051289	4311.79487194	4290.00000007	
4255.76923077	4228.71794865	4260.0	4235.25641026	4248.97435898	4234.10256411	4216.6666666	4276.923077	4310.89743604	4242.6923077	4297.94871802	4276.53846161	4315.12820527	4292.05128212	
4262.30769231	4235.25641026	4262.43589744	4234.74358975	4251.53846154	4238.46153847	4218.97435891	4278.84615392	4317.94871809	4246.02564103	4308.58974373	4281.53846161	4326.53846168	4298.20512828	
4267.43589751	4233.4615384	4261.66666667	4238.33333334	4245.64102564	4237.05128206	4220.25641019	4285.51282059	4325.38461553	4250.51282052	4312.43589758	4285.89743597	4334.4871797	4304.74358989	
4270.00000007	4229.35897429	4261.66666667	4240.51282052	4241.66666667	4232.82051275	4223.20512814	4283.84615392	4321.92307707	4247.94871795	4306.02564117	4284.61538469	4325.89743604	4303.20512835	
4270.51282059	4232.30769224	4264.10256411	4238.33333334	4249.35897436	4237.82051282	4226.41025634	4281.41025648	4318.71794886	4244.61538462	4305.2564104	4286.41025648	4324.61538476	4301.92307707	
4270.51282059	4235.38461539	4264.87179488	4238.58974359	4261.41025641	4243.58974359	4228.33333327	4291.28205136	4333.84615406	4248.07692308	4320.76923091	4292.94871802	4345.89743611	4305.2564104	
4267.69230777	4234.23076923	4262.17948718	4239.35897436	4263.71794872	4240.38461539	4229.87179481	4302.94871809	4347.94871816	4249.61538462	4337.56410278	4295.38461546	4363.07692329	4305.64102578	
4268.84615392	4232.05128199	4259.23076923	4236.41025641	4260.12820513	4238.46153847	4231.79487173	4303.07692322	4347.6923079	4246.41025641	4343.46153867	4296.15384623	4367.17948746	4305.38461553	
4270.89743597	4233.33333327	4257.30769231	4240.51282052	4263.20512821	4243.46153847	4231.92307686	4304.61538476	4356.66666688	4249.10256411	4350.51282073	4302.30769245	4378.07692336	4308.71794886	
4267.94871802	4236.15384616	4256.92307693	4245.64102564	4250.12820513	4239.48717949	4229.99999993	4310.89743604	4365.76923105	4251.53846154	4355.3846156	4306.41025655	4383.58974387	4310.00000014	
4266.02564103	4231.53846147	4256.02564103	4238.97435898	4227.94871788	4229.10256404	4230.89743583	4305.64102578	4353.46153867	4244.87179488	4347.05128226	4305.38461553	4372.05128233	4306.79487194	
4262.82051282	4223.07692301	4250.38461539	4231.15384609	4238.07692308	4229.87179481	4227.69230763	4288.33333341	4332.43589765	4234.10256411	4328.20512835	4295.25641033	4353.97435919	4299.74358989	
4253.33333334	4225.64102558	4243.20512821	4229.35897429	4257.05128206	4231.53846147	4222.5641025	4281.41025648	4323.97435912	4224.35897429	4318.97435912	4281.79487187	4345.00000021	4290.1282052	
4252.82051282	4229.23076917	4241.66666667	4225.12820506	4242.43589744	4225.12820506	4226.02564096	4292.43589751	4336.79487201	4223.07692301	4334.61538483	4283.97435905	4361.92307714	4288.33333341	
4261.66666667	4227.94871788	4245.25641026	4221.92307686	4223.97435891	4224.48717942	4232.94871788	4299.35897443	4349.87179508	4230.12820506	4350.64102585	4293.97435905	4376.53846182	4293.46153853	
4259.35897436	4226.53846147	4244.74358975	4224.10256404	4232.17948711	4226.02564096	4231.6666666	4291.41025648	4342.05128226	4231.02564096	4340.12820534	4289.10256418	4359.74358996	4292.56410264	
4254.48717949	4222.05128199	4236.53846154	4222.5641025	4243.84615385	4225.12820506	4229.87179481	4284.48717956	4327.05128219	4227.05128199	4320.51282066	4278.71794879	4339.35897457	4286.79487187	
4260.76923077	4219.61538455	4230.25641019	4221.28205122	4242.94871795	4228.4615384	4232.94871788	4283.46153853	4321.28205142	4232.94871788	4309.3589745	4275.76923084	4332.94871816	4285.51282059	
4260.8974359	4224.23076917	4230.25641019	4224.35897429	4242.05128206	4230.12820506	4232.69230763	4274.2307693	4314.61538476	4240.12820513	4296.41025648	4270.00000007	4317.69230784	4284.74358982	
4252.56410257	4222.94871788	4227.30769224	4221.79487173	4245.64102564	4226.92307686	4229.99999993	4263.58974359	4302.17948732	4238.97435898	4282.30769238	4260.51282052	4297.30769238	4277.43589751	
4248.33333334	4214.61538455	4219.23076917	4214.74358968	4240.8974359	4226.41025634	4229.35897429	4256.66666667	4290.1282052	4235.38461539	4269.87179495	4255.51282052	4285.00000007	4267.05128212	
4244.74358975	4215.89743583	4215.38461532	4210.64102558	4230.51282045	4227.17948711	4229.74358968	4243.97435898	4271.28205136	4229.48717942	4250.25641026	4247.30769231	4269.61538469	4256.66666667	
4236.7948718	4216.92307686	4217.17948711	4208.33333327	4231.28205122	4227.43589737	4231.15384609	4232.5641025	4252.6923077	4219.87179481	4231.28205122	4234.35897436	4252.82051282	4246.7948718	
4232.05128199	4211.6666666	4215.51282045	4202.43589737	4234.35897436	4226.41025634	4230.89743583	4234.23076923	4249.87179488	4218.58974352	4226.92307686	4229.99999993	4246.28205129	4244.74358975	
4238.46153847	4215.64102558	4216.53846147	4206.02564096	4234.61538462	4224.99999993	4232.17948711	4245.25641026	4264.74358975	4235.25641026	4240.51282052	4243.46153847	4258.58974359	4257.94871795	
4249.87179488	4224.23076917	4224.23076917	4219.87179481	4238.07692308	4226.28205122	4236.7948718	4256.53846154	4281.15384623	4253.84615385	4259.61538462	4262.56410257	4279.2307693	4274.48717956	
4254.61538462	4222.30769224	4226.41025634	4218.58974352	4234.87179488	4224.10256404	4235.38461539	4257.82051282	4284.10256418	4254.74358975	4262.17948718	4265.76923077	4282.43589751	4275.76923084	
4254.87179488	4219.74358968	4222.69230763	4208.07692301	4226.6666666	4218.07692301	4230.51282045	4253.33333334	4279.2307693	4250.0	4255.38461539	4259.74358975	4272.56410264	4270.1282052	
4256.92307693	4225.7692307	4224.99999993	4214.10256404	4231.92307686	4222.30769224	4236.28205129	4254.61538462	4279.61538469	4255.0	4259.10256411	4266.15384616	4272.82051289	4274.87179495	
4261.02564103	4228.33333327	4227.94871788	4226.28205122	4241.53846154	4231.6666666	4246.41025641	4263.46153847	4286.923077	4262.17948718	4267.94871802	4274.35897443	4283.07692315	4283.33333341	
4264.23076923	4227.30769224	4229.35897429	4223.84615378	4236.53846154	4228.84615378	4246.15384616	4267.43589751	4287.82051289	4263.33333334	4268.33333341	4267.43589751	4284.35897443	4281.53846161	
4262.56410257	4228.84615378	4233.33333327	4222.5641025	4235.76923077	4227.5641025	4244.61538462	4267.30769238	4284.87179495	4264.10256411	4266.79487187	4263.58974359	4281.923077	4277.17948725	
4261.66666667	4229.10256404	4234.23076923	4227.94871788	4253.71794872	4239.23076923	4252.94871795	4271.28205136	4293.58974366	4269.61538469	4273.58974366	4270.89743597	4286.53846161	4282.82051289	
4263.07692308	4227.69230763	4230.51282045	4222.69230763	4260.38461539	4241.92307693	4253.84615385	4273.71794879	4299.74358989	4269.87179495	4276.28205136	4269.74358982	4287.56410264	4286.41025648	
4262.43589744	4228.4615384	4231.41025634	4220.7692307	4247.30769231	4234.23076923	4248.20512821	4268.33333341	4288.20512828	4264.74358975	4270.25641033	4266.53846154	4281.41025648	4282.30769238	
4263.33333334	4228.4615384	4237.43589744	4229.35897429	4247.30769231	4237.82051282	4255.0	4266.66666674	4284.74358982	4270.00000007	4272.05128212	4275.25641033	4282.43589751	4284.87179495	
4267.56410264	4228.33333327	4240.8974359	4229.10256404	4258.20512821	4244.74358975	4264.35897436	4277.56410264	4298.97435905	4281.41025648	4284.61538469	4283.97435905	4295.00000007	4293.97435905	
4272.82051289	4229.23076917	4241.53846154	4227.94871788	4257.82051282	4243.97435898	4265.38461539	4289.87179495	4309.48717963	4286.53846161	4296.53846161	4287.05128212	4306.1538463	4301.02564117	
4276.923077	4231.02564096	4243.84615385	4235.8974359	4254.10256411	4242.17948718	4265.12820513	4289.48717956	4310.2564104	4283.58974366	4301.41025655	4290.64102571	4308.71794886	4303.84615399	
4277.82051289	4234.74358975	4245.64102564	4233.4615384	4254.74358975	4240.64102564	4266.41025641	4285.00000007	4310.51282066	4279.61538469	4301.28205142	4291.41025648	4307.94871809	4303.07692322	
4273.20512828	4233.07692301	4242.82051282	4222.30769224	4255.51282052	4239.23076923	4264.61538462	4285.1282052	4305.2564104	4275.00000007	4297.94871802	4286.28205136	4302.43589758	4298.20512828	
4266.15384616	4230.51282045	4240.38461539	4221.02564096	4253.07692308	4239.23076923	4263.58974359	4281.923077	4294.61538469	4267.56410264	4289.61538469	4278.71794879	4293.58974366	4289.74358982	
4265.12820513	4233.4615384	4244.48717949	4225.12820506	4254.87179488	4238.84615385	4264.10256411	4278.20512828	4294.87179495	4263.07692308	4283.20512828	4274.2307693	4291.66666674	4285.64102571	
4265.8974359	4235.25641026	4246.53846154	4228.58974352	4261.53846154	4238.71794872	4261.53846154	4281.79487187	4298.46153853	4264.48717949	4282.94871802	4275.64102571	4294.74358982	4288.97435905	
4263.46153847	4231.41025634	4243.07692308	4229.74358968	4262.82051282	4240.76923077	4263.58974359	4284.74358982	4296.79487187	4267.94871802	4286.79487187	4280.38461546	4294.35897443	4290.51282059	
4260.12820513	4227.30769224	4239.61538462	4226.6666666	4258.07692308	4240.64102564	4264.87179488	4280.51282059	4296.41025648	4268.58974366	4284.61538469	4277.30769238	4288.46153853	4286.53846161	
4258.33333334	4228.84615378	4242.82051282	4226.02564096	4256.66666667	4240.38461539	4264.61538462	4274.48717956	4293.58974366	4263.84615385	4275.64102571	4267.43589751	4282.82051289	4282.17948725	
4260.25641026	4232.43589737	4246.66666667	4232.5641025	4261.53846154	4244.87179488	4268.84615392	4278.33333341	4290.89743597	4260.12820513	4275.00000007	4268.58974366	4285.00000007	4283.97435905	
4259.87179488	4232.82051275	4245.51282052	4235.0	4264.23076923	4247.17948718	4271.66666674	4283.58974366	4293.71794879	4260.64102564	4280.00000007	4273.84615392	4289.35897443	4288.20512828	
4252.56410257	4230.12820506	4242.17948718	4228.58974352	4257.30769231	4242.56410257	4267.17948725	4277.05128212	4291.0256411	4256.53846154	4273.71794879	4266.53846154	4282.94871802	4285.89743597	
4245.51282052	4228.58974352	4237.05128206	4223.20512814	4249.23076923	4238.84615385	4261.15384616	4269.87179495	4280.38461546	4251.15384616	4264.23076923	4261.02564103	4270.38461546	4279.35897443	
4249.48717949	4231.02564096	4238.58974359	4224.74358968	4253.97435898	4243.20512821	4266.15384616	4271.79487187	4280.38461546	4256.02564103	4267.56410264	4264.74358975	4271.0256411	4280.1282052	
4255.51282052	4232.82051275	4241.92307693	4228.97435891	4260.12820513	4246.66666667	4270.76923084	4270.1282052	4281.0256411	4257.56410257	4267.82051289	4263.46153847	4274.61538469	4284.61538469	
4251.53846154	4231.6666666	4238.46153847	4230.89743583	4255.0	4242.82051282	4265.64102564	4261.7948718	4271.0256411	4249.35897436	4257.05128206	4261.28205129	4266.15384616	4281.41025648	
4247.05128206	4229.99999993	4235.64102564	4229.61538455	4252.43589744	4240.25641026	4262.6923077	4261.02564103	4269.74358982	4247.6923077	4254.10256411	4263.58974359	4260.8974359	4279.10256418	
4247.17948718	4231.6666666	4238.20512821	4229.10256404	4256.02564103	4241.92307693	4264.87179488	4264.35897436	4278.07692315	4252.05128206	4258.71794872	4261.41025641	4263.33333334	4283.58974366	
4252.43589744	4231.92307686	4238.58974359	4232.17948711	4253.97435898	4241.53846154	4266.28205129	4265.76923077	4279.87179495	4251.41025641	4260.0	4264.61538462	4267.05128212	4287.17948725	
4258.33333334	4228.33333327	4233.58974352	4233.07692301	4250.64102564	4237.43589744	4265.8974359	4268.46153853	4278.20512828	4251.41025641	4262.6923077	4272.17948725	4272.56410264	4287.69230777	
4254.74358975	4227.05128199	4231.28205122	4227.17948711	4247.94871795	4233.4615384	4265.8974359	4268.07692315	4279.2307693	4251.41025641	4264.74358975	4267.94871802	4272.43589751	4284.74358982	
4248.46153847	4225.12820506	4232.30769224	4225.12820506	4244.61538462	4232.5641025	4263.97435898	4263.97435898	4276.79487187	4248.20512821	4263.20512821	4263.71794872	4267.05128212	4281.0256411	
4249.61538462	4221.6666666	4226.53846147	4225.89743583	4243.20512821	4231.28205122	4262.43589744	4260.25641026	4270.38461546	4243.58974359	4258.20512821	4263.46153847	4265.12820513	4278.84615392	
4249.35897436	4221.41025634	4219.74358968	4221.6666666	4237.30769231	4225.51282045	4261.02564103	4253.58974359	4263.97435898	4235.64102564	4248.07692308	4256.92307693	4261.28205129	4275.64102571	
4246.92307693	4220.89743583	4222.30769224	4219.61538455	4232.69230763	4224.99999993	4260.12820513	4252.43589744	4262.82051282	4232.30769224	4247.17948718	4254.87179488	4258.97435898	4273.58974366	
4247.30769231	4218.07692301	4220.38461532	4220.25641019	4235.0	4229.23076917	4262.56410257	4258.46153847	4266.02564103	4238.71794872	4253.20512821	4258.46153847	4261.15384616	4275.1282052	
4240.0	4216.28205122	4209.61538455	4213.07692301	4232.17948711	4224.48717942	4259.61538462	4253.58974359	4261.02564103	4236.41025641	4245.25641026	4250.51282052	4254.48717949	4269.87179495	
4233.4615384	4216.28205122	4207.30769224	4208.58974352	4226.02564096	4217.30769224	4249.87179488	4243.97435898	4252.43589744	4227.43589737	4233.07692301	4241.66666667	4243.71794872	4263.33333334	
4241.92307693	4218.97435891	4211.92307686	4215.89743583	4227.94871788	4222.17948711	4250.8974359	4248.07692308	4257.05128206	4230.89743583	4234.10256411	4245.51282052	4247.6923077	4269.48717956	
4247.17948718	4221.15384609	4211.02564096	4220.89743583	4231.28205122	4226.92307686	4256.7948718	4255.8974359	4264.23076923	4235.8974359	4236.92307693	4248.84615385	4256.92307693	4273.58974366	
4238.84615385	4218.84615378	4207.5641025	4215.51282045	4230.25641019	4223.58974352	4253.33333334	4252.6923077	4257.30769231	4231.79487173	4233.33333327	4245.38461539	4254.10256411	4267.69230777	
4238.58974359	4219.10256404	4210.25641019	4213.97435891	4231.15384609	4223.20512814	4255.0	4249.35897436	4254.10256411	4230.38461532	4237.30769231	4246.02564103	4252.56410257	4269.35897443	
4247.05128206	4222.82051275	4214.35897429	4221.79487173	4233.07692301	4226.53846147	4260.76923077	4253.46153847	4261.7948718	4230.25641019	4244.10256411	4250.76923077	4257.56410257	4274.2307693	
4245.64102564	4219.61538455	4214.10256404	4224.10256404	4232.94871788	4226.02564096	4256.28205129	4252.82051282	4258.07692308	4223.33333327	4239.10256411	4246.66666667	4252.94871795	4267.43589751	
4241.28205129	4214.48717942	4212.69230763	4215.38461532	4230.89743583	4223.97435891	4252.30769231	4244.10256411	4245.38461539	4214.99999993	4229.10256404	4238.46153847	4242.94871795	4259.87179488	
4243.97435898	4217.69230763	4212.94871788	4212.69230763	4231.53846147	4226.53846147	4257.56410257	4243.07692308	4247.05128206	4215.12820506	4234.48717949	4242.30769231	4245.51282052	4262.05128206	
4247.43589744	4222.94871788	4214.87179481	4220.38461532	4235.38461539	4228.97435891	4263.58974359	4250.64102564	4256.53846154	4219.23076917	4245.38461539	4248.07692308	4255.51282052	4266.15384616	
4244.35897436	4221.28205122	4216.15384609	4222.94871788	4234.61538462	4226.6666666	4260.12820513	4248.07692308	4255.25641026	4217.82051275	4240.76923077	4246.41025641	4255.64102564	4265.8974359	
4238.20512821	4216.41025634	4215.51282045	4214.99999993	4227.17948711	4220.51282045	4253.71794872	4240.38461539	4251.28205129	4213.33333327	4235.51282052	4245.12820513	4251.7948718	4263.46153847	
4233.71794865	4216.02564096	4213.71794865	4209.74358968	4223.33333327	4214.48717942	4252.94871795	4240.0	4249.23076923	4214.74358968	4236.15384616	4242.43589744	4245.25641026	4259.61538462	
4231.6666666	4216.28205122	4212.82051275	4209.35897429	4223.20512814	4213.07692301	4255.0	4233.58974352	4239.10256411	4217.17948711	4223.71794865	4234.10256411	4229.74358968	4255.64102564	
4226.41025634	4215.12820506	4216.41025634	4206.53846147	4216.53846147	4211.15384609	4249.74358975	4223.20512814	4230.64102558	4208.97435891	4215.12820506	4232.69230763	4227.5641025	4253.07692308	
4217.5641025	4215.25641019	4210.7692307	4204.10256404	4212.43589737	4209.48717942	4245.38461539	4220.64102558	4229.10256404	4202.5641025	4215.12820506	4229.99999993	4221.6666666	4250.51282052	
4215.12820506	4218.58974352	4209.87179481	4203.71794865	4212.43589737	4209.48717942	4247.05128206	4217.43589737	4221.6666666	4202.43589737	4208.71794865	4222.17948711	4212.17948711	4247.94871795	
4222.17948711	4221.92307686	4238.20512821	4204.48717942	4205.64102558	4208.58974352	4247.30769231	4231.53846147	4252.05128206	4197.82051269	4256.53846154	4246.02564103	4282.69230777	4255.51282052	
4230.12820506	4224.48717942	4251.92307693	4209.10256404	4204.48717942	4208.20512814	4249.48717949	4264.87179488	4311.79487194	4200.64102551	4332.05128219	4280.51282059	4361.15384637	4272.30769238	
4236.66666667	4224.23076917	4232.30769224	4216.92307686	4218.84615378	4215.7692307	4251.53846154	4268.71794879	4312.05128219	4213.20512814	4315.51282066	4273.97435905	4321.92307707	4277.30769238	
4241.02564103	4219.74358968	4223.71794865	4216.79487173	4227.30769224	4222.5641025	4248.58974359	4245.64102564	4271.923077	4217.69230763	4261.92307693	4251.66666667	4261.15384616	4270.38461546	
4239.74358975	4218.97435891	4228.58974352	4210.7692307	4222.17948711	4216.53846147	4248.07692308	4239.10256411	4262.43589744	4213.33333327	4261.53846154	4246.92307693	4265.38461539	4267.30769238	
4234.87179488	4221.41025634	4223.97435891	4212.05128199	4221.02564096	4212.69230763	4255.51282052	4241.15384616	4266.41025641	4212.43589737	4261.92307693	4246.15384616	4265.38461539	4267.17948725	
4232.69230763	4220.89743583	4220.89743583	4214.10256404	4224.74358968	4216.79487173	4258.46153847	4235.64102564	4257.6923077	4215.12820506	4244.10256411	4241.92307693	4249.74358975	4265.8974359	
4235.76923077	4220.38461532	4224.35897429	4209.99999993	4224.48717942	4216.41025634	4254.23076923	4235.0	4251.28205129	4216.28205122	4244.35897436	4239.74358975	4251.02564103	4266.15384616	
4238.97435898	4220.51282045	4223.84615378	4208.97435891	4222.82051275	4214.48717942	4255.25641026	4239.74358975	4253.20512821	4218.58974352	4247.82051282	4237.94871795	4251.53846154	4267.43589751	
4238.46153847	4217.94871788	4225.64102558	4211.15384609	4224.87179481	4216.28205122	4256.66666667	4243.71794872	4260.25641026	4222.5641025	4246.92307693	4237.6923077	4255.51282052	4268.20512828	
4235.76923077	4215.25641019	4226.41025634	4208.84615378	4223.07692301	4214.10256404	4251.7948718	4240.76923077	4257.05128206	4221.6666666	4245.12820513	4235.12820513	4253.84615385	4264.35897436	
4234.10256411	4216.28205122	4222.5641025	4204.87179481	4212.05128199	4206.41025634	4248.84615385	4229.35897429	4237.94871795	4210.38461532	4233.07692301	4227.5641025	4238.84615385	4256.7948718	
4233.97435898	4215.89743583	4222.5641025	4205.64102558	4208.58974352	4203.71794865	4249.23076923	4223.33333327	4228.84615378	4201.92307686	4220.89743583	4222.94871788	4232.69230763	4253.46153847	
4233.71794865	4216.79487173	4225.38461532	4209.48717942	4214.23076917	4206.28205122	4248.58974359	4221.28205122	4231.15384609	4203.20512814	4218.58974352	4219.87179481	4230.64102558	4251.53846154	
4232.43589737	4216.28205122	4224.35897429	4209.35897429	4215.25641019	4209.10256404	4249.61538462	4216.15384609	4226.28205122	4199.61538448	4216.41025634	4214.74358968	4222.43589737	4245.0	
4230.89743583	4214.10256404	4222.94871788	4205.38461532	4214.10256404	4207.94871788	4251.53846154	4212.5641025	4217.69230763	4192.69230756	4210.51282045	4212.82051275	4216.92307686	4242.43589744	
4235.12820513	4218.07692301	4225.7692307	4204.61538455	4218.4615384	4206.28205122	4250.12820513	4213.58974352	4217.43589737	4195.25641012	4211.92307686	4218.20512814	4221.28205122	4248.20512821	
4237.30769231	4219.48717942	4224.35897429	4206.53846147	4220.12820506	4209.10256404	4250.12820513	4213.58974352	4221.92307686	4202.5641025	4217.05128199	4220.38461532	4222.05128199	4252.56410257	
4234.87179488	4216.6666666	4222.82051275	4208.84615378	4217.82051275	4210.89743583	4255.64102564	4215.38461532	4223.71794865	4200.89743576	4221.6666666	4219.99999993	4218.33333327	4252.30769231	
4238.84615385	4221.53846147	4227.69230763	4214.10256404	4223.07692301	4211.41025634	4262.82051282	4223.84615378	4230.64102558	4204.35897429	4230.64102558	4226.02564096	4226.92307686	4256.28205129	
4241.92307693	4225.7692307	4228.4615384	4215.64102558	4227.30769224	4212.43589737	4262.43589744	4229.10256404	4237.43589744	4215.51282045	4236.28205129	4228.33333327	4234.35897436	4258.97435898	
4235.64102564	4220.51282045	4222.17948711	4209.35897429	4220.25641019	4211.15384609	4257.17948718	4226.6666666	4236.53846154	4213.71794865	4234.23076923	4222.30769224	4228.07692301	4255.38461539	
4232.5641025	4215.7692307	4221.92307686	4206.15384609	4214.23076917	4207.43589737	4253.97435898	4223.4615384	4232.05128199	4203.33333327	4230.25641019	4220.12820506	4223.84615378	4253.46153847	
4235.51282052	4216.92307686	4225.51282045	4208.20512814	4213.84615378	4207.05128199	4249.87179488	4220.64102558	4224.74358968	4200.38461525	4224.99999993	4218.84615378	4221.41025634	4253.33333334	
4234.48717949	4217.69230763	4222.82051275	4209.61538455	4211.6666666	4207.30769224	4246.53846154	4215.64102558	4218.97435891	4200.51282038	4217.43589737	4212.30769224	4213.58974352	4249.35897436	
4230.38461532	4215.25641019	4217.94871788	4205.51282045	4202.05128199	4199.74358961	4246.02564103	4206.79487173	4212.30769224	4189.48717935	4209.10256404	4202.69230763	4204.99999993	4242.6923077	
4228.84615378	4210.25641019	4215.7692307	4198.3333332	4196.79487166	4194.48717935	4246.02564103	4200.89743576	4200.25641012	4180.25641012	4199.87179474	4195.12820499	4194.87179474	4236.15384616	
4226.6666666	4210.64102558	4215.25641019	4200.51282038	4204.35897429	4202.94871788	4247.94871795	4203.84615378	4198.71794858	4185.64102551	4199.48717935	4192.69230756	4193.07692294	4232.43589737	
4221.41025634	4210.51282045	4214.48717942	4203.84615378	4209.74358968	4208.4615384	4247.94871795	4206.79487173	4205.25641019	4190.38461525	4204.35897429	4191.02564089	4199.61538448	4230.51282045	
4215.7692307	4207.05128199	4213.4615384	4197.94871781	4204.10256404	4199.61538448	4245.76923077	4202.82051275	4202.5641025	4186.41025628	4199.99999986	4188.07692294	4195.64102551	4226.6666666	
