4155.38461518	4187.17948704	4174.87179474	4164.9999998	4182.05128192	4182.69230756	4199.10256397	4135.64102544	4182.56410243	4153.97435877	4165.76923056	4194.48717935	4189.2307691	4203.20512814	
4160.38461518	4188.84615371	4181.02564089	4172.56410243	4179.99999986	4181.92307679	4201.41025634	4140.12820492	4191.28205115	4170.12820499	4179.2307691	4199.74358961	4199.74358961	4210.7692307	
4167.17948697	4189.10256397	4183.07692294	4174.99999986	4182.56410243	4178.58974345	4198.3333332	4141.02564082	4194.10256397	4173.84615371	4188.71794858	4201.92307686	4206.53846147	4216.28205122	
4170.89743576	4186.92307679	4180.12820499	4174.2307691	4183.58974345	4178.84615371	4201.41025634	4142.17948697	4200.64102551	4172.05128192	4190.38461525	4205.51282045	4206.53846147	4224.23076917	
4170.89743576	4189.87179474	4180.12820499	4180.25641012	4180.89743576	4177.69230756	4202.17948711	4141.15384595	4203.58974352	4176.5384614	4193.20512807	4210.12820506	4209.61538455	4227.43589737	
4172.30769217	4194.61538448	4183.3333332	4183.20512807	4182.17948704	4177.05128192	4199.48717935	4140.51282031	4196.92307679	4172.17948704	4192.94871781	4211.6666666	4212.05128199	4227.17948711	
4172.17948704	4194.61538448	4182.4358973	4177.94871781	4182.05128192	4174.74358961	4199.99999986	4141.41025621	4192.94871781	4161.41025621	4189.99999986	4211.92307686	4211.53846147	4231.6666666	
4170.51282038	4196.15384602	4182.05128192	4177.56410243	4179.35897422	4171.5384614	4199.35897422	4141.66666646	4196.5384614	4165.38461518	4190.76923063	4212.30769224	4215.12820506	4235.25641026	
4172.69230756	4197.56410243	4186.28205115	4181.92307679	4181.92307679	4173.07692294	4198.58974345	4145.51282031	4200.12820499	4173.71794858	4196.41025628	4217.5641025	4221.15384609	4237.43589744	
4172.4358973	4191.5384614	4185.51282038	4175.64102551	4179.10256397	4174.99999986	4199.74358961	4149.87179467	4201.28205122	4169.61538448	4196.79487166	4219.61538455	4219.87179481	4236.66666667	
4163.07692287	4184.99999986	4176.92307679	4163.205128	4170.38461525	4173.97435884	4200.51282038	4145.38461518	4194.10256397	4163.58974339	4182.30769217	4206.6666666	4210.12820506	4225.64102558	
4155.51282031	4186.28205115	4172.05128192	4159.74358954	4170.64102551	4175.38461525	4198.71794858	4139.9999998	4183.58974345	4162.05128185	4169.35897422	4194.74358961	4203.84615378	4215.38461532	
4162.56410236	4193.97435884	4174.2307691	4163.58974339	4179.87179474	4184.61538448	4201.6666666	4146.92307672	4188.97435884	4162.82051262	4175.38461525	4197.69230756	4209.10256404	4222.5641025	
4170.38461525	4199.61538448	4177.30769217	4170.76923063	4187.05128192	4193.84615371	4206.28205122	4152.69230749	4199.48717935	4167.94871774	4184.48717935	4202.17948711	4213.33333327	4229.35897429	
4167.05128185	4197.94871781	4178.20512807	4173.71794858	4187.4358973	4193.97435884	4206.92307686	4148.46153826	4194.99999986	4168.71794858	4180.12820499	4200.38461525	4211.79487173	4224.35897429	
4168.46153833	4197.17948704	4178.3333332	4173.46153833	4189.61538448	4190.64102551	4207.94871788	4148.205128	4194.2307691	4167.43589723	4183.97435884	4204.99999993	4218.71794865	4229.61538455	
4173.71794858	4197.82051269	4178.07692294	4173.71794858	4191.02564089	4186.79487166	4207.30769224	4149.48717928	4204.35897429	4174.48717935	4194.61538448	4210.7692307	4225.38461532	4237.43589744	
4167.82051262	4188.71794858	4176.02564089	4171.15384602	4181.92307679	4179.99999986	4201.15384609	4139.35897415	4197.17948704	4171.5384614	4186.92307679	4205.89743583	4216.28205122	4229.48717942	
4166.66666646	4183.20512807	4175.12820499	4170.51282038	4173.71794858	4174.48717935	4196.79487166	4133.9743587	4186.02564089	4164.1025639	4181.02564089	4205.38461532	4212.05128199	4226.79487173	
4175.76923063	4194.2307691	4178.3333332	4176.28205115	4181.28205115	4178.3333332	4198.46153833	4141.92307672	4196.02564089	4174.48717935	4192.69230756	4215.12820506	4222.69230763	4240.0	
4176.15384602	4198.71794858	4179.2307691	4177.94871781	4190.38461525	4184.2307691	4201.28205122	4147.43589723	4202.94871788	4182.17948704	4197.69230756	4217.69230763	4227.5641025	4243.46153847	
4170.12820499	4191.66666653	4174.2307691	4174.10256397	4188.3333332	4185.76923063	4202.69230763	4153.33333313	4195.25641012	4171.02564089	4189.99999986	4210.38461532	4224.99999993	4236.66666667	
4164.35897415	4186.92307679	4170.64102551	4169.87179474	4184.61538448	4190.25641012	4205.89743583	4157.69230749	4189.35897422	4160.76923056	4182.17948704	4202.17948711	4221.15384609	4232.43589737	
4154.23076903	4185.64102551	4167.43589723	4164.35897415	4186.79487166	4195.12820499	4205.7692307	4152.69230749	4188.07692294	4158.97435877	4175.25641012	4192.56410243	4213.4615384	4223.20512814	
4151.92307672	4192.30769217	4164.61538441	4162.17948697	4190.89743576	4194.74358961	4204.74358968	4149.61538441	4185.89743576	4157.82051262	4172.94871781	4187.82051269	4213.84615378	4218.07692301	
4159.23076903	4197.05128192	4166.28205108	4167.94871774	4192.4358973	4195.12820499	4211.53846147	4152.56410236	4186.15384602	4158.33333313	4179.99999986	4189.48717935	4221.28205122	4223.71794865	
4160.76923056	4192.17948704	4169.48717935	4172.05128192	4191.41025628	4197.94871781	4214.10256404	4152.17948697	4187.69230756	4157.94871774	4186.92307679	4191.02564089	4222.17948711	4229.35897429	
4159.87179467	4190.64102551	4171.79487166	4171.15384602	4187.4358973	4194.61538448	4205.51282045	4149.87179467	4184.10256397	4150.76923056	4186.15384602	4192.94871781	4222.30769224	4227.82051275	
4165.12820492	4198.20512807	4173.3333332	4172.05128192	4186.66666653	4188.71794858	4202.30769224	4150.25641005	4184.10256397	4150.64102544	4186.02564089	4199.35897422	4226.79487173	4227.5641025	
4172.94871781	4199.87179474	4174.87179474	4176.41025628	4193.20512807	4191.5384614	4207.30769224	4153.33333313	4192.69230756	4157.94871774	4191.79487166	4206.41025634	4232.82051275	4234.48717949	
4177.4358973	4196.02564089	4177.56410243	4180.76923063	4196.5384614	4194.87179474	4208.58974352	4159.87179467	4198.46153833	4157.17948697	4198.58974345	4210.38461532	4237.94871795	4241.53846154	
4179.87179474	4198.20512807	4178.3333332	4179.48717935	4193.97435884	4193.3333332	4208.71794865	4163.205128	4198.58974345	4157.82051262	4199.48717935	4209.10256404	4236.66666667	4241.7948718	
4179.87179474	4198.20512807	4178.3333332	4179.48717935	4193.97435884	4193.3333332	4208.71794865	4163.205128	4198.58974345	4157.82051262	4199.48717935	4209.10256404	4236.66666667	4241.7948718	
4180.64102551	4198.84615371	4174.2307691	4174.10256397	4195.38461525	4197.69230756	4215.12820506	4168.71794858	4205.7692307	4170.12820499	4196.79487166	4208.20512814	4229.10256404	4238.33333334	
4177.05128192	4196.28205115	4172.4358973	4172.82051269	4198.3333332	4205.25641019	4219.48717942	4178.84615371	4214.10256404	4176.15384602	4200.25641012	4210.51282045	4226.15384609	4238.46153847	
4169.61538448	4196.66666653	4175.25641012	4172.05128192	4194.35897422	4206.41025634	4215.89743583	4180.12820499	4210.12820506	4170.25641012	4205.7692307	4208.71794865	4226.53846147	4233.20512814	
4166.02564082	4194.87179474	4174.61538448	4167.43589723	4190.64102551	4205.7692307	4212.17948711	4177.69230756	4208.84615378	4170.38461525	4205.51282045	4203.33333327	4223.20512814	4224.35897429	
4168.84615371	4192.56410243	4170.51282038	4163.97435877	4192.82051269	4207.5641025	4210.25641019	4179.2307691	4213.84615378	4176.02564089	4205.38461532	4203.97435891	4216.79487173	4224.48717942	
4169.2307691	4194.2307691	4170.89743576	4164.48717928	4193.07692294	4206.28205122	4207.5641025	4176.66666653	4210.12820506	4177.05128192	4210.25641019	4209.61538455	4205.89743583	4228.20512814	
4170.38461525	4199.2307691	4172.56410243	4165.51282031	4191.5384614	4204.10256404	4203.71794865	4173.3333332	4208.20512814	4180.64102551	4213.84615378	4213.4615384	4194.87179474	4228.71794865	
4176.28205115	4200.25641012	4173.46153833	4169.48717935	4193.20512807	4207.69230763	4204.23076917	4173.46153833	4216.02564096	4184.74358961	4216.6666666	4217.05128199	4194.99999986	4231.02564096	
4183.71794858	4201.15384609	4178.07692294	4177.82051269	4199.10256397	4210.51282045	4209.87179481	4175.12820499	4218.20512814	4185.51282038	4225.38461532	4224.23076917	4204.35897429	4240.12820513	
4186.66666653	4203.71794865	4179.61538448	4179.61538448	4202.43589737	4209.87179481	4211.41025634	4179.61538448	4217.05128199	4186.41025628	4227.30769224	4227.43589737	4204.74358968	4244.10256411	
4186.66666653	4203.71794865	4179.61538448	4179.61538448	4202.43589737	4209.87179481	4211.41025634	4179.61538448	4217.05128199	4186.41025628	4227.30769224	4227.43589737	4204.74358968	4244.10256411	
4183.20512807	4199.74358961	4175.38461525	4172.4358973	4198.07692294	4205.89743583	4204.74358968	4177.94871781	4214.87179481	4185.89743576	4219.35897429	4221.92307686	4194.35897422	4238.07692308	
4182.05128192	4196.79487166	4174.2307691	4172.56410243	4194.61538448	4203.4615384	4203.20512814	4176.15384602	4212.43589737	4186.79487166	4220.64102558	4218.4615384	4192.30769217	4235.8974359	
4186.66666653	4200.89743576	4178.84615371	4183.07692294	4199.99999986	4209.10256404	4214.74358968	4193.84615371	4223.71794865	4197.30769217	4233.4615384	4226.02564096	4203.84615378	4246.53846154	
4189.10256397	4203.4615384	4178.46153833	4186.5384614	4204.10256404	4215.89743583	4224.35897429	4209.35897429	4238.07692308	4203.20512814	4237.17948718	4229.48717942	4211.92307686	4253.07692308	
4179.61538448	4200.38461525	4173.3333332	4176.92307679	4200.76923063	4217.43589737	4221.02564096	4204.99999993	4230.25641019	4192.30769217	4227.17948711	4215.89743583	4205.7692307	4243.20512821	
4172.69230756	4198.3333332	4174.61538448	4173.3333332	4202.69230763	4218.58974352	4222.30769224	4202.05128199	4220.64102558	4187.69230756	4224.48717942	4209.87179481	4199.48717935	4235.76923077	
4179.61538448	4199.87179474	4176.92307679	4178.58974345	4208.84615378	4222.43589737	4228.97435891	4201.6666666	4226.28205122	4198.3333332	4233.20512814	4222.43589737	4202.82051275	4240.0	
4185.12820499	4198.97435884	4173.20512807	4176.79487166	4209.35897429	4222.30769224	4223.20512814	4197.4358973	4226.92307686	4201.41025634	4236.28205129	4223.20512814	4204.23076917	4244.61538462	
4183.20512807	4197.56410243	4173.71794858	4171.92307679	4208.71794865	4220.25641019	4218.97435891	4197.4358973	4223.71794865	4199.2307691	4235.76923077	4210.51282045	4202.17948711	4243.46153847	
4182.82051269	4199.61538448	4180.12820499	4178.84615371	4211.92307686	4223.58974352	4226.15384609	4198.97435884	4228.20512814	4202.05128199	4239.87179488	4210.64102558	4205.25641019	4243.07692308	
4186.02564089	4202.05128199	4181.92307679	4188.3333332	4212.5641025	4224.10256404	4225.89743583	4200.76923063	4232.43589737	4201.15384609	4241.7948718	4221.6666666	4211.15384609	4249.74358975	
4186.41025628	4201.6666666	4179.10256397	4184.10256397	4208.20512814	4220.25641019	4221.15384609	4206.6666666	4233.84615385	4203.58974352	4242.6923077	4226.15384609	4213.71794865	4257.94871795	
4186.79487166	4201.6666666	4178.71794858	4182.4358973	4208.33333327	4220.25641019	4225.38461532	4208.33333327	4235.38461539	4216.53846147	4246.53846154	4225.7692307	4214.10256404	4258.46153847	
4187.94871781	4203.07692301	4182.30769217	4188.07692294	4207.82051275	4221.6666666	4228.84615378	4204.87179481	4234.74358975	4217.05128199	4246.66666667	4224.99999993	4212.82051275	4255.25641026	
4187.17948704	4201.79487173	4182.69230756	4186.02564089	4205.25641019	4218.84615378	4228.20512814	4205.89743583	4232.05128199	4205.7692307	4245.25641026	4224.61538455	4208.97435891	4255.8974359	
4188.3333332	4199.99999986	4178.58974345	4183.58974345	4209.87179481	4218.33333327	4232.43589737	4207.43589737	4233.4615384	4208.58974352	4250.51282052	4227.82051275	4209.10256404	4257.82051282	
4194.74358961	4201.53846147	4179.99999986	4192.56410243	4221.15384609	4225.12820506	4237.82051282	4213.07692301	4240.64102564	4218.71794865	4258.33333334	4233.71794865	4213.97435891	4261.7948718	
4200.25641012	4202.82051275	4183.58974345	4196.28205115	4222.69230763	4228.84615378	4238.33333334	4222.05128199	4248.71794872	4219.99999993	4262.30769231	4238.20512821	4215.25641019	4267.56410264	
4201.02564096	4206.28205122	4183.20512807	4189.74358961	4215.12820506	4224.48717942	4238.20512821	4223.20512814	4250.12820513	4221.79487173	4260.8974359	4241.02564103	4215.38461532	4268.20512828	
4201.15384609	4210.12820506	4183.71794858	4194.10256397	4216.92307686	4223.71794865	4242.56410257	4223.20512814	4251.41025641	4230.25641019	4263.07692308	4244.10256411	4215.89743583	4271.53846161	
4201.15384609	4206.6666666	4183.46153833	4200.25641012	4219.10256404	4227.5641025	4245.64102564	4225.12820506	4253.46153847	4234.74358975	4270.1282052	4243.46153847	4214.35897429	4275.51282059	
4199.35897422	4203.07692301	4179.2307691	4196.92307679	4215.12820506	4227.30769224	4242.56410257	4221.79487173	4250.0	4226.15384609	4264.35897436	4240.38461539	4211.28205122	4268.46153853	
4196.15384602	4202.5641025	4173.71794858	4191.92307679	4213.84615378	4224.23076917	4240.64102564	4212.82051275	4242.05128206	4216.92307686	4250.25641026	4240.25641026	4206.6666666	4263.07692308	
4195.38461525	4200.25641012	4170.25641012	4187.82051269	4216.28205122	4225.25641019	4241.92307693	4209.35897429	4235.51282052	4216.53846147	4246.92307693	4236.02564103	4201.79487173	4266.28205129	
4193.58974345	4199.10256397	4170.25641012	4187.94871781	4218.07692301	4228.33333327	4242.94871795	4213.07692301	4233.97435898	4212.69230763	4244.74358975	4230.25641019	4197.4358973	4265.25641026	
4190.76923063	4201.79487173	4172.94871781	4194.87179474	4216.15384609	4226.28205122	4245.38461539	4212.05128199	4232.43589737	4205.7692307	4236.92307693	4229.99999993	4194.2307691	4260.12820513	
4194.35897422	4206.28205122	4174.87179474	4198.97435884	4218.07692301	4226.28205122	4248.71794872	4210.12820506	4229.74358968	4208.20512814	4238.58974359	4234.10256411	4196.92307679	4260.76923077	
4200.51282038	4212.05128199	4175.89743576	4198.84615371	4224.87179481	4234.23076923	4250.0	4215.64102558	4229.48717942	4212.43589737	4245.8974359	4239.61538462	4199.74358961	4265.64102564	
4203.4615384	4214.61538455	4180.12820499	4203.84615378	4227.30769224	4239.48717949	4254.35897436	4220.89743583	4233.33333327	4212.5641025	4248.71794872	4243.58974359	4193.3333332	4267.69230777	
4203.33333327	4212.5641025	4183.58974345	4207.5641025	4227.05128199	4237.43589744	4259.74358975	4221.79487173	4240.12820513	4217.94871788	4251.41025641	4245.12820513	4189.74358961	4268.20512828	
4205.64102558	4213.33333327	4183.71794858	4204.10256404	4234.10256411	4240.25641026	4263.58974359	4225.25641019	4245.76923077	4222.69230763	4252.05128206	4244.48717949	4194.10256397	4271.28205136	
4207.69230763	4214.61538455	4186.28205115	4204.87179481	4240.51282052	4246.02564103	4263.97435898	4230.7692307	4249.23076923	4224.99999993	4253.84615385	4242.05128206	4193.71794858	4274.61538469	
4207.43589737	4212.05128199	4187.82051269	4209.87179481	4236.53846154	4244.23076923	4263.20512821	4230.7692307	4250.25641026	4230.89743583	4257.82051282	4244.23076923	4193.71794858	4275.1282052	
4208.58974352	4212.05128199	4188.20512807	4211.15384609	4237.05128206	4242.94871795	4263.97435898	4227.05128199	4251.53846154	4233.58974352	4256.28205129	4250.0	4200.25641012	4276.28205136	
4212.82051275	4215.38461532	4190.64102551	4209.87179481	4240.76923077	4243.33333334	4261.15384616	4225.25641019	4250.64102564	4228.07692301	4254.87179488	4251.41025641	4202.30769224	4280.64102571	
4216.79487173	4216.41025634	4193.20512807	4213.58974352	4241.28205129	4242.94871795	4259.10256411	4227.43589737	4251.15384616	4231.6666666	4261.7948718	4253.20512821	4204.23076917	4284.48717956	
4214.87179481	4215.12820506	4193.71794858	4217.17948711	4240.0	4244.74358975	4261.66666667	4231.6666666	4258.58974359	4241.15384616	4263.97435898	4252.30769231	4209.87179481	4285.76923084	
4214.35897429	4214.87179481	4191.79487166	4214.35897429	4241.28205129	4246.66666667	4263.33333334	4235.12820513	4261.41025641	4241.53846154	4260.51282052	4240.76923077	4210.25641019	4287.69230777	
4217.30769224	4218.58974352	4192.69230756	4216.15384609	4243.71794872	4247.56410257	4262.43589744	4235.8974359	4257.6923077	4240.25641026	4262.56410257	4233.58974352	4209.99999993	4290.51282059	
4217.82051275	4221.02564096	4196.92307679	4223.33333327	4243.71794872	4247.17948718	4262.30769231	4231.41025634	4256.7948718	4242.30769231	4263.20512821	4239.10256411	4211.92307686	4291.923077	
4218.84615378	4220.7692307	4198.3333332	4223.58974352	4246.02564103	4250.38461539	4264.35897436	4234.87179488	4262.30769231	4245.12820513	4262.30769231	4245.0	4215.7692307	4296.79487187	
4219.61538455	4222.82051275	4197.30769217	4221.15384609	4246.53846154	4253.33333334	4264.35897436	4241.02564103	4265.76923077	4246.28205129	4266.02564103	4245.51282052	4220.12820506	4301.1538463	
4217.69230763	4221.15384609	4198.84615371	4220.38461532	4239.61538462	4247.17948718	4261.53846154	4231.92307686	4260.64102564	4245.64102564	4263.46153847	4241.02564103	4217.69230763	4295.1282052	
4218.33333327	4218.33333327	4200.12820499	4219.99999993	4237.30769231	4240.8974359	4261.92307693	4227.82051275	4259.10256411	4245.51282052	4255.76923077	4239.35897436	4216.15384609	4292.82051289	
4223.07692301	4221.92307686	4198.71794858	4223.58974352	4242.17948718	4246.66666667	4263.71794872	4237.17948718	4264.48717949	4241.92307693	4258.97435898	4245.51282052	4222.17948711	4300.38461553	
4218.97435891	4221.15384609	4197.56410243	4225.12820506	4241.92307693	4248.71794872	4262.43589744	4234.23076923	4262.56410257	4237.94871795	4260.51282052	4246.41025641	4216.79487173	4299.87179501	
4216.02564096	4216.15384609	4197.82051269	4220.38461532	4238.71794872	4240.38461539	4260.12820513	4222.5641025	4250.64102564	4238.20512821	4250.8974359	4239.74358975	4202.82051275	4294.2307693	
4222.82051275	4218.20512814	4198.58974345	4223.33333327	4243.07692308	4245.25641026	4265.12820513	4227.94871788	4252.30769231	4240.64102564	4250.64102564	4242.82051282	4207.30769224	4298.71794879	
4226.15384609	4224.23076917	4197.94871781	4230.25641019	4246.41025641	4254.74358975	4270.1282052	4238.07692308	4265.8974359	4239.10256411	4257.05128206	4250.64102564	4218.58974352	4303.4615386	
4222.5641025	4221.79487173	4197.82051269	4228.33333327	4246.66666667	4253.07692308	4270.38461546	4236.41025641	4265.25641026	4241.41025641	4257.94871795	4250.8974359	4218.84615378	4299.2307693	
4223.97435891	4220.89743583	4198.58974345	4231.41025634	4250.8974359	4253.07692308	4274.2307693	4240.38461539	4260.0	4246.02564103	4258.71794872	4253.84615385	4222.05128199	4300.76923091	
4229.10256404	4224.35897429	4197.17948704	4237.17948718	4252.94871795	4255.51282052	4274.35897443	4246.15384616	4264.87179488	4237.56410257	4259.61538462	4256.53846154	4227.05128199	4304.48717963	
4223.20512814	4219.99999993	4195.51282038	4225.12820506	4247.94871795	4253.97435898	4267.43589751	4235.12820513	4260.64102564	4225.7692307	4246.41025641	4243.46153847	4219.10256404	4295.64102571	
4215.7692307	4217.17948711	4198.58974345	4213.07692301	4244.87179488	4254.48717949	4268.20512828	4222.43589737	4242.6923077	4223.97435891	4231.28205122	4229.48717942	4208.07692301	4284.87179495	
4220.7692307	4222.05128199	4199.99999986	4214.74358968	4245.51282052	4255.64102564	4279.10256418	4228.4615384	4240.0	4227.43589737	4234.61538462	4230.89743583	4213.4615384	4289.2307693	
4225.64102558	4222.69230763	4196.5384614	4214.23076917	4243.58974359	4250.8974359	4279.61538469	4235.76923077	4250.64102564	4232.69230763	4246.28205129	4243.46153847	4226.53846147	4298.33333341	
4222.94871788	4220.38461532	4200.12820499	4207.5641025	4242.17948718	4247.17948718	4270.38461546	4231.79487173	4255.0	4239.35897436	4249.74358975	4250.64102564	4232.82051275	4300.51282066	
4220.51282045	4223.84615378	4207.30769224	4206.15384609	4242.56410257	4247.30769231	4265.38461539	4230.38461532	4255.64102564	4243.84615385	4246.92307693	4248.58974359	4237.56410257	4300.00000014	
4223.07692301	4224.10256404	4204.87179481	4210.25641019	4240.0	4247.56410257	4264.48717949	4236.15384616	4257.17948718	4244.10256411	4246.28205129	4245.51282052	4240.12820513	4299.61538476	
4223.20512814	4217.94871788	4201.15384609	4207.30769224	4238.20512821	4245.64102564	4266.15384616	4239.61538462	4253.46153847	4240.0	4246.7948718	4245.76923077	4238.33333334	4297.56410264	
4221.92307686	4217.17948711	4202.17948711	4199.87179474	4237.05128206	4241.92307693	4265.0	4235.12820513	4248.46153847	4231.79487173	4242.05128206	4244.61538462	4233.07692301	4293.97435905	
4218.33333327	4220.7692307	4202.82051275	4199.74358961	4233.84615385	4240.0	4263.20512821	4228.84615378	4247.82051282	4228.58974352	4236.41025641	4239.61538462	4230.7692307	4289.35897443	
4216.53846147	4223.33333327	4203.20512814	4202.82051275	4236.7948718	4241.53846154	4263.07692308	4228.97435891	4248.84615385	4233.97435898	4239.10256411	4241.7948718	4232.17948711	4288.33333341	
4217.30769224	4221.15384609	4202.05128199	4202.05128199	4238.33333334	4239.87179488	4262.82051282	4228.4615384	4244.74358975	4236.41025641	4240.25641026	4244.35897436	4233.20512814	4289.61538469	
4216.02564096	4216.92307686	4200.89743576	4201.79487173	4228.4615384	4236.92307693	4262.17948718	4223.07692301	4237.17948718	4229.74358968	4230.51282045	4237.43589744	4232.30769224	4285.76923084	
4214.23076917	4214.61538455	4203.84615378	4200.64102551	4226.92307686	4238.71794872	4263.20512821	4221.92307686	4237.05128206	4223.4615384	4220.89743583	4235.8974359	4230.12820506	4283.07692315	
4217.43589737	4218.4615384	4207.69230763	4201.79487173	4239.74358975	4241.66666667	4262.82051282	4226.28205122	4243.07692308	4227.69230763	4224.74358968	4244.35897436	4233.84615385	4286.53846161	
4224.10256404	4226.92307686	4209.23076917	4212.05128199	4247.05128206	4248.20512821	4265.64102564	4232.43589737	4252.43589744	4237.82051282	4237.82051282	4248.07692308	4244.23076923	4291.28205136	
4224.61538455	4226.28205122	4208.58974352	4214.10256404	4247.05128206	4253.84615385	4272.17948725	4237.05128206	4257.30769231	4240.8974359	4244.35897436	4246.66666667	4246.7948718	4291.0256411	
4221.6666666	4220.7692307	4206.6666666	4204.61538455	4245.76923077	4248.20512821	4270.76923084	4236.7948718	4251.66666667	4233.58974352	4239.23076923	4249.87179488	4239.87179488	4287.56410264	
4227.69230763	4221.79487173	4206.79487173	4208.07692301	4243.20512821	4243.20512821	4267.82051289	4239.74358975	4253.97435898	4234.61538462	4240.0	4258.33333334	4243.07692308	4291.41025648	
4234.48717949	4225.38461532	4206.02564096	4214.99999993	4244.10256411	4246.41025641	4269.74358982	4247.17948718	4265.0	4247.05128206	4251.92307693	4264.74358975	4255.25641026	4299.87179501	
4231.6666666	4223.20512814	4203.4615384	4210.12820506	4240.64102564	4240.8974359	4265.76923077	4239.61538462	4260.25641026	4245.12820513	4250.12820513	4261.7948718	4251.41025641	4297.05128212	
4225.38461532	4219.48717942	4205.7692307	4207.05128199	4233.97435898	4236.53846154	4260.0	4227.69230763	4247.05128206	4233.20512814	4240.0	4254.35897436	4240.51282052	4287.56410264	
4224.74358968	4217.94871788	4206.79487173	4208.4615384	4237.6923077	4246.28205129	4263.46153847	4232.17948711	4251.41025641	4238.33333334	4242.30769231	4254.87179488	4241.41025641	4289.35897443	
4226.53846147	4219.99999993	4205.64102558	4208.4615384	4244.87179488	4252.82051282	4268.97435905	4235.64102564	4258.58974359	4247.43589744	4246.66666667	4256.7948718	4246.41025641	4292.17948725	
4228.71794865	4225.7692307	4208.33333327	4212.30769224	4247.6923077	4251.92307693	4270.00000007	4231.53846147	4257.30769231	4242.30769231	4245.51282052	4252.30769231	4246.41025641	4287.43589751	
4229.87179481	4229.23076917	4211.41025634	4217.43589737	4253.20512821	4255.76923077	4273.71794879	4236.7948718	4263.33333334	4244.10256411	4249.87179488	4252.43589744	4250.64102564	4290.89743597	
4231.6666666	4231.6666666	4210.89743583	4219.99999993	4258.46153847	4260.38461539	4274.48717956	4243.58974359	4271.66666674	4253.84615385	4258.46153847	4246.92307693	4257.94871795	4299.2307693	
4232.30769224	4231.92307686	4211.41025634	4220.12820506	4252.30769231	4257.56410257	4266.79487187	4236.92307693	4266.53846154	4249.74358975	4252.6923077	4228.58974352	4256.15384616	4293.20512828	
4230.25641019	4228.4615384	4214.10256404	4217.82051275	4243.97435898	4254.10256411	4263.71794872	4233.4615384	4257.56410257	4240.76923077	4243.20512821	4223.07692301	4248.97435898	4282.30769238	
4231.79487173	4227.69230763	4214.61538455	4219.48717942	4249.23076923	4255.8974359	4268.84615392	4239.35897436	4260.51282052	4246.53846154	4245.64102564	4235.38461539	4248.20512821	4285.76923084	
4238.20512821	4228.33333327	4215.25641019	4223.07692301	4256.15384616	4257.56410257	4269.74358982	4239.87179488	4268.58974366	4253.97435898	4249.48717949	4247.6923077	4250.12820513	4297.56410264	
4245.38461539	4231.28205122	4216.28205122	4225.7692307	4255.38461539	4260.51282052	4271.15384623	4243.33333334	4270.89743597	4256.28205129	4254.35897436	4252.6923077	4249.48717949	4306.02564117	
4248.20512821	4232.17948711	4218.97435891	4231.41025634	4256.53846154	4262.17948718	4277.69230777	4250.51282052	4271.79487187	4263.33333334	4264.61538462	4256.28205129	4247.43589744	4307.05128219	
4245.25641026	4229.87179481	4222.30769224	4233.4615384	4256.28205129	4258.84615385	4277.82051289	4248.46153847	4272.17948725	4260.38461539	4263.71794872	4258.97435898	4243.71794872	4299.61538476	
4240.76923077	4228.71794865	4220.12820506	4229.35897429	4252.6923077	4259.35897436	4276.28205136	4245.8974359	4267.82051289	4250.12820513	4253.46153847	4256.15384616	4237.82051282	4294.35897443	
4239.10256411	4228.71794865	4218.33333327	4225.89743583	4255.0	4264.23076923	4278.84615392	4251.02564103	4267.43589751	4255.38461539	4258.33333334	4252.94871795	4238.84615385	4298.33333341	
4238.97435898	4229.61538455	4220.64102558	4226.15384609	4257.05128206	4260.64102564	4276.53846161	4253.07692308	4274.48717956	4266.79487187	4269.61538469	4255.76923077	4246.53846154	4300.51282066	
4239.87179488	4230.38461532	4221.92307686	4225.89743583	4251.15384616	4255.12820513	4274.10256418	4249.48717949	4274.35897443	4263.71794872	4266.66666674	4257.6923077	4246.7948718	4297.69230777	
4244.10256411	4231.79487173	4220.7692307	4228.84615378	4250.8974359	4259.48717949	4278.84615392	4250.51282052	4269.87179495	4260.12820513	4265.12820513	4257.43589744	4245.8974359	4300.38461553	
4250.8974359	4233.84615385	4221.92307686	4236.15384616	4258.71794872	4263.46153847	4278.71794879	4253.07692308	4275.00000007	4267.30769238	4272.30769238	4266.02564103	4253.46153847	4306.41025655	
4250.64102564	4234.35897436	4223.58974352	4237.6923077	4258.84615385	4261.28205129	4273.33333341	4253.07692308	4281.15384623	4267.94871802	4277.69230777	4273.97435905	4257.17948718	4308.71794886	
4245.8974359	4231.92307686	4219.61538455	4231.41025634	4255.38461539	4259.48717949	4272.82051289	4252.82051282	4277.17948725	4263.71794872	4275.25641033	4267.82051289	4248.33333334	4306.92307707	
4246.92307693	4230.25641019	4214.61538455	4231.6666666	4251.7948718	4257.56410257	4277.82051289	4257.43589744	4275.1282052	4265.0	4271.28205136	4264.23076923	4242.43589744	4307.69230784	
4249.61538462	4232.17948711	4217.82051275	4236.28205129	4248.07692308	4255.51282052	4281.28205136	4264.10256411	4280.00000007	4273.46153853	4277.56410264	4272.43589751	4248.07692308	4312.30769245	
4245.38461539	4230.12820506	4219.35897429	4231.15384609	4249.10256411	4254.35897436	4277.94871802	4260.12820513	4279.48717956	4277.82051289	4280.38461546	4275.38461546	4246.02564103	4313.84615399	
4242.43589744	4228.97435891	4212.94871788	4227.43589737	4249.35897436	4252.94871795	4273.71794879	4252.17948718	4268.97435905	4269.61538469	4270.25641033	4267.69230777	4234.10256411	4308.84615399	
4244.10256411	4229.99999993	4210.51282045	4232.30769224	4246.66666667	4254.10256411	4275.51282059	4249.35897436	4261.28205129	4260.38461539	4263.97435898	4261.7948718	4227.43589737	4300.64102578	
4238.46153847	4224.10256404	4212.43589737	4229.35897429	4244.87179488	4255.76923077	4277.30769238	4243.97435898	4258.46153847	4257.05128206	4261.28205129	4259.10256411	4224.74358968	4295.25641033	
4233.58974352	4220.38461532	4211.53846147	4223.07692301	4248.46153847	4257.30769231	4276.923077	4241.7948718	4255.0	4255.38461539	4253.07692308	4251.92307693	4219.74358968	4293.71794879	
4241.92307693	4229.10256404	4212.17948711	4230.12820506	4256.02564103	4261.7948718	4280.76923084	4250.12820513	4257.6923077	4256.92307693	4255.76923077	4255.0	4220.38461532	4297.17948725	
4247.6923077	4232.94871788	4214.10256404	4233.20512814	4255.38461539	4264.23076923	4284.74358982	4253.84615385	4264.87179488	4262.17948718	4267.94871802	4264.35897436	4226.79487173	4298.20512828	
4245.64102564	4228.71794865	4214.10256404	4227.94871788	4249.48717949	4261.7948718	4280.76923084	4256.15384616	4269.10256418	4265.12820513	4271.28205136	4262.17948718	4231.53846147	4297.94871802	
4247.6923077	4231.28205122	4215.38461532	4231.15384609	4253.46153847	4264.87179488	4277.94871802	4269.35897443	4276.28205136	4271.41025648	4275.1282052	4266.02564103	4241.02564103	4306.66666681	
4252.17948718	4233.97435898	4219.61538455	4238.84615385	4260.76923077	4270.64102571	4280.1282052	4276.15384623	4286.28205136	4282.43589751	4287.82051289	4278.07692315	4251.28205129	4316.02564117	
4253.33333334	4231.79487173	4223.71794865	4239.74358975	4256.28205129	4267.43589751	4281.79487187	4271.66666674	4289.74358982	4284.61538469	4295.25641033	4282.05128212	4251.02564103	4319.10256425	
4251.92307693	4231.41025634	4220.64102558	4237.82051282	4249.10256411	4259.23076923	4276.0256411	4270.25641033	4286.923077	4276.53846161	4290.89743597	4277.56410264	4242.43589744	4318.71794886	
4249.48717949	4231.28205122	4214.23076917	4237.6923077	4248.20512821	4254.35897436	4267.94871802	4266.66666674	4283.84615392	4274.48717956	4286.53846161	4274.35897443	4238.97435898	4317.56410271	
4250.25641026	4231.41025634	4213.97435891	4241.15384616	4251.66666667	4253.97435898	4270.64102571	4261.28205129	4284.2307693	4280.51282059	4288.84615392	4276.66666674	4240.76923077	4316.53846168	
4252.17948718	4232.94871788	4218.07692301	4247.82051282	4256.53846154	4257.82051282	4278.58974366	4265.0	4285.64102571	4279.2307693	4290.76923084	4280.1282052	4242.17948718	4317.17948732	
4250.8974359	4233.20512814	4217.5641025	4248.97435898	4255.38461539	4259.10256411	4277.94871802	4268.07692315	4280.89743597	4271.0256411	4288.07692315	4275.76923084	4244.35897436	4316.53846168	
4247.30769231	4232.30769224	4212.94871788	4242.82051282	4251.7948718	4255.8974359	4272.82051289	4255.64102564	4269.61538469	4262.56410257	4279.61538469	4263.97435898	4240.51282052	4307.94871809	
4246.15384616	4230.7692307	4212.5641025	4244.35897436	4254.87179488	4256.15384616	4274.87179495	4249.61538462	4268.20512828	4258.07692308	4272.69230777	4261.15384616	4233.71794865	4302.17948732	
4247.17948718	4233.20512814	4214.61538455	4252.17948718	4262.56410257	4264.74358975	4280.89743597	4262.05128206	4278.46153853	4265.76923077	4278.33333341	4269.10256418	4237.43589744	4309.23076937	
4252.6923077	4243.20512821	4215.51282045	4255.8974359	4265.64102564	4272.17948725	4282.43589751	4272.17948725	4287.05128212	4278.71794879	4289.35897443	4275.51282059	4250.0	4317.69230784	
4255.8974359	4243.84615385	4214.10256404	4256.53846154	4263.07692308	4271.15384623	4280.25641033	4272.43589751	4291.66666674	4281.66666674	4292.17948725	4276.79487187	4257.17948718	4318.58974373	
4253.71794872	4236.02564103	4210.7692307	4256.66666667	4261.41025641	4268.20512828	4279.35897443	4272.05128212	4293.71794879	4278.71794879	4291.923077	4277.30769238	4256.53846154	4316.66666681	
4253.07692308	4238.33333334	4210.51282045	4256.28205129	4263.84615385	4268.97435905	4280.1282052	4276.0256411	4291.66666674	4273.84615392	4294.2307693	4281.0256411	4258.84615385	4316.92307707	
4255.25641026	4242.56410257	4214.10256404	4261.66666667	4267.69230777	4270.76923084	4280.89743597	4283.46153853	4292.69230777	4276.53846161	4298.33333341	4284.2307693	4266.79487187	4319.87179501	
4258.20512821	4237.82051282	4216.02564096	4268.20512828	4267.17948725	4270.38461546	4282.69230777	4286.66666674	4300.64102578	4286.79487187	4302.94871809	4284.48717956	4271.53846161	4322.05128219	
4258.58974359	4231.6666666	4211.53846147	4262.6923077	4260.51282052	4268.20512828	4282.30769238	4279.87179495	4298.71794879	4282.56410264	4302.17948732	4282.17948725	4269.74358982	4319.87179501	
4259.10256411	4235.38461539	4209.87179481	4258.07692308	4261.53846154	4269.61538469	4281.53846161	4278.20512828	4292.43589751	4275.64102571	4299.2307693	4281.28205136	4268.58974366	4319.61538476	
4264.61538462	4243.58974359	4213.4615384	4266.923077	4273.20512828	4275.76923084	4284.35897443	4286.15384623	4300.12820527	4288.33333341	4303.58974373	4284.74358982	4273.97435905	4322.94871809	
4261.15384616	4239.74358975	4211.53846147	4270.1282052	4272.17948725	4274.48717956	4282.56410264	4283.20512828	4303.20512835	4290.51282059	4305.76923091	4280.1282052	4274.48717956	4313.33333348	
4252.05128206	4232.69230763	4204.48717942	4262.30769231	4258.97435898	4267.30769238	4279.2307693	4275.00000007	4290.76923084	4271.79487187	4298.84615392	4270.51282059	4264.87179488	4297.69230777	
4252.82051282	4237.30769231	4205.64102558	4261.7948718	4260.64102564	4266.41025641	4281.28205136	4274.74358982	4286.53846161	4271.66666674	4294.87179495	4272.43589751	4260.51282052	4301.53846168	
4257.30769231	4240.8974359	4211.15384609	4268.07692315	4266.79487187	4270.89743597	4281.79487187	4274.48717956	4292.05128212	4283.07692315	4294.74358982	4277.82051289	4266.923077	4309.74358989	
4256.02564103	4231.79487173	4209.61538455	4266.15384616	4259.61538462	4269.10256418	4278.71794879	4271.66666674	4288.84615392	4279.10256418	4294.74358982	4280.38461546	4270.64102571	4306.28205142	
4260.12820513	4230.51282045	4209.10256404	4263.71794872	4256.7948718	4266.923077	4278.71794879	4275.89743597	4287.82051289	4277.17948725	4299.48717963	4283.71794879	4270.25641033	4308.97435912	
4265.64102564	4242.43589744	4212.30769224	4266.66666674	4264.23076923	4271.0256411	4281.41025648	4282.94871802	4297.94871802	4283.20512828	4303.84615399	4285.76923084	4275.38461546	4320.38461553	
4263.33333334	4243.84615385	4211.53846147	4268.84615392	4260.76923077	4269.48717956	4279.61538469	4279.74358982	4298.07692315	4283.71794879	4300.00000014	4286.923077	4276.15384623	4319.48717963	
4258.46153847	4234.87179488	4205.38461532	4264.74358975	4252.17948718	4261.53846154	4272.43589751	4272.56410264	4282.43589751	4279.2307693	4293.07692315	4285.38461546	4265.51282052	4310.12820527	
4252.56410257	4230.89743583	4203.58974352	4257.6923077	4253.71794872	4259.23076923	4266.15384616	4269.48717956	4271.66666674	4273.58974366	4284.48717956	4273.46153853	4259.61538462	4304.74358989	
4248.07692308	4234.10256411	4205.38461532	4258.33333334	4260.0	4261.41025641	4267.94871802	4265.38461539	4271.15384623	4266.02564103	4276.28205136	4261.7948718	4260.76923077	4301.53846168	
4247.94871795	4232.17948711	4201.53846147	4258.97435898	4260.51282052	4259.48717949	4269.2307693	4258.20512821	4268.07692315	4261.7948718	4270.25641033	4257.94871795	4256.28205129	4296.41025648	
4247.17948718	4227.43589737	4196.02564089	4253.71794872	4257.43589744	4257.05128206	4268.33333341	4254.23076923	4259.61538462	4259.35897436	4265.25641026	4250.25641026	4249.35897436	4289.10256418	
4244.74358975	4228.84615378	4193.97435884	4252.56410257	4258.71794872	4258.07692308	4270.1282052	4254.10256411	4256.15384616	4253.58974359	4262.30769231	4246.15384616	4249.23076923	4287.56410264	
4242.6923077	4229.23076917	4194.48717935	4255.64102564	4260.25641026	4256.66666667	4267.30769238	4252.30769231	4256.66666667	4253.58974359	4263.84615385	4249.35897436	4252.43589744	4291.923077	
4245.25641026	4229.23076917	4196.66666653	4256.7948718	4260.8974359	4254.48717949	4266.28205129	4250.76923077	4260.64102564	4261.02564103	4267.56410264	4247.82051282	4255.12820513	4293.20512828	
4248.20512821	4231.41025634	4199.10256397	4256.41025641	4266.41025641	4255.76923077	4270.64102571	4255.51282052	4262.43589744	4266.41025641	4268.84615392	4246.02564103	4256.92307693	4292.69230777	
4246.7948718	4232.05128199	4199.35897422	4256.28205129	4270.89743597	4253.97435898	4268.33333341	4254.87179488	4255.8974359	4261.02564103	4266.79487187	4250.12820513	4256.92307693	4293.46153853	
4246.28205129	4229.99999993	4198.07692294	4252.05128206	4268.20512828	4246.28205129	4262.56410257	4244.10256411	4251.92307693	4250.25641026	4265.38461539	4253.33333334	4255.12820513	4292.56410264	
4246.66666667	4228.97435891	4196.79487166	4249.10256411	4266.28205129	4242.43589744	4263.20512821	4240.51282052	4255.64102564	4252.05128206	4265.64102564	4250.64102564	4253.97435898	4293.71794879	
4248.07692308	4230.25641019	4198.3333332	4253.46153847	4273.46153853	4247.43589744	4267.82051289	4247.17948718	4255.76923077	4261.02564103	4268.46153853	4249.10256411	4258.07692308	4296.66666674	
4247.94871795	4231.79487173	4198.71794858	4256.66666667	4278.84615392	4255.76923077	4269.61538469	4245.8974359	4251.28205129	4253.33333334	4265.12820513	4247.6923077	4259.48717949	4293.46153853	
4240.38461539	4230.51282045	4195.89743576	4252.05128206	4272.56410264	4255.8974359	4268.71794879	4234.61538462	4246.66666667	4240.8974359	4253.97435898	4238.71794872	4248.84615385	4284.74358982	
4230.89743583	4223.07692301	4195.25641012	4248.20512821	4264.10256411	4247.30769231	4262.94871795	4235.51282052	4244.10256411	4241.92307693	4248.33333334	4229.99999993	4241.66666667	4277.56410264	
4232.94871788	4220.25641019	4196.15384602	4250.76923077	4262.82051282	4241.92307693	4260.51282052	4245.25641026	4247.6923077	4242.56410257	4253.20512821	4233.71794865	4247.94871795	4280.89743597	
4239.48717949	4224.61538455	4195.89743576	4250.64102564	4259.87179488	4238.71794872	4261.92307693	4243.07692308	4252.94871795	4242.17948718	4258.58974359	4239.23076923	4251.92307693	4285.25641033	
4239.23076923	4223.07692301	4195.51282038	4249.74358975	4254.35897436	4234.48717949	4258.84615385	4235.64102564	4246.66666667	4246.92307693	4256.66666667	4238.33333334	4243.84615385	4282.30769238	
4235.0	4221.41025634	4196.92307679	4254.61538462	4255.51282052	4233.71794865	4253.58974359	4231.28205122	4239.10256411	4244.61538462	4252.30769231	4237.56410257	4232.05128199	4279.87179495	
4233.20512814	4226.6666666	4194.87179474	4257.17948718	4255.25641026	4231.92307686	4248.46153847	4226.92307686	4238.20512821	4236.53846154	4250.12820513	4234.61538462	4223.4615384	4278.71794879	
4236.02564103	4228.97435891	4191.41025628	4256.66666667	4251.66666667	4228.33333327	4248.20512821	4227.69230763	4239.35897436	4235.8974359	4250.12820513	4231.02564096	4218.97435891	4276.15384623	
4233.84615385	4222.05128199	4190.64102551	4253.84615385	4252.56410257	4229.48717942	4247.56410257	4228.71794865	4236.92307693	4233.20512814	4245.51282052	4227.05128199	4211.92307686	4269.48717956	
4223.33333327	4213.07692301	4185.89743576	4244.74358975	4247.43589744	4226.79487173	4237.56410257	4216.02564096	4225.25641019	4223.4615384	4232.82051275	4215.12820506	4199.35897422	4257.94871795	
4217.5641025	4213.33333327	4178.3333332	4238.84615385	4235.8974359	4219.87179481	4229.61538455	4203.20512814	4212.30769224	4219.74358968	4221.15384609	4205.12820506	4190.51282038	4248.71794872	
4212.43589737	4214.23076917	4174.2307691	4238.71794872	4234.87179488	4218.20512814	4230.89743583	4201.53846147	4208.07692301	4214.23076917	4216.15384609	4203.07692301	4185.89743576	4247.30769231	
4205.64102558	4208.33333327	4173.07692294	4234.87179488	4237.05128206	4214.48717942	4231.6666666	4197.05128192	4202.17948711	4206.92307686	4212.05128199	4199.35897422	4177.82051269	4244.10256411	
4207.69230763	4206.15384609	4173.07692294	4229.23076917	4228.84615378	4206.53846147	4229.74358968	4192.82051269	4196.41025628	4205.89743583	4207.5641025	4195.38461525	4172.69230756	4239.74358975	
4212.5641025	4210.7692307	4173.58974345	4227.69230763	4223.20512814	4208.4615384	4228.84615378	4198.20512807	4197.69230756	4208.84615378	4207.30769224	4194.35897422	4171.28205115	4242.30769231	
4206.02564096	4207.17948711	4171.92307679	4224.10256404	4222.94871788	4212.5641025	4223.84615378	4199.74358961	4195.12820499	4206.15384609	4207.17948711	4190.76923063	4164.9999998	4241.15384616	
4199.48717935	4199.87179474	4169.2307691	4216.41025634	4217.82051275	4208.97435891	4217.82051275	4196.41025628	4192.17948704	4199.10256397	4203.33333327	4188.20512807	4159.9999998	4237.30769231	
4201.41025634	4201.28205122	4166.28205108	4216.02564096	4215.51282045	4207.5641025	4217.5641025	4205.64102558	4197.82051269	4201.28205122	4204.10256404	4190.12820499	4162.69230749	4240.51282052	
4202.5641025	4202.17948711	4164.48717928	4219.23076917	4216.15384609	4209.35897429	4217.82051275	4221.41025634	4195.38461525	4204.61538455	4204.74358968	4189.2307691	4162.3076921	4240.0	
4198.71794858	4200.25641012	4167.17948697	4217.05128199	4211.02564096	4207.43589737	4213.4615384	4222.94871788	4185.12820499	4197.30769217	4197.69230756	4182.69230756	4155.51282031	4229.61538455	
4190.64102551	4200.12820499	4166.28205108	4212.94871788	4208.84615378	4206.02564096	4206.79487173	4216.15384609	4182.05128192	4187.05128192	4189.61538448	4177.05128192	4149.1025639	4222.43589737	
4185.51282038	4199.35897422	4161.41025621	4211.79487173	4211.53846147	4210.12820506	4203.71794865	4215.7692307	4181.5384614	4186.15384602	4186.41025628	4174.74358961	4145.64102544	4219.61538455	
4187.17948704	4195.64102551	4159.35897415	4209.48717942	4209.61538455	4208.97435891	4203.84615378	4214.23076917	4178.71794858	4186.28205115	4181.92307679	4168.71794858	4143.33333313	4216.53846147	
4187.56410243	4192.94871781	4159.23076903	4204.99999993	4206.28205122	4203.33333327	4201.79487173	4205.25641019	4173.58974345	4179.87179474	4174.87179474	4160.64102544	4140.25641005	4214.10256404	
4186.28205115	4197.05128192	4157.43589723	4204.35897429	4207.43589737	4205.25641019	4200.64102551	4202.05128199	4166.66666646	4177.4358973	4173.97435884	4161.53846133	4135.51282031	4212.69230763	
4190.25641012	4200.64102551	4157.56410236	4207.05128199	4207.43589737	4206.79487173	4200.25641012	4204.87179481	4168.3333332	4182.56410243	4178.46153833	4167.82051262	4134.48717921	4215.38461532	
4192.94871781	4199.48717935	4158.46153826	4204.99999993	4200.64102551	4199.74358961	4194.10256397	4199.48717935	4170.64102551	4184.35897422	4176.41025628	4167.17948697	4135.51282031	4217.5641025	
4188.71794858	4195.12820499	4155.76923056	4195.64102551	4191.15384602	4192.82051269	4182.30769217	4189.35897422	4159.35897415	4170.64102551	4166.15384595	4161.53846133	4127.43589716	4212.05128199	
4184.10256397	4190.51282038	4154.35897415	4187.82051269	4184.74358961	4189.35897422	4168.07692287	4183.97435884	4145.51282031	4156.15384595	4157.82051262	4157.56410236	4113.58974332	4202.17948711	
4178.46153833	4188.58974345	4155.64102544	4182.94871781	4181.02564089	4183.07692294	4155.51282031	4176.15384602	4138.71794851	4156.15384595	4152.43589723	4152.43589723	4104.35897408	4194.2307691	
4172.4358973	4188.71794858	4156.02564082	4178.07692294	4177.94871781	4176.41025628	4151.15384595	4162.69230749	4132.56410229	4156.28205108	4143.84615364	4144.48717928	4097.82051248	4185.25641012	
4168.46153833	4185.64102551	4156.02564082	4171.15384602	4174.2307691	4172.94871781	4151.92307672	4158.97435877	4125.25640998	4147.69230749	4135.38461518	4136.41025621	4091.53846119	4176.79487166	
4165.38461518	4183.20512807	4156.53846133	4165.64102544	4173.07692294	4173.20512807	4150.25641005	4166.15384595	4122.56410229	4145.38461518	4134.10256383	4134.74358947	4089.61538427	4172.69230756	
4164.74358954	4185.76923063	4158.71794851	4168.20512807	4174.74358961	4175.51282038	4146.79487159	4166.41025621	4125.7692305	4152.82051262	4139.87179467	4137.69230749	4092.94871761	4171.02564089	
4168.46153833	4187.17948704	4162.05128185	4171.5384614	4176.5384614	4176.28205115	4147.3076921	4163.84615364	4132.05128178	4156.28205108	4143.205128	4138.205128	4094.99999966	4174.48717935	
4169.87179474	4185.51282038	4161.15384595	4167.05128185	4174.99999986	4175.38461525	4150.64102544	4169.48717935	4133.20512793	4159.23076903	4142.82051262	4137.56410236	4096.15384581	4177.69230756	
4167.56410236	4183.97435884	4159.9999998	4159.61538441	4167.94871774	4171.92307679	4154.35897415	4176.5384614	4132.56410229	4165.64102544	4148.07692287	4142.56410236	4098.58974325	4176.92307679	
4169.48717935	4183.46153833	4162.82051262	4159.23076903	4159.48717928	4166.53846133	4153.205128	4176.41025628	4134.99999973	4164.9999998	4152.56410236	4147.69230749	4098.8461535	4179.2307691	
4170.76923063	4183.97435884	4162.43589723	4160.38461518	4157.3076921	4164.87179467	4145.89743569	4175.64102551	4136.41025621	4157.05128185	4149.87179467	4147.56410236	4097.82051248	4186.79487166	
4169.74358961	4185.12820499	4161.41025621	4158.84615364	4161.92307672	4166.28205108	4144.35897415	4179.87179474	4136.66666646	4155.89743569	4149.1025639	4150.12820492	4098.97435863	4189.74358961	
4169.99999986	4184.87179474	4163.07692287	4156.53846133	4161.66666646	4164.9999998	4146.15384595	4178.3333332	4134.48717921	4161.92307672	4150.51282031	4151.41025621	4098.58974325	4185.64102551	
4168.3333332	4185.25641012	4161.79487159	4155.51282031	4156.53846133	4163.84615364	4140.51282031	4173.84615371	4131.41025614	4162.43589723	4149.35897415	4148.33333313	4095.12820478	4181.15384602	
4168.84615371	4187.56410243	4159.87179467	4158.97435877	4158.97435877	4166.41025621	4136.15384595	4176.79487166	4135.64102544	4161.79487159	4150.51282031	4150.38461518	4096.15384581	4182.17948704	
4172.05128192	4185.76923063	4161.15384595	4158.58974339	4161.15384595	4164.87179467	4132.30769203	4174.74358961	4136.66666646	4156.41025621	4148.84615364	4149.35897415	4094.61538427	4178.97435884	
4165.76923056	4178.3333332	4159.48717928	4150.64102544	4156.15384595	4160.51282031	4127.43589716	4163.97435877	4123.0769228	4143.205128	4136.79487159	4138.58974339	4083.46153812	4164.48717928	
4165.76923056	4178.3333332	4159.48717928	4150.64102544	4156.15384595	4160.51282031	4127.43589716	4163.97435877	4123.0769228	4143.205128	4136.79487159	4138.58974339	4083.46153812	4164.48717928	
4155.76923056	4173.84615371	4156.28205108	4149.74358954	4157.17948697	4163.205128	4130.51282024	4159.61538441	4117.82051255	4144.74358954	4129.8717946	4132.30769203	4076.53846119	4158.205128	
4154.74358954	4172.56410243	4158.97435877	4153.33333313	4159.9999998	4163.97435877	4133.33333306	4159.74358954	4120.38461511	4147.94871774	4130.25640998	4131.41025614	4077.69230735	4156.28205108	
4153.33333313	4171.28205115	4159.35897415	4149.23076903	4154.61538441	4159.87179467	4128.0769228	4156.41025621	4114.61538434	4137.82051262	4125.25640998	4125.89743562	4074.48717914	4146.92307672	
4152.82051262	4174.99999986	4158.46153826	4150.51282031	4153.07692287	4161.41025621	4131.92307665	4161.41025621	4117.94871767	4143.58974339	4128.20512793	4130.51282024	4073.58974325	4147.3076921	
4162.56410236	4175.51282038	4162.82051262	4157.17948697	4157.69230749	4164.61538441	4140.51282031	4170.89743576	4127.05128178	4152.43589723	4137.69230749	4139.87179467	4082.05128171	4160.89743569	
4165.64102544	4170.38461525	4161.92307672	4153.07692287	4154.9999998	4159.87179467	4134.23076896	4170.76923063	4123.9743587	4142.3076921	4137.05128185	4138.46153826	4082.17948684	4162.69230749	
4161.02564082	4175.76923063	4159.35897415	4146.53846133	4147.94871774	4155.51282031	4123.84615357	4164.9999998	4120.7692305	4142.43589723	4135.12820485	4137.05128185	4075.89743555	4156.28205108	
4166.41025621	4183.71794858	4165.38461518	4151.79487159	4149.74358954	4160.25641005	4126.15384588	4163.71794851	4127.94871767	4157.56410236	4143.58974339	4146.28205108	4082.17948684	4164.74358954	
4172.69230756	4177.4358973	4168.3333332	4153.07692287	4152.69230749	4158.33333313	4129.61538434	4167.43589723	4129.74358947	4157.3076921	4147.82051262	4151.02564082	4090.12820478	4176.28205115	
4169.35897422	4169.61538448	4165.76923056	4144.74358954	4148.71794851	4149.74358954	4125.38461511	4166.79487159	4125.64102537	4147.69230749	4140.89743569	4144.48717928	4085.6410253	4173.97435884	
4162.82051262	4171.5384614	4166.53846133	4141.15384595	4145.64102544	4150.38461518	4124.23076896	4160.38461518	4119.10256383	4141.66666646	4133.58974332	4135.51282031	4078.71794837	4162.82051262	
4156.53846133	4171.5384614	4168.07692287	4142.56410236	4150.76923056	4157.94871774	4131.28205101	4157.82051262	4110.12820485	4134.61538434	4130.89743562	4129.8717946	4078.20512786	4154.48717928	
4153.97435877	4170.51282038	4166.66666646	4146.92307672	4157.94871774	4161.02564082	4131.92307665	4161.41025621	4112.30769203	4133.20512793	4132.69230742	4131.53846126	4080.25640991	4151.15384595	
4154.74358954	4171.15384602	4165.89743569	4145.51282031	4155.64102544	4156.66666646	4124.35897408	4159.87179467	4116.53846126	4136.02564082	4132.56410229	4125.89743562	4079.48717914	4151.15384595	
4153.33333313	4170.76923063	4167.69230749	4140.51282031	4149.87179467	4153.07692287	4122.94871767	4153.205128	4112.94871767	4137.82051262	4131.53846126	4117.30769203	4077.56410222	4153.205128	
4153.97435877	4172.69230756	4168.71794858	4142.94871774	4150.51282031	4156.15384595	4125.25640998	4153.07692287	4110.64102537	4139.61538441	4133.84615357	4123.84615357	4078.71794837	4151.28205108	
4158.07692287	4173.20512807	4169.48717935	4144.9999998	4150.25641005	4157.82051262	4122.30769203	4154.87179467	4113.9743587	4137.56410236	4131.66666639	4133.58974332	4081.02564068	4151.66666646	
4156.41025621	4171.02564089	4169.2307691	4141.53846133	4142.69230749	4150.51282031	4117.94871767	4150.51282031	4114.10256383	4137.82051262	4128.71794844	4133.33333306	4079.87179453	4153.84615364	
4154.48717928	4170.51282038	4168.46153833	4139.87179467	4138.84615364	4145.89743569	4114.74358947	4148.58974339	4109.23076896	4141.92307672	4130.12820485	4132.94871767	4077.17948684	4151.79487159	
4162.43589723	4172.30769217	4171.5384614	4144.9999998	4144.35897415	4150.38461518	4111.15384588	4154.35897415	4113.58974332	4143.71794851	4132.94871767	4141.02564082	4081.28205094	4155.38461518	
4164.9999998	4172.17948704	4176.79487166	4148.205128	4145.89743569	4149.1025639	4106.53846126	4153.71794851	4121.02564075	4145.89743569	4135.76923056	4145.51282031	4085.25640991	4160.76923056	
4158.97435877	4172.30769217	4176.66666653	4147.82051262	4144.1025639	4145.25641005	4104.8717946	4147.82051262	4116.79487152	4144.1025639	4135.38461518	4144.74358954	4082.30769196	4155.89743569	
4155.51282031	4174.48717935	4173.20512807	4144.61538441	4145.89743569	4148.71794851	4107.56410229	4143.46153826	4109.8717946	4134.8717946	4129.74358947	4142.43589723	4078.71794837	4145.89743569	
4148.46153826	4170.89743576	4170.76923063	4136.28205108	4143.07692287	4148.84615364	4106.53846126	4138.205128	4106.02564075	4127.30769203	4119.10256383	4132.05128178	4070.6410253	4135.76923056	
4136.41025621	4164.9999998	4166.92307672	4128.46153819	4137.17948697	4144.35897415	4101.79487145	4130.38461511	4093.8461535	4125.64102537	4106.53846126	4115.12820485	4055.25640984	4124.23076896	
4133.58974332	4164.48717928	4165.64102544	4128.84615357	4138.97435877	4146.15384595	4102.30769196	4128.58974332	4083.46153812	4119.35897408	4100.12820478	4108.9743587	4048.46153805	4117.82051255	
4138.71794851	4167.05128185	4167.94871774	4132.56410229	4144.35897415	4149.9999998	4109.10256383	4133.84615357	4090.25640991	4112.82051255	4104.10256383	4113.84615357	4052.17948677	4121.41025614	
4138.97435877	4167.43589723	4167.05128185	4129.99999973	4141.53846133	4146.66666646	4108.9743587	4131.41025614	4095.6410253	4118.46153819	4109.48717921	4112.82051255	4052.94871754	4124.35897408	
4138.07692287	4167.69230749	4162.56410236	4129.99999973	4138.46153826	4142.94871774	4105.25640998	4127.82051255	4095.6410253	4124.8717946	4112.69230742	4113.58974332	4055.25640984	4126.53846126	
4145.25641005	4169.35897422	4162.69230749	4137.17948697	4142.82051262	4145.25641005	4108.33333306	4136.28205108	4102.43589709	4129.35897408	4121.41025614	4126.92307665	4064.74358933	4133.84615357	
4152.05128185	4170.64102551	4165.38461518	4137.69230749	4145.38461518	4146.41025621	4109.23076896	4141.28205108	4107.94871767	4137.82051262	4129.10256383	4136.66666646	4066.66666625	4139.35897415	
4152.17948697	4172.82051269	4161.41025621	4138.205128	4142.17948697	4141.15384595	4104.61538434	4135.76923056	4105.64102537	4141.66666646	4127.56410229	4135.25640998	4060.89743548	4139.35897415	
4152.3076921	4172.05128192	4155.89743569	4142.3076921	4134.48717921	4133.33333306	4100.51282017	4129.99999973	4100.25640991	4136.15384595	4120.64102537	4133.84615357	4060.38461497	4135.89743569	
4148.205128	4168.46153833	4153.71794851	4138.46153826	4131.02564075	4129.10256383	4097.05128171	4123.84615357	4092.17948684	4127.94871767	4113.0769228	4130.12820485	4057.69230728	4128.84615357	
4139.9999998	4167.69230749	4153.71794851	4130.51282024	4133.71794844	4129.99999973	4094.23076889	4119.23076896	4086.41025607	4120.38461511	4108.46153819	4126.02564075	4048.97435856	4123.46153819	
4142.3076921	4169.61538448	4155.64102544	4132.82051255	4136.79487159	4132.17948691	4097.56410222	4120.7692305	4089.35897402	4118.58974332	4108.84615357	4127.94871767	4049.10256369	4128.46153819	
4147.05128185	4167.43589723	4156.28205108	4136.15384595	4138.46153826	4133.33333306	4099.23076889	4118.9743587	4089.61538427	4126.79487152	4110.12820485	4127.82051255	4052.82051241	4130.38461511	
4140.25641005	4162.94871774	4152.17948697	4132.30769203	4136.92307672	4130.51282024	4093.07692273	4112.30769203	4082.69230735	4124.99999973	4104.23076896	4121.79487152	4049.35897395	4121.79487152	
4135.38461518	4160.38461518	4147.82051262	4131.28205101	4129.10256383	4126.66666639	4093.58974325	4110.12820485	4080.38461504	4114.48717921	4098.8461535	4119.8717946	4043.97435856	4117.17948691	
4140.25641005	4157.05128185	4148.97435877	4132.94871767	4121.79487152	4129.23076896	4101.41025607	4115.64102537	4085.51282017	4116.66666639	4105.25640998	4124.10256383	4048.58974318	4122.69230742	
4147.82051262	4155.25641005	4153.84615364	4133.20512793	4125.12820485	4133.20512793	4106.53846126	4129.48717921	4097.05128171	4129.61538434	4118.33333306	4130.64102537	4061.02564061	4132.82051255	
4149.1025639	4156.79487159	4154.61538441	4135.25640998	4129.8717946	4130.7692305	4105.51282024	4138.97435877	4107.82051255	4138.71794851	4124.35897408	4135.89743569	4068.97435856	4139.1025639	
4143.07692287	4158.33333313	4152.56410236	4137.82051262	4128.20512793	4124.99999973	4098.8461535	4132.69230742	4107.17948691	4134.74358947	4123.20512793	4133.58974332	4063.97435856	4134.23076896	
4141.41025621	4158.33333313	4153.46153826	4138.205128	4127.94871767	4126.02564075	4095.38461504	4123.33333306	4100.6410253	4128.20512793	4120.38461511	4129.23076896	4056.15384574	4124.23076896	
4142.56410236	4157.94871774	4153.71794851	4136.53846133	4130.89743562	4132.56410229	4099.48717914	4121.02564075	4091.53846119	4126.41025614	4109.61538434	4127.43589716	4052.82051241	4121.92307665	
4138.205128	4154.35897415	4153.84615364	4134.35897408	4134.23076896	4134.8717946	4103.84615357	4121.79487152	4083.71794837	4121.41025614	4103.0769228	4120.7692305	4048.20512779	4121.92307665	
4136.79487159	4151.28205108	4155.51282031	4131.79487152	4134.8717946	4134.35897408	4103.20512793	4121.15384588	4091.92307658	4119.10256383	4112.30769203	4118.58974332	4046.410256	4119.74358947	
4140.51282031	4152.69230749	4158.07692287	4134.10256383	4135.51282031	4132.94871767	4104.23076896	4120.7692305	4106.92307665	4132.05128178	4123.58974332	4128.71794844	4047.94871754	4122.56410229	
4142.82051262	4155.51282031	4159.87179467	4137.43589723	4135.25640998	4132.30769203	4105.89743562	4121.53846126	4107.05128178	4146.02564082	4128.9743587	4138.58974339	4045.12820472	4132.82051255	
4142.3076921	4156.02564082	4158.46153826	4135.89743569	4131.92307665	4129.99999973	4102.56410229	4120.12820485	4100.38461504	4139.48717928	4127.69230742	4138.58974339	4035.51282003	4135.76923056	
4140.12820492	4153.33333313	4156.53846133	4132.56410229	4128.71794844	4125.51282024	4100.51282017	4113.0769228	4099.10256376	4128.33333306	4119.23076896	4133.71794844	4022.43589695	4127.56410229	
4139.35897415	4153.07692287	4157.56410236	4134.35897408	4131.79487152	4124.8717946	4103.71794844	4112.94871767	4102.43589709	4134.74358947	4117.56410229	4134.8717946	4016.02564054	4127.43589716	
4143.205128	4154.87179467	4159.35897415	4137.69230749	4133.58974332	4127.30769203	4106.28205101	4124.99999973	4106.28205101	4141.15384595	4124.35897408	4141.92307672	4019.87179439	4134.23076896	
4145.51282031	4154.9999998	4161.02564082	4137.94871774	4129.23076896	4128.33333306	4104.99999973	4128.84615357	4106.28205101	4135.51282031	4124.35897408	4143.84615364	4022.82051234	4136.53846133	
4143.58974339	4155.12820492	4162.43589723	4137.43589723	4127.94871767	4127.30769203	4103.0769228	4123.71794844	4106.28205101	4136.15384595	4120.89743562	4140.64102544	4017.69230721	4133.20512793	
4141.02564082	4156.02564082	4159.87179467	4136.66666646	4128.71794844	4123.84615357	4101.92307658	4121.41025614	4105.7692305	4141.53846133	4118.33333306	4135.38461518	4012.82051234	4126.53846126	
4134.48717921	4151.28205108	4154.48717928	4133.58974332	4126.79487152	4118.71794844	4101.79487145	4119.10256383	4096.53846119	4132.82051255	4108.9743587	4128.46153819	4008.20512772	4120.64102537	
4125.7692305	4143.33333313	4148.84615364	4127.30769203	4123.71794844	4117.30769203	4099.87179453	4108.9743587	4084.35897402	4116.41025614	4096.79487145	4121.15384588	3997.43589688	4115.25640998	
4121.53846126	4140.89743569	4145.38461518	4121.28205101	4119.99999973	4117.30769203	4094.7435894	4099.7435894	4079.35897402	4109.8717946	4090.12820478	4114.61538434	3986.79487124	4109.10256383	
4118.9743587	4141.79487159	4144.61538441	4117.69230742	4114.99999973	4112.17948691	4092.17948684	4101.41025607	4078.07692273	4114.74358947	4088.97435863	4108.58974332	3985.12820458	4104.10256383	
4113.84615357	4139.61538441	4142.82051262	4109.35897408	4105.51282024	4106.41025614	4088.46153812	4099.61538427	4072.17948684	4113.84615357	4084.99999966	4101.79487145	3981.28205073	4099.10256376	
4103.46153819	4130.25640998	4135.51282031	4096.02564068	4091.28205094	4099.61538427	4076.66666632	4086.79487145	4056.410256	4096.28205094	4069.87179453	4091.92307658	3963.84615322	4089.10256376	
4097.17948684	4124.23076896	4129.48717921	4090.25640991	4080.25640991	4092.94871761	4068.20512779	4078.33333299	4044.10256369	4086.92307658	4059.23076882	4083.20512786	3952.17948656	4082.56410222	
4101.53846119	4127.94871767	4132.43589716	4096.53846119	4079.7435894	4090.51282017	4067.17948677	4079.87179453	4049.87179446	4097.82051248	4063.07692266	4084.23076889	3957.43589681	4087.17948684	
4102.94871767	4127.69230742	4132.69230742	4097.43589709	4077.94871761	4084.48717914	4060.12820472	4076.79487145	4053.07692266	4095.89743555	4060.64102523	4082.94871761	3957.69230707	4087.69230735	
4092.94871761	4123.0769228	4126.92307665	4087.56410222	4067.82051241	4073.07692273	4051.15384574	4066.02564061	4041.53846113	4079.99999966	4050.89743548	4072.17948684	3946.9230763	4076.79487145	
4088.20512786	4123.71794844	4126.53846126	4082.82051248	4067.05128164	4071.66666632	4052.30769189	4058.97435856	4034.61538413	4077.43589709	4048.58974318	4068.7179483	3943.46153784	4073.97435863	
4095.76923043	4128.58974332	4129.8717946	4088.71794837	4077.30769196	4078.8461535	4057.94871754	4056.53846113	4037.56410215	4084.10256376	4048.84615343	4074.35897402	3945.89743528	4083.20512786	
4097.69230735	4131.92307665	4128.71794844	4090.89743555	4078.46153812	4077.17948684	4059.23076882	4057.17948677	4035.89743541	4078.8461535	4044.6153842	4074.35897402	3942.94871733	4083.71794837	
4091.66666632	4130.51282024	4126.66666639	4084.10256376	4072.94871761	4073.97435863	4057.56410215	4055.76923036	4031.15384567	4070.38461504	4039.74358933	4067.69230728	3937.94871726	4074.87179453	
4089.23076889	4126.02564075	4123.0769228	4078.46153812	4072.82051248	4078.46153812	4057.17948677	4048.84615343	4028.07692259	4069.35897395	4038.97435856	4059.74358933	3936.02564033	4072.56410222	
4087.94871761	4121.79487152	4118.20512793	4075.76923043	4071.02564068	4076.53846119	4057.17948677	4046.92307651	4022.30769183	4064.87179446	4035.64102516	4054.10256369	3932.30769162	4071.92307658	
4084.87179453	4119.74358947	4116.41025614	4071.92307658	4065.25640984	4069.7435894	4056.53846113	4051.410256	4020.12820465	4059.48717907	4028.71794824	4053.07692266	3927.17948649	4068.46153805	
4078.97435863	4118.46153819	4113.71794844	4070.25640991	4062.17948677	4068.46153805	4054.74358933	4050.89743548	4024.10256362	4062.94871754	4024.99999952	4052.05128164	3924.61538392	4064.87179446	
4074.87179453	4116.02564075	4109.99999973	4069.10256369	4062.94871754	4070.89743555	4052.05128164	4044.35897395	4022.1794867	4069.7435894	4027.69230721	4048.58974318	3924.99999931	4059.99999959	
4076.53846119	4111.02564075	4107.43589716	4066.28205087	4062.56410215	4068.7179483	4047.43589702	4043.33333292	4016.2820508	4071.53846119	4029.487179	4046.410256	3925.12820444	4058.97435856	
4076.28205094	4107.30769203	4102.30769196	4060.38461497	4053.84615343	4058.33333292	4038.46153805	4044.48717907	4009.61538413	4060.64102523	4021.15384567	4041.02564061	3916.15384546	4052.94871754	
4068.46153805	4107.05128178	4095.89743555	4054.10256369	4045.12820472	4051.66666625	4033.58974311	4036.66666618	3999.23076868	4046.53846113	4010.89743541	4030.25640977	3903.71794796	4038.7179483	
4062.30769189	4105.51282024	4094.23076889	4053.97435856	4043.97435856	4055.25640984	4036.02564054	4028.33333285	3996.28205073	4048.33333292	4006.02564054	4025.51282003	3903.71794796	4032.69230721	
4064.23076882	4106.02564075	4091.41025607	4055.38461497	4046.410256	4056.15384574	4036.92307651	4032.82051234	4000.76923022	4058.07692266	4006.53846106	4028.20512772	3910.76923008	4037.82051241	
4063.20512779	4107.43589716	4086.53846119	4052.05128164	4048.20512779	4051.79487138	4034.487179	4037.17948677	3999.23076868	4053.33333292	4009.99999952	4028.71794824	3911.15384546	4039.23076882	
4061.15384574	4106.15384588	4087.43589709	4051.28205087	4049.35897395	4053.20512779	4035.89743541	4028.33333285	3996.41025586	4047.30769189	4011.15384567	4029.23076875	3911.92307623	4037.69230728	
4067.82051241	4108.46153819	4091.02564068	4059.10256369	4051.410256	4058.97435856	4039.6153842	4024.74358926	4001.66666611	4056.15384574	4010.76923029	4034.487179	3917.692307	4041.79487138	
4073.71794837	4111.41025614	4092.43589709	4062.94871754	4052.94871754	4058.97435856	4037.56410215	4031.53846106	4006.53846106	4060.25640984	4011.66666618	4036.53846106	3919.99999931	4045.89743548	
4067.69230728	4106.92307665	4089.99999966	4056.15384574	4048.07692266	4053.58974318	4031.15384567	4029.74358926	4002.0512815	4049.10256369	4009.10256362	4029.61538413	3915.89743521	4043.46153805	
4061.15384574	4101.79487145	4084.48717914	4050.64102523	4041.15384574	4046.92307651	4025.25640977	4021.53846106	3994.74358919	4043.84615343	3999.61538406	4024.23076875	3909.87179418	4036.53846106	
4062.30769189	4101.92307658	4083.07692273	4052.30769189	4039.74358933	4044.6153842	4022.56410208	4019.61538413	3995.76923022	4051.15384574	4000.89743535	4027.94871747	3912.692307	4035.76923029	
4061.15384574	4100.51282017	4086.02564068	4052.82051241	4039.23076882	4045.12820472	4024.23076875	4022.30769183	3999.87179432	4052.82051241	4007.1794867	4031.92307644	3916.28205059	4041.02564061	
4059.35897395	4101.15384581	4085.89743555	4048.7179483	4036.66666618	4046.02564061	4023.84615336	4020.51282003	3996.02564047	4044.10256369	3999.10256355	4028.71794824	3911.66666598	4039.48717907	
4057.05128164	4102.30769196	4082.82051248	4048.7179483	4034.35897388	4044.35897395	4019.99999952	4010.3846149	3987.56410201	4038.20512779	3987.30769176	4022.05128157	3906.66666598	4030.12820465	
4052.82051241	4099.35897402	4081.15384581	4049.10256369	4030.51282003	4040.25640984	4021.79487131	4004.61538413	3977.9487174	4035.12820465	3983.58974304	4017.05128157	3906.66666598	4022.05128157	
4054.74358933	4101.79487145	4083.33333299	4047.43589702	4033.58974311	4040.64102523	4029.487179	4010.64102516	3964.74358912	4030.64102516	3983.84615329	4015.76923029	3909.61538392	4022.30769183	
4059.23076882	4105.25640998	4085.12820478	4048.7179483	4039.99999959	4045.25640984	4030.64102516	4013.20512772	3953.58974297	4033.07692259	3983.71794817	4014.99999952	3910.89743521	4021.92307644	
4055.5128201	4101.53846119	4083.20512786	4045.89743548	4037.82051241	4044.74358933	4026.66666618	4007.1794867	3946.41025579	4038.46153805	3980.89743535	4011.53846106	3910.76923008	4015.51282003	
4049.87179446	4100.12820478	4081.41025607	4039.99999959	4033.97435849	4041.28205087	4027.05128157	4005.89743541	3938.46153784	4033.71794824	3978.71794817	4008.20512772	3911.92307623	4013.07692259	
4052.69230728	4103.9743587	4082.43589709	4042.56410215	4034.35897388	4039.99999959	4026.66666618	4005.76923029	3931.53846085	4030.51282003	3982.69230714	4010.89743541	3917.94871726	4016.41025593	
4058.07692266	4103.33333306	4084.7435894	4048.07692266	4032.94871747	4039.74358933	4022.82051234	4004.487179	3926.41025572	4033.97435849	3987.69230714	4017.1794867	3923.5897429	4018.20512772	
4061.15384574	4104.61538434	4087.69230735	4049.23076882	4033.46153798	4039.99999959	4025.51282003	4011.53846106	3926.66666598	4035.64102516	3994.61538406	4019.87179439	3929.10256341	4021.2820508	
4064.87179446	4107.56410229	4091.15384581	4050.25640984	4039.6153842	4041.410256	4031.79487131	4020.12820465	3933.33333264	4039.99999959	4004.23076875	4023.20512772	3939.35897374	4027.56410208	
4071.02564068	4107.69230742	4092.94871761	4054.74358933	4042.94871754	4042.17948677	4031.02564054	4022.30769183	3936.02564033	4047.69230728	4008.33333285	4029.87179439	3949.61538399	4033.33333285	
4070.89743555	4107.30769203	4092.05128171	4057.69230728	4039.48717907	4043.33333292	4027.1794867	4021.79487131	3933.07692239	4045.25640984	4005.89743541	4031.66666618	3952.94871733	4036.2820508	
4062.69230728	4103.0769228	4088.46153812	4053.84615343	4036.02564054	4042.17948677	4024.87179439	4017.82051234	3929.4871788	4036.79487131	4003.97435842	4026.41025593	3946.9230763	4032.43589695	
4056.79487138	4097.43589709	4083.71794837	4047.43589702	4036.15384567	4039.48717907	4023.71794824	4012.82051234	3923.07692239	4035.64102516	3999.35897381	4020.25640977	3941.53846092	4024.23076875	
4056.15384574	4096.02564068	4079.99999966	4045.89743548	4036.15384567	4036.92307651	4024.10256362	4011.02564054	3913.5897429	4032.1794867	3987.69230714	4015.76923029	3939.10256348	4019.87179439	
4052.94871754	4096.15384581	4080.12820478	4044.35897395	4030.76923029	4034.10256362	4021.53846106	4006.2820508	3906.92307623	4024.10256362	3979.74358919	4010.3846149	3931.15384546	4015.12820465	
4048.58974318	4097.82051248	4080.38461504	4041.92307651	4028.33333285	4032.05128157	4017.05128157	4000.2564097	3903.20512744	4023.46153798	3981.66666611	4006.79487131	3921.28205059	4008.97435849	
4052.17948677	4099.35897402	4079.35897402	4043.97435856	4031.79487131	4032.69230721	4018.20512772	4005.12820465	3902.82051206	4026.53846106	3984.87179432	4006.53846106	3924.10256341	4009.74358926	
4055.64102523	4094.87179453	4083.20512786	4046.66666625	4032.43589695	4034.10256362	4023.71794824	4009.61538413	3905.38461462	4025.64102516	3985.12820458	4008.33333285	3933.46153777	4012.43589695	
4054.23076882	4096.41025607	4085.6410253	4047.05128164	4033.33333285	4037.05128164	4024.35897388	4007.1794867	3910.51281982	4029.99999952	3991.28205073	4013.84615336	3936.15384546	4013.71794824	
4054.87179446	4104.61538434	4084.87179453	4049.74358933	4035.89743541	4038.84615343	4022.56410208	4012.82051234	3916.66666598	4038.97435856	3999.99999945	4020.25640977	3940.25640963	4017.1794867	
4060.38461497	4100.51282017	4084.61538427	4052.05128164	4036.15384567	4037.17948677	4024.35897388	4021.15384567	3919.74358905	4037.30769189	4002.56410201	4023.58974311	3947.94871733	4021.2820508	
4064.35897395	4095.76923043	4087.17948684	4050.76923036	4035.89743541	4035.64102516	4027.1794867	4019.487179	3922.05128136	4038.84615343	4007.05128157	4027.05128157	3952.43589681	4023.46153798	
4062.05128164	4102.82051255	4089.35897402	4051.28205087	4035.64102516	4034.61538413	4025.64102516	4015.3846149	3925.89743521	4052.56410215	4010.76923029	4029.35897388	3952.43589681	4021.92307644	
4059.23076882	4103.33333306	4086.53846119	4053.7179483	4034.35897388	4030.64102516	4022.82051234	4017.30769183	3922.82051213	4048.58974318	4007.05128157	4026.41025593	3950.25640963	4016.66666618	
4057.82051241	4093.07692273	4082.69230735	4049.74358933	4032.05128157	4026.41025593	4022.94871747	4015.89743541	3914.10256341	4029.61538413	4000.38461483	4020.89743541	3947.17948656	4011.15384567	
4056.66666625	4091.15384581	4080.6410253	4044.6153842	4032.30769183	4024.61538413	4019.23076875	4008.46153798	3909.4871788	4028.58974311	3997.43589688	4016.15384567	3942.69230707	4010.3846149	
4056.02564061	4094.61538427	4082.94871761	4044.10256369	4032.05128157	4022.69230721	4012.43589695	4004.487179	3906.66666598	4029.99999952	3993.97435842	4013.97435849	3937.05128136	4010.12820465	
4054.74358933	4093.8461535	4083.8461535	4042.82051241	4027.30769183	4020.89743541	4010.12820465	4003.97435842	3903.4615377	4021.92307644	3986.66666611	4013.97435849	3928.97435828	4004.23076875	
4051.410256	4093.20512786	4083.33333299	4040.38461497	4023.07692259	4020.51282003	4009.87179439	4000.38461483	3903.4615377	4025.12820465	3983.33333278	4011.79487131	3922.692307	4000.89743535	
4049.74358933	4093.33333299	4086.41025607	4039.35897395	4023.33333285	4018.33333285	4007.56410208	3996.1538456	3902.43589668	4031.02564054	3985.76923022	4012.82051234	3921.7948711	4005.76923029	
4049.87179446	4094.10256376	4088.71794837	4040.12820472	4028.07692259	4021.2820508	4007.56410208	4000.2564097	3904.61538385	4031.2820508	3990.12820458	4020.3846149	3922.82051213	4012.69230721	
4049.99999959	4097.43589709	4089.35897402	4042.05128164	4031.15384567	4026.53846106	4009.61538413	4006.53846106	3910.76923008	4031.41025593	3991.53846099	4019.99999952	3918.71794803	4011.92307644	
4052.30769189	4099.35897402	4089.10256376	4043.97435856	4030.64102516	4025.51282003	4009.87179439	4006.53846106	3910.89743521	4027.1794867	3990.38461483	4014.87179439	3916.53846085	4008.71794824	
4052.30769189	4097.94871761	4088.8461535	4043.46153805	4030.3846149	4024.74358926	4011.66666618	4006.2820508	3911.15384546	4026.53846106	3991.1538456	4018.84615336	3919.10256341	4009.87179439	
4050.25640984	4100.6410253	4089.87179453	4043.20512779	4029.99999952	4027.05128157	4014.74358926	4008.33333285	3917.692307	4035.76923029	3993.20512765	4021.92307644	3916.53846085	4010.76923029	
4055.12820472	4102.82051255	4092.30769196	4046.66666625	4033.20512772	4031.53846106	4019.10256362	4013.07692259	3924.4871788	4040.12820472	3997.69230714	4022.43589695	3917.17948649	4013.71794824	
4057.30769189	4097.56410222	4091.79487145	4048.20512779	4041.66666625	4036.92307651	4023.71794824	4015.89743541	3928.97435828	4036.66666618	3999.87179432	4026.53846106	3921.53846085	4016.66666618	
4049.99999959	4092.69230735	4089.48717914	4045.12820472	4047.30769189	4034.10256362	4022.82051234	4011.41025593	3927.17948649	4033.97435849	3998.97435842	4025.25640977	3918.84615316	4014.87179439	
4046.02564061	4092.82051248	4088.71794837	4042.43589702	4042.05128164	4025.89743541	4019.87179439	4006.92307644	3924.4871788	4032.56410208	3996.41025586	4019.61538413	3917.43589674	4011.15384567	
4044.6153842	4090.6410253	4084.87179453	4040.5128201	4032.82051234	4026.79487131	4018.33333285	4006.41025593	3923.97435828	4029.87179439	3992.43589688	4018.84615336	3915.76923008	4009.23076875	
4042.30769189	4090.12820478	4083.07692273	4037.94871754	4033.33333285	4030.64102516	4018.20512772	4006.92307644	3923.5897429	4027.94871747	3993.07692252	4021.15384567	3910.51281982	4011.66666618	
4047.30769189	4092.69230735	4087.30769196	4041.15384574	4038.97435856	4027.69230721	4018.20512772	4010.25640977	3928.20512751	4032.30769183	4000.2564097	4022.56410208	3914.10256341	4014.23076875	
4054.35897395	4091.02564068	4091.79487145	4047.30769189	4039.99999959	4027.82051234	4019.10256362	4013.71794824	3935.64102495	4039.23076882	4004.23076875	4023.33333285	3923.46153777	4012.43589695	
4051.79487138	4091.53846119	4091.53846119	4046.66666625	4039.87179446	4032.69230721	4021.92307644	4009.10256362	3933.5897429	4035.89743541	4000.2564097	4020.89743541	3919.74358905	4007.30769183	
4043.20512779	4093.20512786	4088.71794837	4043.07692266	4042.69230728	4036.02564054	4024.23076875	3999.99999945	3924.74358905	4025.76923029	3993.58974304	4015.12820465	3912.692307	4002.17948663	
4042.69230728	4091.28205094	4088.71794837	4041.410256	4047.43589702	4037.17948677	4022.30769183	3999.35897381	3924.61538392	4023.97435849	3987.9487174	4012.1794867	3911.15384546	4000.89743535	
4048.84615343	4090.51282017	4091.15384581	4041.28205087	4045.76923036	4034.87179439	4019.87179439	4002.9487174	3925.76923008	4029.35897388	3988.07692252	4013.07692259	3910.51281982	4000.89743535	
4048.33333292	4090.89743555	4092.17948684	4042.69230728	4037.69230728	4028.07692259	4014.87179439	3999.35897381	3924.99999931	4030.64102516	3994.74358919	4016.15384567	3912.56410187	3998.58974304	
4044.87179446	4091.15384581	4088.8461535	4043.07692266	4033.20512772	4022.1794867	4008.07692259	3994.99999945	3930.38461469	4031.53846106	3999.48717894	4020.76923029	3913.5897429	3996.92307637	
4049.6153842	4090.51282017	4088.07692273	4043.58974318	4035.89743541	4023.07692259	4009.35897388	3997.43589688	3933.71794803	4038.97435856	4000.2564097	4023.46153798	3913.07692239	3999.74358919	
4053.07692266	4091.02564068	4091.02564068	4048.07692266	4035.12820465	4023.97435849	4017.30769183	4003.97435842	3931.53846085	4041.53846113	4001.66666611	4023.33333285	3912.30769162	4001.92307637	
4048.20512779	4092.30769196	4087.56410222	4049.23076882	4029.99999952	4022.30769183	4016.53846106	4003.46153791	3933.71794803	4039.23076882	4003.71794817	4024.10256362	3910.12820444	4002.17948663	
4047.05128164	4091.02564068	4082.30769196	4045.64102523	4032.30769183	4022.30769183	4011.66666618	3998.58974304	3940.76923015	4043.46153805	4005.76923029	4027.56410208	3911.28205059	4004.23076875	
4049.23076882	4088.97435863	4083.20512786	4044.99999959	4034.10256362	4021.66666618	4014.35897388	3999.74358919	3941.15384553	4047.30769189	4005.76923029	4028.84615336	3912.43589674	4003.33333278	
4048.46153805	4091.15384581	4084.48717914	4046.410256	4031.92307644	4021.2820508	4018.58974311	4004.61538413	3935.25640957	4044.35897395	4002.30769176	4028.71794824	3910.12820444	3999.87179432	
4049.35897395	4092.43589709	4084.35897402	4046.53846113	4031.92307644	4022.43589695	4017.94871747	4004.61538413	3938.7179481	4042.94871754	4001.1538456	4027.94871747	3911.53846085	3997.43589688	
4049.74358933	4086.66666632	4084.23076889	4045.5128201	4033.20512772	4022.56410208	4016.15384567	3998.07692252	3940.12820451	4044.87179446	3999.99999945	4025.89743541	3912.43589674	3995.51281996	
4045.76923036	4082.69230735	4084.10256376	4044.35897395	4034.487179	4020.89743541	4018.07692259	3996.02564047	3935.51281982	4042.56410215	3995.2564097	4024.23076875	3905.64102495	3994.35897381	
4043.46153805	4081.66666632	4084.87179453	4040.89743548	4031.2820508	4019.10256362	4019.487179	3996.02564047	3932.05128136	4033.33333285	3991.1538456	4022.56410208	3902.17948642	3991.02564047	
4046.02564061	4081.02564068	4085.25640991	4039.48717907	4026.41025593	4017.1794867	4018.46153798	3993.84615329	3930.25640957	4029.87179439	3991.53846099	4019.23076875	3903.84615309	3988.84615329	
4053.20512779	4086.79487145	4087.05128171	4046.79487138	4030.12820465	4019.74358926	4022.43589695	3997.0512815	3937.692307	4041.79487138	3999.74358919	4024.99999952	3909.87179418	3997.43589688	
4059.74358933	4093.58974325	4092.05128171	4055.12820472	4041.02564061	4027.94871747	4027.82051234	4007.30769183	3951.41025579	4050.38461497	4009.74358926	4036.15384567	3920.12820444	4006.92307644	
4057.05128164	4092.30769196	4096.02564068	4056.53846113	4042.30769189	4029.87179439	4026.66666618	4018.97435849	3958.20512758	4048.7179483	4012.82051234	4034.74358926	3922.56410187	4004.87179439	
4050.64102523	4089.35897402	4094.61538427	4055.38461497	4034.487179	4023.20512772	4024.23076875	4024.10256362	3955.76923015	4049.99999959	4011.2820508	4028.71794824	3919.35897367	3997.9487174	
4045.64102523	4089.7435894	4090.89743555	4054.87179446	4031.66666618	4018.71794824	4026.02564054	4022.69230721	3949.48717887	4047.69230728	4004.74358926	4029.10256362	3916.02564033	3991.92307637	
4042.43589702	4091.02564068	4091.92307658	4051.53846113	4035.51282003	4021.92307644	4028.33333285	4020.25640977	3947.43589681	4043.46153805	3998.07692252	4030.25640977	3916.53846085	3986.79487124	
4048.20512779	4092.56410222	4096.02564068	4054.48717907	4044.48717907	4031.92307644	4033.58974311	4028.58974311	3959.74358912	4053.20512779	4006.2820508	4036.15384567	3926.02564033	3993.20512765	
4057.17948677	4094.10256376	4099.10256376	4062.94871754	4051.53846113	4039.23076882	4041.92307651	4041.02564061	3974.74358919	4063.7179483	4019.99999952	4046.79487138	3938.58974297	4004.35897388	
4058.07692266	4093.58974325	4098.07692273	4065.12820472	4053.97435856	4040.38461497	4042.94871754	4041.02564061	3977.82051227	4060.76923036	4021.2820508	4046.79487138	3943.84615322	4004.74358926	
4059.35897395	4092.05128171	4096.79487145	4069.23076882	4062.05128164	4043.07692266	4044.23076882	4040.89743548	3984.23076868	4066.79487138	4024.35897388	4043.84615343	3948.07692246	4006.15384567	
4069.23076882	4098.33333299	4101.53846119	4082.43589709	4074.10256376	4051.02564061	4057.05128164	4052.30769189	3999.10256355	4081.15384581	4038.20512779	4053.58974318	3961.79487117	4017.30769183	
4075.76923043	4106.66666639	4105.7692305	4090.12820478	4075.76923043	4055.5128201	4064.48717907	4060.64102523	4010.12820465	4086.53846119	4048.84615343	4062.05128164	3972.82051227	4025.3846149	
4070.76923043	4102.43589709	4099.35897402	4083.71794837	4066.66666625	4047.94871754	4056.66666625	4052.30769189	4004.487179	4079.87179453	4043.46153805	4056.92307651	3963.58974297	4021.53846106	
4063.07692266	4092.43589709	4090.12820478	4076.92307658	4060.89743548	4040.38461497	4051.15384574	4042.17948677	3988.33333278	4067.56410215	4030.3846149	4048.97435856	3948.07692246	4014.61538413	
4066.410256	4092.69230735	4089.7435894	4081.41025607	4062.82051241	4042.43589702	4056.66666625	4043.84615343	3988.46153791	4063.33333292	4028.07692259	4050.25640984	3950.51281989	4015.89743541	
4075.25640991	4099.99999966	4094.48717914	4089.10256376	4065.64102523	4047.94871754	4061.53846113	4049.6153842	4002.17948663	4066.66666625	4034.87179439	4055.89743548	3960.76923015	4019.10256362	
4075.12820478	4101.92307658	4095.6410253	4088.33333299	4068.20512779	4049.23076882	4060.25640984	4050.89743548	4005.3846149	4069.48717907	4038.7179483	4058.07692266	3961.53846092	4018.07692259	
4075.6410253	4103.0769228	4094.35897402	4088.20512786	4074.48717914	4052.17948677	4061.66666625	4050.12820472	4005.25640977	4077.43589709	4042.94871754	4060.38461497	3965.64102502	4020.64102516	
4085.38461504	4105.89743562	4096.66666632	4099.23076889	4080.89743555	4057.82051241	4065.64102523	4052.56410215	4015.51282003	4088.58974325	4052.05128164	4066.92307651	3977.0512815	4029.35897388	
4088.97435863	4108.0769228	4098.20512786	4106.66666639	4081.92307658	4059.10256369	4066.02564061	4053.46153805	4024.10256362	4092.94871761	4056.66666625	4072.43589709	3981.92307637	4030.12820465	
4084.87179453	4107.69230742	4094.61538427	4100.76923043	4080.25640991	4059.10256369	4066.79487138	4049.74358933	4021.53846106	4088.33333299	4054.87179446	4068.46153805	3979.74358919	4025.89743541	
4083.33333299	4106.02564075	4096.02564068	4099.10256376	4079.35897402	4062.94871754	4071.02564068	4047.69230728	4017.94871747	4082.43589709	4053.58974318	4065.12820472	3979.23076868	4027.94871747	
4085.76923043	4107.30769203	4098.8461535	4106.92307665	4083.33333299	4066.53846113	4074.23076889	4055.76923036	4023.71794824	4084.61538427	4057.17948677	4071.66666632	3983.46153791	4033.46153798	
4089.87179453	4108.33333306	4098.58974325	4109.8717946	4089.10256376	4068.58974318	4076.53846119	4065.76923036	4035.12820465	4097.43589709	4066.410256	4079.7435894	3990.64102509	4038.46153805	
4092.30769196	4107.56410229	4102.17948684	4111.92307665	4091.15384581	4073.58974325	4079.99999966	4067.17948677	4041.28205087	4103.58974332	4073.8461535	4082.17948684	3996.66666611	4042.69230728	
4095.76923043	4107.82051255	4105.7692305	4117.17948691	4095.51282017	4078.20512786	4083.97435863	4070.25640991	4046.79487138	4102.30769196	4078.71794837	4085.51282017	4002.9487174	4047.56410215	
4102.05128171	4109.8717946	4105.12820485	4119.48717921	4100.38461504	4081.15384581	4087.30769196	4078.20512786	4057.05128164	4111.53846126	4084.7435894	4091.92307658	4009.10256362	4052.82051241	
4105.12820485	4111.92307665	4105.7692305	4117.05128178	4099.87179453	4083.8461535	4089.87179453	4080.51282017	4062.56410215	4122.30769203	4088.58974325	4095.51282017	4011.92307644	4057.56410215	
4101.02564068	4112.17948691	4107.43589716	4116.41025614	4096.53846119	4080.6410253	4091.15384581	4078.58974325	4059.74358933	4116.79487152	4087.43589709	4097.30769196	4014.87179439	4058.97435856	
4097.43589709	4110.64102537	4104.99999973	4118.84615357	4094.35897402	4073.33333299	4090.12820478	4077.82051248	4055.89743548	4110.38461511	4084.10256376	4097.94871761	4015.3846149	4056.02564061	
4095.89743555	4113.9743587	4104.61538434	4114.99999973	4092.30769196	4072.56410222	4086.53846119	4072.82051248	4054.87179446	4112.69230742	4081.15384581	4098.07692273	4010.51282003	4053.33333292	
4094.87179453	4117.82051255	4109.10256383	4106.02564075	4093.07692273	4076.53846119	4086.66666632	4067.43589702	4057.05128164	4112.05128178	4079.23076889	4096.41025607	4006.02564054	4052.56410215	
4094.35897402	4116.53846126	4111.28205101	4099.10256376	4093.33333299	4077.82051248	4090.12820478	4067.56410215	4054.10256369	4101.28205094	4074.10256376	4092.82051248	4002.17948663	4049.99999959	
4095.12820478	4116.92307665	4114.74358947	4098.07692273	4091.02564068	4079.23076889	4089.61538427	4064.74358933	4046.66666625	4098.20512786	4071.92307658	4093.97435863	3999.99999945	4046.79487138	
4101.79487145	4123.84615357	4121.92307665	4100.38461504	4099.87179453	4083.46153812	4093.97435863	4064.35897395	4054.74358933	4108.20512793	4080.6410253	4102.30769196	4007.69230721	4052.17948677	
4109.10256383	4125.89743562	4127.82051255	4102.17948684	4110.51282024	4087.82051248	4103.46153819	4073.71794837	4071.66666632	4112.94871767	4090.38461504	4108.58974332	4016.66666618	4061.92307651	
4109.74358947	4123.33333306	4128.71794844	4101.53846119	4108.71794844	4090.89743555	4104.10256383	4079.48717914	4074.48717914	4112.56410229	4093.58974325	4110.64102537	4014.99999952	4066.15384574	
4110.25640998	4124.61538434	4128.33333306	4101.15384581	4108.0769228	4093.58974325	4103.46153819	4078.46153812	4074.10256376	4119.10256383	4096.79487145	4114.8717946	4015.51282003	4071.53846119	
4111.79487152	4123.0769228	4129.35897408	4099.48717914	4111.15384588	4091.28205094	4107.82051255	4077.94871761	4079.10256376	4121.53846126	4101.79487145	4114.48717921	4021.15384567	4071.79487145	
4108.58974332	4119.35897408	4127.56410229	4091.02564068	4105.89743562	4083.8461535	4104.99999973	4076.92307658	4079.23076889	4115.7692305	4097.82051248	4107.94871767	4016.92307644	4064.48717907	
4107.17948691	4120.7692305	4126.92307665	4087.94871761	4104.99999973	4086.28205094	4106.02564075	4077.69230735	4079.87179453	4121.02564075	4095.89743555	4107.82051255	4014.61538413	4067.56410215	
4115.51282024	4123.46153819	4131.28205101	4097.69230735	4116.66666639	4098.07692273	4119.10256383	4086.15384581	4086.79487145	4127.94871767	4104.23076896	4116.15384588	4025.3846149	4078.33333299	
4119.23076896	4123.71794844	4132.30769203	4102.30769196	4121.02564075	4101.79487145	4124.8717946	4090.6410253	4089.99999966	4119.99999973	4107.17948691	4119.74358947	4026.66666618	4079.23076889	
4112.69230742	4125.7692305	4129.74358947	4096.15384581	4117.05128178	4097.05128171	4121.02564075	4082.69230735	4087.82051248	4118.9743587	4100.89743555	4112.69230742	4016.15384567	4072.94871761	
4114.10256383	4127.17948691	4134.61538434	4096.66666632	4119.74358947	4100.25640991	4123.0769228	4080.38461504	4087.56410222	4127.17948691	4101.28205094	4111.66666639	4018.07692259	4071.02564068	
4124.10256383	4126.92307665	4143.71794851	4106.28205101	4125.25640998	4109.48717921	4128.0769228	4090.38461504	4093.71794837	4129.99999973	4111.53846126	4122.05128178	4028.71794824	4074.87179453	
4125.64102537	4132.56410229	4145.12820492	4106.41025614	4125.25640998	4110.64102537	4126.79487152	4094.48717914	4101.66666632	4131.66666639	4117.30769203	4128.58974332	4029.99999952	4080.76923043	
4123.46153819	4134.48717921	4143.07692287	4103.58974332	4125.51282024	4108.0769228	4123.46153819	4091.92307658	4103.0769228	4137.82051262	4117.17948691	4126.15384588	4028.58974311	4085.12820478	
4124.23076896	4130.7692305	4143.58974339	4107.94871767	4124.35897408	4109.61538434	4123.58974332	4094.35897402	4100.38461504	4137.82051262	4117.69230742	4123.9743587	4029.61538413	4083.71794837	
4124.48717921	4131.79487152	4142.94871774	4107.69230742	4121.66666639	4112.56410229	4129.61538434	4098.07692273	4103.20512793	4132.82051255	4121.53846126	4126.53846126	4028.20512772	4081.92307658	
4126.41025614	4137.17948697	4142.56410236	4106.15384588	4126.02564075	4116.53846126	4132.17948691	4105.64102537	4111.02564075	4139.23076903	4129.74358947	4135.89743569	4031.15384567	4085.89743555	
4127.69230742	4138.205128	4145.25641005	4110.7692305	4131.53846126	4120.51282024	4127.30769203	4110.64102537	4116.66666639	4149.48717928	4134.99999973	4142.43589723	4034.10256362	4092.17948684	
4126.79487152	4133.46153819	4144.23076903	4113.20512793	4132.30769203	4120.25640998	4130.38461511	4104.99999973	4117.94871767	4147.43589723	4133.20512793	4137.05128185	4026.02564054	4091.02564068	
4125.7692305	4129.74358947	4139.23076903	4111.28205101	4133.84615357	4119.23076896	4135.89743569	4104.61538434	4120.38461511	4142.69230749	4130.51282024	4129.35897408	4018.33333285	4086.66666632	
4122.56410229	4126.15384588	4139.87179467	4108.71794844	4132.43589716	4118.33333306	4128.9743587	4108.58974332	4120.89743562	4144.9999998	4130.89743562	4125.25640998	4016.53846106	4086.53846119	
4121.02564075	4124.23076896	4141.41025621	4105.25640998	4125.12820485	4115.51282024	4120.12820485	4101.79487145	4113.0769228	4140.64102544	4126.53846126	4122.05128178	4010.3846149	4083.20512786	
4124.23076896	4129.99999973	4140.51282031	4106.02564075	4125.12820485	4117.69230742	4125.12820485	4098.58974325	4109.74358947	4133.46153819	4123.33333306	4123.9743587	4008.20512772	4080.25640991	
4123.71794844	4134.61538434	4140.89743569	4114.23076896	4130.25640998	4121.28205101	4129.35897408	4104.35897408	4115.7692305	4138.71794851	4126.02564075	4128.33333306	4014.87179439	4082.43589709	
4123.20512793	4133.71794844	4139.61538441	4115.89743562	4130.64102537	4121.02564075	4126.66666639	4104.99999973	4120.89743562	4145.25641005	4128.84615357	4130.12820485	4017.30769183	4086.92307658	
4128.46153819	4133.84615357	4139.48717928	4114.10256383	4130.12820485	4121.79487152	4129.10256383	4105.12820485	4120.12820485	4142.82051262	4130.38461511	4132.17948691	4016.92307644	4090.12820478	
4127.69230742	4134.23076896	4141.92307672	4113.9743587	4132.30769203	4123.0769228	4134.10256383	4107.56410229	4119.74358947	4141.53846133	4128.46153819	4130.25640998	4016.92307644	4087.43589709	
4125.89743562	4132.56410229	4143.33333313	4113.46153819	4132.30769203	4124.10256383	4136.79487159	4103.0769228	4120.64102537	4146.41025621	4127.43589716	4125.12820485	4014.99999952	4083.46153812	
4130.38461511	4137.56410236	4144.23076903	4116.02564075	4134.48717921	4128.9743587	4137.3076921	4101.28205094	4121.79487152	4146.28205108	4132.05128178	4130.51282024	4019.99999952	4086.28205094	
4130.89743562	4141.28205108	4144.74358954	4120.25640998	4139.87179467	4131.66666639	4138.58974339	4105.12820485	4126.41025614	4144.1025639	4134.74358947	4136.79487159	4025.51282003	4090.25640991	
4126.28205101	4135.89743569	4145.38461518	4119.8717946	4139.9999998	4128.46153819	4138.58974339	4105.7692305	4124.35897408	4145.25641005	4128.9743587	4130.64102537	4020.3846149	4087.82051248	
4129.74358947	4137.05128185	4145.12820492	4118.20512793	4135.51282031	4129.74358947	4138.33333313	4108.0769228	4119.23076896	4143.46153826	4129.74358947	4129.35897408	4017.69230721	4087.05128171	
4138.33333313	4142.43589723	4144.1025639	4123.46153819	4139.1025639	4134.74358947	4140.89743569	4112.56410229	4126.66666639	4146.15384595	4138.07692287	4141.41025621	4028.20512772	4095.38461504	
4137.82051262	4142.17948697	4146.41025621	4131.53846126	4146.15384595	4134.74358947	4141.79487159	4115.51282024	4136.53846133	4158.97435877	4138.97435877	4146.28205108	4037.30769189	4102.43589709	
4133.0769228	4140.76923056	4149.35897415	4132.05128178	4147.05128185	4132.56410229	4140.76923056	4115.89743562	4135.25640998	4161.02564082	4137.17948697	4139.74358954	4037.17948677	4103.20512793	
4132.94871767	4139.35897415	4147.17948697	4127.56410229	4145.38461518	4134.61538434	4141.66666646	4115.25640998	4134.74358947	4149.9999998	4137.17948697	4139.23076903	4038.7179483	4102.94871767	
4137.94871774	4138.46153826	4145.51282031	4126.53846126	4145.25641005	4136.28205108	4142.56410236	4115.7692305	4141.53846133	4156.15384595	4138.46153826	4145.64102544	4046.410256	4105.25640998	
4139.9999998	4137.94871774	4147.43589723	4129.74358947	4142.94871774	4133.58974332	4139.61538441	4116.02564075	4141.02564082	4163.205128	4140.38461518	4148.205128	4052.82051241	4108.33333306	
4134.61538434	4137.56410236	4145.51282031	4127.94871767	4139.9999998	4129.99999973	4143.84615364	4115.38461511	4134.48717921	4152.05128185	4138.205128	4143.71794851	4049.99999959	4107.56410229	
4127.56410229	4137.43589723	4142.43589723	4123.46153819	4139.1025639	4131.53846126	4148.58974339	4113.0769228	4129.48717921	4150.51282031	4132.82051255	4140.51282031	4043.20512779	4101.66666632	
4127.05128178	4138.58974339	4143.07692287	4126.53846126	4144.23076903	4139.61538441	4147.43589723	4110.7692305	4128.58974332	4157.94871774	4130.51282024	4140.64102544	4043.97435856	4097.43589709	
4128.0769228	4138.71794851	4139.87179467	4129.10256383	4152.43589723	4147.82051262	4149.48717928	4110.38461511	4129.8717946	4149.74358954	4128.0769228	4135.76923056	4044.87179446	4099.10256376	
4125.64102537	4138.205128	4136.02564082	4124.8717946	4152.3076921	4149.48717928	4151.53846133	4114.35897408	4132.43589716	4146.02564082	4127.30769203	4132.05128178	4045.38461497	4101.15384581	
4126.66666639	4139.1025639	4139.1025639	4127.17948691	4145.38461518	4142.69230749	4151.15384595	4119.74358947	4139.48717928	4163.07692287	4137.17948697	4137.43589723	4053.7179483	4102.43589709	
4126.66666639	4138.205128	4139.61538441	4130.64102537	4141.02564082	4134.8717946	4146.41025621	4117.94871767	4142.3076921	4168.84615371	4142.3076921	4138.58974339	4060.25640984	4104.48717921	
4125.25640998	4135.51282031	4137.05128185	4126.79487152	4139.1025639	4132.94871767	4140.51282031	4112.05128178	4139.48717928	4158.46153826	4138.97435877	4136.41025621	4058.58974318	4104.48717921	
4132.30769203	4137.05128185	4138.71794851	4127.94871767	4140.51282031	4134.61538434	4143.84615364	4111.28205101	4144.87179467	4164.35897415	4146.53846133	4142.56410236	4062.05128164	4109.48717921	
4136.92307672	4139.35897415	4140.51282031	4132.43589716	4144.35897415	4134.99999973	4148.46153826	4113.9743587	4149.74358954	4175.12820499	4154.74358954	4147.3076921	4068.58974318	4114.10256383	
4133.33333306	4138.33333313	4140.76923056	4131.28205101	4143.46153826	4132.69230742	4140.76923056	4112.56410229	4146.28205108	4168.46153833	4148.46153826	4143.97435877	4065.5128201	4110.7692305	
4134.99999973	4137.17948697	4142.05128185	4131.15384588	4139.35897415	4132.30769203	4139.35897415	4113.0769228	4144.48717928	4162.17948697	4147.56410236	4148.58974339	4064.6153842	4109.99999973	
4139.1025639	4139.35897415	4144.1025639	4131.41025614	4139.35897415	4134.10256383	4152.82051262	4115.64102537	4146.02564082	4169.74358961	4155.64102544	4156.66666646	4071.66666632	4115.7692305	
4139.1025639	4142.17948697	4148.07692287	4131.79487152	4143.205128	4136.15384595	4155.25641005	4114.99999973	4145.64102544	4168.46153833	4154.35897415	4155.64102544	4073.97435863	4119.48717921	
4139.9999998	4142.05128185	4148.84615364	4135.12820485	4141.79487159	4135.89743569	4147.17948697	4113.20512793	4144.1025639	4157.3076921	4147.17948697	4150.12820492	4068.07692266	4117.43589716	
4139.23076903	4140.64102544	4144.87179467	4134.23076896	4134.48717921	4131.15384588	4143.71794851	4106.53846126	4138.07692287	4154.61538441	4144.87179467	4145.12820492	4064.23076882	4111.28205101	
4136.28205108	4139.23076903	4144.61538441	4131.41025614	4135.25640998	4129.74358947	4146.28205108	4098.8461535	4133.33333306	4157.56410236	4148.71794851	4143.33333313	4066.92307651	4110.38461511	
4144.1025639	4143.46153826	4148.71794851	4132.94871767	4143.58974339	4136.15384595	4153.84615364	4105.12820485	4142.94871774	4161.53846133	4154.23076903	4149.35897415	4072.56410222	4120.89743562	
4153.07692287	4147.05128185	4151.02564082	4130.89743562	4145.76923056	4142.17948697	4157.3076921	4117.05128178	4153.33333313	4165.64102544	4160.64102544	4154.48717928	4079.99999966	4129.23076896	
4148.07692287	4142.69230749	4150.89743569	4132.94871767	4144.23076903	4143.07692287	4155.89743569	4120.51282024	4155.25641005	4170.12820499	4165.64102544	4154.74358954	4086.92307658	4127.17948691	
4145.51282031	4143.205128	4150.64102544	4140.64102544	4149.48717928	4145.12820492	4160.25641005	4124.74358947	4161.15384595	4176.79487166	4166.28205108	4156.15384595	4091.92307658	4127.82051255	
4149.1025639	4148.07692287	4150.76923056	4138.33333313	4156.41025621	4148.46153826	4167.43589723	4129.8717946	4168.71794858	4179.35897422	4167.56410236	4156.41025621	4093.33333299	4130.51282024	
4146.28205108	4147.56410236	4153.46153826	4137.3076921	4157.05128185	4150.38461518	4167.56410236	4125.89743562	4168.3333332	4176.66666653	4170.12820499	4151.92307672	4092.05128171	4127.30769203	
4144.35897415	4146.92307672	4156.02564082	4144.9999998	4153.97435877	4149.48717928	4164.1025639	4121.02564075	4163.84615364	4175.51282038	4172.30769217	4151.79487159	4093.58974325	4125.12820485	
4151.79487159	4152.82051262	4154.1025639	4150.25641005	4154.35897415	4148.71794851	4165.64102544	4124.99999973	4167.17948697	4182.4358973	4175.12820499	4158.33333313	4098.58974325	4131.53846126	
4156.41025621	4154.48717928	4156.66666646	4150.89743569	4161.02564082	4155.76923056	4171.41025628	4131.66666639	4179.35897422	4190.76923063	4182.4358973	4165.51282031	4106.15384588	4140.76923056	
4155.12820492	4152.17948697	4160.38461518	4151.79487159	4163.205128	4162.82051262	4173.58974345	4133.9743587	4184.87179474	4192.94871781	4189.10256397	4169.61538448	4111.28205101	4144.1025639	
4155.38461518	4153.84615364	4155.51282031	4153.58974339	4159.35897415	4157.69230749	4172.30769217	4133.0769228	4177.30769217	4186.79487166	4185.12820499	4165.38461518	4107.17948691	4141.92307672	
4155.38461518	4155.38461518	4152.3076921	4153.97435877	4158.46153826	4152.56410236	4170.64102551	4133.20512793	4175.89743576	4178.46153833	4178.3333332	4161.92307672	4101.53846119	4142.43589723	
4156.02564082	4152.05128185	4154.23076903	4154.35897415	4159.48717928	4156.02564082	4170.89743576	4135.51282031	4183.20512807	4181.02564089	4179.87179474	4164.1025639	4105.25640998	4144.48717928	
4155.12820492	4147.43589723	4151.02564082	4152.94871774	4155.51282031	4155.51282031	4171.66666653	4139.1025639	4182.4358973	4185.76923063	4184.2307691	4160.89743569	4109.35897408	4144.1025639	
4154.61538441	4147.17948697	4146.92307672	4151.79487159	4151.92307672	4149.9999998	4171.15384602	4141.02564082	4177.56410243	4181.15384602	4179.74358961	4156.53846133	4106.92307665	4144.61538441	
4155.25641005	4145.25641005	4146.79487159	4148.58974339	4153.205128	4146.66666646	4171.66666653	4138.58974339	4173.97435884	4175.38461525	4173.84615371	4157.56410236	4101.66666632	4144.87179467	
4152.05128185	4139.48717928	4145.89743569	4145.25641005	4150.25641005	4143.71794851	4170.64102551	4134.61538434	4174.35897422	4177.94871781	4176.92307679	4153.58974339	4099.48717914	4137.69230749	
4146.15384595	4138.58974339	4144.74358954	4148.97435877	4144.23076903	4144.87179467	4169.61538448	4133.84615357	4178.20512807	4180.89743576	4178.97435884	4150.25641005	4102.82051255	4132.05128178	
4143.58974339	4142.05128185	4144.1025639	4151.15384595	4145.25641005	4147.56410236	4168.58974345	4132.17948691	4175.51282038	4177.17948704	4174.35897422	4153.97435877	4102.82051255	4132.30769203	
4147.82051262	4143.97435877	4146.02564082	4147.56410236	4149.48717928	4147.56410236	4167.82051262	4129.99999973	4173.07692294	4174.61538448	4174.87179474	4155.12820492	4095.51282017	4132.43589716	
4152.69230749	4144.61538441	4148.33333313	4150.51282031	4148.84615364	4146.02564082	4168.97435884	4131.79487152	4177.82051269	4177.30769217	4178.58974345	4154.87179467	4087.56410222	4132.43589716	
4152.56410236	4148.07692287	4148.71794851	4156.15384595	4146.41025621	4144.23076903	4169.87179474	4130.38461511	4176.5384614	4178.3333332	4177.17948704	4156.02564082	4083.97435863	4133.9743587	
4152.94871774	4148.46153826	4151.53846133	4153.46153826	4151.02564082	4144.35897415	4169.35897422	4128.84615357	4177.30769217	4179.74358961	4178.97435884	4157.43589723	4082.69230735	4137.17948697	
4157.3076921	4147.3076921	4154.1025639	4152.17948697	4155.51282031	4148.205128	4169.74358961	4137.05128185	4185.89743576	4179.35897422	4185.51282038	4160.12820492	4082.69230735	4141.28205108	
4157.43589723	4146.41025621	4150.25641005	4155.12820492	4152.69230749	4149.87179467	4175.38461525	4142.17948697	4184.87179474	4175.12820499	4182.56410243	4157.17948697	4083.58974325	4139.61538441	
4154.9999998	4148.97435877	4145.51282031	4154.23076903	4152.94871774	4148.97435877	4179.35897422	4137.17948697	4181.92307679	4175.64102551	4176.79487166	4152.82051262	4082.43589709	4136.28205108	
4157.3076921	4152.05128185	4147.17948697	4155.51282031	4160.64102544	4153.71794851	4177.69230756	4139.35897415	4188.97435884	4178.58974345	4179.99999986	4155.51282031	4085.38461504	4138.07692287	
4153.07692287	4146.92307672	4147.43589723	4155.64102544	4161.15384595	4154.9999998	4173.07692294	4146.15384595	4190.38461525	4178.20512807	4184.61538448	4154.61538441	4089.23076889	4138.46153826	
4145.25641005	4144.1025639	4142.3076921	4149.23076903	4152.56410236	4146.92307672	4169.48717935	4137.82051262	4181.79487166	4174.61538448	4180.25641012	4144.23076903	4083.8461535	4131.41025614	
4148.46153826	4147.3076921	4142.94871774	4150.12820492	4150.89743569	4144.74358954	4169.48717935	4129.23076896	4178.58974345	4173.58974345	4172.82051269	4140.12820492	4075.6410253	4126.53846126	
4150.38461518	4146.28205108	4144.61538441	4151.66666646	4153.205128	4147.82051262	4167.94871774	4132.82051255	4176.5384614	4169.61538448	4167.82051262	4138.205128	4071.66666632	4126.66666639	
4140.89743569	4138.33333313	4138.33333313	4138.97435877	4143.205128	4138.97435877	4159.87179467	4126.79487152	4165.89743569	4158.58974339	4160.12820492	4130.25640998	4065.89743548	4120.51282024	
4134.74358947	4136.41025621	4132.05128178	4130.12820485	4134.61538434	4128.58974332	4153.71794851	4113.46153819	4157.05128185	4155.12820492	4153.84615364	4125.12820485	4057.82051241	4112.30769203	
4138.46153826	4139.87179467	4135.76923056	4134.10256383	4139.35897415	4131.92307665	4155.12820492	4117.82051255	4158.33333313	4154.35897415	4156.15384595	4125.64102537	4056.79487138	4114.74358947	
4143.33333313	4139.1025639	4142.82051262	4137.43589723	4140.38461518	4136.15384595	4160.64102544	4127.30769203	4163.33333313	4152.43589723	4159.9999998	4130.89743562	4062.17948677	4123.9743587	
4146.02564082	4140.64102544	4143.71794851	4136.92307672	4138.33333313	4136.28205108	4163.205128	4123.84615357	4167.94871774	4160.25641005	4161.41025621	4138.205128	4065.38461497	4127.82051255	
