4148.46153826	4154.1025639	4180.89743576	4147.3076921	4162.3076921	4164.9999998	4175.38461525	4098.20512786	4083.8461535	4161.92307672	4106.92307665	4151.79487159	4584.35897506	4350.3846156	
4146.53846133	4151.28205108	4187.56410243	4144.9999998	4162.17948697	4165.76923056	4169.48717935	4094.48717914	4081.66666632	4164.35897415	4110.7692305	4153.46153826	4587.05128275	4351.53846175	
4145.51282031	4151.28205108	4192.82051269	4146.66666646	4157.3076921	4163.71794851	4171.28205115	4098.71794837	4087.94871761	4168.71794858	4121.79487152	4155.64102544	4595.51282128	4352.56410278	
4146.15384595	4153.07692287	4191.28205115	4145.64102544	4152.05128185	4159.61538441	4173.20512807	4103.9743587	4094.48717914	4163.205128	4126.79487152	4158.84615364	4597.69230846	4351.02564124	
4146.41025621	4153.07692287	4193.3333332	4144.9999998	4150.76923056	4160.12820492	4170.12820499	4102.82051255	4099.23076889	4155.51282031	4130.64102537	4162.3076921	4597.17948795	4348.97435919	
4147.56410236	4153.71794851	4199.2307691	4146.53846133	4153.205128	4161.66666646	4170.12820499	4100.25640991	4104.48717921	4159.87179467	4139.35897415	4165.25641005	4597.69230846	4348.71794893	
4147.3076921	4152.56410236	4194.61538448	4149.35897415	4157.43589723	4161.53846133	4172.05128192	4101.79487145	4098.8461535	4156.02564082	4136.53846133	4167.56410236	4588.07692378	4348.46153867	
4143.205128	4144.9999998	4186.5384614	4147.17948697	4154.23076903	4159.23076903	4169.2307691	4099.35897402	4087.94871761	4146.02564082	4122.43589716	4164.48717928	4569.23076993	4343.71794893	
4138.71794851	4146.02564082	4190.89743576	4144.35897415	4150.12820492	4155.25641005	4166.66666646	4093.46153812	4090.6410253	4160.76923056	4118.71794844	4159.74358954	4559.74359037	4338.5897438	
4138.71794851	4154.48717928	4194.87179474	4147.94871774	4155.64102544	4157.05128185	4167.05128185	4092.94871761	4095.89743555	4174.2307691	4124.61538434	4159.48717928	4559.61538524	4337.05128226	
4140.25641005	4151.92307672	4188.58974345	4148.58974339	4161.53846133	4162.56410236	4168.3333332	4094.99999966	4084.87179453	4160.76923056	4121.02564075	4157.43589723	4553.46153909	4336.28205149	
4137.69230749	4147.05128185	4187.69230756	4145.38461518	4161.53846133	4162.3076921	4169.10256397	4093.8461535	4070.6410253	4148.205128	4106.53846126	4151.66666646	4539.48718012	4333.20512842	
4132.43589716	4148.84615364	4189.2307691	4144.87179467	4160.25641005	4161.66666646	4170.76923063	4088.33333299	4065.25640984	4147.82051262	4091.79487145	4144.35897415	4522.17948774	4322.43589758	
4127.43589716	4144.74358954	4183.71794858	4141.66666646	4156.66666646	4163.84615364	4171.5384614	4086.53846119	4060.89743548	4138.97435877	4084.10256376	4138.07692287	4510.00000056	4312.43589758	
4132.17948691	4137.56410236	4181.92307679	4136.28205108	4153.71794851	4162.3076921	4170.25641012	4093.71794837	4061.410256	4133.58974332	4085.89743555	4141.66666646	4513.71794928	4318.58974373	
4140.89743569	4145.12820492	4187.94871781	4147.17948697	4157.69230749	4162.43589723	4170.89743576	4095.51282017	4072.56410222	4150.64102544	4096.53846119	4154.1025639	4522.05128261	4329.3589745	
4141.02564082	4153.71794851	4192.69230756	4159.23076903	4162.94871774	4164.74358954	4172.56410243	4087.17948684	4078.8461535	4168.07692287	4101.41025607	4158.07692287	4518.20512876	4324.87179501	
4140.12820492	4149.48717928	4190.76923063	4156.15384595	4165.89743569	4164.61538441	4171.92307679	4084.61538427	4075.51282017	4168.58974345	4096.28205094	4154.9999998	4509.7435903	4318.58974373	
4139.87179467	4145.64102544	4186.15384602	4153.58974339	4168.58974345	4165.89743569	4169.48717935	4087.82051248	4072.82051248	4162.43589723	4094.35897402	4156.66666646	4504.23076979	4319.74358989	
4138.07692287	4147.43589723	4181.79487166	4155.64102544	4167.82051262	4167.17948697	4169.87179474	4086.15384581	4068.84615343	4163.71794851	4092.17948684	4157.43589723	4493.97435946	4318.97435912	
4136.66666646	4144.23076903	4176.15384602	4152.43589723	4160.64102544	4162.82051262	4166.15384595	4083.46153812	4058.20512779	4161.53846133	4077.30769196	4152.43589723	4473.71794921	4313.4615386	
4135.89743569	4136.53846133	4171.66666653	4146.66666646	4152.82051262	4157.05128185	4157.69230749	4078.8461535	4045.89743548	4153.58974339	4057.17948677	4142.3076921	4452.30769273	4307.30769245	
4135.38461518	4137.56410236	4171.92307679	4146.41025621	4149.87179467	4158.07692287	4158.205128	4076.53846119	4037.69230728	4150.51282031	4050.5128201	4134.35897408	4443.33333375	4302.82051296	
4135.64102544	4141.92307672	4172.94871781	4149.23076903	4150.12820492	4160.89743569	4166.92307672	4080.25640991	4041.02564061	4150.12820492	4055.38461497	4135.51282031	4446.79487222	4297.94871802	
4135.89743569	4141.41025621	4171.66666653	4149.87179467	4153.07692287	4159.74358954	4171.79487166	4079.35897402	4046.28205087	4155.64102544	4058.33333292	4137.69230749	4447.56410298	4290.38461546	
4136.66666646	4141.02564082	4171.92307679	4148.84615364	4155.76923056	4158.33333313	4166.79487159	4076.28205094	4043.7179483	4159.48717928	4058.58974318	4137.3076921	4441.15384657	4289.10256418	
4141.15384595	4142.82051262	4175.25641012	4151.79487159	4151.28205108	4156.92307672	4159.23076903	4076.41025607	4042.17948677	4156.79487159	4061.92307651	4139.9999998	4438.9743594	4300.12820527	
4142.56410236	4142.56410236	4175.12820499	4152.69230749	4140.89743569	4149.61538441	4154.87179467	4071.41025607	4038.07692266	4145.51282031	4061.28205087	4140.12820492	4437.69230811	4301.28205142	
4137.69230749	4137.69230749	4170.89743576	4146.41025621	4140.25641005	4143.33333313	4152.3076921	4064.48717907	4033.71794824	4136.53846133	4058.20512779	4136.53846133	4432.69230811	4289.48717956	
4133.9743587	4136.53846133	4172.17948704	4147.17948697	4147.94871774	4149.61538441	4156.41025621	4068.07692266	4044.48717907	4138.205128	4065.76923036	4138.58974339	4436.02564145	4288.58974366	
4134.23076896	4140.76923056	4176.79487166	4150.25641005	4149.35897415	4160.12820492	4165.89743569	4079.10256376	4056.79487138	4141.79487159	4072.30769196	4140.51282031	4442.69230811	4296.79487187	
4136.15384595	4141.79487159	4174.61538448	4146.92307672	4148.205128	4163.58974339	4166.66666646	4089.61538427	4058.7179483	4143.84615364	4076.28205094	4138.71794851	4443.9743594	4294.87179495	
4134.8717946	4140.64102544	4170.64102551	4145.25641005	4148.205128	4161.41025621	4161.15384595	4090.38461504	4061.02564061	4145.51282031	4084.10256376	4143.33333313	4442.05128247	4288.58974366	
4131.66666639	4139.87179467	4171.28205115	4146.66666646	4145.25641005	4160.76923056	4161.53846133	4087.05128171	4064.6153842	4150.89743569	4086.66666632	4147.94871774	4437.30769273	4290.25641033	
4132.94871767	4138.205128	4173.3333332	4145.89743569	4141.53846133	4162.17948697	4164.87179467	4093.07692273	4067.43589702	4154.1025639	4088.58974325	4146.79487159	4441.92307734	4290.89743597	
4137.3076921	4139.61538441	4175.64102551	4147.56410236	4145.25641005	4163.205128	4166.53846133	4104.74358947	4080.6410253	4156.53846133	4102.43589709	4149.74358954	4454.10256452	4291.15384623	
4139.61538441	4142.94871774	4177.94871781	4152.3076921	4151.79487159	4165.25641005	4170.38461525	4109.99999973	4092.05128171	4157.43589723	4112.82051255	4156.79487159	4444.87179529	4294.87179495	
4138.71794851	4141.66666646	4176.79487166	4151.28205108	4151.66666646	4166.02564082	4171.79487166	4107.05128178	4088.46153812	4150.12820492	4109.48717921	4158.33333313	4417.82051317	4289.74358982	
4137.3076921	4138.84615364	4172.56410243	4148.46153826	4146.41025621	4161.92307672	4162.94871774	4098.58974325	4077.43589709	4142.94871774	4101.53846119	4150.38461518	4399.23076958	4273.97435905	
4136.92307672	4138.84615364	4170.89743576	4148.97435877	4142.69230749	4157.56410236	4155.64102544	4093.58974325	4072.82051248	4138.84615364	4098.20512786	4147.05128185	4391.53846182	4267.69230777	
4135.25640998	4138.07692287	4170.89743576	4149.23076903	4144.9999998	4157.05128185	4157.05128185	4093.33333299	4073.97435863	4137.17948697	4099.48717914	4150.76923056	4386.9230772	4270.51282059	
4131.66666639	4135.64102544	4168.58974345	4148.33333313	4146.28205108	4155.25641005	4156.02564082	4090.25640991	4072.30769196	4138.97435877	4097.94871761	4149.9999998	4381.9230772	4264.74358975	
4126.28205101	4136.41025621	4164.61538441	4147.43589723	4141.28205108	4155.12820492	4151.92307672	4088.97435863	4071.92307658	4146.66666646	4092.69230735	4145.64102544	4375.89743618	4255.64102564	
4124.99999973	4138.58974339	4163.84615364	4149.23076903	4137.17948697	4158.205128	4157.05128185	4097.94871761	4076.41025607	4151.15384595	4092.69230735	4146.02564082	4373.84615413	4255.76923077	
4132.30769203	4138.84615364	4168.58974345	4152.3076921	4140.64102544	4161.15384595	4168.46153833	4110.89743562	4084.10256376	4151.53846133	4099.87179453	4151.41025621	4379.23076951	4262.94871795	
4138.46153826	4139.87179467	4170.89743576	4153.33333313	4144.23076903	4162.3076921	4173.20512807	4116.79487152	4092.05128171	4156.28205108	4110.12820485	4155.64102544	4382.56410285	4264.10256411	
4132.05128178	4140.51282031	4168.46153833	4149.35897415	4140.12820492	4159.61538441	4168.58974345	4110.7692305	4091.28205094	4158.71794851	4108.58974332	4151.92307672	4374.74359003	4251.53846154	
4122.56410229	4137.05128185	4164.48717928	4143.71794851	4137.56410236	4155.89743569	4159.35897415	4100.89743555	4074.7435894	4143.71794851	4092.30769196	4139.48717928	4357.82051303	4237.30769231	
4123.20512793	4134.99999973	4163.97435877	4144.1025639	4137.69230749	4155.12820492	4155.38461518	4096.79487145	4063.7179483	4126.28205101	4087.30769196	4135.51282031	4347.94871816	4239.48717949	
4124.35897408	4138.46153826	4166.79487159	4145.76923056	4132.69230742	4153.84615364	4156.28205108	4090.6410253	4067.69230728	4131.28205101	4094.61538427	4141.28205108	4346.53846175	4246.02564103	
4121.02564075	4140.25641005	4166.02564082	4139.74358954	4128.20512793	4149.1025639	4154.74358954	4081.79487145	4066.15384574	4137.56410236	4086.79487145	4138.84615364	4335.76923098	4240.38461539	
4122.17948691	4139.23076903	4162.94871774	4133.33333306	4124.99999973	4146.15384595	4147.94871774	4081.41025607	4058.20512779	4126.92307665	4074.61538427	4135.64102544	4324.87179501	4235.76923077	
4121.66666639	4137.69230749	4162.94871774	4135.64102544	4119.23076896	4143.205128	4143.58974339	4081.02564068	4057.17948677	4120.89743562	4078.46153812	4138.84615364	4324.48717963	4237.05128206	
4113.33333306	4134.48717921	4162.82051262	4134.48717921	4118.20512793	4141.15384595	4146.66666646	4080.51282017	4066.15384574	4133.20512793	4088.46153812	4140.38461518	4323.4615386	4235.0	
4113.20512793	4135.89743569	4161.28205108	4129.35897408	4124.99999973	4145.25641005	4154.61538441	4090.38461504	4074.87179453	4143.58974339	4093.58974325	4140.38461518	4324.48717963	4235.25641026	
4118.58974332	4137.3076921	4160.76923056	4130.38461511	4122.17948691	4147.43589723	4156.41025621	4095.38461504	4073.07692273	4134.23076896	4091.66666632	4139.74358954	4324.23076937	4235.12820513	
4111.28205101	4129.8717946	4157.56410236	4128.20512793	4107.17948691	4141.41025621	4147.94871774	4085.38461504	4061.53846113	4116.53846126	4080.38461504	4132.30769203	4307.43589758	4226.79487173	
4102.82051255	4123.46153819	4153.46153826	4119.48717921	4101.02564068	4137.05128185	4145.64102544	4078.46153812	4054.10256369	4112.94871767	4070.89743555	4121.53846126	4287.43589751	4216.53846147	
4105.25640998	4127.43589716	4153.46153826	4121.28205101	4108.0769228	4139.1025639	4149.35897415	4080.89743555	4057.17948677	4122.94871767	4074.10256376	4120.51282024	4286.923077	4211.79487173	
4106.79487152	4129.10256383	4152.94871774	4126.66666639	4110.7692305	4138.84615364	4146.02564082	4081.41025607	4063.07692266	4122.94871767	4079.35897402	4124.61538434	4291.41025648	4210.25641019	
4102.56410229	4122.94871767	4150.12820492	4118.33333306	4106.53846126	4133.46153819	4137.43589723	4076.02564068	4061.02564061	4118.33333306	4077.30769196	4123.20512793	4281.0256411	4202.94871788	
4100.25640991	4122.17948691	4148.71794851	4116.02564075	4105.25640998	4130.64102537	4136.66666646	4069.35897395	4051.66666625	4120.25640998	4072.94871761	4115.25640998	4265.51282052	4197.69230756	
4097.56410222	4125.89743562	4150.51282031	4126.41025614	4103.33333306	4133.0769228	4141.15384595	4070.6410253	4049.48717907	4122.69230742	4075.76923043	4114.48717921	4260.51282052	4201.41025634	
4092.69230735	4119.61538434	4150.12820492	4124.10256383	4096.92307658	4134.23076896	4139.1025639	4076.02564068	4050.76923036	4120.64102537	4074.23076889	4117.69230742	4257.05128206	4203.71794865	
4089.7435894	4113.33333306	4147.17948697	4112.30769203	4092.94871761	4131.53846126	4136.41025621	4074.99999966	4046.410256	4116.53846126	4063.46153805	4111.79487152	4245.64102564	4197.4358973	
4091.79487145	4117.05128178	4145.89743569	4114.10256383	4093.33333299	4131.41025614	4137.94871774	4071.92307658	4044.48717907	4114.8717946	4060.64102523	4108.9743587	4240.76923077	4194.2307691	
4097.43589709	4119.99999973	4146.02564082	4120.64102537	4094.61538427	4132.30769203	4136.92307672	4071.28205094	4044.6153842	4119.10256383	4063.20512779	4114.99999973	4241.7948718	4198.20512807	
4098.07692273	4119.10256383	4144.23076903	4114.74358947	4093.46153812	4128.46153819	4128.71794844	4067.69230728	4039.10256369	4125.64102537	4059.6153842	4112.94871767	4236.15384616	4198.58974345	
4095.6410253	4121.79487152	4144.48717928	4112.43589716	4091.02564068	4125.38461511	4122.94871767	4061.92307651	4036.92307651	4122.94871767	4055.38461497	4107.56410229	4229.74358968	4196.41025628	
4101.41025607	4124.10256383	4150.12820492	4117.94871767	4089.7435894	4125.64102537	4124.74358947	4060.38461497	4042.17948677	4112.43589716	4056.53846113	4111.79487152	4226.53846147	4197.17948704	
4106.53846126	4122.17948691	4152.17948697	4119.61538434	4091.53846119	4124.35897408	4125.38461511	4063.07692266	4044.23076882	4110.51282024	4057.94871754	4114.8717946	4224.87179481	4199.2307691	
4103.33333306	4120.89743562	4148.58974339	4118.71794844	4094.87179453	4125.12820485	4124.23076896	4064.35897395	4040.89743548	4119.10256383	4058.07692266	4112.17948691	4223.58974352	4200.76923063	
4103.33333306	4120.89743562	4148.58974339	4118.71794844	4094.87179453	4125.12820485	4124.23076896	4064.35897395	4040.89743548	4119.10256383	4058.07692266	4112.17948691	4223.58974352	4200.76923063	
4101.66666632	4123.20512793	4149.74358954	4118.71794844	4094.87179453	4127.05128178	4124.35897408	4062.56410215	4036.79487131	4114.10256383	4053.46153805	4108.58974332	4218.4615384	4197.56410243	
4100.76923043	4123.84615357	4152.05128185	4117.56410229	4092.17948684	4122.82051255	4124.8717946	4058.7179483	4034.74358926	4099.23076889	4042.69230728	4100.76923043	4207.69230763	4189.87179474	
4096.28205094	4117.30769203	4145.64102544	4115.51282024	4089.23076889	4117.94871767	4122.69230742	4050.38461497	4028.07692259	4100.12820478	4029.99999952	4091.92307658	4199.61538448	4183.71794858	
4089.48717914	4110.12820485	4140.38461518	4111.66666639	4082.69230735	4117.56410229	4116.79487152	4039.10256369	4013.07692259	4100.89743555	4012.82051234	4084.48717914	4188.46153833	4178.07692294	
4080.51282017	4110.25640998	4142.94871774	4105.38461511	4076.92307658	4115.64102537	4113.0769228	4037.56410215	4004.23076875	4089.35897402	3998.58974304	4078.8461535	4175.12820499	4171.15384602	
4069.48717907	4108.0769228	4141.28205108	4101.79487145	4073.33333299	4112.82051255	4108.9743587	4037.94871754	4007.69230721	4082.69230735	3993.84615329	4075.12820478	4171.92307679	4166.79487159	
4056.28205087	4103.58974332	4137.56410236	4101.15384581	4068.33333292	4113.46153819	4093.97435863	4029.99999952	4005.64102516	4081.41025607	3987.69230714	4070.51282017	4166.02564082	4162.17948697	
4044.48717907	4107.82051255	4136.15384595	4101.66666632	4063.7179483	4111.92307665	4071.92307658	4021.92307644	3991.28205073	4077.56410222	3979.35897381	4062.43589702	4151.15384595	4152.56410236	
4036.66666618	4108.0769228	4129.8717946	4096.66666632	4055.5128201	4102.43589709	4049.87179446	4014.35897388	3977.17948663	4066.15384574	3967.30769169	4052.17948677	4137.69230749	4139.23076903	
4033.46153798	4099.61538427	4124.74358947	4089.23076889	4047.43589702	4096.41025607	4035.76923029	4006.92307644	3975.64102509	4054.87179446	3956.9230763	4046.15384574	4127.69230742	4132.05128178	
4035.25640977	4101.66666632	4129.23076896	4091.92307658	4048.84615343	4102.43589709	4031.2820508	4007.56410208	3983.71794817	4062.17948677	3964.48717887	4049.74358933	4126.02564075	4132.43589716	
4037.82051241	4104.23076896	4131.66666639	4096.92307658	4050.25640984	4106.02564075	4025.89743541	4012.30769183	3985.76923022	4072.69230735	3973.07692252	4054.23076882	4130.51282024	4133.46153819	
4034.74358926	4097.56410222	4129.10256383	4093.8461535	4043.97435856	4099.87179453	4016.66666618	4011.53846106	3978.71794817	4063.20512779	3963.33333271	4052.05128164	4127.05128178	4128.84615357	
4035.3846149	4098.97435863	4133.9743587	4093.8461535	4044.48717907	4097.94871761	4013.58974311	4010.64102516	3979.61538406	4057.94871754	3963.46153784	4054.99999959	4124.23076896	4127.30769203	
4041.410256	4106.79487152	4137.94871774	4099.99999966	4047.05128164	4102.17948684	4013.46153798	4013.71794824	3990.12820458	4066.02564061	3978.71794817	4060.76923036	4132.69230742	4132.30769203	
4040.38461497	4104.74358947	4134.35897408	4099.10256376	4042.94871754	4101.41025607	4008.20512772	4013.97435849	3994.35897381	4063.97435856	3978.84615329	4056.79487138	4133.0769228	4129.10256383	
4041.66666625	4102.56410229	4133.46153819	4097.17948684	4043.20512779	4100.51282017	4009.61538413	4018.20512772	3996.79487124	4057.69230728	3977.82051227	4054.74358933	4131.02564075	4127.17948691	
4048.84615343	4107.94871767	4134.10256383	4103.46153819	4049.35897395	4102.17948684	4013.97435849	4022.30769183	4000.12820458	4061.28205087	3986.1538456	4061.79487138	4133.46153819	4132.82051255	
4046.28205087	4108.0769228	4135.25640998	4106.15384588	4051.410256	4100.38461504	4011.15384567	4016.79487131	3999.23076868	4061.410256	3983.71794817	4064.10256369	4132.94871767	4130.89743562	
4041.92307651	4106.02564075	4134.8717946	4104.61538434	4049.87179446	4099.35897402	4009.23076875	4009.87179439	3996.41025586	4055.5128201	3974.74358919	4057.43589702	4129.10256383	4121.41025614	
4042.17948677	4105.7692305	4134.99999973	4101.79487145	4041.92307651	4095.25640991	4007.82051234	4008.84615336	3991.53846099	4045.38461497	3973.33333278	4049.10256369	4129.74358947	4115.38461511	
4041.410256	4106.02564075	4145.64102544	4097.05128171	4031.79487131	4086.41025607	4004.487179	4014.487179	4004.99999952	4034.10256362	3994.74358919	4050.64102523	4162.05128185	4113.84615357	
4043.33333292	4107.56410229	4154.1025639	4098.58974325	4033.84615336	4086.41025607	4006.79487131	4029.74358926	4038.46153805	4025.51282003	4029.74358926	4062.94871754	4200.89743576	4116.41025614	
4045.5128201	4106.92307665	4144.23076903	4106.02564075	4042.94871754	4093.97435863	4013.58974311	4040.25640984	4048.46153805	4025.12820465	4036.79487131	4068.97435856	4188.46153833	4121.02564075	
4042.82051241	4105.7692305	4132.56410229	4106.28205101	4048.84615343	4096.53846119	4012.05128157	4034.23076875	4024.61538413	4044.23076882	4011.92307644	4063.33333292	4144.48717928	4120.51282024	
4045.25640984	4105.25640998	4129.61538434	4104.23076896	4054.74358933	4099.87179453	4009.10256362	4029.35897388	4010.12820465	4069.23076882	3994.99999945	4061.53846113	4126.02564075	4122.30769203	
4053.46153805	4106.28205101	4127.69230742	4110.38461511	4059.35897395	4105.7692305	4013.20512772	4031.41025593	4011.15384567	4072.30769196	3992.9487174	4066.02564061	4119.48717921	4130.51282024	
4053.7179483	4107.30769203	4126.53846126	4113.0769228	4058.07692266	4103.58974332	4012.30769183	4025.64102516	3995.2564097	4066.410256	3978.97435842	4065.38461497	4098.33333299	4134.23076896	
4053.97435856	4106.28205101	4126.79487152	4110.7692305	4056.15384574	4100.12820478	4008.71794824	4017.05128157	3977.82051227	4067.43589702	3962.8205122	4060.76923036	4085.12820478	4133.84615357	
4059.10256369	4104.61538434	4123.0769228	4113.71794844	4059.87179446	4103.33333306	4007.56410208	4011.79487131	3973.33333278	4058.58974318	3956.79487117	4056.02564061	4078.46153812	4135.25640998	
4055.76923036	4105.38461511	4117.82051255	4114.35897408	4059.99999959	4104.61538434	4004.87179439	4002.0512815	3965.64102502	4049.74358933	3947.30769169	4047.82051241	4062.82051241	4132.69230742	
4050.38461497	4108.58974332	4118.71794844	4112.69230742	4055.76923036	4102.69230742	4003.71794817	3993.46153791	3956.9230763	4060.38461497	3936.41025572	4039.48717907	4045.5128201	4127.56410229	
4052.30769189	4107.82051255	4122.94871767	4118.46153819	4063.07692266	4108.33333306	4008.33333285	3997.0512815	3955.89743528	4073.07692273	3937.94871726	4039.87179446	4037.82051241	4129.10256383	
4054.35897395	4105.7692305	4118.84615357	4123.58974332	4075.38461504	4115.7692305	4010.25640977	4001.28205073	3953.07692246	4076.92307658	3936.28205059	4041.410256	4031.66666618	4133.46153819	
4052.82051241	4105.12820485	4111.02564075	4119.8717946	4072.05128171	4110.12820485	4004.87179439	3998.71794817	3942.56410194	4078.46153812	3923.71794803	4036.41025593	4018.84615336	4134.8717946	
4052.17948677	4102.30769196	4110.38461511	4113.84615357	4062.94871754	4103.71794844	4000.38461483	3994.74358919	3937.692307	4079.35897402	3919.74358905	4031.41025593	4010.3846149	4133.71794844	
4052.94871754	4101.92307658	4117.69230742	4114.23076896	4061.66666625	4106.02564075	4001.28205073	3994.74358919	3938.97435835	4070.25640991	3927.30769162	4031.02564054	4013.71794824	4130.64102537	
4057.05128164	4104.8717946	4125.25640998	4121.79487152	4064.6153842	4108.20512793	4008.71794824	4002.9487174	3950.12820451	4061.79487138	3940.51281989	4035.64102516	4028.97435849	4134.8717946	
4063.58974318	4109.35897408	4127.05128178	4130.89743562	4071.02564068	4111.53846126	4015.89743541	4014.61538413	3970.38461476	4073.97435863	3957.05128143	4045.12820472	4046.410256	4146.53846133	
4065.76923036	4112.82051255	4124.74358947	4131.41025614	4077.05128171	4119.10256383	4019.61538413	4018.71794824	3979.10256355	4091.02564068	3962.94871733	4049.6153842	4048.84615343	4150.38461518	
4060.25640984	4110.89743562	4123.20512793	4125.51282024	4076.15384581	4120.12820485	4024.10256362	4012.82051234	3967.56410194	4080.38461504	3954.35897374	4040.12820472	4034.99999952	4140.76923056	
4054.99999959	4106.41025614	4124.74358947	4122.82051255	4076.41025607	4118.58974332	4029.10256362	4011.66666618	3959.99999938	4059.48717907	3949.74358912	4032.1794867	4028.97435849	4132.30769203	
4059.23076882	4106.92307665	4125.25640998	4124.23076896	4079.7435894	4123.46153819	4033.20512772	4019.61538413	3972.82051227	4068.20512779	3959.74358912	4036.2820508	4038.97435856	4137.94871774	
4061.66666625	4108.71794844	4122.82051255	4122.69230742	4076.92307658	4123.20512793	4034.487179	4023.84615336	3980.76923022	4080.25640991	3965.89743528	4040.5128201	4044.10256369	4144.1025639	
4058.07692266	4107.94871767	4126.41025614	4121.66666639	4074.61538427	4118.33333306	4033.46153798	4023.71794824	3981.66666611	4070.6410253	3968.58974297	4044.87179446	4045.76923036	4142.17948697	
4061.15384574	4109.35897408	4131.92307665	4128.71794844	4078.46153812	4121.02564075	4032.05128157	4027.82051234	3990.2564097	4069.35897395	3977.9487174	4054.35897395	4052.05128164	4142.94871774	
4063.97435856	4108.58974332	4126.66666639	4131.79487152	4081.66666632	4123.33333306	4032.05128157	4027.56410208	3990.38461483	4083.97435863	3973.46153791	4053.58974318	4046.410256	4143.07692287	
4055.76923036	4106.41025614	4121.02564075	4121.79487152	4080.6410253	4117.30769203	4033.20512772	4018.46153798	3978.58974304	4085.51282017	3954.74358912	4042.43589702	4031.92307644	4134.61538434	
4051.92307651	4106.28205101	4124.61538434	4115.25640998	4073.97435863	4110.51282024	4033.84615336	4016.66666618	3976.92307637	4067.56410215	3953.33333271	4041.15384574	4031.2820508	4128.58974332	
4058.07692266	4105.51282024	4127.17948691	4118.58974332	4064.99999959	4107.69230742	4032.30769183	4018.07692259	3983.71794817	4062.94871754	3964.99999938	4045.89743548	4037.30769189	4128.0769228	
4059.23076882	4106.02564075	4127.17948691	4117.56410229	4059.99999959	4104.99999973	4029.61538413	4010.76923029	3980.89743535	4065.89743548	3959.99999938	4043.20512779	4032.56410208	4120.12820485	
4056.66666625	4108.0769228	4129.8717946	4114.8717946	4063.07692266	4101.53846119	4031.79487131	4011.53846106	3979.35897381	4055.64102523	3957.43589681	4042.69230728	4031.02564054	4115.7692305	
4060.76923036	4108.46153819	4129.74358947	4119.61538434	4067.30769189	4102.82051255	4038.58974318	4024.35897388	3987.9487174	4055.5128201	3972.9487174	4048.58974318	4040.12820472	4119.74358947	
4063.7179483	4107.82051255	4127.56410229	4120.12820485	4065.5128201	4107.43589716	4040.89743548	4023.07692259	3990.51281996	4064.87179446	3973.71794817	4048.58974318	4039.99999959	4115.12820485	
4059.74358933	4108.46153819	4129.10256383	4112.43589716	4061.53846113	4106.92307665	4038.07692266	4012.43589695	3982.69230714	4059.74358933	3962.30769169	4040.89743548	4031.2820508	4106.28205101	
4058.97435856	4108.71794844	4130.64102537	4112.17948691	4063.20512779	4108.58974332	4040.64102523	4019.487179	3981.92307637	4054.23076882	3966.9230763	4038.33333292	4032.94871747	4103.58974332	
4064.10256369	4109.10256383	4130.89743562	4117.56410229	4067.82051241	4112.43589716	4045.38461497	4032.43589695	3994.87179432	4064.74358933	3981.79487124	4045.64102523	4042.30769189	4107.82051255	
4064.23076882	4105.64102537	4131.15384588	4111.66666639	4063.20512779	4108.20512793	4042.82051241	4027.82051234	3999.87179432	4071.02564068	3986.1538456	4047.43589702	4041.410256	4108.9743587	
4058.07692266	4101.41025607	4129.61538434	4106.53846126	4058.84615343	4104.8717946	4044.10256369	4022.43589695	3996.1538456	4067.69230728	3984.99999945	4044.35897395	4038.07692266	4106.15384588	
4055.25640984	4104.23076896	4127.17948691	4109.61538434	4064.74358933	4107.69230742	4050.38461497	4032.05128157	4000.76923022	4065.25640984	3988.33333278	4045.38461497	4042.05128164	4103.58974332	
4058.58974318	4100.89743555	4126.28205101	4106.02564075	4067.56410215	4109.48717921	4050.38461497	4038.58974318	4008.20512772	4068.7179483	3990.12820458	4045.64102523	4040.38461497	4100.12820478	
4061.15384574	4095.12820478	4128.20512793	4104.61538434	4063.97435856	4108.0769228	4048.46153805	4034.61538413	4009.99999952	4078.58974325	3992.56410201	4045.5128201	4033.84615336	4099.99999966	
4059.35897395	4100.38461504	4129.10256383	4109.48717921	4060.38461497	4104.48717921	4049.6153842	4029.87179439	4008.97435849	4079.35897402	3994.48717894	4047.05128164	4031.92307644	4101.92307658	
4060.38461497	4105.12820485	4127.82051255	4107.94871767	4060.25640984	4099.35897402	4048.46153805	4026.79487131	4007.69230721	4074.35897402	3997.30769176	4048.33333292	4032.56410208	4104.48717921	
4064.10256369	4103.20512793	4129.10256383	4104.61538434	4059.6153842	4099.87179453	4047.56410215	4026.79487131	4008.20512772	4076.53846119	4002.69230714	4049.87179446	4031.66666618	4107.56410229	
4062.17948677	4102.17948684	4132.17948691	4105.89743562	4060.64102523	4102.69230742	4051.15384574	4031.41025593	4008.46153798	4076.53846119	4003.07692252	4051.28205087	4028.46153798	4108.33333306	
4058.97435856	4102.82051255	4133.84615357	4103.84615357	4062.30769189	4102.56410229	4054.35897395	4032.56410208	4006.79487131	4066.02564061	3996.1538456	4049.87179446	4025.3846149	4105.64102537	
4060.89743548	4102.43589709	4137.43589723	4102.56410229	4058.20512779	4103.58974332	4056.410256	4027.56410208	4007.05128157	4055.25640984	3995.89743535	4051.53846113	4026.41025593	4104.48717921	
4062.94871754	4104.61538434	4140.51282031	4105.51282024	4056.66666625	4104.23076896	4060.12820472	4027.82051234	4013.97435849	4057.56410215	4006.2820508	4055.5128201	4030.3846149	4108.9743587	
4061.66666625	4106.02564075	4141.66666646	4102.17948684	4056.66666625	4102.69230742	4064.23076882	4031.66666618	4019.99999952	4065.12820472	4011.2820508	4052.94871754	4034.35897388	4108.71794844	
4058.46153805	4102.94871767	4138.84615364	4098.46153812	4051.02564061	4098.71794837	4062.56410215	4029.99999952	4018.07692259	4060.12820472	4006.66666618	4049.35897395	4031.15384567	4101.15384581	
4055.5128201	4101.92307658	4132.30769203	4099.23076889	4046.02564061	4095.76923043	4062.30769189	4028.84615336	4015.76923029	4052.43589702	4006.66666618	4047.43589702	4021.02564054	4096.79487145	
4057.05128164	4102.56410229	4131.28205101	4101.15384581	4050.64102523	4097.43589709	4070.51282017	4037.56410215	4023.20512772	4063.7179483	4018.46153798	4050.38461497	4023.71794824	4103.58974332	
4059.99999959	4099.48717914	4135.76923056	4102.30769196	4057.69230728	4100.6410253	4076.66666632	4045.5128201	4032.43589695	4075.89743555	4026.41025593	4058.7179483	4031.66666618	4110.89743562	
4059.23076882	4096.79487145	4134.23076896	4101.66666632	4056.92307651	4100.76923043	4076.41025607	4043.97435856	4030.3846149	4064.10256369	4020.25640977	4057.56410215	4022.69230721	4108.33333306	
4060.64102523	4103.20512793	4132.05128178	4105.89743562	4057.43589702	4103.20512793	4079.35897402	4042.82051241	4031.15384567	4060.89743548	4019.487179	4054.6153842	4014.487179	4109.61538434	
4067.94871754	4110.12820485	4137.94871774	4114.74358947	4066.02564061	4109.99999973	4085.38461504	4047.30769189	4039.48717907	4082.69230735	4028.71794824	4062.69230728	4019.74358926	4118.9743587	
4074.48717914	4107.82051255	4141.15384595	4118.71794844	4072.69230735	4111.66666639	4085.51282017	4049.10256369	4042.17948677	4092.56410222	4029.99999952	4071.53846119	4021.02564054	4121.66666639	
4072.05128171	4106.02564075	4134.74358947	4116.41025614	4069.10256369	4109.48717921	4085.25640991	4046.53846113	4038.33333292	4084.87179453	4023.58974311	4071.02564068	4011.2820508	4118.33333306	
4069.10256369	4106.92307665	4131.79487152	4114.10256383	4066.79487138	4110.89743562	4087.17948684	4045.89743548	4031.41025593	4085.38461504	4020.25640977	4069.10256369	4001.02564047	4119.48717921	
4072.17948684	4106.92307665	4133.33333306	4113.9743587	4070.76923043	4111.02564075	4085.76923043	4044.35897395	4025.12820465	4087.94871761	4016.02564054	4067.82051241	3992.9487174	4117.56410229	
4067.82051241	4107.30769203	4128.20512793	4112.17948691	4069.35897395	4106.02564075	4084.10256376	4035.89743541	4016.15384567	4083.71794837	4005.12820465	4059.99999959	3983.58974304	4107.17948691	
4058.84615343	4105.38461511	4123.46153819	4108.9743587	4067.05128164	4104.35897408	4084.99999966	4028.07692259	4004.74358926	4080.25640991	3990.64102509	4052.05128164	3972.82051227	4098.58974325	
4066.410256	4104.74358947	4130.7692305	4111.15384588	4071.41025607	4110.12820485	4090.89743555	4034.487179	4005.12820465	4077.17948684	3989.99999945	4053.58974318	3972.9487174	4100.76923043	
4077.69230735	4106.79487152	4135.89743569	4116.66666639	4074.48717914	4114.99999973	4098.97435863	4049.10256369	4024.10256362	4083.33333299	4007.82051234	4062.43589702	3988.97435842	4110.38461511	
4073.8461535	4107.30769203	4134.99999973	4114.74358947	4073.07692273	4113.33333306	4103.9743587	4056.02564061	4039.48717907	4089.35897402	4023.46153798	4068.58974318	4005.3846149	4111.92307665	
4070.38461504	4106.79487152	4139.74358954	4110.89743562	4070.51282017	4111.15384588	4103.46153819	4058.46153805	4048.33333292	4082.30769196	4038.46153805	4070.6410253	4024.35897388	4109.61538434	
4076.41025607	4109.74358947	4145.25641005	4118.46153819	4072.82051248	4114.99999973	4106.92307665	4068.84615343	4068.97435856	4090.12820478	4064.48717907	4079.7435894	4046.02564061	4115.12820485	
4081.92307658	4111.66666639	4145.38461518	4126.28205101	4083.71794837	4121.92307665	4118.46153819	4083.71794837	4083.8461535	4109.10256383	4077.43589709	4090.6410253	4045.5128201	4122.17948691	
4083.97435863	4109.61538434	4142.17948697	4123.20512793	4088.33333299	4123.58974332	4117.94871767	4082.94871761	4075.38461504	4111.02564075	4063.46153805	4090.38461504	4023.58974311	4123.71794844	
4086.92307658	4108.71794844	4136.92307672	4119.8717946	4083.8461535	4121.02564075	4107.82051255	4070.38461504	4065.5128201	4108.84615357	4051.15384574	4085.51282017	4010.51282003	4124.74358947	
4091.02564068	4110.12820485	4138.33333313	4128.0769228	4085.12820478	4121.28205101	4109.8717946	4071.02564068	4068.7179483	4115.25640998	4058.97435856	4092.82051248	4016.41025593	4123.58974332	
4093.20512786	4115.38461511	4150.76923056	4136.02564082	4088.58974325	4121.92307665	4117.30769203	4083.33333299	4078.97435863	4121.66666639	4074.48717914	4105.38461511	4031.66666618	4119.48717921	
4097.82051248	4121.15384588	4157.56410236	4134.74358947	4086.92307658	4123.84615357	4118.84615357	4089.48717914	4095.25640991	4124.35897408	4091.28205094	4114.48717921	4048.20512779	4125.38461511	
4104.35897408	4119.8717946	4152.94871774	4137.69230749	4086.28205094	4123.58974332	4117.05128178	4086.28205094	4102.94871767	4126.66666639	4097.82051248	4123.33333306	4048.46153805	4133.9743587	
4105.7692305	4117.82051255	4148.84615364	4144.1025639	4087.43589709	4118.84615357	4113.71794844	4079.48717914	4086.41025607	4127.82051255	4085.6410253	4121.79487152	4028.20512772	4128.9743587	
4102.05128171	4120.12820485	4147.94871774	4139.9999998	4086.79487145	4117.56410229	4113.20512793	4073.8461535	4069.6153842	4129.8717946	4071.66666632	4112.30769203	4010.76923029	4120.7692305	
4101.92307658	4120.64102537	4148.71794851	4137.05128185	4087.17948684	4121.15384588	4115.51282024	4073.33333299	4070.25640991	4126.92307665	4070.25640991	4113.0769228	4009.61538413	4119.74358947	
4104.8717946	4119.99999973	4153.33333313	4145.76923056	4087.82051248	4120.64102537	4115.38461511	4072.82051248	4071.41025607	4123.33333306	4077.30769196	4119.35897408	4014.35897388	4123.33333306	
4109.23076896	4122.94871767	4156.92307672	4153.33333313	4091.41025607	4118.20512793	4117.30769203	4072.56410222	4072.69230735	4130.51282024	4085.12820478	4127.43589716	4015.64102516	4132.30769203	
4111.92307665	4123.58974332	4157.17948697	4154.23076903	4094.10256376	4119.23076896	4121.15384588	4076.92307658	4080.6410253	4137.3076921	4089.35897402	4139.1025639	4016.79487131	4137.94871774	
4106.41025614	4122.17948691	4157.69230749	4155.25641005	4090.76923043	4117.05128178	4118.84615357	4078.46153812	4081.53846119	4138.84615364	4088.58974325	4142.17948697	4018.46153798	4132.56410229	
4107.94871767	4123.33333306	4157.82051262	4158.07692287	4091.02564068	4116.15384588	4117.69230742	4076.66666632	4073.46153812	4134.48717921	4087.43589709	4138.71794851	4013.97435849	4131.92307665	
4118.58974332	4124.74358947	4159.9999998	4163.58974339	4096.02564068	4119.48717921	4122.30769203	4075.89743555	4070.25640991	4125.7692305	4089.23076889	4145.89743569	4006.66666618	4140.38461518	
4119.61538434	4125.38461511	4164.61538441	4169.61538448	4094.23076889	4119.35897408	4122.82051255	4073.8461535	4074.48717914	4123.71794844	4094.23076889	4154.35897415	4006.41025593	4141.53846133	
4111.02564075	4123.33333306	4161.79487159	4166.53846133	4088.8461535	4111.41025614	4114.8717946	4064.10256369	4065.5128201	4119.99999973	4084.99999966	4146.66666646	3999.61538406	4131.15384588	
4106.92307665	4117.43589716	4151.02564082	4156.53846133	4094.87179453	4106.28205101	4110.25640998	4051.53846113	4044.74358933	4113.58974332	4059.23076882	4132.56410229	3979.10256355	4116.92307665	
4107.30769203	4115.89743562	4148.205128	4154.48717928	4097.56410222	4109.99999973	4114.10256383	4050.12820472	4038.97435856	4110.89743562	4052.17948677	4124.99999973	3971.28205073	4111.02564075	
4111.02564075	4119.99999973	4153.97435877	4162.56410236	4084.23076889	4113.33333306	4116.66666639	4060.25640984	4045.76923036	4106.28205101	4068.7179483	4132.82051255	3978.84615329	4125.89743562	
4118.84615357	4120.12820485	4152.43589723	4164.87179467	4084.87179453	4119.61538434	4123.84615357	4068.58974318	4047.43589702	4107.17948691	4069.99999966	4139.35897415	3976.53846099	4139.48717928	
4120.51282024	4117.30769203	4146.15384595	4158.97435877	4104.74358947	4129.23076896	4134.61538434	4063.97435856	4040.12820472	4133.33333306	4053.46153805	4127.69230742	3965.89743528	4127.05128178	
4118.58974332	4118.71794844	4142.43589723	4162.69230749	4117.43589716	4136.41025621	4138.84615364	4064.99999959	4043.7179483	4149.87179467	4052.69230728	4122.43589716	3962.17948656	4120.64102537	
4124.8717946	4123.0769228	4136.79487159	4171.5384614	4127.56410229	4143.33333313	4144.87179467	4082.17948684	4053.33333292	4145.89743569	4060.12820472	4136.28205108	3959.99999938	4139.74358954	
4134.35897408	4123.46153819	4132.56410229	4175.51282038	4146.28205108	4153.71794851	4156.79487159	4090.12820478	4046.53846113	4170.51282038	4049.23076882	4141.15384595	3946.28205066	4148.58974339	
4139.1025639	4123.46153819	4135.64102544	4182.82051269	4156.92307672	4162.43589723	4163.84615364	4083.8461535	4034.487179	4192.69230756	4041.02564061	4135.25640998	3933.71794803	4142.3076921	
4140.51282031	4131.15384588	4141.15384595	4191.79487166	4150.51282031	4163.07692287	4162.94871774	4088.58974325	4040.12820472	4160.64102544	4055.5128201	4141.53846133	3943.07692246	4148.205128	
4140.76923056	4135.51282031	4141.41025621	4196.28205115	4146.28205108	4161.53846133	4162.56410236	4103.46153819	4053.7179483	4142.56410236	4066.66666625	4149.1025639	3958.33333271	4155.89743569	
4142.69230749	4132.82051255	4136.92307672	4201.79487173	4158.84615364	4167.17948697	4162.17948697	4102.43589709	4047.69230728	4178.84615371	4053.58974318	4145.64102544	3943.58974297	4152.94871774	
4148.46153826	4134.10256383	4135.51282031	4208.84615378	4174.48717935	4176.28205115	4164.48717928	4088.58974325	4028.97435849	4200.76923063	4037.94871754	4142.43589723	3916.41025572	4154.1025639	
4150.12820492	4134.74358947	4139.48717928	4207.82051275	4169.2307691	4172.17948704	4166.41025621	4084.61538427	4018.71794824	4179.2307691	4034.99999952	4141.66666646	3915.12820444	4157.56410236	
4145.38461518	4131.02564075	4143.07692287	4206.28205122	4154.48717928	4161.66666646	4166.15384595	4087.69230735	4011.66666618	4162.17948697	4029.61538413	4137.69230749	3922.05128136	4154.35897415	
4148.33333313	4134.8717946	4147.05128185	4209.87179481	4154.74358954	4164.23076903	4167.69230749	4090.12820478	4006.02564054	4160.38461518	4025.64102516	4139.35897415	3924.4871788	4160.64102544	
4157.3076921	4141.41025621	4153.58974339	4215.38461532	4161.79487159	4171.41025628	4169.87179474	4096.53846119	4014.87179439	4164.23076903	4038.07692266	4151.92307672	3940.38461476	4171.5384614	
4157.43589723	4140.76923056	4154.9999998	4218.58974352	4166.66666646	4170.38461525	4173.71794858	4102.69230742	4033.84615336	4181.15384602	4053.58974318	4157.82051262	3958.07692246	4168.20512807	
4153.07692287	4136.02564082	4151.28205108	4216.15384609	4165.51282031	4164.61538441	4172.4358973	4096.15384581	4033.46153798	4178.58974345	4051.410256	4154.74358954	3955.25640963	4163.84615364	
4151.92307672	4133.20512793	4148.46153826	4216.28205122	4157.17948697	4160.38461518	4168.58974345	4086.53846119	4021.2820508	4154.48717928	4043.33333292	4152.17948697	3945.38461476	4162.82051262	
4150.76923056	4134.23076896	4144.74358954	4217.30769224	4155.51282031	4161.53846133	4169.35897422	4090.38461504	4027.43589695	4164.1025639	4046.79487138	4150.89743569	3945.64102502	4159.87179467	
4151.15384595	4134.99999973	4140.89743569	4214.61538455	4162.56410236	4167.56410236	4176.5384614	4098.97435863	4033.33333285	4188.84615371	4045.25640984	4152.3076921	3939.48717887	4169.99999986	
4154.35897415	4135.38461518	4142.43589723	4214.87179481	4164.61538441	4172.94871781	4184.74358961	4102.43589709	4026.02564054	4178.3333332	4041.410256	4153.71794851	3931.7948711	4184.61538448	
4154.9999998	4137.94871774	4146.02564082	4218.07692301	4161.15384595	4174.35897422	4186.15384602	4102.94871767	4028.97435849	4158.46153826	4043.46153805	4143.84615364	3935.38461469	4174.99999986	
4149.87179467	4136.79487159	4146.28205108	4213.71794865	4164.1025639	4175.12820499	4186.41025628	4105.12820485	4043.33333292	4169.99999986	4051.92307651	4134.8717946	3943.58974297	4161.02564082	
4143.71794851	4132.94871767	4149.1025639	4205.25641019	4163.97435877	4174.2307691	4185.76923063	4105.89743562	4045.76923036	4178.97435884	4063.97435856	4138.205128	3953.20512758	4164.87179467	
4139.48717928	4131.53846126	4150.38461518	4205.89743583	4156.41025621	4172.69230756	4182.56410243	4102.17948684	4041.53846113	4175.12820499	4069.23076882	4137.94871774	3962.05128143	4160.76923056	
4138.97435877	4132.69230742	4148.71794851	4208.07692301	4154.74358954	4172.82051269	4182.82051269	4106.15384588	4052.56410215	4177.05128192	4076.41025607	4135.38461518	3969.48717887	4155.76923056	
4141.02564082	4134.48717921	4152.17948697	4205.38461532	4154.9999998	4172.4358973	4185.76923063	4115.38461511	4064.10256369	4159.35897415	4084.61538427	4139.74358954	3971.92307637	4167.3076921	
4140.38461518	4137.43589723	4156.79487159	4203.4615384	4152.17948697	4169.87179474	4185.38461525	4111.66666639	4070.38461504	4153.84615364	4091.79487145	4140.12820492	3979.61538406	4169.2307691	
4136.41025621	4135.64102544	4156.15384595	4201.41025634	4148.205128	4165.25641005	4183.97435884	4103.71794844	4079.61538427	4185.38461525	4103.46153819	4138.84615364	3990.51281996	4158.97435877	
4134.99999973	4129.61538434	4155.12820492	4197.82051269	4145.64102544	4160.64102544	4183.97435884	4109.74358947	4078.46153812	4173.46153833	4104.35897408	4143.71794851	3987.43589688	4166.28205108	
4136.53846133	4130.12820485	4160.12820492	4196.15384602	4144.61538441	4159.35897415	4184.2307691	4113.9743587	4072.05128171	4135.76923056	4098.71794837	4145.25641005	3986.53846099	4181.02564089	
4136.15384595	4135.51282031	4162.05128185	4194.35897422	4141.28205108	4157.3076921	4185.25641012	4105.64102537	4079.23076889	4162.94871774	4106.41025614	4140.51282031	3997.30769176	4175.12820499	
4133.46153819	4137.43589723	4161.15384595	4194.61538448	4143.71794851	4158.97435877	4184.35897422	4099.23076889	4083.46153812	4193.58974345	4110.51282024	4136.79487159	3997.43589688	4163.46153826	
4133.46153819	4135.76923056	4168.07692287	4200.64102551	4150.64102544	4169.35897422	4184.35897422	4102.30769196	4074.99999966	4143.07692287	4100.25640991	4137.17948697	3990.76923022	4167.43589723	
4136.41025621	4139.23076903	4172.69230756	4201.92307686	4149.9999998	4173.84615371	4187.69230756	4110.89743562	4085.25640991	4125.12820485	4110.51282024	4143.58974339	4002.9487174	4176.28205115	
4137.17948697	4142.17948697	4170.12820499	4196.02564089	4142.56410236	4165.51282031	4188.97435884	4112.43589716	4106.92307665	4177.94871781	4132.94871767	4148.58974339	4019.23076875	4175.38461525	
4136.79487159	4137.3076921	4172.94871781	4191.92307679	4139.87179467	4157.3076921	4185.89743576	4114.48717921	4107.94871767	4172.17948704	4136.66666646	4146.92307672	4022.82051234	4169.2307691	
4139.61538441	4137.82051262	4178.3333332	4196.02564089	4143.33333313	4161.02564082	4184.35897422	4123.33333306	4104.23076896	4135.12820485	4143.97435877	4150.89743569	4029.87179439	4176.28205115	
4141.15384595	4146.02564082	4176.66666653	4202.69230763	4149.74358954	4171.15384602	4188.46153833	4123.9743587	4115.38461511	4161.28205108	4159.35897415	4160.76923056	4039.6153842	4186.28205115	
4137.94871774	4148.58974339	4176.28205115	4202.17948711	4153.84615364	4171.66666653	4189.87179474	4116.41025614	4119.74358947	4183.20512807	4156.79487159	4157.05128185	4036.53846106	4175.64102551	
4135.89743569	4142.05128185	4175.76923063	4194.10256397	4148.71794851	4162.17948697	4184.2307691	4113.20512793	4107.82051255	4137.56410236	4141.79487159	4147.43589723	4022.1794867	4163.97435877	
4138.33333313	4138.58974339	4170.51282038	4191.41025628	4144.61538441	4161.79487159	4184.87179474	4112.69230742	4102.69230742	4114.10256383	4137.17948697	4153.84615364	4017.69230721	4176.28205115	
4138.71794851	4141.92307672	4172.17948704	4198.07692294	4148.33333313	4171.92307679	4191.41025628	4106.92307665	4108.0769228	4156.92307672	4141.28205108	4159.9999998	4024.61538413	4182.05128192	
4141.28205108	4145.76923056	4179.10256397	4200.25641012	4151.53846133	4173.71794858	4191.5384614	4105.64102537	4114.23076896	4192.56410243	4144.23076903	4153.205128	4028.07692259	4167.3076921	
4151.79487159	4145.64102544	4181.5384614	4197.56410243	4152.82051262	4171.28205115	4192.94871781	4123.58974332	4113.84615357	4141.28205108	4149.74358954	4160.89743569	4032.05128157	4179.87179474	
4153.71794851	4141.53846133	4182.17948704	4193.58974345	4151.79487159	4173.46153833	4200.76923063	4136.41025621	4116.92307665	4091.15384581	4156.66666646	4173.71794858	4043.7179483	4198.97435884	
4142.94871774	4144.35897415	4186.02564089	4190.89743576	4147.3076921	4175.64102551	4202.05128199	4129.35897408	4133.0769228	4129.35897408	4162.17948697	4163.33333313	4060.64102523	4181.5384614	
4136.28205108	4148.58974339	4186.66666653	4186.5384614	4142.17948697	4173.58974345	4198.58974345	4128.84615357	4143.71794851	4151.92307672	4168.46153833	4149.35897415	4073.33333299	4158.97435877	
4140.89743569	4145.51282031	4187.69230756	4183.20512807	4140.76923056	4168.58974345	4199.87179474	4146.66666646	4155.12820492	4129.99999973	4196.79487166	4166.28205108	4094.23076889	4172.17948704	
4145.38461518	4147.82051262	4193.20512807	4188.20512807	4146.28205108	4170.51282038	4204.74358968	4160.76923056	4177.4358973	4139.74358954	4223.84615378	4188.97435884	4114.99999973	4191.41025628	
4147.69230749	4154.1025639	4188.97435884	4191.5384614	4156.53846133	4176.41025628	4206.41025634	4159.87179467	4183.97435884	4171.28205115	4210.12820506	4181.79487166	4101.53846119	4182.56410243	
4151.41025621	4152.94871774	4180.38461525	4193.3333332	4165.76923056	4179.99999986	4206.02564096	4154.48717928	4168.07692287	4179.2307691	4187.05128192	4169.99999986	4074.10256376	4172.82051269	
4155.12820492	4155.51282031	4186.79487166	4200.51282038	4171.66666653	4184.61538448	4207.30769224	4144.9999998	4163.97435877	4207.05128199	4195.38461525	4179.61538448	4077.94871761	4183.97435884	
4158.84615364	4159.74358954	4198.58974345	4202.17948711	4169.74358961	4186.28205115	4208.4615384	4149.35897415	4176.02564089	4201.92307686	4211.92307686	4193.84615371	4102.05128171	4200.25641012	
4154.35897415	4155.89743569	4197.94871781	4196.79487166	4162.56410236	4182.56410243	4210.51282045	4166.02564082	4180.38461525	4123.46153819	4212.30769224	4187.94871781	4108.33333306	4191.66666653	
4149.48717928	4155.12820492	4191.15384602	4194.87179474	4162.3076921	4184.61538448	4211.92307686	4169.2307691	4181.5384614	4107.69230742	4214.61538455	4181.5384614	4103.71794844	4180.89743576	
4151.28205108	4156.92307672	4187.94871781	4195.12820499	4168.58974345	4191.41025628	4209.87179481	4157.94871774	4181.15384602	4169.10256397	4213.4615384	4187.4358973	4096.15384581	4185.38461525	
4148.33333313	4156.02564082	4184.99999986	4195.64102551	4170.89743576	4190.64102551	4206.02564096	4149.35897415	4169.35897422	4195.12820499	4198.46153833	4185.25641012	4078.58974325	4177.69230756	
4139.48717928	4155.51282031	4179.74358961	4195.76923063	4169.48717935	4191.02564089	4203.97435891	4148.71794851	4151.15384595	4169.87179474	4180.51282038	4172.30769217	4058.97435856	4163.84615364	
4133.46153819	4152.05128185	4177.4358973	4189.35897422	4170.76923063	4194.61538448	4203.58974352	4139.61538441	4139.61538441	4171.41025628	4170.51282038	4163.46153826	4046.02564061	4159.74358954	
4139.48717928	4150.89743569	4179.10256397	4185.38461525	4169.74358961	4190.25641012	4200.51282038	4131.53846126	4134.48717921	4174.10256397	4166.41025621	4163.97435877	4036.53846106	4161.15384595	
4145.25641005	4153.71794851	4175.89743576	4187.4358973	4166.28205108	4185.51282038	4200.12820499	4132.43589716	4117.82051255	4136.53846133	4145.76923056	4157.82051262	4016.2820508	4155.25641005	
4138.84615364	4151.92307672	4169.61538448	4188.84615371	4171.79487166	4191.92307679	4206.92307686	4130.64102537	4108.46153819	4135.76923056	4128.0769228	4144.9999998	4003.84615329	4144.74358954	
4137.69230749	4151.02564082	4174.10256397	4191.66666653	4181.02564089	4199.35897422	4211.79487173	4128.33333306	4119.10256383	4180.64102551	4137.05128185	4147.3076921	4012.05128157	4143.205128	
4151.41025621	4155.51282031	4181.28205115	4193.58974345	4183.20512807	4196.92307679	4210.38461532	4130.89743562	4124.61538434	4201.92307686	4150.12820492	4164.35897415	4020.25640977	4158.07692287	
4159.35897415	4155.89743569	4179.74358961	4195.38461525	4184.61538448	4199.87179474	4213.33333327	4141.53846133	4126.66666639	4191.41025628	4151.53846133	4173.58974345	4023.46153798	4167.17948697	
4156.79487159	4160.38461518	4180.51282038	4201.15384609	4190.12820499	4210.89743583	4220.51282045	4152.3076921	4135.25640998	4193.07692294	4153.46153826	4169.61538448	4028.33333285	4154.1025639	
4163.46153826	4167.69230749	4183.3333332	4205.38461532	4195.64102551	4213.33333327	4222.43589737	4150.12820492	4144.87179467	4211.41025634	4161.92307672	4171.79487166	4034.87179439	4152.56410236	
4169.99999986	4162.17948697	4181.5384614	4204.87179481	4196.66666653	4210.64102558	4221.15384609	4145.64102544	4148.46153826	4226.02564096	4169.10256397	4182.56410243	4038.84615343	4164.74358954	
4169.2307691	4154.87179467	4180.51282038	4206.53846147	4195.89743576	4211.6666666	4221.53846147	4157.94871774	4150.76923056	4210.25641019	4173.3333332	4189.61538448	4042.56410215	4169.10256397	
4168.58974345	4156.92307672	4180.12820499	4207.69230763	4196.28205115	4208.84615378	4220.89743583	4161.02564082	4146.53846133	4186.15384602	4167.82051262	4183.71794858	4038.46153805	4165.25641005	
4165.51282031	4158.46153826	4177.4358973	4204.10256404	4193.97435884	4204.99999993	4217.82051275	4146.53846133	4136.66666646	4192.4358973	4156.02564082	4170.89743576	4028.58974311	4156.15384595	
4165.38461518	4156.28205108	4178.07692294	4204.35897429	4192.30769217	4209.99999993	4216.53846147	4144.9999998	4135.89743569	4216.41025634	4159.1025639	4167.56410236	4028.33333285	4148.71794851	
4169.35897422	4156.28205108	4182.30769217	4208.4615384	4194.87179474	4213.07692301	4219.61538455	4151.41025621	4141.28205108	4218.20512814	4172.05128192	4175.64102551	4035.25640977	4155.51282031	
4168.58974345	4160.51282031	4182.69230756	4208.58974352	4196.02564089	4209.35897429	4221.15384609	4147.05128185	4141.53846133	4205.38461532	4171.92307679	4174.87179474	4036.53846106	4162.69230749	
4167.56410236	4162.94871774	4182.17948704	4209.10256404	4193.71794858	4209.35897429	4217.5641025	4144.23076903	4135.64102544	4206.53846147	4166.15384595	4168.97435884	4028.58974311	4160.12820492	
4169.2307691	4164.48717928	4182.69230756	4210.7692307	4192.69230756	4212.5641025	4216.92307686	4147.05128185	4135.76923056	4209.35897429	4168.84615371	4169.74358961	4025.3846149	4160.12820492	
4166.02564082	4162.56410236	4183.46153833	4204.48717942	4190.89743576	4208.33333327	4217.94871788	4145.25641005	4139.61538441	4209.61538455	4170.51282038	4169.61538448	4030.89743541	4161.15384595	
4163.71794851	4158.71794851	4184.48717935	4197.30769217	4188.58974345	4202.5641025	4217.30769224	4144.23076903	4134.10256383	4207.43589737	4167.82051262	4167.56410236	4030.3846149	4159.9999998	
4169.35897422	4159.87179467	4185.38461525	4197.30769217	4190.38461525	4204.87179481	4219.35897429	4146.66666646	4128.84615357	4202.17948711	4166.53846133	4168.3333332	4023.46153798	4160.25641005	
4168.97435884	4160.89743569	4184.2307691	4197.17948704	4189.61538448	4208.20512814	4218.84615378	4146.02564082	4132.82051255	4207.94871788	4165.89743569	4168.97435884	4020.76923029	4159.61538441	
4160.64102544	4157.82051262	4180.25641012	4193.07692294	4189.2307691	4204.99999993	4215.7692307	4145.64102544	4135.38461518	4216.15384609	4167.17948697	4169.74358961	4020.51282003	4161.28205108	
4159.74358954	4156.79487159	4179.74358961	4192.4358973	4191.79487166	4201.92307686	4219.99999993	4148.84615364	4133.33333306	4218.20512814	4168.20512807	4172.4358973	4016.2820508	4161.28205108	
4166.92307672	4158.205128	4181.02564089	4194.10256397	4191.02564089	4202.30769224	4224.10256404	4150.64102544	4134.35897408	4218.07692301	4168.84615371	4172.69230756	4015.3846149	4160.89743569	
4168.3333332	4158.07692287	4177.30769217	4192.82051269	4187.94871781	4200.25641012	4218.20512814	4147.69230749	4131.66666639	4221.28205122	4168.58974345	4171.5384614	4012.43589695	4164.35897415	
4166.15384595	4161.66666646	4175.76923063	4193.84615371	4190.25641012	4200.64102551	4221.02564096	4145.76923056	4128.0769228	4223.07692301	4166.02564082	4172.30769217	4005.25640977	4168.3333332	
4169.61538448	4162.56410236	4178.07692294	4196.5384614	4197.82051269	4204.87179481	4227.94871788	4147.94871774	4132.56410229	4225.12820506	4168.46153833	4173.71794858	4007.1794867	4171.92307679	
4167.56410236	4154.1025639	4176.5384614	4192.30769217	4194.87179474	4203.71794865	4222.17948711	4145.38461518	4134.10256383	4224.87179481	4170.25641012	4171.79487166	4010.12820465	4169.74358961	
4161.02564082	4152.3076921	4175.51282038	4190.64102551	4187.17948704	4199.48717935	4220.25641019	4142.69230749	4129.48717921	4210.7692307	4165.76923056	4166.92307672	4005.25640977	4164.87179467	
4166.02564082	4161.92307672	4180.89743576	4199.2307691	4193.84615371	4202.69230763	4226.79487173	4149.74358954	4141.41025621	4216.92307686	4176.41025628	4171.02564089	4012.82051234	4172.30769217	
4171.66666653	4163.97435877	4183.07692294	4201.41025634	4200.51282038	4206.41025634	4228.07692301	4155.12820492	4156.79487159	4241.02564103	4191.92307679	4177.69230756	4025.51282003	4177.69230756	
4169.10256397	4157.94871774	4178.3333332	4194.99999986	4196.15384602	4204.74358968	4224.23076917	4152.05128185	4148.71794851	4228.71794865	4180.89743576	4173.71794858	4016.41025593	4170.25641012	
4166.66666646	4160.89743569	4176.15384602	4194.87179474	4197.30769217	4205.89743583	4224.87179481	4148.84615364	4137.82051262	4208.84615378	4169.10256397	4169.10256397	4006.2820508	4168.97435884	
4162.17948697	4162.69230749	4174.74358961	4193.84615371	4202.5641025	4207.05128199	4224.10256404	4148.58974339	4140.89743569	4223.07692301	4174.35897422	4169.99999986	4007.30769183	4172.05128192	
4159.1025639	4157.43589723	4170.89743576	4188.84615371	4200.64102551	4206.28205122	4220.7692307	4147.56410236	4143.58974339	4235.38461539	4171.66666653	4169.35897422	4003.71794817	4167.94871774	
4166.41025621	4157.82051262	4171.15384602	4187.17948704	4197.30769217	4206.28205122	4219.87179481	4147.17948697	4139.23076903	4225.51282045	4165.76923056	4169.61538448	4001.41025586	4167.94871774	
4167.56410236	4157.82051262	4170.76923063	4181.79487166	4192.4358973	4204.87179481	4223.07692301	4148.46153826	4135.64102544	4209.99999993	4164.1025639	4167.69230749	4001.1538456	4169.99999986	
4164.87179467	4156.28205108	4170.76923063	4176.79487166	4189.2307691	4205.7692307	4230.12820506	4148.84615364	4135.76923056	4207.05128199	4160.12820492	4163.84615364	4002.0512815	4169.74358961	
4175.38461525	4166.66666646	4176.66666653	4184.74358961	4195.25641012	4209.10256404	4231.02564096	4147.82051262	4147.3076921	4219.23076917	4169.2307691	4173.07692294	4015.76923029	4174.99999986	
4184.10256397	4172.82051269	4179.48717935	4190.76923063	4202.82051275	4210.25641019	4230.25641019	4151.79487159	4164.1025639	4230.89743583	4191.02564089	4186.41025628	4030.64102516	4179.99999986	
4181.92307679	4167.3076921	4179.2307691	4188.84615371	4208.4615384	4214.35897429	4238.71794872	4160.51282031	4173.07692294	4231.53846147	4204.35897429	4191.15384602	4036.53846106	4183.71794858	
4182.69230756	4170.12820499	4182.82051269	4191.15384602	4214.35897429	4222.69230763	4247.82051282	4167.3076921	4179.61538448	4231.92307686	4209.74358968	4193.58974345	4046.410256	4190.38461525	
4184.74358961	4172.94871781	4182.94871781	4194.87179474	4213.07692301	4223.58974352	4245.0	4166.79487159	4178.84615371	4231.02564096	4209.87179481	4194.87179474	4042.43589702	4193.58974345	
4184.87179474	4168.84615371	4178.20512807	4196.15384602	4212.05128199	4220.89743583	4240.25641026	4163.07692287	4167.56410236	4231.6666666	4202.17948711	4191.5384614	4019.61538413	4195.76923063	
4183.46153833	4168.58974345	4181.02564089	4195.25641012	4217.30769224	4223.84615378	4245.51282052	4163.33333313	4164.48717928	4240.51282052	4196.79487166	4188.71794858	4018.33333285	4197.4358973	
4181.41025628	4170.89743576	4189.48717935	4191.92307679	4212.17948711	4224.74358968	4250.0	4170.76923063	4175.51282038	4233.97435898	4206.53846147	4190.51282038	4044.48717907	4196.79487166	
4184.35897422	4172.17948704	4195.51282038	4192.17948704	4204.48717942	4223.58974352	4251.02564103	4184.87179474	4194.2307691	4218.07692301	4232.43589737	4197.17948704	4072.17948684	4202.5641025	
4189.74358961	4171.41025628	4200.12820499	4194.10256397	4209.61538455	4224.48717942	4253.07692308	4193.71794858	4213.84615378	4221.41025634	4253.07692308	4208.97435891	4091.79487145	4211.41025634	
4187.05128192	4168.71794858	4200.89743576	4192.69230756	4212.69230763	4223.33333327	4251.02564103	4194.10256397	4222.82051275	4230.89743583	4252.43589744	4218.20512814	4097.69230735	4215.25641019	
4185.89743576	4168.71794858	4196.41025628	4192.05128192	4209.74358968	4222.17948711	4248.20512821	4191.15384602	4216.15384609	4234.23076923	4245.25641026	4214.48717942	4089.35897402	4218.97435891	
4193.46153833	4171.5384614	4194.48717935	4194.48717935	4211.41025634	4223.20512814	4248.97435898	4186.5384614	4207.69230763	4232.94871788	4245.51282052	4207.30769224	4081.79487145	4221.6666666	
4193.46153833	4172.17948704	4198.20512807	4193.84615371	4208.71794865	4221.6666666	4247.82051282	4181.5384614	4207.17948711	4231.02564096	4241.66666667	4206.92307686	4079.7435894	4219.35897429	
4186.92307679	4171.5384614	4199.87179474	4190.89743576	4201.92307686	4219.99999993	4246.28205129	4179.2307691	4207.82051275	4231.15384609	4235.64102564	4206.92307686	4077.69230735	4216.28205122	
4184.48717935	4171.66666653	4199.99999986	4191.02564089	4207.82051275	4222.82051275	4245.25641026	4181.28205115	4208.97435891	4230.38461532	4239.10256411	4206.15384609	4080.76923043	4216.41025634	
4189.2307691	4172.56410243	4206.02564096	4192.82051269	4218.97435891	4225.7692307	4245.51282052	4183.46153833	4217.05128199	4233.84615385	4249.61538462	4210.12820506	4090.51282017	4221.02564096	
4195.51282038	4174.2307691	4210.89743583	4194.10256397	4219.10256404	4226.02564096	4247.94871795	4188.07692294	4228.33333327	4232.82051275	4258.07692308	4212.05128199	4096.53846119	4226.79487173	
4193.07692294	4172.17948704	4206.79487173	4192.69230756	4212.69230763	4225.89743583	4246.7948718	4191.66666653	4229.74358968	4225.7692307	4256.66666667	4210.89743583	4093.71794837	4225.25641019	
4190.76923063	4174.10256397	4204.48717942	4193.07692294	4213.84615378	4226.41025634	4244.61538462	4193.97435884	4231.02564096	4233.58974352	4257.82051282	4213.07692301	4097.69230735	4222.94871788	
4197.69230756	4182.56410243	4211.53846147	4198.20512807	4222.17948711	4231.15384609	4244.74358975	4198.07692294	4244.87179488	4250.25641026	4271.15384623	4217.94871788	4111.66666639	4227.82051275	
4203.58974352	4183.58974345	4217.05128199	4199.99999986	4223.97435891	4234.61538462	4245.76923077	4200.25641012	4252.82051282	4248.84615385	4279.48717956	4220.64102558	4118.84615357	4234.10256411	
4201.53846147	4179.74358961	4215.25641019	4194.74358961	4216.53846147	4229.23076917	4245.64102564	4202.94871788	4252.94871795	4241.66666667	4280.76923084	4223.84615378	4121.53846126	4236.41025641	
4201.92307686	4180.76923063	4214.10256404	4191.02564089	4214.99999993	4226.02564096	4246.53846154	4210.12820506	4257.94871795	4248.33333334	4285.1282052	4226.92307686	4129.61538434	4239.10256411	
4204.99999993	4181.15384602	4218.20512814	4193.20512807	4221.41025634	4229.87179481	4248.33333334	4214.48717942	4266.15384616	4252.6923077	4289.87179495	4231.6666666	4139.9999998	4243.71794872	
4204.61538455	4176.15384602	4221.28205122	4190.25641012	4218.20512814	4228.33333327	4247.94871795	4211.53846147	4268.46153853	4245.12820513	4287.94871802	4234.10256411	4142.56410236	4242.6923077	
4199.35897422	4173.46153833	4217.30769224	4180.25641012	4206.28205122	4223.07692301	4242.6923077	4207.30769224	4261.28205129	4238.20512821	4284.10256418	4229.23076917	4135.51282031	4236.53846154	
4191.02564089	4173.3333332	4214.23076917	4173.46153833	4198.58974345	4218.20512814	4234.23076923	4198.58974345	4248.33333334	4232.17948711	4276.15384623	4217.17948711	4128.0769228	4228.20512814	
4194.35897422	4172.17948704	4221.53846147	4174.99999986	4201.41025634	4218.07692301	4235.38461539	4195.38461525	4251.15384616	4228.97435891	4276.66666674	4215.12820506	4137.17948697	4226.02564096	
4202.43589737	4174.61538448	4228.97435891	4181.66666653	4209.10256404	4222.43589737	4245.0	4205.64102558	4272.56410264	4232.05128199	4292.05128212	4227.30769224	4158.205128	4234.48717949	
4198.71794858	4176.66666653	4229.61538455	4180.25641012	4209.74358968	4227.17948711	4247.6923077	4210.38461532	4278.97435905	4230.7692307	4299.87179501	4230.38461532	4166.79487159	4239.23076923	
4196.79487166	4173.20512807	4230.25641019	4175.89743576	4211.41025634	4232.5641025	4247.05128206	4214.10256404	4276.79487187	4220.25641019	4301.02564117	4226.28205122	4168.3333332	4235.38461539	
4203.71794865	4172.30769217	4231.53846147	4181.02564089	4216.79487173	4237.05128206	4251.41025641	4226.41025634	4290.38461546	4224.23076917	4311.02564117	4231.02564096	4176.79487166	4241.7948718	
4203.4615384	4173.84615371	4230.25641019	4184.10256397	4215.89743583	4235.12820513	4252.94871795	4231.41025634	4301.41025655	4246.15384616	4319.23076937	4238.33333334	4182.94871781	4261.28205129	
4203.07692301	4173.3333332	4227.5641025	4182.17948704	4215.64102558	4231.15384609	4248.58974359	4226.02564096	4295.89743597	4258.58974359	4315.12820527	4238.97435898	4175.89743576	4272.43589751	
4209.10256404	4177.30769217	4225.89743583	4184.74358961	4220.38461532	4229.87179481	4246.92307693	4226.79487173	4289.48717956	4255.38461539	4308.58974373	4236.7948718	4165.38461518	4272.94871802	
4209.74358968	4179.48717935	4225.25641019	4185.64102551	4218.07692301	4226.92307686	4247.82051282	4225.12820506	4278.07692315	4246.66666667	4297.30769238	4232.69230763	4152.3076921	4271.28205136	
4202.17948711	4176.28205115	4226.28205122	4181.15384602	4212.43589737	4228.4615384	4245.12820513	4214.23076917	4261.02564103	4238.71794872	4277.69230777	4224.48717942	4137.3076921	4267.56410264	
4200.38461525	4178.97435884	4230.12820506	4182.82051269	4219.87179481	4236.7948718	4245.76923077	4217.43589737	4267.05128212	4244.35897436	4282.43589751	4224.35897429	4148.84615364	4269.61538469	
4208.58974352	4183.84615371	4234.48717949	4191.66666653	4229.61538455	4241.15384616	4251.53846154	4232.94871788	4290.64102571	4255.51282052	4312.69230784	4235.38461539	4177.82051269	4278.33333341	
4211.79487173	4178.20512807	4231.79487173	4193.46153833	4225.51282045	4237.43589744	4251.02564103	4236.02564103	4296.28205136	4252.30769231	4320.89743604	4238.97435898	4182.56410243	4279.2307693	
4204.61538455	4170.89743576	4223.97435891	4185.76923063	4219.10256404	4231.15384609	4241.28205129	4222.43589737	4279.48717956	4244.74358975	4297.43589751	4225.51282045	4161.79487159	4269.74358982	
4199.87179474	4170.89743576	4221.28205122	4180.76923063	4218.84615378	4228.58974352	4232.05128199	4211.28205122	4260.76923077	4239.35897436	4277.30769238	4212.69230763	4142.56410236	4264.48717949	
4201.92307686	4170.89743576	4222.43589737	4182.4358973	4219.23076917	4231.28205122	4229.74358968	4210.64102558	4265.38461539	4233.07692301	4280.76923084	4215.7692307	4147.17948697	4265.25641026	
4202.43589737	4171.02564089	4222.82051275	4184.2307691	4216.41025634	4234.74358975	4230.64102558	4217.5641025	4296.28205136	4234.74358975	4302.82051296	4224.35897429	4174.61538448	4268.33333341	
4207.05128199	4176.66666653	4223.33333327	4185.38461525	4217.43589737	4233.07692301	4232.69230763	4233.58974352	4323.07692322	4239.87179488	4326.79487194	4230.25641019	4196.15384602	4276.53846161	
4214.48717942	4180.64102551	4222.82051275	4187.82051269	4224.23076917	4231.92307686	4233.33333327	4239.23076923	4325.00000014	4238.33333334	4331.41025655	4234.48717949	4192.30769217	4284.2307693	
4208.07692301	4175.12820499	4219.61538455	4188.20512807	4221.92307686	4231.15384609	4228.4615384	4224.61538455	4312.82051296	4234.74358975	4318.07692322	4231.02564096	4177.05128192	4279.2307693	
4203.84615378	4172.30769217	4217.69230763	4187.56410243	4215.7692307	4229.99999993	4227.17948711	4217.43589737	4305.89743604	4235.64102564	4310.89743604	4226.02564096	4172.17948704	4272.56410264	
4213.20512814	4179.35897422	4217.69230763	4187.82051269	4224.35897429	4234.74358975	4232.69230763	4227.17948711	4310.38461553	4232.82051275	4315.2564104	4233.4615384	4178.3333332	4281.923077	
4219.48717942	4183.71794858	4220.12820506	4191.5384614	4235.25641026	4241.53846154	4233.71794865	4229.87179481	4314.48717963	4229.99999993	4316.66666681	4244.10256411	4182.69230756	4291.53846161	
4216.02564096	4183.97435884	4223.4615384	4195.12820499	4233.33333327	4241.7948718	4236.15384616	4228.07692301	4313.97435912	4238.97435898	4316.79487194	4247.30769231	4182.94871781	4290.25641033	
4219.48717942	4185.76923063	4221.53846147	4199.2307691	4236.92307693	4246.92307693	4243.71794872	4240.51282052	4323.20512835	4256.53846154	4326.28205142	4255.25641026	4194.10256397	4296.0256411	
4226.53846147	4187.56410243	4220.64102558	4203.71794865	4245.0	4255.64102564	4241.92307693	4248.07692308	4333.97435919	4259.23076923	4333.5897438	4265.25641026	4204.87179481	4304.87179501	
4222.30769224	4187.82051269	4220.12820506	4201.6666666	4238.33333334	4249.74358975	4235.38461539	4241.02564103	4325.12820527	4243.46153847	4324.10256425	4261.53846154	4195.51282038	4302.43589758	
4219.74358968	4186.28205115	4216.28205122	4199.10256397	4234.87179488	4245.64102564	4241.15384616	4239.87179488	4315.64102578	4243.71794872	4317.43589758	4257.05128206	4188.97435884	4299.87179501	
4224.74358968	4186.5384614	4216.02564096	4201.41025634	4245.51282052	4252.56410257	4247.94871795	4248.46153847	4324.48717963	4254.61538462	4324.74358989	4263.46153847	4197.94871781	4308.58974373	
4225.38461532	4189.87179474	4219.74358968	4205.38461532	4247.43589744	4251.41025641	4245.38461539	4254.61538462	4327.82051296	4249.10256411	4325.12820527	4264.10256411	4199.35897422	4313.97435912	
4222.17948711	4188.46153833	4218.4615384	4204.10256404	4236.41025641	4248.20512821	4245.64102564	4255.51282052	4318.07692322	4244.87179488	4315.51282066	4254.35897436	4192.82051269	4310.2564104	
4225.89743583	4184.99999986	4215.7692307	4199.48717935	4235.76923077	4253.20512821	4248.33333334	4257.17948718	4320.12820527	4262.82051282	4317.82051296	4253.33333334	4196.15384602	4312.56410271	
4229.99999993	4187.17948704	4214.87179481	4198.20512807	4244.74358975	4254.48717949	4246.28205129	4256.28205129	4326.1538463	4270.00000007	4325.00000014	4261.02564103	4198.58974345	4320.2564104	
4229.87179481	4189.48717935	4215.89743583	4202.94871788	4247.6923077	4252.05128206	4244.61538462	4255.8974359	4321.79487194	4254.87179488	4321.79487194	4262.6923077	4196.02564089	4325.51282066	
4234.23076923	4191.02564089	4220.51282045	4208.84615378	4249.23076923	4256.02564103	4246.66666667	4260.76923077	4325.76923091	4257.56410257	4321.28205142	4263.71794872	4202.43589737	4330.00000014	
4236.41025641	4191.02564089	4224.74358968	4209.99999993	4251.7948718	4255.51282052	4248.58974359	4260.8974359	4334.87179508	4272.94871802	4330.12820527	4267.43589751	4208.20512814	4335.51282073	
4233.20512814	4186.79487166	4224.35897429	4210.38461532	4245.12820513	4249.74358975	4245.76923077	4253.20512821	4327.69230784	4269.61538469	4325.51282066	4264.74358975	4199.10256397	4336.02564124	
4235.8974359	4192.17948704	4223.4615384	4210.64102558	4239.74358975	4248.97435898	4244.87179488	4253.84615385	4317.94871809	4258.71794872	4313.97435912	4262.82051282	4191.79487166	4334.4871797	
4239.87179488	4198.84615371	4224.61538455	4215.51282045	4247.30769231	4251.41025641	4246.53846154	4262.30769231	4322.69230784	4262.82051282	4320.76923091	4268.97435905	4201.92307686	4337.43589765	
4238.71794872	4192.94871781	4224.61538455	4222.30769224	4251.41025641	4251.15384616	4248.07692308	4263.71794872	4330.00000014	4273.07692315	4329.61538476	4269.48717956	4210.38461532	4338.07692329	
4239.23076923	4191.28205115	4224.99999993	4220.12820506	4251.41025641	4251.53846154	4249.61538462	4262.82051282	4328.84615399	4269.35897443	4323.58974373	4263.07692308	4206.02564096	4333.20512842	
4243.20512821	4194.2307691	4226.79487173	4220.25641019	4254.48717949	4256.41025641	4250.0	4264.87179488	4325.2564104	4261.53846154	4322.69230784	4262.30769231	4204.10256404	4332.94871816	
4242.6923077	4191.28205115	4227.30769224	4224.87179481	4257.17948718	4260.76923077	4251.02564103	4269.10256418	4326.79487194	4264.23076923	4330.89743604	4266.28205129	4208.20512814	4337.43589765	
4235.8974359	4188.84615371	4228.97435891	4222.82051275	4259.35897436	4258.71794872	4251.28205129	4266.15384616	4324.87179501	4267.30769238	4324.48717963	4262.94871795	4203.58974352	4330.51282066	
4231.53846147	4189.48717935	4228.07692301	4218.97435891	4257.56410257	4254.87179488	4247.56410257	4255.38461539	4312.94871809	4256.02564103	4307.82051296	4257.17948718	4192.17948704	4320.2564104	
4232.43589737	4186.66666653	4221.79487173	4217.94871788	4248.20512821	4255.64102564	4244.23076923	4255.76923077	4307.69230784	4248.20512821	4303.58974373	4257.17948718	4188.58974345	4324.48717963	
4233.84615385	4188.07692294	4219.99999993	4216.92307686	4250.0	4262.94871795	4246.92307693	4265.8974359	4318.4615386	4264.74358975	4311.53846168	4263.46153847	4196.28205115	4331.92307707	
4237.30769231	4193.46153833	4223.58974352	4222.5641025	4263.71794872	4266.53846154	4249.10256411	4268.97435905	4328.58974373	4282.43589751	4320.64102578	4269.10256418	4204.99999993	4333.33333355	
4236.7948718	4193.20512807	4223.71794865	4226.79487173	4254.87179488	4261.28205129	4244.61538462	4264.35897436	4321.41025655	4271.923077	4314.23076937	4266.79487187	4202.17948711	4331.92307707	
4237.17948718	4197.4358973	4225.7692307	4225.89743583	4242.94871795	4261.41025641	4244.10256411	4264.87179488	4315.00000014	4260.12820513	4305.38461553	4264.23076923	4199.87179474	4334.23076944	
4242.56410257	4197.94871781	4229.87179481	4231.79487173	4259.35897436	4271.28205136	4248.84615385	4269.48717956	4324.23076937	4276.79487187	4313.97435912	4269.10256418	4208.97435891	4340.00000021	
4240.25641026	4187.56410243	4225.51282045	4233.71794865	4269.48717956	4273.58974366	4247.6923077	4270.38461546	4328.33333348	4283.58974366	4318.58974373	4270.00000007	4211.15384609	4338.5897438	
4231.79487173	4185.12820499	4221.53846147	4229.48717942	4256.53846154	4267.30769238	4243.97435898	4268.84615392	4320.12820527	4266.79487187	4307.43589758	4262.43589744	4202.05128199	4330.00000014	
4238.71794872	4196.5384614	4226.92307686	4234.23076923	4256.66666667	4269.48717956	4246.92307693	4268.58974366	4322.30769245	4269.48717956	4308.71794886	4262.94871795	4203.97435891	4332.82051303	
4248.71794872	4198.20512807	4225.89743583	4236.41025641	4266.41025641	4273.07692315	4249.61538462	4267.05128212	4327.56410271	4283.71794879	4319.48717963	4268.97435905	4210.38461532	4340.51282073	
4237.94871795	4187.56410243	4216.92307686	4228.4615384	4256.15384616	4264.87179488	4243.84615385	4258.97435898	4315.89743604	4272.56410264	4309.23076937	4261.53846154	4200.76923063	4332.6923079	
4228.71794865	4188.07692294	4216.6666666	4227.05128199	4249.74358975	4259.23076923	4242.43589744	4253.46153847	4304.3589745	4261.66666667	4297.05128212	4254.48717949	4194.74358961	4327.56410271	
4240.76923077	4197.30769217	4221.92307686	4231.41025634	4260.76923077	4265.64102564	4247.17948718	4258.84615385	4309.23076937	4268.97435905	4305.2564104	4260.0	4204.74358968	4338.5897438	
4247.94871795	4197.69230756	4218.33333327	4230.89743583	4262.56410257	4270.51282059	4242.6923077	4266.15384616	4314.61538476	4268.84615392	4314.10256425	4264.10256411	4211.41025634	4342.17948739	
4240.38461539	4191.66666653	4212.69230763	4229.61538455	4256.53846154	4267.82051289	4234.74358975	4264.10256411	4310.89743604	4268.97435905	4308.71794886	4259.23076923	4206.15384609	4336.41025662	
4231.79487173	4189.35897422	4214.61538455	4228.71794865	4254.61538462	4269.48717956	4232.43589737	4256.41025641	4308.97435912	4277.17948725	4302.56410271	4258.97435898	4204.74358968	4337.6923079	
4234.35897436	4188.58974345	4216.6666666	4227.43589737	4253.33333334	4270.76923084	4236.53846154	4257.56410257	4314.10256425	4280.1282052	4305.00000014	4263.58974359	4208.58974352	4342.94871816	
4239.74358975	4185.89743576	4213.4615384	4228.97435891	4252.6923077	4265.8974359	4242.30769231	4265.38461539	4320.00000014	4283.46153853	4309.3589745	4264.61538462	4209.48717942	4342.94871816	
4237.6923077	4191.66666653	4212.30769224	4230.51282045	4253.07692308	4261.7948718	4241.41025641	4266.02564103	4316.53846168	4283.97435905	4310.38461553	4265.25641026	4208.71794865	4342.56410278	
4234.23076923	4195.38461525	4214.10256404	4230.51282045	4250.25641026	4257.82051282	4239.23076923	4261.92307693	4305.51282066	4271.15384623	4303.71794886	4265.12820513	4203.33333327	4342.05128226	
4233.33333327	4189.10256397	4213.07692301	4227.69230763	4247.56410257	4255.38461539	4238.71794872	4258.71794872	4299.74358989	4267.56410264	4295.89743597	4257.82051282	4195.25641012	4337.82051303	
4233.97435898	4190.51282038	4211.28205122	4226.15384609	4248.20512821	4256.15384616	4238.58974359	4255.76923077	4299.48717963	4277.69230777	4295.1282052	4249.35897436	4191.66666653	4333.5897438	
4234.74358975	4196.79487166	4212.82051275	4229.23076917	4245.76923077	4255.51282052	4239.35897436	4252.6923077	4292.56410264	4271.28205136	4291.923077	4247.6923077	4189.87179474	4328.4615386	
4232.17948711	4193.07692294	4216.15384609	4229.10256404	4242.82051282	4253.20512821	4237.17948718	4249.61538462	4282.30769238	4261.41025641	4282.17948725	4247.30769231	4183.46153833	4321.53846168	
4230.64102558	4192.56410243	4218.71794865	4225.64102558	4245.0	4252.56410257	4235.8974359	4246.53846154	4281.923077	4266.28205129	4280.00000007	4248.33333334	4178.07692294	4320.00000014	
4233.4615384	4198.84615371	4217.82051275	4230.38461532	4247.94871795	4252.17948718	4235.8974359	4245.25641026	4283.46153853	4269.61538469	4284.87179495	4251.92307693	4183.3333332	4323.84615399	
4235.51282052	4196.79487166	4216.79487173	4234.74358975	4247.30769231	4254.35897436	4238.07692308	4247.82051282	4281.923077	4268.58974366	4283.71794879	4252.94871795	4182.94871781	4325.51282066	
4233.20512814	4191.02564089	4219.23076917	4229.23076917	4246.92307693	4257.6923077	4237.94871795	4250.8974359	4286.28205136	4273.07692315	4284.48717956	4254.35897436	4158.07692287	4323.4615386	
4233.84615385	4195.76923063	4221.28205122	4229.74358968	4250.0	4256.41025641	4236.41025641	4250.76923077	4287.69230777	4271.15384623	4286.28205136	4257.43589744	4129.74358947	4323.84615399	
4235.0	4198.71794858	4219.48717942	4232.82051275	4249.35897436	4254.74358975	4238.58974359	4247.05128206	4279.61538469	4261.7948718	4278.33333341	4251.53846154	4122.56410229	4321.28205142	
4235.0	4198.71794858	4219.48717942	4232.82051275	4249.35897436	4254.74358975	4238.58974359	4247.05128206	4279.61538469	4261.7948718	4278.33333341	4251.53846154	4122.56410229	4321.28205142	
4229.48717942	4193.46153833	4217.82051275	4224.74358968	4246.28205129	4256.41025641	4242.05128206	4246.66666667	4271.79487187	4262.17948718	4271.923077	4242.94871795	4122.69230742	4313.07692322	
4232.82051275	4193.84615371	4220.12820506	4225.38461532	4249.61538462	4256.92307693	4241.28205129	4248.97435898	4272.17948725	4268.33333341	4277.05128212	4251.53846154	4122.94871767	4313.4615386	
4244.48717949	4203.97435891	4221.79487173	4236.66666667	4248.20512821	4253.58974359	4234.74358975	4247.56410257	4273.97435905	4263.97435898	4280.89743597	4266.53846154	4128.9743587	4322.94871809	
4242.05128206	4203.97435891	4218.58974352	4232.5641025	4242.05128206	4251.66666667	4232.94871788	4244.48717949	4270.89743597	4250.8974359	4274.48717956	4264.10256411	4125.7692305	4323.07692322	
4230.7692307	4194.10256397	4214.10256404	4220.89743583	4242.30769231	4252.30769231	4235.76923077	4242.56410257	4265.12820513	4250.51282052	4263.84615385	4251.7948718	4113.71794844	4313.97435912	
4230.51282045	4196.66666653	4210.25641019	4224.10256404	4242.43589744	4254.74358975	4236.15384616	4240.38461539	4262.05128206	4261.7948718	4260.12820513	4246.28205129	4111.79487152	4310.89743604	
4237.43589744	4203.33333327	4209.61538455	4229.23076917	4244.61538462	4258.07692308	4237.17948718	4240.12820513	4264.74358975	4266.923077	4266.41025641	4249.48717949	4115.12820485	4314.87179501	
4232.69230763	4197.94871781	4210.25641019	4222.17948711	4250.12820513	4259.23076923	4234.23076923	4244.48717949	4266.66666674	4267.43589751	4268.20512828	4251.41025641	4111.28205101	4317.17948732	
4223.4615384	4191.15384602	4204.61538455	4210.25641019	4240.8974359	4251.28205129	4228.71794865	4239.35897436	4258.07692308	4262.6923077	4253.33333334	4242.6923077	4100.89743555	4311.28205142	
4223.07692301	4193.46153833	4199.87179474	4209.99999993	4229.10256404	4245.38461539	4226.79487173	4228.71794865	4247.82051282	4253.71794872	4242.82051282	4231.15384609	4092.56410222	4303.84615399	
4225.64102558	4199.74358961	4202.69230763	4217.94871788	4238.33333334	4253.46153847	4229.23076917	4234.10256411	4253.84615385	4261.15384616	4254.23076923	4235.76923077	4095.76923043	4309.3589745	
4228.07692301	4201.28205122	4206.6666666	4219.99999993	4249.10256411	4261.02564103	4235.0	4246.28205129	4265.25641026	4276.79487187	4266.15384616	4248.20512821	4107.82051255	4323.84615399	
4228.84615378	4201.28205122	4208.84615378	4221.6666666	4247.30769231	4260.51282052	4242.94871795	4248.33333334	4264.87179488	4275.1282052	4265.38461539	4249.87179488	4113.84615357	4329.3589745	
4225.38461532	4197.56410243	4209.35897429	4224.35897429	4246.66666667	4260.12820513	4242.05128206	4243.20512821	4258.84615385	4268.58974366	4261.02564103	4243.84615385	4109.23076896	4324.3589745	
4219.35897429	4193.20512807	4206.79487173	4222.94871788	4244.23076923	4258.58974359	4236.41025641	4240.8974359	4254.10256411	4270.51282059	4257.82051282	4238.07692308	4100.51282017	4320.64102578	
4217.82051275	4194.35897422	4203.33333327	4219.23076917	4238.07692308	4256.02564103	4236.92307693	4239.23076923	4251.28205129	4269.10256418	4251.28205129	4232.43589737	4093.58974325	4318.20512835	
4222.30769224	4197.17948704	4202.94871788	4217.82051275	4239.23076923	4255.51282052	4239.87179488	4238.07692308	4250.64102564	4258.46153847	4246.66666667	4230.64102558	4092.56410222	4318.20512835	
4229.10256404	4199.99999986	4205.7692307	4224.48717942	4247.94871795	4258.71794872	4240.0	4238.84615385	4247.82051282	4257.17948718	4251.15384616	4232.30769224	4096.15384581	4324.3589745	
4232.43589737	4203.84615378	4207.69230763	4228.58974352	4253.46153847	4265.76923077	4243.97435898	4237.94871795	4246.28205129	4269.2307693	4254.10256411	4232.05128199	4095.51282017	4328.20512835	
4227.17948711	4203.33333327	4204.87179481	4222.82051275	4252.43589744	4269.48717956	4248.07692308	4237.6923077	4249.87179488	4273.58974366	4251.28205129	4232.17948711	4093.8461535	4325.00000014	
4226.28205122	4200.12820499	4202.30769224	4222.17948711	4250.76923077	4263.71794872	4245.38461539	4238.84615385	4247.30769231	4266.66666674	4249.74358975	4231.02564096	4096.79487145	4323.33333348	
4231.53846147	4202.69230763	4206.28205122	4229.23076917	4251.41025641	4259.61538462	4246.53846154	4241.41025641	4246.92307693	4269.35897443	4258.20512821	4231.6666666	4100.38461504	4330.12820527	
4233.97435898	4205.64102558	4210.64102558	4232.30769224	4248.46153847	4262.43589744	4249.48717949	4248.46153847	4258.58974359	4282.43589751	4271.41025648	4243.07692308	4105.7692305	4341.41025662	
4235.64102564	4206.41025634	4210.89743583	4234.74358975	4248.58974359	4264.87179488	4248.58974359	4253.71794872	4265.0	4285.51282059	4274.35897443	4255.0	4111.66666639	4349.61538483	
4235.12820513	4209.61538455	4209.23076917	4238.33333334	4257.6923077	4265.51282052	4248.46153847	4248.33333334	4263.58974359	4284.35897443	4268.97435905	4252.05128206	4108.0769228	4346.92307714	
4233.71794865	4210.25641019	4208.97435891	4233.71794865	4258.97435898	4267.69230777	4246.7948718	4240.8974359	4259.48717949	4280.51282059	4262.94871795	4247.43589744	4099.48717914	4341.41025662	
4233.71794865	4207.05128199	4208.33333327	4228.58974352	4248.46153847	4266.79487187	4245.51282052	4242.30769231	4250.0	4272.94871802	4256.92307693	4246.92307693	4093.97435863	4341.15384637	
4232.82051275	4203.07692301	4204.23076917	4229.61538455	4246.28205129	4265.64102564	4246.92307693	4242.56410257	4243.84615385	4271.0256411	4248.71794872	4241.02564103	4087.30769196	4338.46153867	
4231.28205122	4203.97435891	4204.48717942	4236.15384616	4255.64102564	4269.87179495	4250.0	4241.02564103	4244.87179488	4266.66666674	4245.0	4237.30769231	4081.15384581	4336.15384637	
4232.69230763	4210.89743583	4206.41025634	4240.38461539	4257.94871795	4272.94871802	4248.58974359	4239.74358975	4238.46153847	4263.84615385	4240.8974359	4238.97435898	4080.38461504	4338.07692329	
4234.10256411	4212.05128199	4202.30769224	4233.58974352	4256.28205129	4269.35897443	4248.71794872	4235.0	4229.35897429	4271.28205136	4231.79487173	4234.61538462	4079.10256376	4339.35897457	
4232.5641025	4203.58974352	4198.71794858	4229.99999993	4256.53846154	4269.10256418	4253.20512821	4235.64102564	4230.51282045	4271.923077	4231.28205122	4230.89743583	4074.7435894	4338.46153867	
4231.15384609	4200.25641012	4199.74358961	4232.43589737	4250.76923077	4270.00000007	4251.28205129	4238.20512821	4230.25641019	4263.71794872	4231.53846147	4231.6666666	4069.87179453	4336.66666688	
4228.71794865	4203.07692301	4197.82051269	4229.23076917	4248.33333334	4265.76923077	4245.8974359	4238.07692308	4228.58974352	4270.1282052	4228.84615378	4231.02564096	4071.28205094	4338.71794893	
4227.82051275	4200.89743576	4196.79487166	4227.17948711	4257.56410257	4268.33333341	4247.43589744	4243.46153847	4233.58974352	4284.35897443	4232.94871788	4231.79487173	4078.20512786	4343.33333355	
4229.23076917	4199.61538448	4201.15384609	4231.79487173	4261.66666667	4272.82051289	4249.74358975	4247.05128206	4235.25641026	4282.05128212	4233.71794865	4231.92307686	4077.17948684	4340.89743611	
4230.51282045	4203.33333327	4202.5641025	4237.43589744	4258.97435898	4269.2307693	4247.17948718	4241.53846154	4228.07692301	4275.38461546	4227.5641025	4230.64102558	4072.56410222	4338.33333355	
4231.92307686	4201.6666666	4201.79487173	4237.17948718	4257.94871795	4266.28205129	4245.51282052	4237.94871795	4221.02564096	4280.38461546	4225.12820506	4233.84615385	4072.43589709	4343.33333355	
4229.35897429	4200.38461525	4199.74358961	4231.53846147	4253.97435898	4267.43589751	4247.30769231	4237.6923077	4216.41025634	4276.41025648	4219.99999993	4228.33333327	4066.28205087	4341.02564124	
4229.87179481	4203.58974352	4198.46153833	4232.5641025	4252.05128206	4266.28205129	4246.41025641	4237.43589744	4215.51282045	4263.07692308	4214.61538455	4219.99999993	4061.66666625	4337.43589765	
4230.12820506	4203.33333327	4199.2307691	4234.74358975	4250.64102564	4262.94871795	4244.35897436	4236.92307693	4216.02564096	4262.94871795	4221.02564096	4222.17948711	4067.05128164	4340.3846156	
4221.79487173	4198.97435884	4198.71794858	4229.48717942	4246.92307693	4264.87179488	4240.51282052	4233.07692301	4213.07692301	4269.2307693	4227.43589737	4220.38461532	4070.89743555	4336.28205149	
4218.71794865	4200.64102551	4200.38461525	4231.02564096	4253.20512821	4269.87179495	4240.25641026	4237.05128206	4221.02564096	4267.82051289	4234.87179488	4218.07692301	4080.51282017	4334.10256431	
4222.43589737	4203.97435891	4201.15384609	4235.64102564	4257.05128206	4267.17948725	4241.41025641	4246.41025641	4235.51282052	4262.05128206	4245.51282052	4226.28205122	4093.8461535	4338.97435919	
4217.69230763	4199.48717935	4196.66666653	4224.61538455	4246.02564103	4258.20512821	4236.41025641	4241.53846154	4229.48717942	4254.35897436	4240.38461539	4222.5641025	4089.23076889	4331.41025655	
4210.89743583	4197.94871781	4197.05128192	4221.41025634	4243.97435898	4257.56410257	4233.20512814	4234.61538462	4219.35897429	4246.92307693	4232.30769224	4212.94871788	4083.8461535	4321.79487194	
4216.28205122	4203.97435891	4201.6666666	4233.58974352	4249.35897436	4260.12820513	4232.94871788	4240.12820513	4227.30769224	4247.05128206	4242.43589744	4221.6666666	4097.94871761	4328.33333348	
4223.33333327	4207.30769224	4200.76923063	4228.33333327	4238.97435898	4259.10256411	4232.43589737	4245.76923077	4238.97435898	4248.71794872	4255.8974359	4233.07692301	4108.33333306	4334.74358996	
4227.43589737	4209.48717942	4203.33333327	4222.5641025	4240.64102564	4265.12820513	4240.0	4252.43589744	4250.25641026	4250.25641026	4267.94871802	4239.35897436	4117.82051255	4337.56410278	
4232.5641025	4214.99999993	4210.12820506	4235.8974359	4255.51282052	4270.1282052	4245.51282052	4260.25641026	4264.61538462	4259.74358975	4281.15384623	4247.94871795	4135.64102544	4343.33333355	
4232.43589737	4215.64102558	4209.35897429	4240.0	4251.28205129	4264.61538462	4240.76923077	4258.07692308	4267.43589751	4258.46153847	4281.28205136	4251.41025641	4136.66666646	4343.97435919	
4231.28205122	4209.23076917	4207.05128199	4231.41025634	4241.53846154	4262.30769231	4237.30769231	4254.48717949	4259.74358975	4242.82051282	4273.84615392	4246.15384616	4126.92307665	4340.89743611	
4231.6666666	4209.99999993	4207.5641025	4232.17948711	4242.94871795	4263.46153847	4239.35897436	4256.53846154	4253.20512821	4242.17948718	4270.1282052	4239.35897436	4127.43589716	4340.25641047	
4231.41025634	4212.17948711	4205.51282045	4234.48717949	4245.38461539	4261.02564103	4238.20512821	4253.97435898	4248.71794872	4256.28205129	4264.10256411	4238.84615385	4124.48717921	4340.3846156	
4230.7692307	4207.43589737	4203.97435891	4230.25641019	4245.0	4258.20512821	4236.92307693	4248.07692308	4245.76923077	4257.56410257	4258.71794872	4240.12820513	4115.25640998	4340.25641047	
4230.64102558	4206.53846147	4206.28205122	4232.94871788	4244.87179488	4258.71794872	4241.15384616	4249.74358975	4243.58974359	4246.7948718	4261.02564103	4240.38461539	4117.05128178	4342.17948739	
4232.30769224	4212.69230763	4210.12820506	4237.43589744	4248.97435898	4261.53846154	4246.41025641	4255.51282052	4247.82051282	4244.35897436	4268.20512828	4242.6923077	4127.30769203	4343.5897438	
4237.56410257	4216.6666666	4214.74358968	4238.84615385	4255.8974359	4263.20512821	4248.07692308	4258.84615385	4261.15384616	4248.84615385	4278.20512828	4248.07692308	4140.25641005	4347.43589765	
4242.82051282	4217.05128199	4215.64102558	4240.76923077	4253.07692308	4260.12820513	4248.84615385	4261.66666667	4270.1282052	4254.35897436	4288.20512828	4253.84615385	4152.56410236	4352.6923079	
4243.46153847	4219.10256404	4216.41025634	4243.33333334	4248.33333334	4259.87179488	4255.8974359	4265.64102564	4272.69230777	4256.41025641	4299.35897443	4260.64102564	4164.48717928	4356.02564124	
4244.48717949	4220.12820506	4222.17948711	4245.64102564	4260.12820513	4267.17948725	4262.82051282	4273.58974366	4284.61538469	4254.48717949	4316.53846168	4268.07692315	4182.30769217	4361.53846175	
4248.97435898	4218.84615378	4224.23076917	4247.30769231	4267.30769238	4270.76923084	4262.82051282	4282.56410264	4298.58974366	4259.74358975	4328.58974373	4273.33333341	4193.84615371	4363.97435919	
4249.35897436	4219.23076917	4220.38461532	4246.41025641	4259.61538462	4268.46153853	4264.10256411	4286.79487187	4294.48717956	4266.41025641	4326.53846168	4274.87179495	4187.56410243	4359.4871797	
4246.15384616	4219.74358968	4217.69230763	4244.23076923	4263.58974359	4270.51282059	4263.46153847	4284.35897443	4282.69230777	4270.64102571	4320.64102578	4272.05128212	4175.12820499	4358.71794893	
4247.05128206	4219.61538455	4213.4615384	4244.10256411	4275.1282052	4274.74358982	4262.17948718	4278.84615392	4275.25641033	4277.30769238	4308.58974373	4268.20512828	4162.43589723	4359.74358996	
4249.35897436	4218.33333327	4209.61538455	4247.43589744	4275.89743597	4275.89743597	4265.38461539	4275.38461546	4263.07692308	4276.79487187	4288.20512828	4265.12820513	4144.1025639	4353.84615406	
4249.35897436	4217.82051275	4211.28205122	4253.46153847	4276.66666674	4277.94871802	4266.28205129	4268.33333341	4246.7948718	4275.1282052	4271.66666674	4260.25641026	4127.56410229	4350.76923098	
4247.82051282	4217.82051275	4213.07692301	4250.0	4278.58974366	4279.35897443	4261.7948718	4260.76923077	4240.25641026	4278.33333341	4264.61538462	4253.71794872	4119.99999973	4353.20512842	
4246.53846154	4215.38461532	4212.43589737	4238.46153847	4270.76923084	4274.61538469	4259.61538462	4263.84615385	4243.20512821	4271.28205136	4265.0	4250.76923077	4123.9743587	4350.51282073	
4247.6923077	4214.35897429	4213.33333327	4239.35897436	4267.94871802	4271.53846161	4262.05128206	4269.2307693	4246.92307693	4263.07692308	4272.30769238	4250.76923077	4136.41025621	4346.92307714	
4248.46153847	4221.6666666	4217.5641025	4248.20512821	4273.07692315	4271.923077	4262.17948718	4271.53846161	4256.53846154	4269.61538469	4285.51282059	4252.30769231	4153.84615364	4347.30769252	
4247.05128206	4228.97435891	4226.28205122	4252.30769231	4271.28205136	4274.35897443	4266.28205129	4280.38461546	4278.84615392	4271.28205136	4309.3589745	4263.33333334	4185.76923063	4350.3846156	
4253.07692308	4230.38461532	4229.10256404	4255.51282052	4275.51282059	4279.10256418	4274.35897443	4298.07692315	4301.28205142	4270.76923084	4333.5897438	4281.28205136	4210.51282045	4357.30769252	
4260.12820513	4226.28205122	4219.99999993	4255.76923077	4282.30769238	4280.38461546	4272.17948725	4304.48717963	4302.56410271	4275.76923084	4333.5897438	4283.07692315	4201.15384609	4361.28205149	
4253.58974359	4222.69230763	4215.51282045	4247.82051282	4273.71794879	4276.41025648	4263.20512821	4295.25641033	4290.76923084	4275.00000007	4320.2564104	4271.28205136	4188.3333332	4357.6923079	
4246.02564103	4223.07692301	4221.92307686	4242.05128206	4263.46153847	4273.71794879	4262.56410257	4290.51282059	4289.74358982	4270.00000007	4322.69230784	4270.89743597	4199.2307691	4355.3846156	
4247.43589744	4223.4615384	4225.7692307	4245.25641026	4262.6923077	4273.71794879	4265.51282052	4296.923077	4300.89743604	4268.84615392	4335.51282073	4280.38461546	4211.79487173	4360.89743611	
4250.64102564	4228.58974352	4225.25641019	4252.56410257	4264.61538462	4279.74358982	4263.97435898	4305.38461553	4309.10256425	4275.38461546	4343.07692329	4286.0256411	4214.48717942	4371.53846182	
4254.61538462	4230.89743583	4223.71794865	4255.64102564	4271.79487187	4286.66666674	4266.28205129	4306.02564117	4306.79487194	4291.53846161	4342.56410278	4286.41025648	4215.89743583	4374.48717977	
4253.33333334	4224.23076917	4219.23076917	4247.94871795	4279.61538469	4282.94871802	4270.76923084	4299.61538476	4297.05128212	4298.07692315	4334.23076944	4282.82051289	4206.53846147	4369.10256438	
4248.58974359	4221.6666666	4218.4615384	4245.12820513	4276.41025648	4279.48717956	4267.30769238	4293.58974366	4287.17948725	4288.33333341	4324.87179501	4279.87179495	4191.92307679	4369.35897464	
4256.15384616	4228.97435891	4220.7692307	4255.8974359	4280.89743597	4290.64102571	4269.10256418	4293.58974366	4285.38461546	4288.20512828	4324.87179501	4282.82051289	4189.35897422	4373.717949	
4266.41025641	4233.20512814	4218.33333327	4265.25641026	4294.2307693	4298.33333341	4276.66666674	4299.87179501	4287.05128212	4297.05128212	4324.87179501	4284.74358982	4189.48717935	4372.43589772	
4264.10256411	4230.64102558	4218.71794865	4265.51282052	4294.35897443	4292.82051289	4274.61538469	4301.1538463	4283.71794879	4298.97435905	4318.58974373	4284.35897443	4185.25641012	4371.9230772	
4263.97435898	4232.94871788	4222.17948711	4263.20512821	4287.17948725	4290.1282052	4270.38461546	4297.69230777	4276.15384623	4292.05128212	4316.28205142	4288.20512828	4183.07692294	4376.41025669	
4267.17948725	4233.07692301	4219.61538455	4261.92307693	4285.64102571	4291.0256411	4270.00000007	4295.89743597	4270.25641033	4285.38461546	4318.07692322	4288.84615392	4182.82051269	4376.79487208	
4264.61538462	4231.28205122	4215.64102558	4263.46153847	4285.25641033	4286.66666674	4267.30769238	4295.64102571	4269.10256418	4291.923077	4313.84615399	4282.30769238	4179.35897422	4374.87179515	
4263.84615385	4232.30769224	4213.84615378	4266.15384616	4283.07692315	4285.38461546	4266.28205129	4292.05128212	4266.79487187	4299.87179501	4301.53846168	4281.0256411	4170.12820499	4375.25641054	
4266.79487187	4231.92307686	4208.4615384	4267.56410264	4287.17948725	4289.2307693	4268.71794879	4283.71794879	4254.48717949	4293.07692315	4287.17948725	4278.97435905	4155.38461518	4374.23076951	
4267.05128212	4231.53846147	4207.5641025	4269.35897443	4292.56410264	4285.25641033	4264.87179488	4275.64102571	4235.38461539	4282.05128212	4275.38461546	4267.69230777	4138.84615364	4372.05128233	
4266.02564103	4230.38461532	4209.87179481	4268.07692315	4288.33333341	4277.43589751	4261.28205129	4273.97435905	4227.94871788	4280.51282059	4264.23076923	4261.02564103	4128.9743587	4373.84615413	
4265.12820513	4231.02564096	4205.25641019	4266.28205129	4283.33333341	4279.2307693	4262.56410257	4270.1282052	4222.5641025	4284.10256418	4254.35897436	4258.84615385	4120.12820485	4375.76923105	
4265.0	4232.69230763	4199.87179474	4268.20512828	4287.43589751	4281.53846161	4260.25641026	4258.33333334	4203.84615378	4282.56410264	4243.07692308	4249.61538462	4103.58974332	4371.15384644	
4266.53846154	4230.89743583	4197.4358973	4267.56410264	4293.07692315	4281.53846161	4261.41025641	4253.20512821	4189.61538448	4277.56410264	4229.48717942	4246.41025641	4084.23076889	4368.717949	
4266.15384616	4228.97435891	4194.48717935	4267.82051289	4295.00000007	4288.58974366	4267.94871802	4253.33333334	4182.17948704	4280.51282059	4214.61538455	4249.48717949	4066.53846113	4371.9230772	
4267.05128212	4230.12820506	4190.76923063	4270.89743597	4302.43589758	4294.10256418	4269.61538469	4242.05128206	4161.92307672	4286.923077	4193.84615371	4243.07692308	4043.84615343	4371.66666695	
4272.82051289	4231.53846147	4186.15384602	4275.89743597	4309.74358989	4292.17948725	4264.61538462	4225.51282045	4129.35897408	4283.97435905	4161.28205108	4232.30769224	4004.23076875	4367.17948746	
4271.0256411	4230.51282045	4179.99999986	4277.43589751	4309.87179501	4293.20512828	4264.10256411	4214.61538455	4097.82051248	4288.20512828	4124.99999973	4223.97435891	3957.17948656	4363.84615406	
4267.69230777	4232.30769224	4181.79487166	4274.87179495	4308.33333348	4298.20512828	4270.64102571	4208.84615378	4076.02564068	4294.48717956	4105.51282024	4216.79487173	3939.74358912	4362.82051303	
4268.71794879	4233.71794865	4192.05128192	4273.07692315	4304.87179501	4297.17948725	4275.64102571	4207.17948711	4081.41025607	4285.25641033	4116.02564075	4218.07692301	3966.28205066	4362.6923079	
4268.20512828	4232.94871788	4198.07692294	4272.56410264	4301.92307707	4293.71794879	4277.43589751	4216.28205122	4112.82051255	4275.25641033	4147.82051262	4226.92307686	4009.23076875	4364.87179508	
4272.17948725	4240.25641026	4199.10256397	4276.0256411	4304.87179501	4297.94871802	4282.30769238	4239.23076923	4143.07692287	4275.00000007	4180.38461525	4235.51282052	4041.410256	4372.8205131	
4278.71794879	4242.56410257	4199.35897422	4279.61538469	4309.74358989	4304.10256425	4288.07692315	4256.02564103	4158.58974339	4285.38461546	4196.41025628	4242.6923077	4052.30769189	4379.10256438	
4277.82051289	4238.33333334	4201.02564096	4277.69230777	4311.28205142	4300.00000014	4286.53846161	4251.41025641	4164.35897415	4293.97435905	4197.94871781	4245.0	4054.99999959	4375.25641054	
4273.84615392	4240.76923077	4206.41025634	4271.79487187	4297.05128212	4291.79487187	4283.84615392	4250.76923077	4179.61538448	4282.30769238	4213.4615384	4244.10256411	4084.99999966	4369.6153849	
4271.28205136	4242.05128206	4211.79487173	4269.10256418	4280.25641033	4288.84615392	4282.82051289	4269.74358982	4212.05128199	4266.28205129	4254.23076923	4252.05128206	4135.64102544	4372.43589772	
4266.923077	4240.0	4213.84615378	4267.05128212	4284.87179495	4291.28205136	4283.07692315	4286.79487187	4241.66666667	4268.20512828	4286.0256411	4262.43589744	4168.3333332	4379.35897464	
4264.48717949	4242.17948718	4216.92307686	4262.6923077	4292.56410264	4294.87179495	4288.20512828	4293.97435905	4261.41025641	4269.10256418	4300.12820527	4267.05128212	4189.99999986	4380.89743618	
4265.64102564	4244.35897436	4221.6666666	4263.20512821	4286.923077	4298.33333341	4293.46153853	4304.23076937	4284.48717956	4260.38461539	4324.61538476	4274.10256418	4215.64102558	4382.69230797	
4270.00000007	4242.82051282	4220.7692307	4268.33333341	4290.38461546	4300.89743604	4294.35897443	4318.07692322	4302.94871809	4265.0	4342.94871816	4287.05128212	4223.97435891	4393.46153874	
4279.61538469	4245.51282052	4218.07692301	4273.84615392	4300.00000014	4300.2564104	4292.05128212	4319.74358989	4296.79487187	4280.76923084	4335.25641047	4293.84615392	4207.05128199	4402.43589779	
4282.05128212	4247.30769231	4219.10256404	4273.71794879	4291.15384623	4294.74358982	4286.66666674	4305.89743604	4283.84615392	4294.48717956	4324.23076937	4287.82051289	4189.87179474	4398.8461542	
4270.64102571	4241.66666667	4218.71794865	4269.87179495	4281.41025648	4287.30769238	4278.07692315	4297.30769238	4283.71794879	4294.2307693	4322.82051296	4278.58974366	4192.30769217	4391.9230772	
4262.94871795	4238.58974359	4216.28205122	4266.66666674	4285.89743597	4286.66666674	4276.66666674	4304.48717963	4291.28205136	4282.94871802	4328.07692322	4280.51282059	4210.64102558	4392.8205131	
4267.43589751	4241.41025641	4219.74358968	4265.0	4291.66666674	4289.48717956	4282.30769238	4313.71794886	4306.92307707	4282.05128212	4344.23076944	4290.1282052	4229.87179481	4398.20512856	
4270.64102571	4241.66666667	4226.02564096	4266.28205129	4285.76923084	4287.05128212	4283.58974366	4313.07692322	4321.53846168	4291.41025648	4360.12820534	4294.35897443	4241.7948718	4401.41025676	
4268.33333341	4236.66666667	4225.38461532	4266.79487187	4276.923077	4284.2307693	4280.51282059	4310.76923091	4319.3589745	4285.89743597	4361.53846175	4294.35897443	4242.82051282	4399.87179522	
4266.923077	4237.17948718	4221.28205122	4268.58974366	4284.2307693	4288.20512828	4281.53846161	4313.20512835	4317.05128219	4276.923077	4355.64102585	4295.25641033	4239.23076923	4399.48717984	
4266.923077	4241.28205129	4220.51282045	4271.41025648	4295.64102571	4294.2307693	4285.25641033	4312.17948732	4322.17948732	4287.30769238	4351.53846175	4291.15384623	4238.20512821	4402.0512824	
4267.69230777	4236.15384616	4221.79487173	4270.1282052	4292.69230777	4291.53846161	4283.46153853	4306.79487194	4314.74358989	4287.05128212	4346.53846175	4283.97435905	4230.7692307	4399.23076958	
4269.10256418	4231.92307686	4222.94871788	4269.61538469	4288.71794879	4288.97435905	4283.46153853	4308.84615399	4309.10256425	4279.61538469	4348.71794893	4286.53846161	4227.94871788	4397.56410285	
4272.43589751	4240.51282052	4226.28205122	4273.33333341	4291.41025648	4293.07692315	4286.41025648	4316.92307707	4322.30769245	4292.30769238	4359.4871797	4297.56410264	4244.48717949	4405.64102599	
4273.20512828	4246.02564103	4229.61538455	4272.69230777	4288.46153853	4293.33333341	4284.35897443	4318.71794886	4331.92307707	4298.97435905	4368.717949	4301.92307707	4259.74358975	4408.33333368	
4269.35897443	4241.41025641	4231.02564096	4269.2307693	4287.69230777	4288.46153853	4282.82051289	4319.10256425	4337.17948739	4293.33333341	4378.07692336	4302.56410271	4269.2307693	4402.82051317	
