4252.17948718	4278.84615392	4259.87179488	4268.07692315	4247.05128206	4371.79487208	4244.87179488	4254.87179488	4252.56410257	4247.30769231	4248.58974359	4248.71794872	4248.97435898	4262.94871795	
4255.76923077	4281.923077	4258.33333334	4275.1282052	4243.97435898	4379.23076951	4244.61538462	4261.41025641	4247.56410257	4246.28205129	4251.28205129	4249.35897436	4252.17948718	4266.15384616	
4249.87179488	4274.87179495	4246.7948718	4261.02564103	4252.43589744	4365.25641054	4248.71794872	4247.6923077	4249.10256411	4237.17948718	4238.33333334	4238.97435898	4256.92307693	4255.0	
4242.43589744	4271.41025648	4241.66666667	4251.41025641	4247.30769231	4367.94871823	4247.94871795	4247.94871795	4247.82051282	4238.71794872	4234.74358975	4230.89743583	4256.53846154	4252.17948718	
4238.46153847	4271.15384623	4236.41025641	4246.7948718	4242.43589744	4376.15384644	4245.64102564	4246.7948718	4245.8974359	4231.02564096	4231.92307686	4230.12820506	4253.07692308	4245.0	
4246.53846154	4275.64102571	4245.51282052	4253.71794872	4249.48717949	4374.48717977	4248.07692308	4246.02564103	4249.87179488	4232.94871788	4232.82051275	4238.33333334	4254.35897436	4248.71794872	
4246.92307693	4274.74358982	4249.23076923	4252.30769231	4246.66666667	4360.25641047	4240.51282052	4240.25641026	4245.0	4236.28205129	4234.23076923	4237.43589744	4252.6923077	4253.46153847	
4235.0	4268.58974366	4234.35897436	4242.17948718	4229.87179481	4353.33333355	4228.97435891	4231.53846147	4234.35897436	4227.94871788	4229.87179481	4228.71794865	4249.87179488	4245.12820513	
4235.8974359	4268.20512828	4227.69230763	4241.53846154	4230.7692307	4355.64102585	4236.53846154	4237.05128206	4240.25641026	4228.20512814	4225.89743583	4225.38461532	4251.66666667	4240.38461539	
4251.7948718	4274.87179495	4243.20512821	4255.8974359	4252.56410257	4355.76923098	4253.58974359	4247.82051282	4252.43589744	4243.33333334	4239.23076923	4236.41025641	4256.15384616	4251.41025641	
4263.84615385	4280.89743597	4259.74358975	4277.56410264	4265.76923077	4366.53846182	4263.71794872	4254.10256411	4256.15384616	4250.0	4258.71794872	4254.87179488	4263.84615385	4264.74358975	
4268.97435905	4284.35897443	4265.51282052	4289.10256418	4267.82051289	4380.38461567	4271.0256411	4266.15384616	4261.66666667	4251.92307693	4266.15384616	4264.23076923	4267.82051289	4273.20512828	
4266.79487187	4284.87179495	4263.97435898	4282.43589751	4266.41025641	4375.25641054	4264.48717949	4267.69230777	4268.20512828	4255.64102564	4262.94871795	4260.38461539	4262.6923077	4271.66666674	
4263.71794872	4284.35897443	4264.35897436	4279.48717956	4263.46153847	4375.25641054	4250.0	4260.12820513	4265.76923077	4256.53846154	4263.20512821	4260.25641026	4263.84615385	4268.46153853	
4265.64102564	4281.923077	4266.923077	4284.10256418	4262.43589744	4381.53846182	4246.7948718	4263.07692308	4265.12820513	4250.76923077	4263.97435898	4265.12820513	4267.82051289	4268.46153853	
4262.17948718	4280.25641033	4263.20512821	4280.76923084	4260.51282052	4372.43589772	4245.76923077	4265.25641026	4265.76923077	4247.82051282	4259.35897436	4260.25641026	4260.38461539	4264.35897436	
4259.87179488	4282.94871802	4260.0	4277.43589751	4266.41025641	4373.717949	4244.10256411	4261.66666667	4263.33333334	4256.41025641	4258.84615385	4256.66666667	4257.17948718	4261.66666667	
4268.07692315	4284.2307693	4263.97435898	4280.64102571	4274.61538469	4383.84615413	4247.56410257	4264.35897436	4265.25641026	4260.8974359	4262.6923077	4260.38461539	4263.07692308	4265.0	
4272.56410264	4283.07692315	4267.05128212	4280.76923084	4266.15384616	4371.53846182	4249.10256411	4268.33333341	4268.46153853	4254.48717949	4264.10256411	4263.84615385	4260.64102564	4268.46153853	
4268.97435905	4281.0256411	4264.61538462	4276.53846161	4256.02564103	4364.61538483	4243.58974359	4263.46153847	4267.17948725	4247.82051282	4260.64102564	4261.7948718	4254.35897436	4265.0	
4270.38461546	4282.30769238	4264.87179488	4278.46153853	4263.58974359	4377.30769259	4242.17948718	4264.48717949	4264.10256411	4251.02564103	4258.97435898	4261.02564103	4260.51282052	4267.43589751	
4275.64102571	4285.64102571	4268.84615392	4283.07692315	4268.84615392	4378.84615413	4248.20512821	4278.07692315	4268.20512828	4257.30769231	4265.51282052	4267.43589751	4269.48717956	4280.00000007	
4270.64102571	4282.17948725	4266.41025641	4279.61538469	4263.46153847	4371.53846182	4250.76923077	4281.923077	4272.05128212	4259.10256411	4264.61538462	4262.30769231	4265.51282052	4277.82051289	
4262.6923077	4278.58974366	4261.15384616	4274.87179495	4270.1282052	4370.25641054	4248.58974359	4275.64102571	4271.53846161	4262.30769231	4253.07692308	4250.64102564	4256.53846154	4263.20512821	
4264.23076923	4283.20512828	4264.23076923	4277.69230777	4276.923077	4366.53846182	4247.82051282	4272.43589751	4268.84615392	4257.82051282	4255.64102564	4252.56410257	4258.33333334	4263.07692308	
4264.48717949	4286.28205136	4264.23076923	4279.74358982	4267.69230777	4359.61538483	4243.33333334	4266.79487187	4264.87179488	4248.46153847	4262.6923077	4256.66666667	4263.46153847	4264.10256411	
4257.17948718	4282.30769238	4253.20512821	4278.33333341	4261.02564103	4358.71794893	4236.41025641	4258.07692308	4262.17948718	4246.92307693	4253.58974359	4250.12820513	4263.71794872	4251.53846154	
4257.05128206	4279.2307693	4253.58974359	4276.15384623	4258.20512821	4357.82051303	4236.66666667	4261.41025641	4263.97435898	4250.8974359	4252.6923077	4248.33333334	4265.38461539	4251.66666667	
4266.02564103	4279.87179495	4262.6923077	4270.00000007	4252.30769231	4353.20512842	4238.20512821	4267.30769238	4263.97435898	4249.87179488	4261.7948718	4253.58974359	4265.76923077	4266.79487187	
4266.66666674	4279.87179495	4256.92307693	4264.74358975	4255.25641026	4351.15384637	4233.71794865	4260.76923077	4254.61538462	4246.41025641	4254.10256411	4249.48717949	4261.92307693	4263.33333334	
4257.05128206	4279.2307693	4246.7948718	4265.51282052	4260.64102564	4351.02564124	4232.05128199	4257.6923077	4247.94871795	4245.0	4244.23076923	4244.10256411	4258.84615385	4249.74358975	
4250.64102564	4279.48717956	4247.6923077	4265.76923077	4251.53846154	4351.41025662	4237.30769231	4262.17948718	4249.74358975	4238.46153847	4248.97435898	4246.02564103	4258.07692308	4248.20512821	
4248.33333334	4278.97435905	4247.6923077	4261.53846154	4247.30769231	4352.05128226	4244.23076923	4264.87179488	4251.7948718	4231.28205122	4244.87179488	4242.30769231	4256.92307693	4249.23076923	
4249.23076923	4275.38461546	4242.6923077	4257.43589744	4251.66666667	4349.10256431	4247.05128206	4260.51282052	4248.07692308	4229.35897429	4233.97435898	4235.64102564	4252.82051282	4246.7948718	
4249.23076923	4272.56410264	4243.07692308	4259.10256411	4251.15384616	4343.84615406	4245.38461539	4259.48717949	4247.94871795	4235.25641026	4236.92307693	4237.43589744	4250.38461539	4244.74358975	
4250.12820513	4276.15384623	4246.53846154	4261.7948718	4253.71794872	4341.66666688	4244.74358975	4272.17948725	4257.82051282	4245.25641026	4245.25641026	4246.53846154	4256.02564103	4246.66666667	
4255.76923077	4282.82051289	4249.61538462	4265.0	4261.7948718	4343.5897438	4251.92307693	4283.71794879	4265.64102564	4245.8974359	4248.07692308	4248.20512821	4259.74358975	4254.10256411	
4260.51282052	4281.0256411	4255.0	4270.25641033	4259.87179488	4344.4871797	4258.33333334	4282.56410264	4267.05128212	4247.30769231	4246.53846154	4247.6923077	4255.51282052	4260.64102564	
4263.46153847	4276.0256411	4261.7948718	4271.53846161	4253.20512821	4346.92307714	4255.51282052	4274.74358982	4262.82051282	4251.15384616	4249.61538462	4255.8974359	4261.28205129	4263.71794872	
4265.38461539	4277.30769238	4264.48717949	4266.79487187	4249.35897436	4344.35897457	4248.97435898	4269.61538469	4257.82051282	4240.8974359	4257.30769231	4262.05128206	4269.48717956	4265.25641026	
4264.61538462	4280.25641033	4263.20512821	4265.12820513	4248.84615385	4331.53846168	4246.41025641	4266.41025641	4263.46153847	4237.82051282	4261.15384616	4261.41025641	4262.94871795	4266.923077	
4262.6923077	4275.89743597	4261.7948718	4265.0	4253.97435898	4326.92307707	4240.25641026	4256.92307693	4265.51282052	4249.35897436	4261.41025641	4260.38461539	4257.82051282	4266.02564103	
4264.74358975	4274.35897443	4263.97435898	4265.51282052	4261.28205129	4337.17948739	4236.92307693	4252.94871795	4250.8974359	4242.43589744	4258.07692308	4261.41025641	4263.07692308	4265.25641026	
4266.66666674	4280.00000007	4264.35897436	4269.48717956	4263.97435898	4343.46153867	4246.15384616	4254.74358975	4241.66666667	4233.71794865	4252.6923077	4258.84615385	4261.53846154	4265.12820513	
4259.48717949	4278.20512828	4256.28205129	4266.02564103	4259.61538462	4337.17948739	4246.02564103	4253.07692308	4249.61538462	4247.17948718	4248.58974359	4251.02564103	4256.02564103	4261.02564103	
4257.05128206	4272.43589751	4255.0	4260.0	4251.28205129	4336.92307714	4239.61538462	4256.02564103	4258.58974359	4247.56410257	4250.0	4248.46153847	4262.82051282	4261.66666667	
4263.20512821	4273.58974366	4260.0	4264.74358975	4247.17948718	4343.33333355	4246.28205129	4266.02564103	4261.02564103	4232.5641025	4250.51282052	4251.28205129	4269.35897443	4266.923077	
4262.17948718	4277.94871802	4253.84615385	4267.56410264	4253.46153847	4338.46153867	4246.53846154	4263.07692308	4254.74358975	4232.5641025	4249.35897436	4250.38461539	4263.97435898	4262.30769231	
4255.12820513	4277.17948725	4246.41025641	4267.30769238	4261.02564103	4330.89743604	4239.23076923	4256.28205129	4242.56410257	4235.51282052	4248.33333334	4246.41025641	4257.6923077	4255.12820513	
4250.0	4273.20512828	4248.07692308	4273.07692315	4260.0	4332.56410278	4243.58974359	4261.28205129	4239.74358975	4237.6923077	4248.97435898	4246.53846154	4258.33333334	4258.58974359	
4250.25641026	4275.38461546	4251.02564103	4278.46153853	4259.10256411	4335.64102585	4250.8974359	4260.51282052	4246.28205129	4244.48717949	4256.02564103	4248.07692308	4259.74358975	4259.74358975	
4255.12820513	4280.00000007	4254.48717949	4276.66666674	4256.92307693	4333.46153867	4248.07692308	4255.8974359	4249.35897436	4241.15384616	4259.61538462	4248.84615385	4256.53846154	4258.46153847	
4256.92307693	4277.43589751	4255.8974359	4270.64102571	4249.35897436	4335.51282073	4245.64102564	4258.71794872	4250.0	4233.07692301	4252.56410257	4249.23076923	4257.43589744	4261.28205129	
4249.61538462	4272.82051289	4248.07692308	4263.58974359	4245.51282052	4345.76923098	4246.92307693	4260.64102564	4250.64102564	4232.17948711	4246.02564103	4247.05128206	4259.61538462	4254.61538462	
4247.43589744	4276.923077	4246.02564103	4263.97435898	4248.71794872	4350.89743611	4249.35897436	4262.6923077	4249.61538462	4233.71794865	4246.02564103	4246.66666667	4256.53846154	4247.17948718	
4256.15384616	4279.61538469	4251.28205129	4266.53846154	4246.15384616	4342.82051303	4251.15384616	4257.82051282	4246.28205129	4230.64102558	4247.6923077	4248.20512821	4253.84615385	4254.74358975	
4259.61538462	4275.51282059	4252.05128206	4262.94871795	4242.30769231	4335.3846156	4250.38461539	4249.87179488	4246.02564103	4234.48717949	4251.15384616	4250.38461539	4257.82051282	4263.84615385	
4256.53846154	4274.2307693	4251.28205129	4263.46153847	4243.97435898	4335.12820534	4246.28205129	4251.15384616	4247.82051282	4241.02564103	4254.61538462	4251.7948718	4262.43589744	4262.6923077	
4250.12820513	4277.17948725	4248.71794872	4266.66666674	4237.43589744	4329.10256425	4234.87179488	4252.05128206	4249.48717949	4239.23076923	4251.15384616	4247.82051282	4259.23076923	4255.0	
4246.7948718	4276.79487187	4247.43589744	4266.66666674	4233.4615384	4326.1538463	4232.17948711	4248.84615385	4255.76923077	4240.12820513	4250.0	4246.53846154	4256.92307693	4251.28205129	
4250.38461539	4273.33333341	4247.05128206	4268.58974366	4240.76923077	4339.61538483	4240.64102564	4251.41025641	4257.56410257	4243.33333334	4250.51282052	4247.30769231	4257.82051282	4252.6923077	
4243.84615385	4270.25641033	4237.43589744	4261.66666667	4241.28205129	4344.23076944	4239.61538462	4253.20512821	4248.58974359	4235.64102564	4239.74358975	4235.0	4251.28205129	4245.64102564	
4232.43589737	4269.61538469	4228.97435891	4249.74358975	4234.23076923	4330.38461553	4231.02564096	4252.43589744	4243.46153847	4226.15384609	4228.71794865	4224.74358968	4241.53846154	4236.53846154	
4239.35897436	4271.28205136	4238.71794872	4255.51282052	4235.8974359	4323.97435912	4231.15384609	4260.64102564	4247.56410257	4229.35897429	4237.05128206	4236.41025641	4246.41025641	4244.48717949	
4250.76923077	4271.923077	4248.46153847	4265.25641026	4231.79487173	4327.94871809	4233.07692301	4266.15384616	4247.94871795	4233.33333327	4246.53846154	4246.53846154	4256.15384616	4251.15384616	
4246.02564103	4273.84615392	4245.38461539	4261.53846154	4220.38461532	4328.33333348	4232.69230763	4258.46153847	4245.8974359	4232.05128199	4244.35897436	4242.6923077	4248.71794872	4247.94871795	
4244.35897436	4276.66666674	4246.92307693	4262.05128206	4216.79487173	4323.33333348	4233.33333327	4251.7948718	4246.66666667	4233.97435898	4245.8974359	4246.02564103	4242.82051282	4252.56410257	
4251.53846154	4273.97435905	4252.17948718	4267.17948725	4218.58974352	4325.12820527	4233.07692301	4249.74358975	4241.66666667	4232.17948711	4248.71794872	4251.15384616	4250.51282052	4254.23076923	
4249.61538462	4272.17948725	4250.8974359	4264.87179488	4225.38461532	4338.46153867	4241.28205129	4250.51282052	4240.25641026	4227.43589737	4246.7948718	4246.92307693	4252.6923077	4249.10256411	
4247.56410257	4275.51282059	4250.12820513	4264.48717949	4232.82051275	4341.15384637	4246.02564103	4251.15384616	4245.38461539	4228.33333327	4246.66666667	4246.7948718	4248.20512821	4253.71794872	
4248.33333334	4274.87179495	4251.92307693	4265.51282052	4229.48717942	4329.48717963	4233.71794865	4247.94871795	4238.07692308	4235.25641026	4246.92307693	4250.51282052	4253.58974359	4261.28205129	
4246.02564103	4270.51282059	4253.84615385	4263.33333334	4227.05128199	4324.3589745	4229.23076917	4248.97435898	4230.12820506	4238.33333334	4246.41025641	4249.35897436	4262.43589744	4261.02564103	
4248.07692308	4273.71794879	4259.74358975	4265.76923077	4234.61538462	4327.30769245	4238.33333334	4251.7948718	4237.6923077	4233.33333327	4248.58974359	4248.97435898	4261.02564103	4261.28205129	
4249.61538462	4276.79487187	4259.87179488	4267.82051289	4233.58974352	4329.87179501	4237.05128206	4246.02564103	4239.35897436	4227.69230763	4248.58974359	4249.74358975	4257.56410257	4258.84615385	
4247.43589744	4273.33333341	4251.41025641	4264.10256411	4225.51282045	4332.56410278	4228.71794865	4239.23076923	4234.87179488	4228.4615384	4245.0	4247.05128206	4255.51282052	4252.17948718	
4247.05128206	4275.25641033	4247.6923077	4261.41025641	4225.64102558	4332.82051303	4230.25641019	4242.43589744	4241.66666667	4233.33333327	4245.25641026	4245.25641026	4252.94871795	4248.71794872	
4247.94871795	4280.64102571	4250.0	4262.43589744	4226.15384609	4330.2564104	4230.25641019	4245.0	4248.07692308	4233.71794865	4248.71794872	4246.53846154	4252.43589744	4249.23076923	
4247.82051282	4282.69230777	4250.64102564	4263.97435898	4225.51282045	4336.92307714	4229.99999993	4246.28205129	4249.87179488	4235.51282052	4252.30769231	4246.15384616	4254.87179488	4256.41025641	
4248.33333334	4282.56410264	4248.58974359	4263.97435898	4226.6666666	4348.84615406	4234.61538462	4249.74358975	4252.05128206	4241.66666667	4251.15384616	4246.66666667	4255.0	4262.05128206	
4249.10256411	4280.25641033	4247.56410257	4262.05128206	4232.5641025	4352.05128226	4234.23076923	4243.46153847	4248.07692308	4239.10256411	4245.0	4246.66666667	4251.41025641	4257.82051282	
4246.53846154	4277.56410264	4245.25641026	4261.53846154	4234.10256411	4345.00000021	4231.02564096	4236.02564103	4243.97435898	4232.30769224	4242.82051282	4242.43589744	4250.8974359	4250.51282052	
4243.58974359	4276.79487187	4241.53846154	4257.82051282	4223.4615384	4339.23076944	4232.5641025	4238.97435898	4240.8974359	4230.89743583	4241.28205129	4239.61538462	4251.66666667	4247.56410257	
4241.02564103	4275.1282052	4242.6923077	4250.64102564	4214.10256404	4341.92307714	4237.30769231	4246.02564103	4240.38461539	4230.12820506	4239.10256411	4242.56410257	4253.07692308	4250.64102564	
4242.94871795	4277.05128212	4248.71794872	4252.30769231	4216.28205122	4341.92307714	4236.92307693	4248.46153847	4246.28205129	4231.79487173	4244.87179488	4245.76923077	4256.53846154	4258.46153847	
4242.30769231	4280.76923084	4246.7948718	4251.92307693	4220.38461532	4336.53846175	4227.43589737	4243.71794872	4243.33333334	4230.25641019	4246.92307693	4240.51282052	4257.6923077	4254.35897436	
4231.02564096	4274.35897443	4233.33333327	4237.30769231	4209.74358968	4333.46153867	4213.4615384	4226.53846147	4230.25641019	4219.74358968	4234.61538462	4227.82051275	4250.38461539	4236.41025641	
4223.84615378	4270.00000007	4226.28205122	4227.5641025	4200.12820499	4336.79487201	4209.10256404	4214.99999993	4228.20512814	4216.6666666	4227.17948711	4221.53846147	4245.51282052	4232.69230763	
4230.38461532	4276.0256411	4231.41025634	4231.6666666	4206.02564096	4341.79487201	4216.15384609	4225.38461532	4232.69230763	4221.28205122	4231.53846147	4227.05128199	4252.94871795	4245.76923077	
4235.76923077	4275.25641033	4233.4615384	4231.79487173	4206.41025634	4339.23076944	4217.94871788	4235.38461539	4229.74358968	4217.43589737	4225.7692307	4229.10256404	4252.30769231	4246.92307693	
4231.79487173	4269.87179495	4229.87179481	4229.61538455	4201.02564096	4342.56410278	4219.35897429	4231.02564096	4229.87179481	4214.10256404	4218.33333327	4222.17948711	4244.87179488	4238.20512821	
4230.64102558	4272.94871802	4229.10256404	4232.17948711	4210.51282045	4343.33333355	4229.99999993	4230.12820506	4231.15384609	4217.69230763	4224.35897429	4220.12820506	4247.6923077	4239.74358975	
4235.64102564	4277.69230777	4232.69230763	4231.6666666	4221.92307686	4332.05128219	4236.7948718	4241.02564103	4234.23076923	4222.17948711	4231.28205122	4226.41025634	4250.38461539	4248.07692308	
4241.7948718	4277.56410264	4239.87179488	4234.74358975	4216.79487173	4341.79487201	4235.12820513	4250.0	4246.53846154	4229.48717942	4231.92307686	4232.94871788	4248.07692308	4251.66666667	
4247.94871795	4275.64102571	4248.58974359	4246.41025641	4217.5641025	4365.25641054	4231.6666666	4246.53846154	4249.35897436	4236.02564103	4232.82051275	4236.41025641	4249.48717949	4251.7948718	
4243.46153847	4272.82051289	4245.76923077	4246.53846154	4218.58974352	4347.6923079	4227.05128199	4239.23076923	4236.41025641	4232.82051275	4233.33333327	4235.25641026	4252.94871795	4250.38461539	
4232.69230763	4271.79487187	4234.10256411	4235.76923077	4202.69230763	4318.07692322	4215.7692307	4235.0	4231.02564096	4225.64102558	4229.48717942	4232.82051275	4252.05128206	4245.12820513	
4229.99999993	4271.28205136	4231.15384609	4234.61538462	4192.94871781	4328.33333348	4201.6666666	4231.02564096	4239.23076923	4221.28205122	4224.74358968	4227.30769224	4249.74358975	4237.17948718	
4228.84615378	4268.84615392	4229.99999993	4234.74358975	4201.15384609	4340.12820534	4200.38461525	4230.38461532	4235.25641026	4223.97435891	4216.28205122	4218.33333327	4248.20512821	4232.69230763	
4221.53846147	4268.20512828	4219.74358968	4222.5641025	4213.4615384	4333.20512842	4214.87179481	4242.17948718	4227.43589737	4230.25641019	4206.79487173	4213.33333327	4247.56410257	4230.25641019	
4217.43589737	4269.10256418	4215.64102558	4214.99999993	4217.30769224	4340.12820534	4223.97435891	4248.71794872	4238.71794872	4227.43589737	4205.38461532	4214.10256404	4246.15384616	4227.43589737	
4216.53846147	4268.46153853	4218.33333327	4218.84615378	4209.48717942	4345.00000021	4216.02564096	4237.30769231	4240.51282052	4217.05128199	4206.41025634	4213.07692301	4239.74358975	4225.64102558	
4219.35897429	4267.56410264	4216.6666666	4218.58974352	4197.82051269	4333.20512842	4209.48717942	4226.41025634	4216.28205122	4211.02564096	4208.33333327	4212.5641025	4237.82051282	4229.23076917	
4226.41025634	4268.07692315	4218.20512814	4218.4615384	4202.82051275	4324.10256425	4212.94871788	4227.69230763	4205.12820506	4212.94871788	4211.6666666	4214.35897429	4241.66666667	4230.38461532	
4230.51282045	4269.35897443	4227.30769224	4225.25641019	4211.79487173	4327.56410271	4214.87179481	4238.20512821	4225.38461532	4222.17948711	4217.5641025	4218.71794865	4244.35897436	4229.61538455	
4237.6923077	4272.30769238	4235.8974359	4234.23076923	4207.69230763	4344.87179508	4219.74358968	4244.74358975	4236.28205129	4229.48717942	4226.28205122	4229.10256404	4246.7948718	4240.0	
4246.41025641	4274.48717956	4242.17948718	4243.46153847	4209.99999993	4361.92307714	4226.79487173	4240.51282052	4222.30769224	4224.99999993	4232.82051275	4237.17948718	4250.76923077	4251.15384616	
4242.6923077	4274.48717956	4240.25641026	4244.48717949	4212.43589737	4351.79487201	4221.15384609	4236.41025641	4211.02564096	4218.84615378	4233.58974352	4234.48717949	4250.38461539	4250.76923077	
4234.48717949	4274.87179495	4233.84615385	4237.30769231	4203.71794865	4333.33333355	4215.12820506	4239.23076923	4218.20512814	4224.87179481	4230.64102558	4232.82051275	4246.92307693	4246.92307693	
4233.97435898	4274.2307693	4233.84615385	4232.69230763	4201.15384609	4338.20512842	4222.17948711	4236.53846154	4224.99999993	4225.12820506	4224.10256404	4232.05128199	4247.6923077	4242.6923077	
4234.48717949	4274.10256418	4234.87179488	4235.51282052	4209.23076917	4347.6923079	4224.10256404	4230.38461532	4222.30769224	4217.69230763	4217.5641025	4226.02564096	4247.56410257	4236.41025641	
4226.15384609	4272.94871802	4224.61538455	4232.69230763	4203.71794865	4341.66666688	4215.51282045	4232.94871788	4222.05128199	4216.02564096	4217.30769224	4217.5641025	4240.51282052	4227.5641025	
4219.23076917	4267.82051289	4216.02564096	4222.17948711	4196.15384602	4335.76923098	4215.7692307	4234.23076923	4220.64102558	4211.15384609	4217.17948711	4213.07692301	4240.12820513	4221.53846147	
4220.51282045	4267.56410264	4220.51282045	4218.4615384	4209.48717942	4340.64102585	4219.35897429	4234.74358975	4215.12820506	4208.97435891	4212.69230763	4215.7692307	4247.56410257	4222.30769224	
4219.61538455	4271.66666674	4217.17948711	4220.12820506	4210.25641019	4349.4871797	4211.92307686	4234.74358975	4207.82051275	4211.92307686	4207.94871788	4213.97435891	4243.71794872	4221.02564096	
4211.53846147	4267.82051289	4201.15384609	4213.84615378	4189.87179474	4355.89743611	4207.05128199	4222.69230763	4201.15384609	4206.28205122	4197.56410243	4199.48717935	4235.8974359	4212.43589737	
4211.41025634	4263.71794872	4200.64102551	4208.20512814	4192.4358973	4356.53846175	4212.17948711	4217.82051275	4209.35897429	4206.6666666	4196.02564089	4195.25641012	4238.58974359	4211.41025634	
4220.38461532	4268.33333341	4215.89743583	4215.89743583	4216.28205122	4354.10256431	4217.17948711	4227.82051275	4223.58974352	4218.20512814	4208.20512814	4209.87179481	4243.71794872	4219.61538455	
4221.15384609	4270.38461546	4219.61538455	4223.58974352	4217.17948711	4358.71794893	4216.92307686	4228.84615378	4215.51282045	4214.48717942	4209.61538455	4218.20512814	4242.30769231	4222.43589737	
4216.92307686	4268.20512828	4211.79487173	4218.07692301	4200.64102551	4365.38461567	4213.58974352	4214.10256404	4205.64102558	4204.74358968	4204.35897429	4211.15384609	4239.10256411	4217.69230763	
4219.48717942	4269.10256418	4212.30769224	4215.38461532	4200.51282038	4366.66666695	4212.94871788	4210.89743583	4216.41025634	4211.28205122	4209.35897429	4209.61538455	4238.33333334	4214.87179481	
4232.94871788	4267.82051289	4226.92307686	4228.84615378	4218.20512814	4374.35897464	4225.25641019	4229.35897429	4221.02564096	4219.10256404	4218.4615384	4224.87179481	4243.20512821	4228.58974352	
4238.58974359	4261.02564103	4234.74358975	4240.0	4231.41025634	4381.79487208	4235.64102564	4239.10256411	4217.5641025	4221.28205122	4221.6666666	4235.0	4250.25641026	4240.12820513	
4222.17948711	4256.53846154	4220.89743583	4226.92307686	4221.92307686	4371.66666695	4222.94871788	4218.58974352	4212.82051275	4216.15384609	4216.79487173	4218.71794865	4243.97435898	4223.07692301	
4212.94871788	4256.28205129	4210.64102558	4213.71794865	4208.33333327	4364.4871797	4210.7692307	4199.35897422	4203.33333327	4204.74358968	4212.69230763	4206.41025634	4236.15384616	4213.58974352	
4222.17948711	4257.56410257	4219.48717942	4226.6666666	4216.53846147	4377.05128233	4221.41025634	4213.33333327	4203.4615384	4201.53846147	4218.07692301	4221.15384609	4239.10256411	4229.87179481	
4222.82051275	4257.43589744	4220.25641019	4231.15384609	4218.71794865	4375.76923105	4224.48717942	4218.33333327	4206.6666666	4202.17948711	4216.92307686	4222.82051275	4236.28205129	4228.97435891	
4213.33333327	4253.84615385	4211.15384609	4213.97435891	4203.71794865	4360.51282073	4212.17948711	4201.53846147	4199.74358961	4196.28205115	4200.76923063	4206.02564096	4227.82051275	4210.25641019	
4214.10256404	4253.33333334	4214.74358968	4218.33333327	4205.7692307	4366.02564131	4218.71794865	4206.02564096	4203.20512814	4197.17948704	4203.20512814	4210.51282045	4232.94871788	4213.20512814	
4222.43589737	4256.15384616	4221.41025634	4233.4615384	4220.89743583	4380.89743618	4235.51282052	4222.69230763	4219.35897429	4209.10256404	4219.35897429	4223.58974352	4243.46153847	4224.74358968	
4219.74358968	4255.51282052	4215.38461532	4226.53846147	4224.23076917	4378.07692336	4232.30769224	4223.4615384	4224.74358968	4214.61538455	4215.38461532	4214.99999993	4238.46153847	4217.69230763	
4205.89743583	4250.64102564	4202.30769224	4207.94871788	4210.51282045	4362.17948739	4215.89743583	4209.99999993	4212.43589737	4201.28205122	4199.87179474	4197.30769217	4231.15384609	4200.76923063	
4198.58974345	4250.76923077	4196.41025628	4200.51282038	4199.10256397	4351.92307714	4208.71794865	4200.64102551	4201.41025634	4186.02564089	4195.38461525	4193.71794858	4231.6666666	4197.94871781	
4204.87179481	4252.43589744	4200.89743576	4205.89743583	4203.84615378	4358.07692329	4214.99999993	4208.84615378	4208.33333327	4191.28205115	4199.2307691	4199.48717935	4233.20512814	4209.87179481	
4204.87179481	4249.61538462	4201.53846147	4211.41025634	4204.87179481	4369.74359003	4218.20512814	4216.28205122	4214.61538455	4200.64102551	4198.58974345	4199.48717935	4231.28205122	4207.69230763	
4198.97435884	4249.87179488	4199.61538448	4211.79487173	4199.35897422	4368.717949	4216.53846147	4212.05128199	4209.99999993	4199.87179474	4197.82051269	4197.17948704	4225.64102558	4198.97435884	
4206.28205122	4254.48717949	4202.05128199	4213.71794865	4210.38461532	4361.53846175	4217.43589737	4213.71794865	4212.43589737	4203.33333327	4201.28205122	4200.64102551	4226.15384609	4207.17948711	
4211.79487173	4253.46153847	4203.97435891	4216.6666666	4216.53846147	4358.5897438	4220.51282045	4215.64102558	4218.58974352	4204.48717942	4205.38461532	4202.30769224	4231.79487173	4214.48717942	
4212.69230763	4249.23076923	4206.53846147	4216.02564096	4200.51282038	4352.43589765	4216.92307686	4210.12820506	4214.35897429	4199.87179474	4209.35897429	4204.87179481	4236.02564103	4213.84615378	
4221.28205122	4252.17948718	4217.69230763	4223.71794865	4205.25641019	4351.15384637	4217.05128199	4220.89743583	4214.87179481	4207.17948711	4218.20512814	4216.53846147	4238.46153847	4224.23076917	
4225.51282045	4257.43589744	4228.07692301	4235.0	4223.58974352	4358.5897438	4226.6666666	4236.28205129	4222.17948711	4219.10256404	4228.20512814	4225.7692307	4241.53846154	4235.76923077	
4225.25641019	4259.87179488	4229.23076917	4232.5641025	4217.82051275	4359.87179508	4230.89743583	4232.17948711	4220.38461532	4217.94871788	4232.69230763	4227.30769224	4244.87179488	4233.20512814	
4230.51282045	4258.71794872	4232.5641025	4232.17948711	4213.33333327	4359.10256431	4231.15384609	4230.89743583	4218.97435891	4220.12820506	4234.74358975	4232.69230763	4247.43589744	4233.97435898	
4228.84615378	4254.23076923	4235.51282052	4239.23076923	4217.69230763	4359.35897457	4228.33333327	4232.94871788	4220.12820506	4221.41025634	4231.6666666	4235.38461539	4247.17948718	4237.94871795	
4216.02564096	4255.76923077	4225.7692307	4232.94871788	4204.48717942	4352.82051303	4213.84615378	4215.38461532	4213.4615384	4204.74358968	4218.07692301	4225.64102558	4238.84615385	4229.61538455	
4213.07692301	4258.58974359	4216.92307686	4219.74358968	4195.12820499	4351.41025662	4203.4615384	4197.56410243	4201.79487173	4188.71794858	4204.99999993	4216.02564096	4233.97435898	4218.07692301	
4212.5641025	4249.35897436	4212.82051275	4216.6666666	4205.64102558	4347.30769252	4203.84615378	4194.10256397	4196.28205115	4183.71794858	4199.10256397	4209.23076917	4230.7692307	4208.84615378	
4202.94871788	4243.84615385	4205.38461532	4219.10256404	4209.10256404	4340.76923098	4204.61538455	4194.61538448	4199.35897422	4186.92307679	4197.94871781	4203.97435891	4222.05128199	4201.02564096	
4201.6666666	4250.8974359	4202.43589737	4216.28205122	4200.51282038	4350.25641047	4205.38461532	4195.76923063	4202.69230763	4196.66666653	4197.94871781	4201.92307686	4223.07692301	4200.12820499	
4208.84615378	4253.46153847	4210.7692307	4214.10256404	4200.89743576	4356.41025662	4212.05128199	4201.02564096	4204.23076917	4197.30769217	4201.6666666	4203.71794865	4229.35897429	4203.84615378	
4209.48717942	4253.97435898	4213.33333327	4220.64102558	4207.17948711	4346.79487201	4214.61538455	4203.97435891	4203.4615384	4188.97435884	4205.89743583	4206.41025634	4225.51282045	4205.51282045	
4202.43589737	4254.48717949	4204.10256404	4218.58974352	4203.07692301	4339.4871797	4207.82051275	4194.48717935	4196.02564089	4185.89743576	4203.58974352	4204.74358968	4220.38461532	4203.71794865	
4194.61538448	4247.17948718	4196.28205115	4204.61538455	4196.5384614	4333.97435919	4197.30769217	4182.05128192	4192.56410243	4185.89743576	4195.25641012	4196.15384602	4219.48717942	4196.15384602	
4196.79487166	4245.25641026	4198.20512807	4207.05128199	4200.38461525	4331.1538463	4195.76923063	4188.20512807	4200.38461525	4189.48717935	4197.69230756	4195.51282038	4220.7692307	4195.25641012	
4208.07692301	4253.58974359	4205.25641019	4217.94871788	4203.20512814	4338.07692329	4204.35897429	4207.82051275	4207.82051275	4202.82051275	4210.38461532	4207.82051275	4227.30769224	4207.82051275	
4209.74358968	4254.48717949	4204.23076917	4207.69230763	4196.79487166	4342.05128226	4203.97435891	4204.35897429	4203.58974352	4203.20512814	4208.4615384	4206.79487173	4227.17948711	4208.33333327	
4200.25641012	4247.05128206	4197.82051269	4200.51282038	4196.28205115	4337.05128226	4198.20512807	4184.2307691	4195.25641012	4188.07692294	4196.66666653	4196.15384602	4220.38461532	4197.4358973	
4198.71794858	4244.48717949	4199.74358961	4215.25641019	4205.25641019	4332.56410278	4200.89743576	4187.94871781	4193.3333332	4184.74358961	4197.05128192	4198.71794858	4221.41025634	4199.10256397	
4201.28205122	4246.15384616	4199.2307691	4214.99999993	4202.5641025	4327.56410271	4196.41025628	4200.51282038	4196.02564089	4186.92307679	4199.35897422	4201.79487173	4224.35897429	4202.05128199	
4198.84615371	4245.51282052	4195.25641012	4202.05128199	4188.3333332	4316.41025655	4191.5384614	4198.20512807	4199.74358961	4185.64102551	4196.15384602	4197.17948704	4223.71794865	4197.69230756	
4198.58974345	4247.56410257	4198.46153833	4203.97435891	4185.38461525	4307.82051296	4196.41025628	4197.94871781	4201.79487173	4187.56410243	4196.28205115	4196.92307679	4224.35897429	4198.46153833	
4197.94871781	4247.56410257	4197.94871781	4206.02564096	4188.07692294	4313.58974373	4196.02564089	4197.30769217	4201.6666666	4185.38461525	4193.97435884	4196.28205115	4222.05128199	4198.97435884	
4195.12820499	4245.25641026	4192.05128192	4200.64102551	4183.07692294	4318.07692322	4190.51282038	4190.76923063	4198.07692294	4182.17948704	4186.41025628	4191.41025628	4220.38461532	4195.89743576	
4198.3333332	4248.33333334	4196.5384614	4202.94871788	4189.2307691	4314.61538476	4197.05128192	4196.92307679	4196.15384602	4190.51282038	4189.99999986	4195.12820499	4228.20512814	4199.35897422	
4201.41025634	4251.92307693	4204.10256404	4204.35897429	4202.5641025	4321.79487194	4204.23076917	4207.05128199	4203.97435891	4200.51282038	4200.64102551	4201.92307686	4232.17948711	4203.84615378	
4200.64102551	4248.33333334	4202.94871788	4202.05128199	4197.30769217	4328.07692322	4200.25641012	4200.89743576	4206.79487173	4199.61538448	4202.82051275	4200.76923063	4226.41025634	4204.10256404	
4199.74358961	4245.76923077	4201.92307686	4209.61538455	4192.94871781	4322.69230784	4201.41025634	4199.35897422	4199.2307691	4195.76923063	4199.10256397	4198.97435884	4225.12820506	4203.4615384	
4199.35897422	4248.84615385	4203.71794865	4212.30769224	4203.07692301	4327.30769245	4204.74358968	4204.61538455	4198.84615371	4193.46153833	4198.84615371	4200.76923063	4230.38461532	4202.30769224	
4198.3333332	4247.56410257	4202.69230763	4205.25641019	4198.20512807	4322.43589758	4194.35897422	4193.97435884	4203.58974352	4188.58974345	4200.25641012	4200.89743576	4232.17948711	4200.25641012	
4199.74358961	4244.23076923	4202.94871788	4208.84615378	4188.71794858	4309.61538476	4188.3333332	4186.5384614	4199.10256397	4185.64102551	4196.5384614	4201.41025634	4227.5641025	4202.5641025	
4202.05128199	4248.84615385	4203.97435891	4211.02564096	4196.92307679	4322.56410271	4200.51282038	4198.97435884	4194.35897422	4187.4358973	4189.35897422	4201.92307686	4223.84615378	4204.10256404	
4203.20512814	4252.43589744	4202.30769224	4205.25641019	4202.5641025	4327.69230784	4206.92307686	4208.20512814	4198.46153833	4186.66666653	4188.07692294	4199.48717935	4222.69230763	4201.41025634	
4202.69230763	4247.43589744	4200.64102551	4208.33333327	4198.07692294	4309.48717963	4201.02564096	4205.64102558	4198.07692294	4181.02564089	4194.2307691	4195.76923063	4226.02564096	4198.71794858	
4204.61538455	4246.02564103	4207.05128199	4216.53846147	4201.92307686	4318.84615399	4207.82051275	4205.7692307	4197.4358973	4185.64102551	4203.71794865	4200.12820499	4232.82051275	4202.5641025	
4212.94871788	4253.71794872	4217.05128199	4221.02564096	4204.99999993	4341.66666688	4220.7692307	4218.4615384	4212.82051275	4204.61538455	4210.51282045	4212.5641025	4237.17948718	4212.5641025	
4215.25641019	4257.05128206	4218.97435891	4225.25641019	4200.51282038	4331.28205142	4223.84615378	4230.89743583	4221.79487173	4209.48717942	4207.05128199	4215.38461532	4238.97435898	4216.53846147	
4210.25641019	4252.05128206	4214.99999993	4224.48717942	4207.5641025	4311.92307707	4221.28205122	4220.38461532	4211.02564096	4201.15384609	4199.99999986	4212.30769224	4234.35897436	4211.02564096	
4206.53846147	4246.02564103	4211.41025634	4216.02564096	4216.15384609	4308.97435912	4212.82051275	4203.33333327	4218.58974352	4204.74358968	4200.51282038	4209.23076917	4230.7692307	4203.20512814	
4204.48717942	4246.7948718	4211.79487173	4215.51282045	4210.64102558	4316.66666681	4208.71794865	4205.12820506	4234.23076923	4208.58974352	4201.41025634	4205.25641019	4234.35897436	4203.4615384	
4209.61538455	4253.84615385	4216.6666666	4222.17948711	4204.35897429	4324.74358989	4213.84615378	4210.89743583	4215.12820506	4201.53846147	4200.76923063	4207.94871788	4234.87179488	4209.10256404	
4213.20512814	4255.64102564	4217.69230763	4222.43589737	4200.25641012	4318.07692322	4208.84615378	4203.4615384	4188.97435884	4198.58974345	4201.41025634	4213.97435891	4232.69230763	4206.53846147	
4208.71794865	4250.12820513	4213.84615378	4217.30769224	4199.61538448	4308.4615386	4200.12820499	4198.20512807	4195.25641012	4202.5641025	4204.35897429	4213.58974352	4233.97435898	4203.33333327	
4210.12820506	4252.30769231	4215.38461532	4215.64102558	4205.7692307	4310.12820527	4206.15384609	4207.5641025	4207.17948711	4203.4615384	4208.84615378	4211.15384609	4235.12820513	4212.05128199	
4212.69230763	4255.8974359	4214.74358968	4216.79487173	4204.87179481	4305.12820527	4209.35897429	4216.28205122	4203.71794865	4201.41025634	4208.84615378	4208.84615378	4228.97435891	4214.23076917	
4204.61538455	4248.84615385	4208.4615384	4213.07692301	4201.28205122	4295.64102571	4205.38461532	4215.25641019	4205.64102558	4200.38461525	4198.71794858	4199.87179474	4221.15384609	4202.82051275	
4205.89743583	4247.43589744	4209.48717942	4214.10256404	4212.05128199	4301.28205142	4213.4615384	4212.05128199	4213.84615378	4202.69230763	4198.3333332	4199.87179474	4223.58974352	4205.7692307	
4217.17948711	4254.48717949	4217.5641025	4219.48717942	4219.99999993	4314.10256425	4225.89743583	4219.48717942	4216.6666666	4204.10256404	4211.41025634	4208.84615378	4232.82051275	4220.89743583	
4213.07692301	4254.10256411	4219.35897429	4219.74358968	4212.43589737	4323.4615386	4225.64102558	4228.58974352	4218.07692301	4201.53846147	4211.15384609	4206.41025634	4231.28205122	4219.10256404	
4203.84615378	4247.56410257	4210.38461532	4218.33333327	4203.97435891	4315.64102578	4211.28205122	4220.38461532	4217.17948711	4201.6666666	4199.61538448	4200.12820499	4222.30769224	4206.92307686	
4200.76923063	4247.56410257	4200.25641012	4213.07692301	4203.20512814	4295.38461546	4200.38461525	4203.4615384	4205.51282045	4200.25641012	4196.41025628	4197.82051269	4222.43589737	4198.97435884	
4201.02564096	4250.64102564	4204.74358968	4212.94871788	4208.97435891	4293.71794879	4209.48717942	4197.56410243	4200.76923063	4195.89743576	4198.46153833	4199.74358961	4222.30769224	4200.51282038	
4203.71794865	4245.76923077	4212.94871788	4214.61538455	4207.05128199	4296.923077	4214.61538455	4209.23076917	4212.30769224	4197.05128192	4199.99999986	4203.33333327	4220.7692307	4204.87179481	
4201.79487173	4240.76923077	4208.4615384	4209.23076917	4196.15384602	4280.51282059	4204.61538455	4218.4615384	4211.6666666	4200.51282038	4199.2307691	4204.23076917	4223.4615384	4203.84615378	
4198.3333332	4244.23076923	4199.99999986	4203.07692301	4198.46153833	4270.76923084	4203.33333327	4210.64102558	4196.79487166	4195.64102551	4192.4358973	4201.6666666	4221.79487173	4199.10256397	
4198.71794858	4245.64102564	4198.97435884	4201.53846147	4206.92307686	4282.94871802	4207.43589737	4202.69230763	4193.3333332	4187.94871781	4183.46153833	4196.66666653	4217.30769224	4196.02564089	
4199.87179474	4242.82051282	4208.20512814	4207.05128199	4201.79487173	4291.41025648	4210.7692307	4215.89743583	4209.99999993	4192.56410243	4191.15384602	4200.64102551	4224.61538455	4203.4615384	
4204.10256404	4247.6923077	4219.48717942	4215.51282045	4197.94871781	4286.53846161	4218.07692301	4228.97435891	4223.4615384	4203.84615378	4211.79487173	4214.61538455	4236.15384616	4218.4615384	
4204.61538455	4250.64102564	4219.61538455	4217.69230763	4203.71794865	4276.79487187	4210.25641019	4221.15384609	4213.4615384	4204.61538455	4216.92307686	4217.43589737	4233.33333327	4217.94871788	
4198.84615371	4244.61538462	4213.07692301	4213.58974352	4202.43589737	4271.28205136	4197.56410243	4211.41025634	4196.41025628	4199.61538448	4204.74358968	4204.61538455	4224.23076917	4204.99999993	
4199.2307691	4246.53846154	4209.99999993	4212.17948711	4199.10256397	4278.33333341	4212.17948711	4208.58974352	4197.82051269	4201.28205122	4198.97435884	4199.87179474	4226.53846147	4205.38461532	
4203.71794865	4252.05128206	4208.97435891	4210.25641019	4199.48717935	4283.71794879	4222.94871788	4212.30769224	4207.5641025	4200.89743576	4201.02564096	4203.33333327	4230.51282045	4210.89743583	
4199.2307691	4247.82051282	4208.58974352	4207.05128199	4195.76923063	4273.71794879	4202.69230763	4211.28205122	4204.35897429	4196.28205115	4199.99999986	4199.61538448	4222.17948711	4202.5641025	
4201.79487173	4246.28205129	4218.97435891	4219.74358968	4198.07692294	4266.02564103	4198.20512807	4200.51282038	4198.46153833	4201.6666666	4207.17948711	4208.07692301	4222.69230763	4207.30769224	
4214.99999993	4253.33333334	4230.7692307	4233.58974352	4204.74358968	4269.74358982	4215.38461532	4203.07692301	4197.82051269	4202.94871788	4218.33333327	4224.35897429	4233.84615385	4222.43589737	
4219.35897429	4255.51282052	4233.58974352	4234.48717949	4202.17948711	4267.56410264	4212.30769224	4215.89743583	4197.82051269	4192.17948704	4216.28205122	4223.84615378	4231.92307686	4223.84615378	
4215.89743583	4253.58974359	4232.43589737	4233.4615384	4202.94871788	4261.7948718	4199.48717935	4209.48717942	4194.10256397	4191.28205115	4212.69230763	4221.02564096	4225.51282045	4223.07692301	
4215.38461532	4251.66666667	4230.25641019	4232.05128199	4205.64102558	4268.46153853	4203.84615378	4195.64102551	4190.64102551	4199.10256397	4213.84615378	4228.4615384	4227.82051275	4229.48717942	
4224.74358968	4254.48717949	4236.02564103	4236.41025641	4199.61538448	4283.20512828	4222.69230763	4211.6666666	4200.38461525	4201.79487173	4216.79487173	4236.02564103	4233.07692301	4235.76923077	
4231.41025634	4259.74358975	4242.56410257	4244.23076923	4206.41025634	4283.97435905	4234.35897436	4228.07692301	4206.02564096	4201.53846147	4221.02564096	4235.38461539	4234.74358975	4236.02564103	
4221.41025634	4255.38461539	4229.74358968	4235.76923077	4220.12820506	4266.66666674	4223.07692301	4217.30769224	4192.94871781	4200.25641012	4218.33333327	4224.61538455	4227.30769224	4226.41025634	
4212.05128199	4250.51282052	4217.30769224	4221.41025634	4208.07692301	4256.28205129	4213.97435891	4209.48717942	4188.07692294	4196.79487166	4212.30769224	4214.61538455	4224.10256404	4215.25641019	
4217.17948711	4251.41025641	4225.25641019	4226.15384609	4191.66666653	4261.7948718	4223.58974352	4216.53846147	4200.89743576	4197.4358973	4214.61538455	4215.89743583	4235.64102564	4216.79487173	
4218.71794865	4253.84615385	4232.43589737	4235.8974359	4205.7692307	4262.56410257	4224.61538455	4219.35897429	4206.02564096	4198.20512807	4216.92307686	4221.79487173	4237.6923077	4221.79487173	
4214.35897429	4255.25641026	4228.71794865	4235.12820513	4221.15384609	4259.74358975	4215.25641019	4214.99999993	4202.43589737	4203.84615378	4215.12820506	4224.99999993	4229.74358968	4223.4615384	
4218.4615384	4255.64102564	4231.15384609	4234.10256411	4208.33333327	4266.41025641	4221.28205122	4219.99999993	4205.25641019	4218.71794865	4218.84615378	4227.17948711	4236.92307693	4228.71794865	
4221.53846147	4256.02564103	4235.12820513	4232.5641025	4192.05128192	4268.58974366	4231.02564096	4230.25641019	4209.23076917	4217.43589737	4220.51282045	4227.05128199	4246.41025641	4230.51282045	
4218.4615384	4258.84615385	4230.12820506	4234.35897436	4203.97435891	4259.74358975	4228.20512814	4228.4615384	4211.41025634	4203.58974352	4218.58974352	4225.25641019	4239.87179488	4227.82051275	
4212.43589737	4256.92307693	4222.82051275	4236.28205129	4221.79487173	4252.17948718	4224.35897429	4222.30769224	4218.33333327	4202.94871788	4219.35897429	4222.5641025	4234.74358975	4223.58974352	
4205.51282045	4249.35897436	4215.64102558	4222.17948711	4207.69230763	4249.23076923	4215.12820506	4217.5641025	4215.12820506	4208.07692301	4216.15384609	4215.7692307	4237.94871795	4218.71794865	
4201.79487173	4248.20512821	4213.71794865	4211.02564096	4184.2307691	4249.10256411	4203.4615384	4208.71794865	4201.79487173	4200.64102551	4211.41025634	4212.43589737	4239.74358975	4215.38461532	
4198.71794858	4248.46153847	4214.10256404	4216.41025634	4188.20512807	4245.0	4201.79487173	4198.07692294	4192.56410243	4190.64102551	4212.82051275	4213.84615378	4240.38461539	4212.43589737	
4201.15384609	4244.74358975	4214.87179481	4221.02564096	4202.82051275	4237.56410257	4208.4615384	4199.2307691	4189.2307691	4189.2307691	4214.61538455	4213.4615384	4243.58974359	4214.74358968	
4199.99999986	4242.94871795	4211.41025634	4213.71794865	4196.15384602	4231.92307686	4207.69230763	4197.30769217	4184.61538448	4187.56410243	4207.5641025	4206.92307686	4240.76923077	4215.38461532	
4186.28205115	4241.15384616	4197.94871781	4202.17948711	4186.79487166	4229.99999993	4194.48717935	4175.12820499	4178.71794858	4182.56410243	4195.38461525	4195.64102551	4228.71794865	4202.5641025	
4187.94871781	4241.66666667	4197.30769217	4200.38461525	4198.20512807	4235.8974359	4195.38461525	4172.69230756	4185.38461525	4185.64102551	4197.30769217	4197.05128192	4230.64102558	4196.66666653	
4200.76923063	4243.20512821	4203.58974352	4203.33333327	4206.6666666	4232.69230763	4199.10256397	4184.61538448	4186.5384614	4186.92307679	4202.82051275	4201.6666666	4238.84615385	4201.92307686	
4199.2307691	4242.56410257	4200.64102551	4204.35897429	4195.76923063	4229.23076917	4193.07692294	4183.71794858	4185.25641012	4180.25641012	4199.35897422	4199.10256397	4233.71794865	4204.35897429	
4207.05128199	4248.20512821	4210.89743583	4214.61538455	4198.20512807	4245.8974359	4207.30769224	4196.15384602	4203.33333327	4190.76923063	4208.97435891	4212.43589737	4237.82051282	4214.35897429	
4220.12820506	4254.48717949	4225.64102558	4224.61538455	4210.38461532	4251.02564103	4221.79487173	4214.10256404	4212.69230763	4209.23076917	4220.25641019	4225.7692307	4249.74358975	4225.12820506	
4207.69230763	4248.58974359	4215.12820506	4217.94871788	4207.94871788	4231.28205122	4204.74358968	4206.53846147	4197.94871781	4200.51282038	4208.07692301	4211.6666666	4242.17948718	4214.23076917	
4196.5384614	4243.58974359	4205.25641019	4213.97435891	4207.17948711	4221.92307686	4192.30769217	4197.17948704	4192.82051269	4184.10256397	4197.30769217	4202.05128199	4234.74358975	4203.97435891	
4203.71794865	4246.28205129	4214.87179481	4217.17948711	4206.41025634	4233.07692301	4205.51282045	4205.25641019	4205.25641019	4192.94871781	4205.89743583	4214.99999993	4245.76923077	4212.43589737	
4202.05128199	4243.46153847	4215.12820506	4207.94871788	4191.5384614	4235.76923077	4206.79487173	4207.05128199	4204.23076917	4207.94871788	4208.84615378	4215.12820506	4245.0	4216.02564096	
4196.28205115	4238.97435898	4206.92307686	4202.30769224	4185.89743576	4221.92307686	4200.38461525	4198.46153833	4198.46153833	4199.10256397	4199.87179474	4204.10256404	4231.41025634	4206.02564096	
4201.28205122	4245.64102564	4210.64102558	4213.71794865	4202.5641025	4214.23076917	4208.4615384	4191.92307679	4200.12820499	4184.61538448	4201.02564096	4209.74358968	4233.20512814	4203.07692301	
4203.97435891	4247.30769231	4215.38461532	4219.48717942	4209.35897429	4224.99999993	4209.48717942	4184.48717935	4191.92307679	4185.51282038	4208.33333327	4216.6666666	4236.7948718	4211.15384609	
4201.53846147	4242.17948718	4216.79487173	4214.61538455	4196.28205115	4231.41025634	4200.76923063	4183.3333332	4179.99999986	4187.30769217	4208.20512814	4214.61538455	4232.69230763	4211.28205122	
4202.17948711	4247.05128206	4214.87179481	4216.41025634	4198.20512807	4221.15384609	4202.69230763	4192.56410243	4182.4358973	4182.56410243	4203.58974352	4216.41025634	4232.30769224	4205.64102558	
4203.20512814	4251.15384616	4206.79487173	4220.12820506	4212.17948711	4217.5641025	4207.82051275	4195.89743576	4189.99999986	4185.38461525	4201.79487173	4214.23076917	4236.15384616	4204.61538455	
4199.61538448	4244.10256411	4203.58974352	4214.10256404	4208.20512814	4217.05128199	4199.35897422	4186.41025628	4183.58974345	4190.64102551	4200.64102551	4206.28205122	4236.15384616	4202.43589737	
4200.51282038	4242.56410257	4215.38461532	4212.94871788	4193.71794858	4213.33333327	4196.15384602	4188.71794858	4186.28205115	4192.82051269	4205.7692307	4212.05128199	4237.94871795	4207.94871788	
4205.89743583	4246.15384616	4221.15384609	4217.94871788	4200.64102551	4216.02564096	4205.64102558	4206.6666666	4204.10256404	4199.99999986	4213.07692301	4219.48717942	4244.23076923	4217.69230763	
4199.2307691	4239.74358975	4207.30769224	4209.87179481	4204.99999993	4213.58974352	4204.87179481	4208.20512814	4201.92307686	4202.17948711	4203.84615378	4206.02564096	4241.02564103	4210.64102558	
4190.89743576	4237.94871795	4196.92307679	4197.56410243	4185.25641012	4203.07692301	4197.4358973	4198.20512807	4189.48717935	4191.41025628	4193.46153833	4194.10256397	4230.38461532	4198.97435884	
4197.82051269	4242.6923077	4203.4615384	4200.25641012	4184.35897422	4200.25641012	4201.02564096	4201.15384609	4194.2307691	4184.10256397	4198.46153833	4200.12820499	4231.15384609	4203.4615384	
4206.15384609	4241.7948718	4209.99999993	4206.02564096	4206.92307686	4204.99999993	4210.25641019	4206.53846147	4203.71794865	4187.56410243	4202.94871788	4205.7692307	4236.41025641	4207.94871788	
4204.48717942	4240.8974359	4207.17948711	4203.84615378	4199.87179474	4205.25641019	4208.33333327	4203.33333327	4197.4358973	4189.99999986	4200.64102551	4202.94871788	4233.97435898	4204.10256404	
4195.89743576	4240.12820513	4200.51282038	4202.05128199	4181.15384602	4202.5641025	4197.94871781	4193.97435884	4184.74358961	4184.61538448	4198.46153833	4199.48717935	4232.69230763	4201.53846147	
4193.07692294	4240.8974359	4201.53846147	4203.20512814	4194.35897422	4200.12820499	4192.94871781	4185.64102551	4181.41025628	4182.82051269	4197.94871781	4200.64102551	4233.58974352	4200.12820499	
4191.5384614	4242.56410257	4205.38461532	4202.05128199	4200.64102551	4198.71794858	4195.51282038	4185.38461525	4187.69230756	4184.87179474	4198.58974345	4200.38461525	4231.53846147	4198.84615371	
4192.69230756	4242.30769231	4207.5641025	4202.82051275	4192.05128192	4204.87179481	4203.71794865	4191.28205115	4189.35897422	4187.94871781	4203.97435891	4202.43589737	4233.58974352	4203.07692301	
4194.99999986	4241.02564103	4205.89743583	4205.38461532	4199.74358961	4204.48717942	4203.97435891	4186.28205115	4184.2307691	4194.35897422	4205.89743583	4205.51282045	4234.87179488	4201.79487173	
4185.12820499	4238.07692308	4195.51282038	4199.87179474	4198.71794858	4183.71794858	4183.97435884	4168.71794858	4182.30769217	4190.38461525	4192.82051269	4195.51282038	4224.23076917	4187.4358973	
4177.17948704	4236.15384616	4193.84615371	4198.3333332	4184.61538448	4171.5384614	4177.30769217	4171.5384614	4186.15384602	4182.94871781	4188.84615371	4189.61538448	4221.6666666	4180.64102551	
4184.2307691	4238.33333334	4201.15384609	4204.48717942	4185.89743576	4181.28205115	4193.07692294	4190.76923063	4191.66666653	4187.94871781	4200.12820499	4197.69230756	4229.35897429	4188.3333332	
4185.64102551	4238.97435898	4192.82051269	4197.56410243	4186.28205115	4183.97435884	4192.30769217	4188.58974345	4183.3333332	4184.35897422	4193.71794858	4193.71794858	4226.15384609	4187.30769217	
4185.38461525	4237.82051282	4186.41025628	4190.25641012	4181.02564089	4181.5384614	4191.15384602	4179.74358961	4171.92307679	4176.79487166	4182.82051269	4184.35897422	4223.20512814	4183.46153833	
4194.10256397	4239.74358975	4197.17948704	4194.10256397	4188.3333332	4182.30769217	4204.35897429	4188.20512807	4174.48717935	4182.82051269	4187.17948704	4186.79487166	4225.25641019	4187.56410243	
4190.38461525	4239.23076923	4193.20512807	4191.66666653	4186.92307679	4173.58974345	4194.61538448	4186.02564089	4176.28205115	4175.89743576	4179.74358961	4184.74358961	4219.61538455	4184.61538448	
4182.30769217	4236.53846154	4180.38461525	4183.84615371	4174.10256397	4174.2307691	4180.51282038	4175.12820499	4175.64102551	4164.48717928	4172.4358973	4180.51282038	4215.89743583	4181.66666653	
4190.76923063	4236.53846154	4191.28205115	4185.89743576	4171.5384614	4184.35897422	4190.51282038	4180.38461525	4181.15384602	4173.07692294	4184.87179474	4183.97435884	4223.07692301	4185.76923063	
4198.20512807	4238.84615385	4202.82051275	4195.38461525	4181.41025628	4176.5384614	4196.41025628	4188.3333332	4181.28205115	4176.41025628	4190.38461525	4188.71794858	4227.17948711	4188.20512807	
4199.10256397	4243.58974359	4204.61538455	4202.17948711	4192.94871781	4166.53846133	4189.2307691	4186.28205115	4174.87179474	4177.05128192	4188.07692294	4197.69230756	4225.38461532	4198.58974345	
4192.05128192	4239.48717949	4199.10256397	4191.79487166	4181.92307679	4161.66666646	4177.82051269	4169.99999986	4167.94871774	4179.35897422	4186.41025628	4196.02564089	4222.05128199	4199.35897422	
4187.82051269	4230.7692307	4190.38461525	4179.99999986	4169.61538448	4158.205128	4175.89743576	4162.05128185	4165.89743569	4174.2307691	4183.20512807	4184.74358961	4219.23076917	4187.05128192	
4194.2307691	4236.15384616	4191.41025628	4190.64102551	4182.69230756	4168.97435884	4192.4358973	4179.87179474	4178.07692294	4174.74358961	4184.48717935	4186.79487166	4221.79487173	4189.35897422	
4189.2307691	4236.92307693	4185.12820499	4188.71794858	4188.46153833	4175.76923063	4195.51282038	4184.48717935	4182.05128192	4173.3333332	4178.84615371	4181.28205115	4220.25641019	4186.92307679	
4176.92307679	4227.82051275	4173.3333332	4171.41025628	4172.30769217	4169.61538448	4181.79487166	4168.20512807	4166.92307672	4161.79487159	4165.89743569	4167.3076921	4213.71794865	4172.17948704	
4179.48717935	4229.87179481	4176.92307679	4174.35897422	4164.74358954	4172.69230756	4183.84615371	4174.2307691	4168.84615371	4162.94871774	4170.76923063	4174.87179474	4216.41025634	4175.76923063	
4191.02564089	4234.74358975	4190.12820499	4187.30769217	4178.97435884	4179.74358961	4192.17948704	4192.05128192	4188.58974345	4174.2307691	4184.61538448	4189.48717935	4224.99999993	4189.2307691	
4198.46153833	4234.10256411	4198.20512807	4192.17948704	4191.66666653	4175.12820499	4190.76923063	4192.17948704	4191.79487166	4173.71794858	4188.58974345	4192.17948704	4227.43589737	4191.79487166	
4195.64102551	4233.71794865	4196.5384614	4186.28205115	4178.97435884	4165.89743569	4183.07692294	4185.25641012	4171.41025628	4169.99999986	4185.38461525	4187.82051269	4219.61538455	4186.02564089	
4191.02564089	4235.38461539	4193.46153833	4182.94871781	4166.66666646	4170.12820499	4180.64102551	4182.82051269	4161.28205108	4175.12820499	4183.71794858	4186.15384602	4214.35897429	4184.74358961	
4201.15384609	4237.94871795	4202.17948711	4196.92307679	4187.17948704	4184.61538448	4195.25641012	4191.28205115	4182.17948704	4185.51282038	4193.84615371	4197.69230756	4222.5641025	4198.84615371	
4197.17948704	4237.17948718	4200.51282038	4198.97435884	4193.46153833	4179.10256397	4192.30769217	4190.38461525	4189.61538448	4177.56410243	4190.89743576	4196.02564089	4222.5641025	4198.71794858	
4166.92307672	4228.4615384	4172.17948704	4173.20512807	4161.41025621	4160.76923056	4160.64102544	4160.76923056	4162.82051262	4153.07692287	4166.15384595	4167.05128185	4204.61538455	4167.17948697	
4167.3076921	4226.28205122	4168.46153833	4171.15384602	4169.61538448	4173.20512807	4165.76923056	4149.74358954	4158.58974339	4158.71794851	4164.48717928	4165.38461518	4206.92307686	4161.79487159	
4195.76923063	4237.43589744	4196.41025628	4197.94871781	4205.64102558	4183.20512807	4201.28205122	4189.61538448	4203.84615378	4194.10256397	4189.99999986	4194.35897422	4227.94871788	4193.58974345	
4197.94871781	4241.41025641	4203.84615378	4201.6666666	4191.79487166	4176.15384602	4204.35897429	4221.41025634	4226.02564096	4206.92307686	4198.58974345	4197.56410243	4230.64102558	4205.89743583	
4188.3333332	4233.84615385	4190.51282038	4187.94871781	4178.07692294	4190.12820499	4193.84615371	4205.38461532	4192.05128192	4190.51282038	4186.79487166	4183.20512807	4223.07692301	4193.84615371	
4195.38461525	4233.58974352	4187.4358973	4188.84615371	4215.12820506	4201.02564096	4209.35897429	4204.87179481	4211.28205122	4189.48717935	4184.99999986	4186.15384602	4226.53846147	4193.84615371	
4197.05128192	4237.05128206	4191.92307679	4192.4358973	4210.25641019	4173.46153833	4209.87179481	4223.4615384	4251.41025641	4197.17948704	4191.28205115	4189.99999986	4225.25641019	4198.97435884	
4184.48717935	4230.38461532	4188.20512807	4184.2307691	4148.33333313	4143.46153826	4173.97435884	4195.51282038	4185.89743576	4177.17948704	4185.25641012	4183.46153833	4214.48717942	4189.99999986	
4180.12820499	4227.05128199	4182.94871781	4178.46153833	4153.97435877	4155.25641005	4164.61538441	4152.05128185	4107.30769203	4158.07692287	4173.71794858	4180.38461525	4211.92307686	4177.82051269	
4185.76923063	4235.12820513	4185.76923063	4184.48717935	4204.61538455	4187.30769217	4198.58974345	4168.58974345	4157.17948697	4177.69230756	4179.87179474	4185.38461525	4218.20512814	4180.76923063	
4186.28205115	4236.02564103	4187.69230756	4184.61538448	4189.87179474	4181.41025628	4206.28205122	4204.74358968	4221.6666666	4190.76923063	4190.89743576	4186.41025628	4221.6666666	4185.25641012	
4178.3333332	4231.15384609	4178.71794858	4172.17948704	4158.58974339	4142.82051262	4175.76923063	4188.71794858	4170.25641012	4169.10256397	4180.38461525	4181.79487166	4219.74358968	4176.28205115	
4174.48717935	4233.20512814	4168.46153833	4166.53846133	4167.56410236	4141.66666646	4173.3333332	4165.12820492	4124.8717946	4156.53846133	4168.97435884	4179.74358961	4212.82051275	4168.84615371	
4177.82051269	4235.8974359	4171.15384602	4175.89743576	4177.56410243	4163.205128	4196.28205115	4174.99999986	4158.46153826	4171.28205115	4172.69230756	4181.15384602	4206.6666666	4171.02564089	
4184.87179474	4238.84615385	4183.71794858	4186.28205115	4189.48717935	4154.1025639	4204.48717942	4197.82051269	4194.61538448	4188.58974345	4185.12820499	4190.25641012	4210.51282045	4183.71794858	
4192.82051269	4248.07692308	4188.84615371	4187.30769217	4201.79487173	4150.89743569	4210.89743583	4208.33333327	4196.66666653	4188.46153833	4194.87179474	4201.28205122	4217.30769224	4195.12820499	
4191.66666653	4252.43589744	4183.20512807	4184.35897422	4188.20512807	4168.20512807	4216.15384609	4206.02564096	4198.20512807	4184.87179474	4194.99999986	4200.89743576	4215.89743583	4190.12820499	
4184.35897422	4250.0	4177.4358973	4184.61538448	4179.87179474	4174.87179474	4209.35897429	4202.82051275	4201.15384609	4191.92307679	4194.2307691	4198.46153833	4212.5641025	4183.20512807	
4182.82051269	4250.12820513	4175.12820499	4185.64102551	4187.69230756	4168.58974345	4200.89743576	4191.28205115	4173.3333332	4191.79487166	4192.94871781	4200.64102551	4207.43589737	4184.61538448	
4187.05128192	4254.10256411	4176.41025628	4189.35897422	4189.61538448	4158.97435877	4201.6666666	4182.69230756	4167.17948697	4179.35897422	4188.3333332	4200.51282038	4201.53846147	4186.92307679	
4193.58974345	4256.53846154	4183.20512807	4197.56410243	4196.02564089	4150.76923056	4208.33333327	4190.12820499	4193.20512807	4179.87179474	4190.64102551	4205.25641019	4200.89743576	4192.17948704	
4206.02564096	4258.33333334	4190.25641012	4208.20512814	4203.33333327	4155.64102544	4218.33333327	4205.89743583	4202.43589737	4195.12820499	4203.84615378	4220.12820506	4206.15384609	4205.89743583	
4205.7692307	4259.23076923	4186.5384614	4205.7692307	4191.92307679	4156.53846133	4216.79487173	4203.33333327	4185.51282038	4191.5384614	4203.20512814	4218.4615384	4207.94871788	4206.41025634	
4184.87179474	4254.35897436	4169.35897422	4187.30769217	4174.99999986	4139.9999998	4194.2307691	4183.07692294	4168.84615371	4173.07692294	4182.30769217	4194.2307691	4199.10256397	4183.58974345	
4178.71794858	4250.51282052	4161.02564082	4183.97435884	4171.15384602	4131.28205101	4188.20512807	4184.35897422	4179.35897422	4174.48717935	4176.28205115	4189.61538448	4190.38461525	4174.48717935	
4197.69230756	4256.92307693	4177.4358973	4201.28205122	4182.30769217	4138.58974339	4208.33333327	4203.58974352	4199.99999986	4191.79487166	4190.89743576	4210.38461532	4197.05128192	4194.99999986	
4200.51282038	4261.7948718	4184.74358961	4201.02564096	4191.5384614	4137.82051262	4210.38461532	4203.71794865	4188.84615371	4188.46153833	4195.64102551	4211.79487173	4204.74358968	4201.92307686	
4184.74358961	4258.84615385	4170.89743576	4187.30769217	4185.38461525	4128.58974332	4195.12820499	4188.58974345	4165.25641005	4176.41025628	4190.25641012	4198.3333332	4200.25641012	4184.48717935	
4189.35897422	4262.05128206	4172.05128192	4193.58974345	4185.76923063	4133.9743587	4204.10256404	4195.25641012	4183.07692294	4192.05128192	4197.17948704	4207.43589737	4199.74358961	4185.76923063	
4201.79487173	4267.43589751	4183.20512807	4203.20512814	4191.66666653	4143.97435877	4222.94871788	4214.10256404	4207.30769224	4208.33333327	4204.10256404	4217.43589737	4205.7692307	4202.82051275	
4197.17948704	4263.20512821	4181.5384614	4199.48717935	4185.38461525	4137.82051262	4218.97435891	4218.07692301	4209.23076917	4202.43589737	4199.74358961	4210.12820506	4206.53846147	4202.69230763	
4198.46153833	4260.8974359	4181.66666653	4202.05128199	4192.4358973	4126.15384588	4214.10256404	4217.30769224	4209.74358968	4200.12820499	4201.79487173	4212.69230763	4207.82051275	4200.64102551	
4208.84615378	4267.43589751	4189.74358961	4207.5641025	4204.23076917	4123.58974332	4219.99999993	4219.23076917	4198.46153833	4206.79487173	4208.07692301	4222.17948711	4211.02564096	4207.69230763	
4199.61538448	4267.17948725	4182.30769217	4197.05128192	4184.74358961	4121.02564075	4215.7692307	4210.89743583	4180.38461525	4199.10256397	4200.38461525	4213.71794865	4205.89743583	4204.48717942	
4196.92307679	4265.51282052	4183.46153833	4193.97435884	4178.71794858	4122.82051255	4216.92307686	4208.4615384	4194.99999986	4200.12820499	4199.74358961	4213.07692301	4205.64102558	4207.5641025	
4217.30769224	4273.20512828	4203.97435891	4212.05128199	4209.87179481	4129.99999973	4230.38461532	4221.53846147	4216.15384609	4219.87179481	4218.07692301	4230.51282045	4217.82051275	4223.07692301	
4210.38461532	4268.84615392	4193.46153833	4205.7692307	4196.92307679	4120.12820485	4216.15384609	4215.64102558	4193.46153833	4207.5641025	4213.71794865	4223.4615384	4214.87179481	4215.7692307	
4186.79487166	4258.07692308	4167.82051262	4181.5384614	4161.15384595	4105.25640998	4194.61538448	4196.92307679	4175.38461525	4180.64102551	4189.2307691	4197.82051269	4203.97435891	4196.15384602	
4187.56410243	4261.7948718	4169.35897422	4187.17948704	4186.92307679	4107.82051255	4207.30769224	4198.46153833	4194.10256397	4189.99999986	4188.84615371	4195.51282038	4206.41025634	4194.2307691	
4195.51282038	4263.71794872	4179.61538448	4198.97435884	4209.61538455	4113.58974332	4218.20512814	4208.71794865	4200.76923063	4209.48717942	4203.97435891	4206.53846147	4208.97435891	4201.41025634	
4196.28205115	4259.61538462	4180.51282038	4191.92307679	4181.41025628	4104.10256383	4200.89743576	4204.10256404	4170.89743576	4200.25641012	4205.7692307	4204.48717942	4204.35897429	4203.33333327	
4195.76923063	4263.20512821	4177.4358973	4191.92307679	4179.48717935	4106.92307665	4192.94871781	4188.07692294	4159.1025639	4183.3333332	4196.02564089	4199.10256397	4203.58974352	4201.41025634	
4193.71794858	4266.79487187	4173.20512807	4201.92307686	4199.74358961	4133.9743587	4207.94871788	4186.02564089	4195.51282038	4189.61538448	4193.07692294	4201.79487173	4204.74358968	4199.99999986	
4193.07692294	4261.02564103	4175.89743576	4200.89743576	4193.58974345	4129.61538434	4212.30769224	4198.84615371	4200.38461525	4202.17948711	4197.94871781	4200.51282038	4204.87179481	4199.48717935	
4191.15384602	4258.20512821	4177.94871781	4194.74358961	4188.07692294	4094.7435894	4200.64102551	4198.84615371	4164.61538441	4197.82051269	4198.07692294	4194.99999986	4206.79487173	4196.92307679	
4176.41025628	4255.51282052	4159.61538441	4179.99999986	4177.17948704	4083.58974325	4185.76923063	4182.30769217	4158.33333313	4177.17948704	4180.51282038	4182.94871781	4199.74358961	4183.71794858	
4167.56410236	4249.35897436	4147.56410236	4165.89743569	4154.48717928	4094.61538427	4180.89743576	4179.48717935	4174.2307691	4168.97435884	4167.56410236	4171.5384614	4190.12820499	4173.46153833	
4173.46153833	4250.25641026	4153.97435877	4171.41025628	4160.25641005	4095.38461504	4187.4358973	4184.48717935	4166.66666646	4176.28205115	4175.76923063	4172.56410243	4190.51282038	4176.92307679	
4179.35897422	4255.8974359	4157.05128185	4181.66666653	4186.15384602	4100.89743555	4201.41025634	4182.56410243	4165.76923056	4186.28205115	4183.20512807	4179.99999986	4196.15384602	4183.20512807	
4183.3333332	4257.43589744	4160.12820492	4186.28205115	4193.58974345	4115.7692305	4214.10256404	4189.2307691	4190.51282038	4198.97435884	4186.02564089	4181.5384614	4202.82051275	4188.84615371	
4178.20512807	4255.38461539	4159.1025639	4181.28205115	4177.69230756	4102.94871767	4198.84615371	4191.02564089	4178.58974345	4189.48717935	4184.35897422	4173.97435884	4200.76923063	4186.66666653	
4172.56410243	4253.71794872	4154.61538441	4173.3333332	4164.1025639	4084.48717914	4177.82051269	4181.15384602	4155.76923056	4172.56410243	4180.25641012	4172.4358973	4196.66666653	4180.38461525	
4184.2307691	4256.41025641	4167.69230749	4182.82051269	4176.02564089	4096.28205094	4192.94871781	4194.10256397	4192.30769217	4190.12820499	4190.89743576	4185.89743576	4207.17948711	4192.56410243	
4190.25641012	4259.10256411	4177.05128192	4192.69230756	4195.25641012	4111.92307665	4205.25641019	4205.64102558	4212.05128199	4209.23076917	4203.33333327	4190.38461525	4216.53846147	4203.4615384	
4178.84615371	4254.61538462	4162.43589723	4179.87179474	4185.64102551	4106.66666639	4189.48717935	4185.51282038	4164.74358954	4194.2307691	4196.66666653	4177.05128192	4208.33333327	4189.48717935	
4168.58974345	4246.28205129	4150.25641005	4163.205128	4164.9999998	4100.38461504	4180.76923063	4173.07692294	4142.3076921	4173.97435884	4178.46153833	4166.41025621	4197.94871781	4178.20512807	
4165.76923056	4245.25641026	4152.05128185	4163.33333313	4168.71794858	4109.10256383	4190.51282038	4181.41025628	4169.74358961	4172.05128192	4172.30769217	4169.35897422	4198.46153833	4181.92307679	
4174.2307691	4251.66666667	4160.25641005	4174.48717935	4191.02564089	4119.23076896	4195.64102551	4183.58974345	4181.5384614	4183.58974345	4185.12820499	4178.58974345	4200.38461525	4184.35897422	
4191.28205115	4257.43589744	4176.28205115	4187.17948704	4203.58974352	4128.46153819	4202.05128199	4192.05128192	4191.66666653	4210.64102558	4210.89743583	4193.58974345	4209.99999993	4193.84615371	
4194.10256397	4257.82051282	4186.15384602	4189.87179474	4194.10256397	4132.43589716	4211.15384609	4209.10256404	4211.53846147	4225.25641019	4222.17948711	4202.30769224	4221.02564096	4204.74358968	
4190.89743576	4252.30769231	4182.82051269	4190.64102551	4183.71794858	4124.74358947	4209.48717942	4200.89743576	4198.84615371	4206.92307686	4209.23076917	4197.82051269	4217.5641025	4200.12820499	
4196.79487166	4251.02564103	4180.89743576	4197.05128192	4189.35897422	4121.02564075	4202.69230763	4182.30769217	4181.66666653	4187.05128192	4200.89743576	4197.05128192	4207.43589737	4197.17948704	
4196.66666653	4253.33333334	4186.41025628	4194.87179474	4199.10256397	4123.84615357	4201.15384609	4184.74358961	4189.2307691	4192.4358973	4204.23076917	4201.6666666	4207.5641025	4204.23076917	
4188.07692294	4246.92307693	4183.84615371	4186.5384614	4203.84615378	4122.94871767	4203.20512814	4189.2307691	4187.94871781	4203.71794865	4204.87179481	4197.05128192	4211.02564096	4202.82051275	
4184.87179474	4243.07692308	4172.17948704	4183.71794858	4198.97435884	4124.35897408	4201.79487173	4175.12820499	4171.41025628	4192.82051269	4194.99999986	4184.99999986	4204.61538455	4191.66666653	
4186.28205115	4248.33333334	4171.41025628	4183.71794858	4188.20512807	4127.94871767	4199.48717935	4164.1025639	4160.64102544	4177.56410243	4190.76923063	4181.66666653	4202.94871788	4187.4358973	
4192.69230756	4253.07692308	4185.51282038	4190.89743576	4194.61538448	4125.25640998	4203.20512814	4176.92307679	4168.07692287	4189.10256397	4199.99999986	4193.84615371	4211.28205122	4196.92307679	
4195.12820499	4250.12820513	4187.69230756	4193.20512807	4198.58974345	4118.71794844	4200.25641012	4184.48717935	4178.84615371	4200.89743576	4203.07692301	4199.87179474	4212.05128199	4202.05128199	
4194.35897422	4251.28205129	4186.79487166	4191.02564089	4185.89743576	4122.17948691	4203.97435891	4186.02564089	4180.51282038	4198.07692294	4208.07692301	4199.99999986	4211.92307686	4201.02564096	
4200.38461525	4256.15384616	4199.74358961	4200.89743576	4192.17948704	4128.46153819	4218.58974352	4204.48717942	4193.07692294	4201.41025634	4217.43589737	4205.38461532	4216.6666666	4205.64102558	
4194.99999986	4249.48717949	4190.51282038	4196.66666653	4206.53846147	4119.48717921	4210.38461532	4203.97435891	4202.5641025	4197.05128192	4204.61538455	4194.99999986	4210.51282045	4195.51282038	
4179.48717935	4240.51282052	4164.23076903	4177.69230756	4198.3333332	4117.05128178	4191.92307679	4181.5384614	4191.15384602	4187.05128192	4185.76923063	4176.5384614	4200.51282038	4177.30769217	
4185.51282038	4246.66666667	4172.30769217	4188.07692294	4196.28205115	4135.38461518	4207.30769224	4190.89743576	4197.69230756	4198.71794858	4198.3333332	4187.94871781	4208.71794865	4189.87179474	
4194.2307691	4253.46153847	4193.46153833	4203.84615378	4205.89743583	4137.3076921	4223.20512814	4206.53846147	4205.64102558	4206.79487173	4211.41025634	4203.71794865	4214.99999993	4205.12820506	
4183.84615371	4245.8974359	4182.82051269	4187.69230756	4194.48717935	4104.23076896	4197.82051269	4187.4358973	4176.5384614	4185.12820499	4194.10256397	4189.48717935	4203.58974352	4189.61538448	
4177.30769217	4239.74358975	4168.07692287	4175.38461525	4175.38461525	4089.61538427	4176.41025628	4176.15384602	4163.58974339	4173.84615371	4182.56410243	4177.56410243	4200.38461525	4177.05128192	
4183.3333332	4243.46153847	4175.89743576	4182.4358973	4174.61538448	4115.12820485	4188.71794858	4186.15384602	4188.84615371	4189.87179474	4192.30769217	4184.10256397	4208.84615378	4183.07692294	
4191.28205115	4251.66666667	4187.94871781	4190.25641012	4192.56410243	4127.43589716	4203.20512814	4190.64102551	4193.46153833	4198.71794858	4201.79487173	4193.20512807	4210.7692307	4192.05128192	
4195.38461525	4252.43589744	4189.87179474	4192.82051269	4200.51282038	4120.12820485	4204.23076917	4191.41025628	4181.5384614	4192.56410243	4200.89743576	4199.87179474	4208.58974352	4195.89743576	
4192.69230756	4245.12820513	4185.12820499	4188.3333332	4190.89743576	4121.28205101	4201.02564096	4187.82051269	4186.02564089	4183.3333332	4195.51282038	4197.4358973	4207.69230763	4192.17948704	
4196.15384602	4246.41025641	4189.10256397	4189.99999986	4193.84615371	4125.51282024	4205.12820506	4189.2307691	4190.38461525	4192.82051269	4201.41025634	4197.56410243	4210.7692307	4195.12820499	
4204.99999993	4250.76923077	4199.48717935	4201.53846147	4198.07692294	4120.51282024	4209.10256404	4208.58974352	4197.05128192	4215.64102558	4214.61538455	4207.69230763	4220.38461532	4212.94871788	
4203.20512814	4249.35897436	4201.6666666	4203.84615378	4192.56410243	4117.05128178	4207.17948711	4219.61538455	4212.30769224	4217.05128199	4217.82051275	4208.58974352	4227.94871788	4217.43589737	
4200.64102551	4250.8974359	4199.61538448	4201.6666666	4199.74358961	4127.69230742	4209.10256404	4211.02564096	4210.38461532	4204.61538455	4216.02564096	4203.71794865	4220.38461532	4205.7692307	
4202.82051275	4249.10256411	4198.97435884	4202.05128199	4198.46153833	4125.89743562	4203.33333327	4198.07692294	4187.30769217	4198.20512807	4215.38461532	4205.12820506	4213.97435891	4203.58974352	
4193.71794858	4239.74358975	4194.35897422	4193.97435884	4178.97435884	4106.28205101	4183.71794858	4181.5384614	4172.17948704	4194.61538448	4207.69230763	4201.15384609	4217.05128199	4201.53846147	
4188.97435884	4243.33333334	4196.02564089	4192.05128192	4184.87179474	4108.0769228	4185.76923063	4183.20512807	4188.58974345	4201.28205122	4206.92307686	4201.02564096	4219.61538455	4197.82051269	
4204.87179481	4255.8974359	4213.58974352	4211.6666666	4211.6666666	4133.71794844	4217.94871788	4210.12820506	4213.58974352	4222.30769224	4225.12820506	4217.5641025	4222.82051275	4211.28205122	
4215.64102558	4255.12820513	4220.12820506	4220.38461532	4222.94871788	4133.58974332	4224.74358968	4213.33333327	4211.79487173	4222.43589737	4228.58974352	4224.10256404	4225.64102558	4222.30769224	
4197.94871781	4245.8974359	4198.71794858	4197.69230756	4204.87179481	4107.17948691	4192.94871781	4187.82051269	4187.82051269	4192.17948704	4203.97435891	4202.43589737	4215.25641019	4201.15384609	
4179.35897422	4239.74358975	4182.05128192	4177.69230756	4173.20512807	4106.28205101	4182.05128192	4186.5384614	4180.76923063	4183.3333332	4191.28205115	4184.99999986	4202.43589737	4183.20512807	
4191.79487166	4245.64102564	4194.74358961	4192.56410243	4176.79487166	4125.38461511	4211.28205122	4214.99999993	4207.43589737	4208.33333327	4204.87179481	4197.56410243	4214.23076917	4202.69230763	
4209.10256404	4251.92307693	4207.43589737	4209.48717942	4204.99999993	4127.17948691	4224.35897429	4220.64102558	4218.71794865	4216.28205122	4210.12820506	4211.15384609	4227.5641025	4216.15384609	
4203.84615378	4244.23076923	4199.87179474	4201.92307686	4204.48717942	4121.41025614	4208.20512814	4205.25641019	4203.33333327	4201.92307686	4199.2307691	4203.4615384	4217.69230763	4202.05128199	
4198.71794858	4241.41025641	4198.3333332	4197.4358973	4194.99999986	4126.15384588	4206.02564096	4201.28205122	4195.38461525	4196.41025628	4197.30769217	4200.25641012	4207.30769224	4199.10256397	
4202.94871788	4246.28205129	4201.79487173	4202.17948711	4202.30769224	4119.8717946	4209.35897429	4195.76923063	4186.92307679	4189.87179474	4200.76923063	4203.84615378	4207.94871788	4204.99999993	
4204.10256404	4243.84615385	4202.5641025	4201.28205122	4199.10256397	4109.61538434	4201.15384609	4188.97435884	4178.71794858	4184.48717935	4198.46153833	4202.69230763	4210.25641019	4201.15384609	
4207.94871788	4242.30769231	4212.05128199	4203.07692301	4197.56410243	4119.8717946	4203.20512814	4200.12820499	4196.15384602	4201.92307686	4200.89743576	4209.87179481	4213.4615384	4210.89743583	
4209.48717942	4244.74358975	4214.48717942	4206.92307686	4207.17948711	4122.94871767	4209.99999993	4209.74358968	4211.6666666	4208.58974352	4206.15384609	4212.82051275	4213.97435891	4221.79487173	
4198.58974345	4243.33333334	4200.25641012	4198.46153833	4195.89743576	4106.15384588	4203.4615384	4199.61538448	4189.61538448	4185.38461525	4198.46153833	4198.46153833	4205.38461532	4207.05128199	
4191.28205115	4241.15384616	4196.92307679	4189.2307691	4178.46153833	4105.64102537	4195.25641012	4196.79487166	4175.38461525	4182.82051269	4190.25641012	4195.89743576	4202.82051275	4198.3333332	
4189.48717935	4240.64102564	4197.05128192	4187.82051269	4184.10256397	4111.41025614	4189.35897422	4198.3333332	4193.20512807	4193.07692294	4188.84615371	4199.35897422	4204.35897429	4201.92307686	
4183.97435884	4237.6923077	4185.51282038	4183.71794858	4189.35897422	4096.41025607	4178.84615371	4185.12820499	4191.79487166	4178.3333332	4183.58974345	4187.94871781	4200.64102551	4193.71794858	
4182.17948704	4236.92307693	4184.87179474	4180.89743576	4180.38461525	4090.6410253	4179.74358961	4176.92307679	4167.17948697	4165.51282031	4181.02564089	4185.51282038	4197.69230756	4187.05128192	
4191.5384614	4239.35897436	4196.92307679	4189.87179474	4187.82051269	4101.79487145	4192.17948704	4186.5384614	4173.07692294	4181.5384614	4189.35897422	4197.17948704	4196.66666653	4196.66666653	
4205.7692307	4242.30769231	4206.41025634	4203.20512814	4206.28205122	4112.56410229	4202.05128199	4201.6666666	4204.48717942	4205.51282045	4201.6666666	4207.82051275	4201.6666666	4211.53846147	
4211.28205122	4247.94871795	4212.05128199	4205.64102558	4201.6666666	4124.10256383	4210.64102558	4208.84615378	4207.30769224	4205.7692307	4206.92307686	4214.87179481	4213.07692301	4216.6666666	
4203.07692301	4245.38461539	4206.28205122	4200.64102551	4182.94871781	4119.8717946	4207.30769224	4198.97435884	4187.30769217	4187.17948704	4199.74358961	4208.33333327	4214.99999993	4205.25641019	
4197.94871781	4236.53846154	4199.87179474	4198.46153833	4179.87179474	4101.92307658	4191.66666653	4187.56410243	4187.82051269	4181.66666653	4193.71794858	4199.10256397	4206.02564096	4197.82051269	
4202.82051275	4237.82051282	4206.41025634	4200.38461525	4193.71794858	4097.69230735	4188.46153833	4192.56410243	4201.92307686	4196.02564089	4197.82051269	4203.97435891	4204.61538455	4206.02564096	
4206.6666666	4244.35897436	4212.43589737	4202.43589737	4205.7692307	4112.17948691	4199.99999986	4203.07692301	4206.15384609	4206.53846147	4203.20512814	4212.69230763	4213.4615384	4211.15384609	
4207.5641025	4244.35897436	4208.07692301	4203.97435891	4203.33333327	4119.23076896	4205.64102558	4204.99999993	4202.30769224	4203.84615378	4206.41025634	4214.35897429	4217.82051275	4210.25641019	
4201.79487173	4239.61538462	4203.4615384	4199.99999986	4185.64102551	4107.94871767	4197.56410243	4196.02564089	4186.5384614	4193.71794858	4202.82051275	4208.07692301	4210.12820506	4208.84615378	
4198.58974345	4240.12820513	4207.05128199	4199.48717935	4182.05128192	4097.82051248	4188.58974345	4190.76923063	4183.07692294	4188.97435884	4198.58974345	4202.82051275	4201.6666666	4208.4615384	
4208.71794865	4245.25641026	4217.5641025	4211.15384609	4201.79487173	4110.38461511	4191.5384614	4198.84615371	4209.61538455	4203.4615384	4208.4615384	4213.33333327	4207.5641025	4216.6666666	
4221.6666666	4249.23076923	4223.84615378	4219.74358968	4208.33333327	4125.38461511	4203.84615378	4204.10256404	4213.71794865	4215.51282045	4216.79487173	4224.99999993	4216.15384609	4223.07692301	
4220.38461532	4246.92307693	4219.99999993	4217.17948711	4194.10256397	4112.30769203	4201.6666666	4193.07692294	4182.05128192	4200.64102551	4207.30769224	4219.74358968	4215.25641019	4218.84615378	
4212.43589737	4240.76923077	4219.48717942	4214.74358968	4191.66666653	4099.35897402	4193.07692294	4187.69230756	4179.99999986	4190.76923063	4204.99999993	4216.6666666	4214.99999993	4217.43589737	
4223.4615384	4246.28205129	4233.07692301	4220.38461532	4212.43589737	4120.64102537	4211.53846147	4209.87179481	4206.92307686	4211.6666666	4224.99999993	4230.64102558	4223.71794865	4232.94871788	
4238.46153847	4253.71794872	4242.30769231	4224.35897429	4224.10256404	4130.12820485	4226.92307686	4225.89743583	4209.10256404	4222.30769224	4232.69230763	4240.25641026	4229.74358968	4245.38461539	
4224.48717942	4246.66666667	4228.20512814	4216.6666666	4203.84615378	4103.58974332	4205.89743583	4214.74358968	4196.66666653	4208.07692301	4216.79487173	4226.79487173	4221.53846147	4229.23076917	
4197.4358973	4235.8974359	4204.61538455	4200.89743576	4181.5384614	4089.23076889	4182.4358973	4198.58974345	4199.99999986	4195.12820499	4198.71794858	4203.97435891	4209.48717942	4203.71794865	
4191.41025628	4234.74358975	4196.5384614	4185.25641012	4182.17948704	4094.7435894	4181.02564089	4191.15384602	4200.51282038	4188.07692294	4186.79487166	4195.25641012	4207.05128199	4196.28205115	
4200.89743576	4237.6923077	4199.10256397	4183.97435884	4183.20512807	4083.71794837	4182.17948704	4191.41025628	4191.66666653	4184.99999986	4184.99999986	4197.30769217	4207.5641025	4200.76923063	
4205.51282045	4235.51282052	4203.20512814	4194.87179474	4179.2307691	4077.69230735	4182.82051269	4193.20512807	4179.99999986	4195.12820499	4191.92307679	4201.53846147	4208.71794865	4205.64102558	
4203.33333327	4232.94871788	4204.10256404	4194.35897422	4185.12820499	4100.89743555	4193.71794858	4189.87179474	4176.28205115	4200.89743576	4193.07692294	4201.92307686	4211.6666666	4207.05128199	
4194.99999986	4233.97435898	4196.02564089	4179.10256397	4188.07692294	4109.61538434	4203.20512814	4193.20512807	4197.05128192	4189.61538448	4182.82051269	4192.30769217	4207.17948711	4197.17948704	
4189.61538448	4234.23076923	4187.56410243	4175.25641012	4186.79487166	4092.82051248	4199.35897422	4200.38461525	4202.05128199	4180.89743576	4180.76923063	4183.46153833	4200.64102551	4187.56410243	
4189.35897422	4235.25641026	4188.20512807	4184.61538448	4191.5384614	4084.99999966	4190.76923063	4193.58974345	4176.41025628	4184.2307691	4188.20512807	4187.05128192	4205.64102558	4189.61538448	
4186.41025628	4233.58974352	4188.07692294	4181.66666653	4187.05128192	4088.33333299	4185.89743576	4182.30769217	4168.58974345	4191.66666653	4187.30769217	4188.46153833	4203.97435891	4187.4358973	
4182.94871781	4229.61538455	4181.92307679	4171.5384614	4178.46153833	4096.15384581	4185.12820499	4183.71794858	4186.41025628	4191.66666653	4183.07692294	4183.46153833	4193.84615371	4182.05128192	
4188.07692294	4232.43589737	4185.25641012	4181.15384602	4191.28205115	4108.71794844	4196.66666653	4194.99999986	4198.97435884	4187.56410243	4187.94871781	4185.51282038	4201.28205122	4185.76923063	
4192.82051269	4234.61538462	4193.20512807	4189.61538448	4202.82051275	4107.56410229	4203.84615378	4196.66666653	4196.15384602	4187.82051269	4192.30769217	4189.61538448	4212.17948711	4190.76923063	
4185.12820499	4229.99999993	4186.66666653	4176.28205115	4190.38461525	4086.15384581	4186.41025628	4186.02564089	4181.92307679	4183.84615371	4183.58974345	4183.97435884	4202.82051275	4184.74358961	
4181.66666653	4228.07692301	4181.66666653	4172.56410243	4177.94871781	4085.6410253	4175.25641012	4185.64102551	4173.20512807	4182.17948704	4182.30769217	4180.89743576	4196.28205115	4180.25641012	
4193.58974345	4231.6666666	4195.25641012	4188.07692294	4182.17948704	4103.0769228	4190.89743576	4203.71794865	4191.79487166	4191.66666653	4193.46153833	4192.94871781	4207.82051275	4192.82051269	
4201.6666666	4233.58974352	4202.69230763	4190.64102551	4194.74358961	4103.20512793	4201.92307686	4209.10256404	4205.51282045	4190.64102551	4193.84615371	4201.53846147	4211.79487173	4202.05128199	
4200.51282038	4235.0	4196.28205115	4185.25641012	4200.64102551	4097.30769196	4204.74358968	4202.82051275	4195.51282038	4185.38461525	4189.35897422	4197.17948704	4204.48717942	4199.35897422	
4211.53846147	4238.33333334	4207.05128199	4197.30769217	4195.25641012	4105.7692305	4218.33333327	4222.43589737	4199.2307691	4199.74358961	4198.58974345	4204.61538455	4211.79487173	4209.10256404	
4219.74358968	4239.23076923	4222.17948711	4208.97435891	4189.99999986	4111.41025614	4218.71794865	4238.33333334	4211.28205122	4209.23076917	4209.35897429	4216.79487173	4222.69230763	4220.51282045	
4206.92307686	4237.94871795	4209.48717942	4198.07692294	4185.89743576	4101.15384581	4200.38461525	4219.23076917	4205.64102558	4199.87179474	4205.38461532	4207.82051275	4214.48717942	4208.97435891	
4198.3333332	4235.76923077	4194.2307691	4186.28205115	4179.2307691	4095.38461504	4197.30769217	4205.38461532	4196.5384614	4193.20512807	4196.28205115	4194.87179474	4203.20512814	4197.05128192	
4206.53846147	4235.8974359	4201.79487173	4192.17948704	4190.38461525	4103.46153819	4207.94871788	4216.02564096	4201.41025634	4197.82051269	4194.87179474	4200.76923063	4207.17948711	4202.82051275	
4203.97435891	4230.89743583	4204.61538455	4192.30769217	4201.28205122	4109.10256383	4200.12820499	4211.6666666	4201.02564096	4196.66666653	4193.07692294	4200.76923063	4209.48717942	4203.84615378	
4194.10256397	4222.82051275	4194.10256397	4181.79487166	4184.61538448	4094.99999966	4186.41025628	4195.25641012	4189.87179474	4190.25641012	4190.89743576	4189.87179474	4203.07692301	4195.76923063	
4203.33333327	4229.74358968	4197.69230756	4187.17948704	4182.94871781	4091.92307658	4198.97435884	4203.07692301	4195.25641012	4195.64102551	4199.35897422	4194.48717935	4207.43589737	4198.46153833	
4213.33333327	4234.23076923	4209.87179481	4197.17948704	4196.41025628	4110.51282024	4209.74358968	4211.28205122	4209.35897429	4208.4615384	4210.12820506	4206.02564096	4215.89743583	4207.94871788	
4201.6666666	4224.74358968	4204.23076917	4185.51282038	4178.07692294	4101.66666632	4185.38461525	4197.94871781	4193.84615371	4198.71794858	4202.43589737	4200.89743576	4211.6666666	4205.51282045	
4193.20512807	4224.48717942	4195.64102551	4181.28205115	4174.61538448	4091.53846119	4178.71794858	4195.51282038	4182.94871781	4187.69230756	4196.28205115	4194.2307691	4206.41025634	4198.3333332	
4201.28205122	4232.43589737	4202.94871788	4195.12820499	4203.33333327	4111.02564075	4207.5641025	4206.79487173	4201.92307686	4201.79487173	4205.89743583	4202.05128199	4210.64102558	4200.64102551	
4203.84615378	4230.89743583	4203.20512814	4193.46153833	4197.82051269	4112.82051255	4207.05128199	4205.89743583	4205.51282045	4203.33333327	4205.89743583	4201.92307686	4213.07692301	4205.7692307	
4192.56410243	4223.07692301	4188.3333332	4181.02564089	4171.5384614	4097.05128171	4184.35897422	4190.89743576	4180.38461525	4182.30769217	4191.41025628	4186.5384614	4206.02564096	4197.69230756	
4187.4358973	4224.23076917	4187.56410243	4181.41025628	4175.89743576	4096.53846119	4181.66666653	4181.92307679	4176.79487166	4180.51282038	4187.30769217	4182.82051269	4200.12820499	4188.3333332	
4198.20512807	4231.79487173	4203.20512814	4190.38461525	4196.5384614	4099.99999966	4186.5384614	4194.61538448	4199.74358961	4198.97435884	4196.15384602	4194.48717935	4205.25641019	4196.66666653	
4199.10256397	4230.25641019	4198.71794858	4188.20512807	4199.35897422	4112.43589716	4192.17948704	4202.43589737	4193.71794858	4195.64102551	4191.5384614	4193.07692294	4208.33333327	4197.69230756	
4186.5384614	4223.71794865	4183.20512807	4181.79487166	4184.10256397	4129.35897408	4202.30769224	4187.05128192	4181.92307679	4178.71794858	4179.2307691	4180.89743576	4200.12820499	4184.87179474	
4185.76923063	4225.38461532	4187.56410243	4183.58974345	4171.02564089	4098.07692273	4192.17948704	4181.79487166	4192.82051269	4182.94871781	4185.38461525	4184.2307691	4196.02564089	4187.30769217	
4189.2307691	4229.10256404	4193.71794858	4181.41025628	4171.5384614	4053.07692266	4168.3333332	4193.84615371	4183.20512807	4190.76923063	4192.4358973	4188.71794858	4200.51282038	4195.12820499	
4180.76923063	4223.4615384	4179.87179474	4171.92307679	4174.74358961	4070.89743555	4169.35897422	4185.76923063	4159.74358954	4179.10256397	4179.10256397	4175.76923063	4197.69230756	4181.79487166	
4174.10256397	4220.7692307	4169.87179474	4168.58974345	4173.58974345	4111.02564075	4184.48717935	4171.02564089	4173.58974345	4166.41025621	4166.15384595	4165.64102544	4191.28205115	4172.56410243	
4181.28205115	4227.5641025	4180.89743576	4172.82051269	4177.56410243	4107.82051255	4187.94871781	4177.82051269	4192.30769217	4170.64102551	4173.58974345	4175.51282038	4194.2307691	4184.10256397	
4183.97435884	4227.94871788	4185.25641012	4171.02564089	4179.99999986	4084.23076889	4180.25641012	4177.30769217	4166.66666646	4175.25641012	4181.02564089	4183.97435884	4199.87179474	4188.84615371	
4184.48717935	4223.84615378	4183.46153833	4174.61538448	4188.20512807	4092.17948684	4182.94871781	4172.94871781	4164.1025639	4179.74358961	4184.99999986	4183.20512807	4202.5641025	4190.51282038	
4195.38461525	4226.41025634	4191.66666653	4185.76923063	4205.51282045	4119.8717946	4203.07692301	4185.51282038	4197.30769217	4185.76923063	4191.5384614	4185.76923063	4206.79487173	4200.76923063	
4198.71794858	4230.25641019	4194.87179474	4187.30769217	4202.94871788	4128.9743587	4206.28205122	4193.3333332	4191.5384614	4183.97435884	4191.15384602	4188.46153833	4208.4615384	4200.12820499	
4190.89743576	4229.48717942	4187.82051269	4185.38461525	4185.38461525	4122.05128178	4191.92307679	4184.10256397	4164.1025639	4182.05128192	4187.94871781	4187.82051269	4202.30769224	4189.61538448	
4186.15384602	4226.79487173	4184.99999986	4186.02564089	4192.17948704	4117.69230742	4191.66666653	4174.10256397	4169.48717935	4181.92307679	4186.79487166	4185.89743576	4198.3333332	4185.12820499	
4188.84615371	4226.15384609	4186.5384614	4186.02564089	4212.43589737	4122.69230742	4202.30769224	4170.89743576	4184.35897422	4178.71794858	4187.05128192	4183.58974345	4202.69230763	4186.92307679	
4196.5384614	4230.51282045	4190.51282038	4194.48717935	4217.69230763	4137.69230749	4209.10256404	4181.15384602	4184.87179474	4183.46153833	4195.76923063	4189.48717935	4208.07692301	4194.74358961	
4197.56410243	4231.79487173	4189.61538448	4194.35897422	4204.87179481	4145.12820492	4207.94871788	4190.38461525	4181.66666653	4188.58974345	4196.02564089	4189.74358961	4204.35897429	4194.74358961	
4183.3333332	4221.28205122	4176.41025628	4174.2307691	4182.4358973	4127.69230742	4193.07692294	4176.02564089	4175.25641012	4176.28205115	4176.28205115	4172.69230756	4195.89743576	4178.46153833	
4177.82051269	4218.58974352	4174.99999986	4174.35897422	4184.2307691	4109.99999973	4186.41025628	4169.99999986	4168.20512807	4166.92307672	4172.17948704	4170.89743576	4193.20512807	4174.2307691	
4190.51282038	4226.92307686	4185.12820499	4189.35897422	4208.58974352	4126.79487152	4202.69230763	4182.56410243	4170.51282038	4176.41025628	4188.84615371	4183.84615371	4196.41025628	4187.56410243	
4188.3333332	4223.58974352	4176.79487166	4174.35897422	4197.17948704	4142.05128185	4201.53846147	4178.3333332	4170.89743576	4175.12820499	4183.07692294	4173.71794858	4196.28205115	4184.35897422	
4175.76923063	4218.4615384	4173.58974345	4165.38461518	4174.10256397	4126.66666639	4186.02564089	4167.3076921	4168.97435884	4169.35897422	4174.10256397	4167.17948697	4195.76923063	4176.92307679	
4185.76923063	4229.35897429	4195.64102551	4193.20512807	4204.87179481	4123.84615357	4196.92307679	4177.94871781	4178.07692294	4183.58974345	4192.17948704	4189.48717935	4205.89743583	4191.02564089	
4196.28205115	4232.82051275	4202.43589737	4202.82051275	4229.10256404	4138.33333313	4208.07692301	4190.12820499	4189.10256397	4193.58974345	4202.5641025	4197.69230756	4213.84615378	4196.5384614	
4184.61538448	4222.82051275	4184.87179474	4180.76923063	4192.94871781	4127.30769203	4189.99999986	4184.99999986	4188.84615371	4183.20512807	4187.4358973	4179.61538448	4202.82051275	4183.84615371	
4174.87179474	4222.30769224	4178.46153833	4172.4358973	4170.12820499	4114.10256383	4178.84615371	4180.25641012	4184.35897422	4178.84615371	4179.2307691	4172.56410243	4190.89743576	4176.92307679	
4190.25641012	4231.28205122	4191.02564089	4186.92307679	4197.4358973	4124.35897408	4197.82051269	4191.41025628	4196.15384602	4189.35897422	4195.12820499	4186.5384614	4198.20512807	4187.05128192	
4204.48717942	4229.23076917	4202.30769224	4193.71794858	4212.94871788	4121.92307665	4204.10256404	4204.10256404	4205.89743583	4192.30769217	4205.25641019	4196.15384602	4205.64102558	4195.76923063	
4199.48717935	4224.87179481	4202.05128199	4186.41025628	4192.17948704	4125.64102537	4196.5384614	4202.94871788	4192.05128192	4187.82051269	4199.35897422	4188.97435884	4204.23076917	4191.92307679	
4194.61538448	4229.74358968	4197.17948704	4185.38461525	4193.84615371	4149.87179467	4207.82051275	4200.38461525	4190.51282038	4188.20512807	4196.79487166	4185.38461525	4207.30769224	4189.2307691	
4193.07692294	4227.05128199	4191.28205115	4184.2307691	4211.92307686	4139.23076903	4210.25641019	4194.99999986	4195.12820499	4187.30769217	4194.2307691	4188.71794858	4205.64102558	4189.2307691	
4183.07692294	4215.38461532	4183.97435884	4170.64102551	4192.17948704	4109.8717946	4188.07692294	4174.74358961	4173.97435884	4181.66666653	4182.82051269	4179.48717935	4196.92307679	4182.30769217	
4182.94871781	4215.7692307	4183.97435884	4168.20512807	4183.07692294	4121.66666639	4188.46153833	4175.76923063	4168.58974345	4180.76923063	4181.5384614	4173.46153833	4198.84615371	4180.25641012	
4195.38461525	4226.28205122	4192.94871781	4184.99999986	4214.35897429	4140.76923056	4211.28205122	4199.87179474	4197.4358973	4187.17948704	4194.74358961	4187.69230756	4209.10256404	4191.79487166	
4195.51282038	4224.10256404	4194.10256397	4185.51282038	4212.69230763	4129.99999973	4202.17948711	4191.28205115	4202.43589737	4190.12820499	4196.15384602	4188.84615371	4208.58974352	4194.10256397	
4182.05128192	4213.20512814	4182.17948704	4167.94871774	4176.66666653	4125.25640998	4179.61538448	4170.51282038	4185.76923063	4184.61538448	4182.4358973	4169.61538448	4202.30769224	4181.28205115	
4179.35897422	4214.74358968	4180.12820499	4168.71794858	4183.97435884	4139.23076903	4185.38461525	4178.97435884	4191.66666653	4185.64102551	4179.99999986	4171.79487166	4204.23076917	4178.84615371	
4190.25641012	4224.87179481	4197.56410243	4186.92307679	4218.20512814	4149.87179467	4206.02564096	4189.99999986	4206.02564096	4196.15384602	4197.17948704	4193.58974345	4211.15384609	4194.61538448	
4192.82051269	4224.48717942	4205.64102558	4189.74358961	4211.41025634	4138.84615364	4205.89743583	4186.02564089	4201.53846147	4194.61538448	4204.48717942	4196.02564089	4210.64102558	4202.82051275	
4182.05128192	4216.53846147	4189.35897422	4172.82051269	4182.82051269	4116.28205101	4185.25641012	4178.20512807	4183.3333332	4182.4358973	4186.79487166	4178.97435884	4201.28205122	4187.69230756	
4180.12820499	4217.82051275	4180.51282038	4170.12820499	4189.10256397	4115.51282024	4186.15384602	4177.05128192	4178.71794858	4181.79487166	4180.64102551	4175.12820499	4199.2307691	4178.3333332	
4191.92307679	4223.71794865	4194.99999986	4184.61538448	4207.94871788	4128.58974332	4203.33333327	4184.48717935	4191.5384614	4187.94871781	4195.89743576	4186.79487166	4208.4615384	4189.99999986	
4193.46153833	4221.53846147	4202.43589737	4186.28205115	4192.82051269	4122.94871767	4197.69230756	4183.97435884	4184.10256397	4185.38461525	4196.02564089	4190.25641012	4210.25641019	4193.46153833	
4185.76923063	4217.17948711	4191.66666653	4179.48717935	4180.12820499	4120.51282024	4188.84615371	4175.76923063	4166.66666646	4181.92307679	4182.30769217	4183.3333332	4200.12820499	4183.71794858	
4187.82051269	4219.35897429	4186.41025628	4183.58974345	4198.20512807	4146.02564082	4200.76923063	4183.46153833	4179.74358961	4183.71794858	4183.84615371	4182.05128192	4197.94871781	4185.51282038	
4189.2307691	4223.20512814	4188.71794858	4183.3333332	4206.53846147	4155.64102544	4207.43589737	4193.3333332	4194.48717935	4185.76923063	4188.58974345	4184.99999986	4204.99999993	4190.76923063	
4184.99999986	4221.41025634	4189.35897422	4173.3333332	4199.35897422	4132.82051255	4195.76923063	4187.05128192	4184.87179474	4185.76923063	4186.02564089	4183.3333332	4207.30769224	4187.17948704	
4182.30769217	4218.33333327	4184.87179474	4172.4358973	4195.12820499	4125.38461511	4192.56410243	4182.05128192	4183.07692294	4182.56410243	4183.97435884	4180.89743576	4204.35897429	4184.35897422	
4188.46153833	4220.7692307	4185.25641012	4179.48717935	4201.6666666	4139.74358954	4206.28205122	4191.92307679	4202.5641025	4193.07692294	4188.3333332	4181.5384614	4207.17948711	4192.05128192	
4199.35897422	4224.99999993	4193.84615371	4186.15384602	4215.12820506	4140.89743569	4216.41025634	4200.25641012	4208.58974352	4208.07692301	4192.82051269	4186.41025628	4214.23076917	4198.97435884	
4197.05128192	4222.5641025	4192.94871781	4187.30769217	4204.99999993	4139.61538441	4205.89743583	4190.51282038	4190.38461525	4195.64102551	4191.79487166	4187.30769217	4209.87179481	4192.56410243	
4187.4358973	4220.12820506	4182.94871781	4182.05128192	4178.97435884	4152.94871774	4192.56410243	4179.99999986	4184.10256397	4178.71794858	4189.35897422	4181.15384602	4202.69230763	4184.35897422	
4200.51282038	4225.12820506	4197.17948704	4186.5384614	4188.3333332	4159.35897415	4207.69230763	4195.64102551	4201.28205122	4193.3333332	4198.71794858	4191.28205115	4212.05128199	4196.5384614	
4217.94871788	4226.79487173	4218.20512814	4199.35897422	4216.02564096	4154.23076903	4222.30769224	4212.82051275	4208.33333327	4213.71794865	4211.79487173	4207.17948711	4224.10256404	4210.7692307	
4202.82051275	4222.05128199	4200.25641012	4196.15384602	4209.99999993	4148.84615364	4203.20512814	4200.89743576	4193.84615371	4201.79487173	4201.6666666	4193.97435884	4212.82051275	4195.89743576	
4180.89743576	4219.74358968	4170.89743576	4176.66666653	4184.74358961	4135.64102544	4182.4358973	4176.15384602	4176.41025628	4170.51282038	4172.69230756	4167.05128185	4192.56410243	4168.84615371	
4179.99999986	4216.02564096	4172.56410243	4172.17948704	4183.84615371	4133.33333306	4184.74358961	4167.17948697	4175.38461525	4161.53846133	4163.33333313	4163.97435877	4190.51282038	4162.3076921	
4187.69230756	4216.02564096	4185.64102551	4185.76923063	4204.87179481	4148.46153826	4192.69230756	4176.28205115	4192.69230756	4182.94871781	4182.05128192	4179.2307691	4202.82051275	4177.56410243	
4186.41025628	4219.61538455	4183.97435884	4188.71794858	4205.38461532	4136.53846133	4186.02564089	4176.5384614	4192.82051269	4187.82051269	4187.17948704	4179.99999986	4203.20512814	4179.61538448	
4178.58974345	4218.20512814	4178.3333332	4178.3333332	4187.69230756	4117.30769203	4177.56410243	4165.25641005	4166.79487159	4165.76923056	4174.10256397	4170.12820499	4194.48717935	4167.17948697	
4182.05128192	4219.87179481	4183.20512807	4181.79487166	4199.48717935	4133.20512793	4190.38461525	4166.92307672	4168.58974345	4163.97435877	4180.76923063	4176.15384602	4199.2307691	4175.51282038	
4192.82051269	4220.7692307	4192.30769217	4193.97435884	4215.25641019	4148.33333313	4204.35897429	4175.25641012	4189.87179474	4177.56410243	4192.30769217	4189.2307691	4206.15384609	4189.99999986	
4184.61538448	4216.53846147	4189.35897422	4183.84615371	4191.66666653	4135.38461518	4190.76923063	4168.71794858	4176.41025628	4172.56410243	4179.99999986	4181.28205115	4195.38461525	4178.97435884	
4170.64102551	4215.89743583	4178.84615371	4169.10256397	4177.69230756	4134.8717946	4179.35897422	4163.205128	4166.02564082	4165.89743569	4166.15384595	4167.43589723	4186.28205115	4165.64102544	
4176.79487166	4217.43589737	4179.2307691	4171.66666653	4201.15384609	4146.92307672	4191.41025628	4173.3333332	4187.05128192	4170.64102551	4168.58974345	4171.28205115	4191.79487166	4172.4358973	
4179.61538448	4215.51282045	4181.5384614	4172.82051269	4209.87179481	4140.25641005	4190.89743576	4173.3333332	4183.3333332	4168.71794858	4168.07692287	4172.17948704	4192.56410243	4172.82051269	
4176.15384602	4216.79487173	4184.61538448	4171.02564089	4197.94871781	4137.17948697	4183.07692294	4169.87179474	4163.97435877	4168.07692287	4171.28205115	4170.89743576	4190.76923063	4171.02564089	
4179.87179474	4217.17948711	4185.25641012	4174.35897422	4196.5384614	4143.71794851	4189.2307691	4175.76923063	4168.97435884	4170.12820499	4176.02564089	4174.10256397	4194.87179474	4173.97435884	
4167.17948697	4207.17948711	4168.46153833	4163.97435877	4190.38461525	4135.51282031	4183.07692294	4165.64102544	4165.51282031	4157.17948697	4161.53846133	4161.66666646	4192.05128192	4160.76923056	
4147.82051262	4203.84615378	4151.79487159	4146.92307672	4172.69230756	4118.0769228	4160.89743569	4142.69230749	4143.84615364	4147.69230749	4151.15384595	4147.17948697	4186.28205115	4146.92307672	
4157.17948697	4210.64102558	4162.43589723	4157.94871774	4181.92307679	4121.79487152	4160.12820492	4146.41025621	4151.41025621	4163.97435877	4165.25641005	4157.56410236	4193.20512807	4157.94871774	
4177.56410243	4214.74358968	4184.10256397	4179.74358961	4212.17948711	4145.12820492	4184.48717935	4167.17948697	4184.61538448	4181.02564089	4178.3333332	4174.10256397	4203.07692301	4174.99999986	
4175.76923063	4214.10256404	4183.3333332	4178.3333332	4205.25641019	4142.3076921	4186.5384614	4169.35897422	4188.3333332	4175.64102551	4175.38461525	4173.46153833	4199.61538448	4175.38461525	
4166.02564082	4209.87179481	4174.87179474	4164.87179467	4177.69230756	4119.8717946	4167.82051262	4170.38461525	4164.1025639	4168.97435884	4171.15384602	4167.43589723	4193.97435884	4168.46153833	
4171.5384614	4208.84615378	4179.87179474	4167.43589723	4182.82051269	4127.05128178	4173.97435884	4185.51282038	4159.74358954	4173.84615371	4173.46153833	4169.99999986	4197.56410243	4168.07692287	
4181.66666653	4215.25641019	4186.15384602	4180.25641012	4198.46153833	4141.41025621	4186.66666653	4186.02564089	4172.69230756	4173.20512807	4176.5384614	4177.17948704	4204.10256404	4176.02564089	
4182.82051269	4219.35897429	4188.71794858	4185.51282038	4196.15384602	4132.56410229	4179.74358961	4174.99999986	4171.02564089	4172.82051269	4180.12820499	4184.48717935	4202.5641025	4186.28205115	
4181.79487166	4217.94871788	4193.07692294	4185.38461525	4197.56410243	4138.71794851	4179.87179474	4179.99999986	4172.17948704	4183.07692294	4184.74358961	4187.56410243	4199.61538448	4188.3333332	
4185.51282038	4219.87179481	4195.25641012	4188.20512807	4209.35897429	4154.48717928	4190.51282038	4193.07692294	4192.05128192	4189.48717935	4190.38461525	4187.56410243	4203.4615384	4187.4358973	
4185.25641012	4219.23076917	4187.82051269	4185.76923063	4196.15384602	4145.64102544	4185.38461525	4185.64102551	4189.2307691	4183.46153833	4186.79487166	4185.12820499	4203.20512814	4186.15384602	
4183.71794858	4213.84615378	4188.71794858	4181.66666653	4176.92307679	4136.92307672	4183.71794858	4185.89743576	4168.07692287	4181.15384602	4181.79487166	4181.66666653	4201.15384609	4185.25641012	
4189.74358961	4216.15384609	4197.69230756	4188.84615371	4198.97435884	4138.46153826	4192.17948704	4201.41025634	4170.89743576	4186.5384614	4189.74358961	4187.4358973	4204.99999993	4190.76923063	
4183.97435884	4220.51282045	4193.3333332	4186.15384602	4215.51282045	4141.92307672	4189.2307691	4190.38461525	4184.10256397	4186.15384602	4189.10256397	4185.51282038	4201.02564096	4187.17948704	
4170.64102551	4215.38461532	4181.28205115	4170.38461525	4187.56410243	4154.74358954	4182.56410243	4171.02564089	4186.79487166	4182.82051269	4176.41025628	4172.17948704	4190.12820499	4170.76923063	
4173.46153833	4210.7692307	4182.4358973	4172.4358973	4180.25641012	4161.79487159	4183.46153833	4181.5384614	4178.71794858	4182.4358973	4177.17948704	4173.20512807	4193.97435884	4169.74358961	
