4183.46153833	4179.10256397	4189.48717935	4183.84615371	4184.87179474	4195.12820499	4180.25641012	4181.5384614	4194.74358961	4191.92307679	4253.58974359	4188.84615371	4185.76923063	4186.28205115	
4195.76923063	4180.64102551	4199.74358961	4188.07692294	4189.10256397	4198.97435884	4187.4358973	4186.92307679	4198.97435884	4201.53846147	4260.0	4198.20512807	4193.46153833	4192.05128192	
4192.69230756	4182.4358973	4194.2307691	4187.94871781	4186.28205115	4186.79487166	4186.5384614	4188.84615371	4188.07692294	4184.87179474	4261.15384616	4195.25641012	4186.5384614	4190.89743576	
4181.66666653	4180.64102551	4189.35897422	4180.51282038	4184.48717935	4177.4358973	4169.74358961	4168.20512807	4182.30769217	4182.69230756	4256.15384616	4187.17948704	4186.92307679	4186.66666653	
4184.35897422	4180.64102551	4192.05128192	4175.76923063	4184.99999986	4179.35897422	4164.74358954	4168.3333332	4182.17948704	4182.56410243	4258.46153847	4190.12820499	4191.02564089	4189.87179474	
4193.46153833	4181.79487166	4197.69230756	4182.30769217	4181.15384602	4193.46153833	4177.94871781	4182.05128192	4189.61538448	4188.07692294	4263.20512821	4199.74358961	4191.02564089	4197.30769217	
4199.48717935	4184.74358961	4202.94871788	4189.2307691	4186.41025628	4196.15384602	4189.61538448	4190.25641012	4198.3333332	4199.87179474	4264.87179488	4202.82051275	4194.61538448	4201.15384609	
4202.05128199	4189.10256397	4207.43589737	4194.99999986	4206.41025634	4188.20512807	4195.64102551	4199.74358961	4202.43589737	4202.05128199	4272.30769238	4202.30769224	4201.41025634	4200.25641012	
4202.30769224	4188.58974345	4207.5641025	4197.94871781	4207.30769224	4191.15384602	4201.41025634	4206.15384609	4202.05128199	4200.38461525	4276.79487187	4205.7692307	4199.61538448	4203.71794865	
4202.30769224	4186.15384602	4202.94871788	4193.3333332	4185.76923063	4201.15384609	4200.51282038	4202.94871788	4201.41025634	4202.17948711	4267.30769238	4204.48717942	4194.74358961	4206.41025634	
4200.51282038	4188.3333332	4200.25641012	4190.64102551	4184.87179474	4200.25641012	4195.76923063	4202.17948711	4201.15384609	4200.51282038	4262.56410257	4199.2307691	4194.74358961	4201.02564096	
4202.82051275	4191.28205115	4210.7692307	4199.35897422	4206.02564096	4198.20512807	4201.92307686	4212.43589737	4203.07692301	4206.53846147	4275.38461546	4208.97435891	4199.61538448	4208.4615384	
4207.5641025	4189.99999986	4217.43589737	4199.48717935	4203.58974352	4204.48717942	4203.33333327	4215.25641019	4206.92307686	4215.51282045	4285.00000007	4216.6666666	4204.61538455	4220.12820506	
4202.43589737	4188.20512807	4204.23076917	4188.20512807	4189.48717935	4199.61538448	4190.25641012	4206.79487173	4203.84615378	4206.53846147	4277.94871802	4205.25641019	4201.41025634	4211.28205122	
4197.30769217	4188.71794858	4198.46153833	4186.79487166	4199.61538448	4186.79487166	4184.2307691	4197.4358973	4193.20512807	4196.02564089	4268.20512828	4197.05128192	4193.84615371	4198.20512807	
4200.89743576	4185.64102551	4202.94871788	4191.66666653	4203.20512814	4188.97435884	4188.07692294	4190.76923063	4186.02564089	4198.71794858	4265.64102564	4202.43589737	4193.20512807	4202.82051275	
4198.20512807	4180.51282038	4193.3333332	4182.69230756	4187.17948704	4198.84615371	4186.02564089	4185.25641012	4184.74358961	4193.84615371	4263.33333334	4198.84615371	4195.64102551	4203.20512814	
4186.5384614	4178.58974345	4179.10256397	4167.17948697	4179.61538448	4192.56410243	4179.48717935	4180.64102551	4183.3333332	4181.66666653	4258.07692308	4185.51282038	4190.89743576	4190.76923063	
4184.48717935	4177.94871781	4183.20512807	4175.25641012	4185.89743576	4185.51282038	4181.02564089	4183.71794858	4183.84615371	4183.84615371	4258.33333334	4183.97435884	4184.87179474	4188.97435884	
4188.20512807	4179.2307691	4188.58974345	4187.56410243	4193.3333332	4196.92307679	4186.66666653	4188.07692294	4186.02564089	4189.35897422	4259.23076923	4188.07692294	4186.02564089	4192.82051269	
4183.3333332	4180.64102551	4179.87179474	4175.25641012	4190.51282038	4199.99999986	4187.56410243	4186.02564089	4184.87179474	4184.99999986	4249.23076923	4182.69230756	4185.64102551	4186.28205115	
4179.99999986	4178.3333332	4176.79487166	4166.28205108	4181.15384602	4193.07692294	4183.71794858	4185.38461525	4185.38461525	4183.84615371	4244.48717949	4179.2307691	4185.76923063	4182.4358973	
4185.38461525	4177.94871781	4185.38461525	4175.25641012	4182.56410243	4197.56410243	4182.69230756	4188.84615371	4189.61538448	4187.4358973	4255.25641026	4185.64102551	4189.61538448	4188.07692294	
4185.76923063	4179.35897422	4183.07692294	4172.82051269	4189.2307691	4201.92307686	4184.10256397	4186.5384614	4186.02564089	4183.3333332	4258.33333334	4183.20512807	4187.69230756	4186.41025628	
4182.17948704	4179.74358961	4174.87179474	4167.82051262	4187.94871781	4201.92307686	4187.17948704	4186.28205115	4181.79487166	4187.69230756	4254.61538462	4175.12820499	4185.25641012	4182.05128192	
4187.30769217	4183.20512807	4182.82051269	4180.89743576	4189.35897422	4205.51282045	4191.15384602	4193.07692294	4187.17948704	4199.99999986	4261.7948718	4183.07692294	4191.66666653	4189.61538448	
4191.02564089	4185.89743576	4189.99999986	4184.10256397	4193.58974345	4200.25641012	4186.79487166	4189.48717935	4188.46153833	4193.46153833	4266.66666674	4189.35897422	4196.28205115	4192.05128192	
4181.41025628	4181.66666653	4179.61538448	4171.66666653	4189.2307691	4188.20512807	4182.4358973	4181.41025628	4180.76923063	4183.07692294	4257.30769231	4179.35897422	4191.15384602	4183.84615371	
4170.89743576	4178.58974345	4171.28205115	4165.64102544	4179.87179474	4190.38461525	4182.17948704	4188.3333332	4181.02564089	4187.05128192	4248.71794872	4171.79487166	4184.61538448	4181.02564089	
4169.61538448	4178.3333332	4170.38461525	4168.20512807	4172.69230756	4191.15384602	4175.76923063	4191.41025628	4187.69230756	4189.35897422	4249.35897436	4170.64102551	4182.69230756	4179.61538448	
4174.87179474	4175.76923063	4176.66666653	4177.05128192	4182.69230756	4185.64102551	4173.71794858	4183.71794858	4188.20512807	4192.30769217	4257.05128206	4174.61538448	4185.25641012	4177.94871781	
4183.84615371	4177.17948704	4189.99999986	4187.4358973	4197.69230756	4194.87179474	4186.02564089	4190.12820499	4187.69230756	4201.02564096	4265.25641026	4187.05128192	4190.64102551	4185.89743576	
4186.79487166	4182.82051269	4193.3333332	4185.64102551	4191.02564089	4205.38461532	4191.28205115	4204.23076917	4189.10256397	4201.92307686	4263.97435898	4192.56410243	4191.41025628	4191.15384602	
4184.74358961	4181.92307679	4187.4358973	4181.79487166	4183.71794858	4202.17948711	4185.64102551	4202.43589737	4187.56410243	4197.05128192	4263.33333334	4186.79487166	4186.41025628	4186.92307679	
4184.2307691	4178.97435884	4185.89743576	4183.20512807	4189.87179474	4201.02564096	4184.87179474	4193.20512807	4185.76923063	4191.41025628	4260.0	4183.71794858	4182.82051269	4184.74358961	
4179.48717935	4177.05128192	4184.10256397	4176.79487166	4184.99999986	4200.38461525	4184.74358961	4188.97435884	4184.61538448	4183.71794858	4250.64102564	4183.3333332	4181.92307679	4183.58974345	
4177.17948704	4175.89743576	4181.02564089	4169.99999986	4177.69230756	4190.25641012	4182.56410243	4184.87179474	4182.56410243	4183.58974345	4253.58974359	4180.89743576	4182.82051269	4181.28205115	
4182.05128192	4179.2307691	4185.12820499	4173.20512807	4185.76923063	4186.02564089	4184.35897422	4185.76923063	4183.84615371	4189.61538448	4259.87179488	4184.99999986	4182.17948704	4184.61538448	
4178.46153833	4180.89743576	4184.10256397	4173.84615371	4188.3333332	4189.48717935	4182.30769217	4187.56410243	4187.56410243	4185.89743576	4250.8974359	4183.46153833	4181.28205115	4186.92307679	
4166.92307672	4175.64102551	4172.4358973	4165.76923056	4172.94871781	4185.89743576	4171.28205115	4175.76923063	4181.02564089	4172.94871781	4240.0	4171.28205115	4177.4358973	4178.46153833	
4171.02564089	4173.71794858	4173.07692294	4166.15384595	4165.51282031	4184.48717935	4166.79487159	4164.9999998	4171.02564089	4171.02564089	4241.7948718	4172.05128192	4174.2307691	4179.2307691	
4186.15384602	4179.10256397	4190.25641012	4179.61538448	4176.5384614	4187.69230756	4176.28205115	4168.07692287	4170.89743576	4182.82051269	4253.33333334	4187.69230756	4179.10256397	4196.5384614	
4187.17948704	4180.64102551	4198.3333332	4185.25641012	4183.97435884	4182.30769217	4182.56410243	4174.10256397	4170.89743576	4183.97435884	4261.53846154	4194.61538448	4183.84615371	4202.94871788	
4186.92307679	4180.76923063	4196.28205115	4181.28205115	4182.82051269	4186.5384614	4183.3333332	4183.07692294	4173.20512807	4181.15384602	4263.46153847	4194.2307691	4189.2307691	4197.05128192	
4194.2307691	4185.38461525	4201.92307686	4185.51282038	4182.56410243	4201.02564096	4189.2307691	4198.84615371	4188.71794858	4193.71794858	4270.76923084	4202.69230763	4195.51282038	4201.6666666	
4192.05128192	4184.48717935	4202.69230763	4189.99999986	4179.48717935	4195.76923063	4189.61538448	4205.51282045	4201.92307686	4204.61538455	4279.74358982	4203.33333327	4195.51282038	4201.79487173	
4182.56410243	4179.87179474	4191.28205115	4184.87179474	4173.20512807	4183.71794858	4182.30769217	4202.17948711	4200.12820499	4207.43589737	4276.923077	4191.02564089	4192.82051269	4186.79487166	
4183.46153833	4184.10256397	4190.51282038	4190.12820499	4186.5384614	4191.92307679	4189.2307691	4204.87179481	4198.97435884	4212.69230763	4275.25641033	4190.89743576	4194.74358961	4186.66666653	
4191.41025628	4190.38461525	4201.79487173	4201.41025634	4203.97435891	4199.74358961	4202.69230763	4206.79487173	4203.84615378	4211.92307686	4280.1282052	4202.05128199	4198.20512807	4201.53846147	
4196.28205115	4189.10256397	4205.89743583	4198.71794858	4195.64102551	4196.92307679	4202.5641025	4203.4615384	4201.92307686	4201.92307686	4278.84615392	4204.35897429	4196.41025628	4204.61538455	
4197.56410243	4185.89743576	4205.64102558	4196.92307679	4182.94871781	4199.87179474	4200.38461525	4203.71794865	4192.82051269	4192.69230756	4279.74358982	4202.17948711	4192.82051269	4201.92307686	
4191.66666653	4184.48717935	4203.84615378	4199.87179474	4186.28205115	4197.05128192	4200.89743576	4199.87179474	4182.94871781	4188.20512807	4279.48717956	4204.10256404	4187.4358973	4199.61538448	
4185.89743576	4182.94871781	4193.07692294	4192.30769217	4187.05128192	4186.02564089	4193.84615371	4192.82051269	4180.12820499	4188.58974345	4268.33333341	4196.41025628	4185.51282038	4191.79487166	
4182.69230756	4180.25641012	4184.35897422	4183.3333332	4181.79487166	4184.61538448	4186.5384614	4195.64102551	4186.28205115	4191.28205115	4260.51282052	4185.38461525	4185.64102551	4184.99999986	
4174.10256397	4178.46153833	4186.28205115	4185.25641012	4186.92307679	4188.71794858	4187.05128192	4198.84615371	4191.41025628	4190.38461525	4265.25641026	4187.05128192	4184.10256397	4182.30769217	
4168.97435884	4177.56410243	4180.76923063	4183.58974345	4186.41025628	4185.38461525	4186.02564089	4194.61538448	4187.94871781	4187.69230756	4263.84615385	4183.46153833	4186.92307679	4175.89743576	
4169.2307691	4175.89743576	4170.25641012	4177.94871781	4171.41025628	4183.58974345	4183.71794858	4191.92307679	4181.92307679	4182.69230756	4251.41025641	4170.64102551	4185.38461525	4169.48717935	
4167.69230749	4176.66666653	4174.74358961	4181.28205115	4168.20512807	4190.51282038	4191.15384602	4200.51282038	4187.4358973	4186.66666653	4252.05128206	4171.5384614	4181.28205115	4172.17948704	
4172.30769217	4180.25641012	4186.15384602	4187.69230756	4182.17948704	4195.51282038	4201.92307686	4215.89743583	4199.87179474	4199.2307691	4267.69230777	4185.64102551	4187.56410243	4184.87179474	
4185.38461525	4181.66666653	4189.48717935	4194.61538448	4194.10256397	4199.35897422	4204.10256404	4219.87179481	4203.97435891	4203.33333327	4278.33333341	4193.58974345	4195.51282038	4195.89743576	
4186.66666653	4180.89743576	4189.61538448	4199.87179474	4192.82051269	4203.84615378	4201.92307686	4208.4615384	4197.30769217	4197.94871781	4275.1282052	4193.84615371	4192.17948704	4193.07692294	
4176.66666653	4180.38461525	4185.76923063	4191.15384602	4185.51282038	4198.58974345	4195.38461525	4198.46153833	4184.10256397	4187.69230756	4262.82051282	4186.92307679	4182.30769217	4182.94871781	
4176.28205115	4179.87179474	4182.69230756	4182.17948704	4181.79487166	4193.07692294	4191.02564089	4200.25641012	4182.56410243	4182.69230756	4259.23076923	4182.69230756	4182.30769217	4181.79487166	
4185.76923063	4179.99999986	4192.4358973	4195.51282038	4186.02564089	4201.92307686	4196.02564089	4210.7692307	4199.2307691	4194.10256397	4273.33333341	4195.64102551	4188.58974345	4187.05128192	
4189.48717935	4179.74358961	4197.30769217	4202.82051275	4186.02564089	4201.41025634	4195.76923063	4214.74358968	4202.5641025	4201.02564096	4280.89743597	4200.76923063	4187.94871781	4186.79487166	
4186.92307679	4179.99999986	4186.92307679	4189.35897422	4183.46153833	4187.17948704	4190.89743576	4204.61538455	4189.61538448	4195.51282038	4273.84615392	4188.71794858	4185.38461525	4183.07692294	
4186.66666653	4182.05128192	4183.58974345	4184.48717935	4188.46153833	4194.10256397	4196.79487166	4199.61538448	4194.87179474	4195.89743576	4273.20512828	4187.94871781	4187.30769217	4184.61538448	
4187.82051269	4181.15384602	4188.20512807	4190.89743576	4184.61538448	4202.69230763	4202.30769224	4206.92307686	4204.10256404	4194.35897422	4273.58974366	4192.05128192	4186.28205115	4186.79487166	
4186.92307679	4178.84615371	4185.25641012	4188.46153833	4174.99999986	4189.61538448	4198.46153833	4204.87179481	4191.5384614	4184.87179474	4263.71794872	4187.82051269	4182.94871781	4185.76923063	
4185.64102551	4180.38461525	4184.35897422	4185.51282038	4177.82051269	4186.41025628	4197.4358973	4202.43589737	4185.25641012	4189.2307691	4261.7948718	4189.74358961	4188.84615371	4185.25641012	
4186.28205115	4180.51282038	4191.66666653	4192.56410243	4186.5384614	4199.2307691	4200.38461525	4216.02564096	4198.3333332	4200.38461525	4271.53846161	4197.05128192	4192.4358973	4187.4358973	
4189.2307691	4179.74358961	4193.3333332	4197.17948704	4189.35897422	4203.20512814	4202.17948711	4221.02564096	4203.07692301	4201.41025634	4275.1282052	4196.02564089	4190.12820499	4189.99999986	
4188.07692294	4183.97435884	4190.12820499	4196.02564089	4189.10256397	4201.6666666	4200.51282038	4205.64102558	4199.48717935	4200.51282038	4275.89743597	4194.35897422	4192.69230756	4188.07692294	
4183.58974345	4185.76923063	4191.28205115	4196.92307679	4186.92307679	4203.07692301	4193.20512807	4196.92307679	4197.17948704	4199.74358961	4277.94871802	4195.25641012	4190.64102551	4184.48717935	
4191.41025628	4188.71794858	4200.12820499	4203.33333327	4192.56410243	4204.99999993	4198.07692294	4210.25641019	4197.4358973	4200.76923063	4279.87179495	4199.61538448	4190.64102551	4191.28205115	
4200.25641012	4192.56410243	4202.17948711	4207.05128199	4202.43589737	4205.38461532	4207.17948711	4220.64102558	4203.07692301	4205.7692307	4281.66666674	4204.74358968	4196.41025628	4198.46153833	
4190.64102551	4186.15384602	4189.48717935	4198.20512807	4193.20512807	4199.48717935	4194.99999986	4211.15384609	4204.48717942	4203.20512814	4276.0256411	4196.5384614	4193.3333332	4190.64102551	
4186.5384614	4182.94871781	4186.28205115	4192.4358973	4180.51282038	4195.38461525	4185.89743576	4205.64102558	4200.25641012	4197.05128192	4271.0256411	4188.84615371	4188.20512807	4182.69230756	
4199.99999986	4188.58974345	4199.48717935	4200.89743576	4189.74358961	4201.02564096	4199.61538448	4213.84615378	4201.02564096	4201.41025634	4276.923077	4197.69230756	4194.35897422	4188.3333332	
4202.94871788	4188.20512807	4205.7692307	4208.20512814	4203.58974352	4202.05128199	4206.02564096	4218.4615384	4204.10256404	4206.6666666	4281.923077	4206.28205122	4200.25641012	4191.41025628	
4191.41025628	4183.97435884	4194.87179474	4197.94871781	4201.15384609	4197.17948704	4199.10256397	4213.07692301	4201.02564096	4202.5641025	4277.69230777	4196.79487166	4194.48717935	4185.76923063	
4189.2307691	4184.35897422	4192.05128192	4191.15384602	4191.15384602	4199.74358961	4201.53846147	4209.10256404	4204.35897429	4201.92307686	4279.87179495	4191.41025628	4192.17948704	4187.4358973	
4192.17948704	4180.64102551	4196.41025628	4199.2307691	4184.10256397	4201.6666666	4200.51282038	4201.6666666	4205.51282045	4205.12820506	4278.58974366	4197.05128192	4194.35897422	4191.5384614	
4185.12820499	4178.58974345	4187.4358973	4200.64102551	4188.07692294	4190.76923063	4183.46153833	4184.48717935	4190.51282038	4199.99999986	4264.61538462	4189.2307691	4189.35897422	4184.61538448	
4184.74358961	4184.2307691	4185.38461525	4198.71794858	4202.5641025	4182.82051269	4180.64102551	4178.46153833	4188.97435884	4197.17948704	4264.10256411	4185.38461525	4184.35897422	4181.66666653	
4193.84615371	4182.56410243	4193.71794858	4202.5641025	4206.15384609	4189.99999986	4194.35897422	4186.28205115	4203.20512814	4202.05128199	4271.53846161	4195.25641012	4188.46153833	4188.84615371	
4192.69230756	4177.17948704	4192.05128192	4196.79487166	4197.05128192	4199.48717935	4199.10256397	4187.56410243	4204.87179481	4199.74358961	4266.41025641	4192.69230756	4191.15384602	4187.94871781	
4185.76923063	4178.07692294	4188.3333332	4188.71794858	4196.5384614	4202.30769224	4200.64102551	4183.97435884	4199.87179474	4196.41025628	4262.82051282	4187.94871781	4186.92307679	4182.4358973	
4188.46153833	4180.89743576	4193.58974345	4192.69230756	4202.94871788	4198.71794858	4198.46153833	4184.61538448	4202.5641025	4199.10256397	4267.56410264	4196.15384602	4189.2307691	4184.74358961	
4189.74358961	4179.99999986	4191.5384614	4194.74358961	4203.71794865	4196.66666653	4188.84615371	4183.97435884	4203.07692301	4198.07692294	4266.923077	4194.74358961	4190.38461525	4183.84615371	
4185.12820499	4179.10256397	4184.35897422	4190.12820499	4202.05128199	4202.5641025	4191.79487166	4185.12820499	4201.15384609	4198.71794858	4263.58974359	4185.89743576	4186.41025628	4176.15384602	
4183.07692294	4177.56410243	4185.38461525	4186.41025628	4196.15384602	4201.92307686	4196.5384614	4187.94871781	4202.05128199	4198.20512807	4260.76923077	4184.74358961	4185.76923063	4170.64102551	
4184.87179474	4175.64102551	4183.58974345	4182.82051269	4192.05128192	4196.79487166	4187.05128192	4185.51282038	4199.74358961	4189.61538448	4256.92307693	4183.58974345	4183.97435884	4173.3333332	
4190.64102551	4180.64102551	4184.74358961	4187.56410243	4201.53846147	4204.10256404	4189.2307691	4191.28205115	4201.79487173	4190.38461525	4263.84615385	4189.10256397	4185.38461525	4183.71794858	
4190.12820499	4181.79487166	4188.20512807	4194.10256397	4204.10256404	4209.87179481	4198.3333332	4199.99999986	4206.02564096	4197.94871781	4268.97435905	4194.35897422	4188.07692294	4188.20512807	
4183.20512807	4177.05128192	4185.25641012	4189.2307691	4197.17948704	4202.05128199	4195.25641012	4194.35897422	4205.38461532	4197.82051269	4261.53846154	4188.07692294	4185.64102551	4183.97435884	
4184.99999986	4179.87179474	4187.17948704	4187.94871781	4208.71794865	4201.6666666	4196.41025628	4185.76923063	4204.23076917	4200.25641012	4259.87179488	4186.79487166	4186.15384602	4183.84615371	
4187.82051269	4182.82051269	4185.89743576	4190.12820499	4217.69230763	4203.97435891	4196.02564089	4184.10256397	4199.2307691	4198.20512807	4262.30769231	4187.56410243	4188.71794858	4184.10256397	
4182.82051269	4178.97435884	4183.84615371	4185.76923063	4204.99999993	4201.6666666	4192.17948704	4188.46153833	4197.82051269	4189.74358961	4259.87179488	4184.99999986	4184.61538448	4182.05128192	
4183.84615371	4179.61538448	4194.61538448	4191.02564089	4203.33333327	4210.7692307	4205.89743583	4199.48717935	4210.64102558	4196.15384602	4267.05128212	4193.3333332	4186.41025628	4187.94871781	
4194.74358961	4183.58974345	4204.23076917	4202.30769224	4216.02564096	4215.7692307	4212.5641025	4206.53846147	4216.6666666	4202.69230763	4278.58974366	4202.82051275	4196.5384614	4195.38461525	
4197.69230756	4183.07692294	4201.41025634	4203.4615384	4216.15384609	4204.10256404	4198.58974345	4203.07692301	4204.10256404	4199.10256397	4275.38461546	4201.6666666	4194.74358961	4196.15384602	
4194.48717935	4182.56410243	4199.35897422	4202.43589737	4208.84615378	4200.38461525	4196.15384602	4200.89743576	4197.82051269	4206.53846147	4274.74358982	4201.28205122	4192.30769217	4197.05128192	
4191.41025628	4182.69230756	4199.99999986	4200.38461525	4206.02564096	4206.41025634	4204.23076917	4201.92307686	4204.10256404	4210.51282045	4279.48717956	4201.15384609	4196.41025628	4195.25641012	
4188.3333332	4180.25641012	4196.92307679	4195.51282038	4204.35897429	4202.94871788	4201.6666666	4204.35897429	4204.87179481	4199.2307691	4272.56410264	4198.46153833	4192.4358973	4192.30769217	
4190.76923063	4182.17948704	4197.56410243	4197.05128192	4204.87179481	4198.3333332	4193.07692294	4199.48717935	4200.51282038	4197.69230756	4266.66666674	4198.97435884	4186.28205115	4197.94871781	
4198.3333332	4187.82051269	4202.30769224	4204.10256404	4202.17948711	4201.15384609	4192.94871781	4185.76923063	4199.10256397	4202.05128199	4272.17948725	4202.05128199	4187.30769217	4203.71794865	
4201.53846147	4187.56410243	4205.51282045	4207.17948711	4200.64102551	4203.84615378	4201.02564096	4186.5384614	4199.61538448	4199.99999986	4279.35897443	4205.38461532	4192.4358973	4201.28205122	
4199.87179474	4185.89743576	4205.38461532	4206.92307686	4209.74358968	4204.74358968	4203.4615384	4201.79487173	4203.71794865	4202.94871788	4279.48717956	4206.79487173	4195.25641012	4201.02564096	
4198.97435884	4186.79487166	4200.51282038	4201.92307686	4211.15384609	4199.99999986	4198.97435884	4201.02564096	4204.87179481	4202.30769224	4270.00000007	4202.82051275	4193.20512807	4200.38461525	
4193.97435884	4185.12820499	4198.84615371	4197.56410243	4193.07692294	4194.10256397	4198.3333332	4185.64102551	4194.87179474	4190.25641012	4260.38461539	4198.58974345	4184.99999986	4192.05128192	
4187.82051269	4182.82051269	4197.56410243	4200.76923063	4186.79487166	4193.46153833	4200.89743576	4186.28205115	4191.28205115	4186.28205115	4261.92307693	4199.87179474	4184.87179474	4188.46153833	
4186.79487166	4182.82051269	4191.28205115	4197.94871781	4202.82051275	4190.25641012	4198.20512807	4194.99999986	4196.66666653	4191.28205115	4264.48717949	4197.94871781	4187.94871781	4189.87179474	
4183.97435884	4181.92307679	4186.28205115	4188.84615371	4204.87179481	4185.89743576	4192.05128192	4190.51282038	4192.56410243	4188.97435884	4261.15384616	4189.2307691	4183.46153833	4187.94871781	
4182.56410243	4178.58974345	4186.15384602	4186.79487166	4185.89743576	4188.84615371	4186.79487166	4183.3333332	4184.35897422	4183.20512807	4261.7948718	4184.2307691	4182.17948704	4184.35897422	
4181.28205115	4176.92307679	4186.02564089	4185.76923063	4179.87179474	4188.46153833	4183.97435884	4184.74358961	4185.51282038	4186.28205115	4262.05128206	4187.30769217	4184.2307691	4182.56410243	
4182.17948704	4178.84615371	4186.79487166	4189.2307691	4196.92307679	4184.74358961	4184.99999986	4187.17948704	4193.46153833	4191.28205115	4262.43589744	4194.2307691	4184.48717935	4191.02564089	
4187.4358973	4180.51282038	4187.30769217	4194.61538448	4202.69230763	4186.41025628	4188.84615371	4185.64102551	4192.30769217	4189.35897422	4264.61538462	4195.51282038	4185.76923063	4199.48717935	
4186.15384602	4179.61538448	4185.64102551	4190.38461525	4190.25641012	4183.3333332	4188.46153833	4189.87179474	4185.89743576	4188.20512807	4261.92307693	4193.97435884	4188.58974345	4192.82051269	
4182.4358973	4179.48717935	4188.71794858	4188.20512807	4189.87179474	4179.99999986	4184.74358961	4198.84615371	4191.02564089	4198.46153833	4266.66666674	4196.66666653	4189.87179474	4189.48717935	
4191.41025628	4184.10256397	4198.84615371	4201.79487173	4202.17948711	4185.64102551	4193.20512807	4203.84615378	4203.97435891	4212.69230763	4285.89743597	4203.20512814	4194.74358961	4201.15384609	
4201.41025634	4186.02564089	4208.97435891	4207.17948711	4199.48717935	4187.30769217	4197.82051269	4199.2307691	4206.02564096	4216.41025634	4297.43589751	4211.02564096	4201.02564096	4204.99999993	
4200.25641012	4182.56410243	4213.07692301	4201.02564096	4187.69230756	4185.25641012	4189.10256397	4194.87179474	4201.28205122	4214.61538455	4293.71794879	4215.64102558	4201.53846147	4199.87179474	
4201.15384609	4184.48717935	4213.07692301	4207.69230763	4193.58974345	4186.66666653	4191.5384614	4197.94871781	4202.5641025	4217.05128199	4294.48717956	4216.92307686	4201.92307686	4203.58974352	
4206.28205122	4189.48717935	4217.17948711	4215.51282045	4205.12820506	4183.58974345	4197.17948704	4203.33333327	4204.99999993	4219.10256404	4299.35897443	4218.58974352	4204.48717942	4208.84615378	
4203.4615384	4187.82051269	4215.25641019	4208.33333327	4198.07692294	4181.5384614	4192.17948704	4205.51282045	4207.5641025	4216.02564096	4296.66666674	4218.4615384	4203.97435891	4205.89743583	
4198.46153833	4186.41025628	4206.28205122	4202.05128199	4187.82051269	4184.2307691	4194.99999986	4207.43589737	4207.82051275	4213.33333327	4292.82051289	4213.07692301	4200.25641012	4202.30769224	
4200.38461525	4190.25641012	4206.02564096	4204.74358968	4196.79487166	4186.15384602	4205.64102558	4209.99999993	4207.82051275	4214.87179481	4292.94871802	4211.53846147	4202.43589737	4205.12820506	
4202.43589737	4190.76923063	4209.23076917	4205.7692307	4206.53846147	4191.15384602	4202.5641025	4210.12820506	4214.61538455	4220.12820506	4295.51282059	4213.97435891	4207.05128199	4209.61538455	
4200.38461525	4185.76923063	4203.33333327	4202.82051275	4201.02564096	4191.79487166	4196.79487166	4211.79487173	4213.97435891	4223.33333327	4293.20512828	4211.41025634	4205.25641019	4207.17948711	
4198.46153833	4184.35897422	4199.87179474	4201.79487173	4198.84615371	4184.61538448	4198.84615371	4208.58974352	4205.12820506	4217.05128199	4284.10256418	4208.58974352	4199.74358961	4203.33333327	
4201.53846147	4188.07692294	4204.10256404	4205.12820506	4202.43589737	4192.05128192	4200.25641012	4204.61538455	4203.20512814	4210.25641019	4280.1282052	4210.38461532	4199.87179474	4205.7692307	
4202.05128199	4187.82051269	4204.10256404	4212.17948711	4199.2307691	4201.28205122	4201.6666666	4206.28205122	4203.4615384	4209.35897429	4282.69230777	4210.89743583	4200.51282038	4207.05128199	
4196.28205115	4183.71794858	4200.25641012	4212.17948711	4195.25641012	4191.79487166	4202.17948711	4206.02564096	4200.25641012	4204.61538455	4279.74358982	4205.51282045	4196.02564089	4202.43589737	
4196.15384602	4186.92307679	4200.12820499	4210.38461532	4201.28205122	4191.41025628	4208.97435891	4207.69230763	4201.02564096	4198.84615371	4277.30769238	4201.79487173	4195.64102551	4203.33333327	
4204.23076917	4193.46153833	4203.20512814	4214.61538455	4209.61538455	4205.12820506	4219.61538455	4217.5641025	4204.61538455	4204.23076917	4285.1282052	4205.25641019	4202.30769224	4209.35897429	
4201.6666666	4189.48717935	4203.33333327	4209.48717942	4208.71794865	4203.58974352	4216.6666666	4219.10256404	4204.35897429	4205.64102558	4286.79487187	4205.38461532	4200.25641012	4206.53846147	
4188.07692294	4182.05128192	4198.71794858	4197.82051269	4204.87179481	4195.76923063	4203.84615378	4205.38461532	4197.94871781	4197.30769217	4278.84615392	4200.25641012	4189.35897422	4199.35897422	
4182.94871781	4181.92307679	4198.07692294	4197.4358973	4200.89743576	4200.25641012	4196.79487166	4200.64102551	4194.48717935	4196.79487166	4277.56410264	4198.84615371	4191.15384602	4201.02564096	
4185.64102551	4181.15384602	4201.6666666	4200.38461525	4191.79487166	4200.51282038	4191.5384614	4199.61538448	4198.20512807	4202.17948711	4282.94871802	4203.20512814	4196.66666653	4203.4615384	
4183.97435884	4178.46153833	4197.82051269	4193.46153833	4186.41025628	4189.35897422	4185.25641012	4192.69230756	4199.61538448	4201.92307686	4282.56410264	4199.74358961	4192.05128192	4198.84615371	
4180.51282038	4179.10256397	4188.84615371	4187.82051269	4187.82051269	4188.46153833	4189.99999986	4193.84615371	4195.89743576	4196.28205115	4276.0256411	4190.25641012	4192.30769217	4195.64102551	
4181.79487166	4179.87179474	4189.74358961	4191.28205115	4191.5384614	4192.4358973	4198.3333332	4201.41025634	4198.84615371	4195.64102551	4276.53846161	4191.02564089	4196.02564089	4197.30769217	
4187.17948704	4181.15384602	4199.10256397	4198.20512807	4199.10256397	4187.4358973	4199.87179474	4197.30769217	4199.2307691	4201.79487173	4280.38461546	4199.35897422	4193.58974345	4199.74358961	
4188.84615371	4185.25641012	4201.41025634	4200.64102551	4198.46153833	4188.07692294	4199.99999986	4184.10256397	4186.92307679	4200.25641012	4277.82051289	4200.51282038	4192.05128192	4199.99999986	
4185.89743576	4185.89743576	4198.46153833	4200.64102551	4188.84615371	4195.38461525	4201.6666666	4186.5384614	4186.28205115	4192.30769217	4273.58974366	4198.3333332	4192.4358973	4198.84615371	
4191.79487166	4185.38461525	4200.64102551	4205.38461532	4197.69230756	4193.07692294	4204.23076917	4194.48717935	4201.15384609	4195.64102551	4275.64102571	4201.6666666	4191.41025628	4200.89743576	
4197.69230756	4187.82051269	4202.69230763	4206.6666666	4208.33333327	4189.2307691	4204.35897429	4190.76923063	4204.23076917	4204.74358968	4279.61538469	4201.79487173	4195.12820499	4202.30769224	
4194.2307691	4187.05128192	4200.38461525	4201.41025634	4192.56410243	4188.97435884	4200.38461525	4182.56410243	4196.28205115	4199.2307691	4278.46153853	4200.89743576	4197.56410243	4201.6666666	
4195.38461525	4185.25641012	4206.02564096	4204.61538455	4188.58974345	4184.10256397	4197.82051269	4183.07692294	4198.20512807	4195.12820499	4279.48717956	4209.61538455	4196.02564089	4207.94871788	
4200.64102551	4188.07692294	4213.20512814	4213.97435891	4202.82051275	4184.35897422	4200.64102551	4194.74358961	4203.33333327	4206.92307686	4288.07692315	4214.87179481	4199.61538448	4217.69230763	
4201.15384609	4191.5384614	4208.71794865	4213.97435891	4194.2307691	4192.17948704	4204.23076917	4201.6666666	4201.15384609	4212.94871788	4292.17948725	4208.97435891	4202.5641025	4215.38461532	
4195.76923063	4188.58974345	4200.51282038	4204.87179481	4179.48717935	4188.97435884	4198.58974345	4194.74358961	4200.12820499	4204.99999993	4283.20512828	4201.53846147	4197.17948704	4205.38461532	
4191.28205115	4186.79487166	4200.64102551	4202.17948711	4196.02564089	4182.17948704	4192.94871781	4187.56410243	4202.17948711	4199.48717935	4276.66666674	4201.53846147	4194.87179474	4203.07692301	
4194.87179474	4189.48717935	4199.48717935	4205.12820506	4207.43589737	4187.05128192	4198.3333332	4191.02564089	4204.35897429	4201.53846147	4278.07692315	4202.82051275	4196.79487166	4205.89743583	
4196.15384602	4187.05128192	4196.79487166	4203.20512814	4192.4358973	4195.12820499	4204.87179481	4191.15384602	4203.33333327	4204.87179481	4275.25641033	4200.76923063	4193.84615371	4204.74358968	
4189.74358961	4182.56410243	4198.84615371	4199.61538448	4188.07692294	4194.61538448	4202.82051275	4186.5384614	4196.02564089	4200.76923063	4268.97435905	4198.07692294	4191.02564089	4202.69230763	
4189.10256397	4184.61538448	4194.99999986	4199.10256397	4193.84615371	4189.61538448	4202.69230763	4189.74358961	4191.79487166	4190.51282038	4266.02564103	4192.94871781	4190.76923063	4200.76923063	
4193.20512807	4184.10256397	4184.74358961	4196.92307679	4189.61538448	4190.38461525	4205.12820506	4194.61538448	4197.4358973	4189.99999986	4262.05128206	4186.15384602	4188.97435884	4196.79487166	
4190.89743576	4178.3333332	4184.74358961	4194.74358961	4184.74358961	4189.61538448	4200.38461525	4199.61538448	4201.41025634	4199.48717935	4262.17948718	4186.28205115	4191.92307679	4194.48717935	
4189.35897422	4178.84615371	4194.48717935	4198.20512807	4189.10256397	4182.17948704	4198.84615371	4204.23076917	4198.58974345	4205.64102558	4272.05128212	4194.61538448	4198.71794858	4198.84615371	
4195.12820499	4182.56410243	4201.53846147	4202.43589737	4194.87179474	4182.05128192	4201.92307686	4203.71794865	4206.02564096	4211.53846147	4284.35897443	4202.5641025	4199.99999986	4204.10256404	
4198.58974345	4185.89743576	4201.6666666	4203.84615378	4198.46153833	4187.56410243	4202.5641025	4201.53846147	4216.53846147	4219.35897429	4286.923077	4203.71794865	4196.92307679	4203.58974352	
4196.02564089	4187.94871781	4199.48717935	4204.23076917	4200.76923063	4187.56410243	4203.33333327	4201.6666666	4211.79487173	4217.69230763	4280.51282059	4199.35897422	4196.02564089	4199.87179474	
4189.74358961	4182.56410243	4199.2307691	4203.84615378	4197.4358973	4184.99999986	4199.2307691	4200.89743576	4201.41025634	4208.97435891	4275.89743597	4196.79487166	4192.94871781	4198.46153833	
4187.69230756	4179.35897422	4200.76923063	4200.76923063	4192.69230756	4182.94871781	4192.56410243	4193.3333332	4195.51282038	4203.4615384	4277.94871802	4200.76923063	4189.10256397	4200.51282038	
4192.82051269	4184.2307691	4198.46153833	4199.35897422	4190.12820499	4181.92307679	4194.10256397	4183.84615371	4192.17948704	4196.79487166	4277.05128212	4200.25641012	4189.2307691	4198.46153833	
4198.97435884	4188.3333332	4202.30769224	4208.20512814	4195.51282038	4192.69230756	4208.20512814	4191.92307679	4196.28205115	4198.58974345	4277.17948725	4199.87179474	4194.61538448	4199.10256397	
4205.38461532	4190.51282038	4214.74358968	4218.97435891	4202.82051275	4206.15384609	4221.6666666	4211.02564096	4204.23076917	4211.6666666	4288.58974366	4211.02564096	4200.64102551	4207.17948711	
4205.38461532	4192.4358973	4216.92307686	4218.4615384	4203.4615384	4205.12820506	4223.84615378	4212.43589737	4202.69230763	4214.23076917	4295.51282059	4217.69230763	4201.02564096	4207.43589737	
4200.64102551	4191.5384614	4210.64102558	4213.71794865	4202.69230763	4196.5384614	4217.69230763	4206.79487173	4201.92307686	4207.5641025	4288.33333341	4211.02564096	4199.10256397	4200.89743576	
4202.94871788	4190.64102551	4215.51282045	4216.79487173	4202.17948711	4190.89743576	4209.35897429	4216.92307686	4208.4615384	4210.89743583	4288.46153853	4212.94871788	4199.61538448	4208.71794865	
4207.94871788	4191.5384614	4222.30769224	4221.28205122	4200.76923063	4184.35897422	4203.33333327	4219.61538455	4207.17948711	4219.87179481	4298.20512828	4220.64102558	4204.87179481	4218.33333327	
4206.41025634	4192.17948704	4217.05128199	4219.23076917	4196.79487166	4184.61538448	4199.2307691	4203.33333327	4200.25641012	4219.48717942	4298.46153853	4215.64102558	4208.33333327	4210.64102558	
4199.74358961	4191.02564089	4212.17948711	4215.64102558	4194.74358961	4192.82051269	4197.69230756	4196.5384614	4199.87179474	4211.92307686	4292.17948725	4209.74358968	4202.30769224	4202.5641025	
4199.10256397	4190.51282038	4212.05128199	4215.25641019	4200.76923063	4193.46153833	4202.82051275	4204.61538455	4203.20512814	4208.58974352	4290.89743597	4212.69230763	4195.38461525	4205.25641019	
4202.17948711	4192.4358973	4211.79487173	4216.92307686	4205.38461532	4192.30769217	4212.05128199	4207.5641025	4200.64102551	4208.4615384	4293.07692315	4212.5641025	4195.76923063	4209.23076917	
4201.53846147	4192.30769217	4209.35897429	4216.92307686	4201.41025634	4198.20512807	4212.69230763	4205.25641019	4197.4358973	4207.43589737	4291.28205136	4207.69230763	4199.10256397	4212.05128199	
4201.28205122	4188.71794858	4204.48717942	4215.25641019	4198.46153833	4202.30769224	4208.33333327	4201.28205122	4198.58974345	4201.53846147	4283.97435905	4203.71794865	4196.15384602	4212.30769224	
4202.69230763	4188.3333332	4203.58974352	4210.7692307	4202.05128199	4198.3333332	4213.58974352	4200.38461525	4199.48717935	4202.69230763	4283.58974366	4203.71794865	4193.20512807	4209.23076917	
4200.12820499	4191.41025628	4202.05128199	4202.82051275	4200.38461525	4190.76923063	4212.82051275	4201.53846147	4196.41025628	4210.25641019	4289.10256418	4201.41025634	4195.25641012	4205.89743583	
4199.2307691	4190.89743576	4201.79487173	4205.25641019	4195.25641012	4187.05128192	4201.28205122	4199.87179474	4194.61538448	4213.33333327	4292.43589751	4202.17948711	4200.38461525	4209.61538455	
4203.84615378	4190.12820499	4209.87179481	4219.10256404	4200.76923063	4185.38461525	4200.38461525	4200.76923063	4200.38461525	4215.7692307	4295.89743597	4209.48717942	4204.10256404	4216.15384609	
4204.23076917	4191.41025628	4210.64102558	4216.92307686	4201.15384609	4185.76923063	4204.99999993	4203.71794865	4200.51282038	4211.15384609	4292.56410264	4208.97435891	4200.25641012	4210.12820506	
4198.3333332	4186.92307679	4197.94871781	4201.15384609	4187.69230756	4183.71794858	4199.74358961	4199.61538448	4189.2307691	4199.48717935	4278.84615392	4199.10256397	4195.25641012	4195.76923063	
4198.58974345	4184.10256397	4197.4358973	4202.17948711	4181.02564089	4177.30769217	4192.4358973	4191.41025628	4182.82051269	4198.20512807	4276.28205136	4198.46153833	4194.10256397	4195.25641012	
4203.20512814	4187.82051269	4206.41025634	4209.99999993	4189.48717935	4173.20512807	4191.79487166	4187.94871781	4185.64102551	4201.79487173	4285.76923084	4203.97435891	4193.46153833	4202.82051275	
4202.94871788	4189.87179474	4204.23076917	4203.07692301	4194.87179474	4178.20512807	4193.71794858	4183.58974345	4184.99999986	4193.97435884	4283.58974366	4201.92307686	4191.02564089	4200.25641012	
4199.74358961	4188.46153833	4202.82051275	4199.74358961	4189.99999986	4186.15384602	4195.12820499	4179.74358961	4180.64102551	4190.12820499	4276.53846161	4200.89743576	4190.51282038	4195.25641012	
4203.33333327	4189.87179474	4213.84615378	4207.82051275	4186.5384614	4187.94871781	4200.25641012	4188.07692294	4181.66666653	4201.15384609	4279.35897443	4206.92307686	4194.74358961	4200.38461525	
4208.97435891	4192.94871781	4218.71794865	4209.74358968	4187.82051269	4181.79487166	4201.79487173	4194.48717935	4186.92307679	4198.84615371	4283.46153853	4210.12820506	4197.30769217	4207.30769224	
4200.89743576	4186.92307679	4204.74358968	4202.05128199	4185.51282038	4173.46153833	4191.5384614	4184.10256397	4184.87179474	4186.15384602	4279.61538469	4202.5641025	4193.07692294	4198.71794858	
4190.64102551	4179.74358961	4194.99999986	4194.99999986	4178.58974345	4176.41025628	4184.99999986	4182.17948704	4181.5384614	4190.89743576	4274.2307693	4197.17948704	4189.74358961	4186.02564089	
4200.12820499	4187.4358973	4209.48717942	4203.33333327	4189.10256397	4191.02564089	4200.64102551	4201.6666666	4194.48717935	4206.15384609	4279.35897443	4207.5641025	4198.07692294	4195.38461525	
4208.33333327	4196.02564089	4215.89743583	4215.51282045	4200.12820499	4192.82051269	4211.41025634	4206.41025634	4202.94871788	4201.41025634	4284.35897443	4211.92307686	4204.87179481	4204.87179481	
4198.71794858	4188.46153833	4199.99999986	4206.53846147	4190.51282038	4178.58974345	4197.69230756	4187.94871781	4187.30769217	4187.69230756	4278.33333341	4199.99999986	4197.69230756	4189.99999986	
4196.15384602	4184.61538448	4196.15384602	4199.48717935	4190.51282038	4177.56410243	4190.76923063	4181.15384602	4178.46153833	4191.5384614	4275.1282052	4197.05128192	4191.92307679	4183.58974345	
4204.35897429	4191.15384602	4205.25641019	4208.33333327	4204.48717942	4187.17948704	4199.74358961	4186.02564089	4187.56410243	4198.97435884	4278.33333341	4202.30769224	4195.51282038	4197.4358973	
4203.58974352	4191.66666653	4204.10256404	4207.5641025	4205.25641019	4186.5384614	4208.97435891	4182.05128192	4187.4358973	4196.92307679	4278.97435905	4200.76923063	4198.20512807	4197.4358973	
4202.5641025	4189.74358961	4201.53846147	4200.12820499	4200.89743576	4190.64102551	4213.4615384	4182.94871781	4184.35897422	4197.17948704	4278.84615392	4201.15384609	4195.25641012	4187.82051269	
4202.5641025	4187.82051269	4198.07692294	4197.56410243	4200.38461525	4198.58974345	4208.4615384	4184.10256397	4188.46153833	4193.84615371	4272.69230777	4197.56410243	4190.51282038	4186.79487166	
4193.58974345	4180.51282038	4189.2307691	4189.10256397	4190.51282038	4190.38461525	4194.87179474	4170.12820499	4183.84615371	4180.76923063	4260.38461539	4187.4358973	4185.64102551	4183.71794858	
4197.17948704	4179.10256397	4197.30769217	4189.74358961	4189.35897422	4187.94871781	4199.35897422	4175.51282038	4185.64102551	4185.25641012	4266.79487187	4198.20512807	4189.74358961	4189.87179474	
4215.89743583	4188.97435884	4216.6666666	4206.53846147	4207.43589737	4203.20512814	4218.20512814	4204.48717942	4203.20512814	4205.51282045	4285.76923084	4218.84615378	4199.61538448	4209.10256404	
4220.51282045	4192.82051269	4217.82051275	4214.23076917	4214.23076917	4205.25641019	4216.41025634	4210.7692307	4208.20512814	4206.41025634	4282.94871802	4218.97435891	4197.17948704	4210.7692307	
4217.30769224	4190.38461525	4212.94871788	4214.48717942	4210.12820506	4200.38461525	4206.6666666	4200.89743576	4202.05128199	4197.56410243	4273.84615392	4214.10256404	4192.56410243	4200.89743576	
4216.79487173	4192.05128192	4216.28205122	4216.79487173	4215.51282045	4203.58974352	4208.20512814	4199.2307691	4200.64102551	4196.92307679	4277.30769238	4214.74358968	4193.58974345	4203.07692301	
4211.02564096	4192.05128192	4212.5641025	4216.02564096	4216.53846147	4201.6666666	4206.53846147	4190.38461525	4193.58974345	4194.48717935	4273.20512828	4206.79487173	4192.30769217	4203.58974352	
4207.69230763	4189.2307691	4203.20512814	4213.58974352	4201.02564096	4197.82051269	4196.28205115	4180.12820499	4184.48717935	4185.51282038	4260.8974359	4199.48717935	4189.74358961	4196.5384614	
4211.6666666	4189.87179474	4203.58974352	4212.69230763	4203.71794865	4200.12820499	4200.64102551	4184.87179474	4193.46153833	4187.82051269	4265.25641026	4202.69230763	4191.92307679	4199.2307691	
4214.87179481	4193.71794858	4207.43589737	4217.82051275	4226.53846147	4201.6666666	4217.30769224	4187.94871781	4203.84615378	4197.69230756	4278.20512828	4205.38461532	4195.12820499	4205.12820506	
4209.23076917	4190.38461525	4202.69230763	4213.33333327	4223.07692301	4199.74358961	4212.82051275	4182.69230756	4194.2307691	4190.51282038	4271.0256411	4200.89743576	4192.30769217	4193.46153833	
4203.4615384	4187.05128192	4198.58974345	4200.51282038	4203.07692301	4198.46153833	4197.94871781	4183.71794858	4189.48717935	4184.2307691	4261.02564103	4197.17948704	4192.05128192	4182.4358973	
4207.17948711	4190.25641012	4202.5641025	4203.97435891	4202.69230763	4197.56410243	4201.6666666	4188.97435884	4201.28205122	4200.12820499	4267.05128212	4199.48717935	4194.99999986	4190.89743576	
4209.35897429	4188.46153833	4202.5641025	4211.15384609	4206.6666666	4192.69230756	4201.15384609	4184.35897422	4199.99999986	4203.84615378	4269.48717956	4202.30769224	4191.5384614	4194.99999986	
4202.17948711	4185.25641012	4198.58974345	4204.10256404	4202.82051275	4185.76923063	4187.56410243	4182.30769217	4189.99999986	4188.58974345	4264.10256411	4200.25641012	4188.97435884	4187.05128192	
4199.10256397	4189.48717935	4200.38461525	4200.38461525	4201.41025634	4185.38461525	4190.51282038	4187.94871781	4191.15384602	4183.97435884	4264.61538462	4199.48717935	4191.92307679	4186.79487166	
4202.43589737	4192.4358973	4199.10256397	4205.25641019	4201.41025634	4189.99999986	4202.69230763	4187.82051269	4193.84615371	4185.12820499	4264.74358975	4199.61538448	4188.84615371	4187.30769217	
4202.30769224	4185.51282038	4194.35897422	4201.02564096	4208.84615378	4189.74358961	4202.30769224	4190.25641012	4192.30769217	4186.02564089	4261.15384616	4197.69230756	4185.76923063	4184.74358961	
4199.35897422	4180.51282038	4195.51282038	4199.48717935	4215.12820506	4186.5384614	4199.99999986	4205.89743583	4200.25641012	4201.53846147	4266.15384616	4197.56410243	4194.99999986	4191.92307679	
4194.10256397	4179.35897422	4192.69230756	4199.87179474	4197.69230756	4184.10256397	4193.97435884	4207.82051275	4204.48717942	4206.6666666	4265.76923077	4193.46153833	4193.58974345	4193.07692294	
4189.48717935	4178.97435884	4183.71794858	4189.10256397	4184.99999986	4182.30769217	4182.30769217	4189.74358961	4195.51282038	4187.82051269	4250.0	4183.84615371	4182.4358973	4182.4358973	
4194.2307691	4182.69230756	4184.48717935	4185.76923063	4199.48717935	4184.2307691	4190.89743576	4183.58974345	4193.46153833	4181.79487166	4246.92307693	4184.10256397	4185.38461525	4186.02564089	
4197.30769217	4182.17948704	4187.69230756	4188.71794858	4203.07692301	4186.66666653	4201.79487173	4186.92307679	4192.4358973	4188.3333332	4254.10256411	4187.30769217	4188.20512807	4191.41025628	
4194.10256397	4179.74358961	4187.05128192	4187.69230756	4191.5384614	4185.76923063	4193.58974345	4182.94871781	4185.89743576	4186.28205115	4254.10256411	4185.25641012	4183.97435884	4187.30769217	
4197.4358973	4186.15384602	4194.87179474	4192.82051269	4198.20512807	4187.56410243	4193.97435884	4181.5384614	4191.02564089	4191.5384614	4256.7948718	4191.66666653	4191.02564089	4193.20512807	
4202.17948711	4190.51282038	4200.64102551	4200.64102551	4205.64102558	4191.28205115	4201.02564096	4186.41025628	4198.58974345	4199.10256397	4262.6923077	4197.30769217	4197.69230756	4201.41025634	
4201.41025634	4183.71794858	4198.07692294	4199.35897422	4196.92307679	4188.20512807	4192.17948704	4182.30769217	4192.94871781	4190.76923063	4260.25641026	4195.12820499	4191.66666653	4199.35897422	
4203.07692301	4185.38461525	4200.89743576	4200.64102551	4199.10256397	4186.28205115	4183.07692294	4171.79487166	4186.15384602	4183.58974345	4262.6923077	4199.99999986	4188.46153833	4198.3333332	
4199.99999986	4191.79487166	4197.82051269	4204.74358968	4203.33333327	4183.20512807	4186.02564089	4168.46153833	4186.28205115	4187.94871781	4263.58974359	4201.6666666	4189.35897422	4193.97435884	
4188.97435884	4186.28205115	4184.48717935	4198.20512807	4193.58974345	4175.38461525	4181.28205115	4170.25641012	4182.82051269	4181.92307679	4249.74358975	4187.17948704	4185.25641012	4182.05128192	
4189.48717935	4184.35897422	4187.05128192	4196.79487166	4191.92307679	4179.99999986	4182.05128192	4178.46153833	4182.56410243	4181.41025628	4251.53846154	4183.58974345	4187.05128192	4183.84615371	
4199.74358961	4188.20512807	4196.92307679	4201.41025634	4199.87179474	4191.15384602	4197.56410243	4187.30769217	4187.17948704	4197.82051269	4267.69230777	4195.38461525	4191.5384614	4191.5384614	
4197.05128192	4187.17948704	4190.12820499	4197.94871781	4199.48717935	4186.28205115	4197.82051269	4184.35897422	4186.5384614	4195.12820499	4264.35897436	4195.76923063	4189.99999986	4184.10256397	
4196.02564089	4189.10256397	4189.35897422	4198.3333332	4200.38461525	4180.25641012	4193.46153833	4181.28205115	4185.76923063	4181.66666653	4257.6923077	4194.61538448	4191.02564089	4186.92307679	
4204.61538455	4192.17948704	4200.64102551	4202.69230763	4204.48717942	4187.82051269	4199.87179474	4187.69230756	4186.79487166	4193.3333332	4262.30769231	4199.87179474	4195.89743576	4198.07692294	
4202.43589737	4186.02564089	4200.89743576	4201.28205122	4196.15384602	4191.15384602	4199.74358961	4187.4358973	4186.5384614	4203.97435891	4260.64102564	4198.3333332	4193.84615371	4194.10256397	
4197.30769217	4184.61538448	4196.41025628	4199.48717935	4190.12820499	4187.30769217	4193.84615371	4181.79487166	4186.41025628	4189.61538448	4256.28205129	4195.76923063	4188.71794858	4190.89743576	
4206.15384609	4191.79487166	4199.74358961	4201.53846147	4197.17948704	4186.41025628	4193.46153833	4182.05128192	4186.28205115	4183.07692294	4261.41025641	4199.10256397	4189.48717935	4199.2307691	
4215.89743583	4193.58974345	4205.25641019	4206.79487173	4201.02564096	4185.51282038	4195.12820499	4186.28205115	4185.89743576	4192.4358973	4264.23076923	4202.05128199	4194.2307691	4201.41025634	
4217.94871788	4192.17948704	4214.10256404	4216.02564096	4199.48717935	4180.89743576	4197.4358973	4193.20512807	4187.56410243	4196.28205115	4266.15384616	4210.12820506	4199.2307691	4203.71794865	
4217.82051275	4192.82051269	4220.12820506	4217.43589737	4199.48717935	4178.46153833	4199.61538448	4192.4358973	4186.15384602	4196.41025628	4269.48717956	4216.92307686	4200.38461525	4209.87179481	
4216.53846147	4193.07692294	4211.15384609	4207.69230763	4199.35897422	4182.4358973	4196.28205115	4185.38461525	4184.74358961	4197.30769217	4267.30769238	4209.23076917	4197.17948704	4204.23076917	
4209.74358968	4191.92307679	4202.43589737	4203.71794865	4200.76923063	4186.92307679	4196.15384602	4187.94871781	4190.12820499	4200.64102551	4265.25641026	4204.10256404	4196.41025628	4201.41025634	
4201.92307686	4190.64102551	4202.05128199	4203.20512814	4196.28205115	4185.64102551	4200.12820499	4191.28205115	4191.66666653	4200.51282038	4262.82051282	4201.92307686	4196.79487166	4200.51282038	
4199.61538448	4189.10256397	4196.28205115	4198.20512807	4186.79487166	4182.4358973	4198.46153833	4183.20512807	4184.2307691	4190.38461525	4251.28205129	4191.15384602	4192.56410243	4189.48717935	
4199.10256397	4189.74358961	4190.89743576	4195.12820499	4189.35897422	4184.74358961	4195.25641012	4180.64102551	4179.61538448	4182.17948704	4243.97435898	4187.56410243	4184.87179474	4188.97435884	
4199.10256397	4191.66666653	4194.87179474	4198.46153833	4199.2307691	4184.87179474	4193.71794858	4186.28205115	4187.05128192	4189.87179474	4252.94871795	4195.89743576	4187.05128192	4198.20512807	
4205.7692307	4191.5384614	4205.89743583	4208.97435891	4206.79487173	4182.4358973	4195.12820499	4185.76923063	4198.46153833	4198.84615371	4265.38461539	4205.89743583	4195.64102551	4202.17948711	
4215.51282045	4192.94871781	4216.79487173	4218.07692301	4210.7692307	4188.97435884	4201.53846147	4184.74358961	4198.58974345	4200.51282038	4272.94871802	4215.12820506	4200.51282038	4209.74358968	
4216.79487173	4195.12820499	4219.99999993	4217.82051275	4212.82051275	4198.46153833	4206.79487173	4191.28205115	4193.46153833	4199.74358961	4275.00000007	4217.69230763	4201.6666666	4216.02564096	
4217.30769224	4196.41025628	4217.5641025	4218.33333327	4217.69230763	4200.51282038	4212.43589737	4205.64102558	4197.05128192	4201.28205122	4275.89743597	4217.69230763	4202.94871788	4217.43589737	
4224.74358968	4197.17948704	4223.20512814	4224.35897429	4214.99999993	4198.20512807	4218.4615384	4219.10256404	4205.64102558	4210.89743583	4280.89743597	4223.58974352	4204.74358968	4228.71794865	
4224.10256404	4194.87179474	4232.69230763	4221.53846147	4202.82051275	4196.66666653	4214.74358968	4219.61538455	4205.64102558	4213.33333327	4281.79487187	4223.07692301	4205.25641019	4235.64102564	
4217.05128199	4192.69230756	4229.10256404	4214.99999993	4204.74358968	4197.82051269	4210.64102558	4217.82051275	4203.33333327	4208.71794865	4277.94871802	4217.05128199	4206.53846147	4228.33333327	
4219.61538455	4193.58974345	4221.28205122	4216.6666666	4212.69230763	4202.43589737	4211.53846147	4219.10256404	4204.23076917	4209.74358968	4280.00000007	4219.99999993	4207.30769224	4225.12820506	
4215.89743583	4192.30769217	4217.94871788	4211.92307686	4202.82051275	4198.58974345	4205.51282045	4208.58974352	4203.33333327	4207.05128199	4276.923077	4214.87179481	4202.30769224	4220.7692307	
4200.89743576	4190.38461525	4210.89743583	4202.05128199	4194.87179474	4193.97435884	4199.61538448	4196.15384602	4197.30769217	4198.71794858	4263.33333334	4200.51282038	4198.3333332	4207.17948711	
4197.17948704	4191.28205115	4202.5641025	4199.87179474	4199.48717935	4199.48717935	4204.10256404	4200.12820499	4189.74358961	4199.10256397	4259.10256411	4198.20512807	4197.05128192	4201.15384609	
4202.69230763	4190.89743576	4203.71794865	4202.05128199	4200.64102551	4194.35897422	4204.61538455	4198.71794858	4186.15384602	4199.74358961	4262.94871795	4199.35897422	4197.17948704	4200.12820499	
4202.69230763	4191.41025628	4212.69230763	4207.82051275	4203.84615378	4188.3333332	4200.12820499	4188.58974345	4186.66666653	4193.46153833	4263.46153847	4200.76923063	4201.02564096	4198.84615371	
4203.58974352	4194.61538448	4217.17948711	4214.74358968	4204.99999993	4197.94871781	4201.53846147	4192.56410243	4183.71794858	4193.84615371	4263.58974359	4210.89743583	4201.6666666	4203.58974352	
4208.07692301	4194.99999986	4214.23076917	4213.71794865	4202.17948711	4201.41025634	4200.64102551	4200.64102551	4183.84615371	4199.10256397	4264.48717949	4214.74358968	4198.84615371	4206.6666666	
4212.69230763	4193.97435884	4216.28205122	4213.58974352	4207.82051275	4198.20512807	4200.89743576	4201.53846147	4194.10256397	4198.84615371	4265.12820513	4210.7692307	4200.12820499	4209.35897429	
4216.02564096	4194.74358961	4220.51282045	4218.33333327	4209.74358968	4198.07692294	4204.74358968	4202.5641025	4198.71794858	4191.79487166	4263.46153847	4210.64102558	4201.6666666	4211.92307686	
4209.10256404	4195.51282038	4211.6666666	4213.58974352	4198.71794858	4194.87179474	4201.53846147	4203.20512814	4193.71794858	4187.17948704	4259.10256411	4207.17948711	4200.64102551	4208.20512814	
4204.61538455	4195.51282038	4203.71794865	4210.38461532	4198.46153833	4195.25641012	4203.33333327	4207.94871788	4196.5384614	4200.12820499	4259.61538462	4200.51282038	4199.99999986	4210.12820506	
4210.64102558	4196.15384602	4209.87179481	4218.07692301	4211.79487173	4206.02564096	4219.87179481	4219.23076917	4205.12820506	4214.10256404	4265.76923077	4202.69230763	4202.82051275	4216.79487173	
4207.5641025	4194.10256397	4209.74358968	4212.5641025	4209.35897429	4206.41025634	4220.89743583	4218.4615384	4202.82051275	4203.71794865	4262.82051282	4203.33333327	4202.82051275	4209.74358968	
4198.84615371	4191.28205115	4199.35897422	4199.48717935	4200.64102551	4199.35897422	4203.97435891	4206.53846147	4196.02564089	4188.3333332	4255.76923077	4198.58974345	4200.76923063	4198.84615371	
4198.58974345	4192.05128192	4197.94871781	4199.35897422	4202.82051275	4199.2307691	4203.07692301	4201.41025634	4193.07692294	4188.20512807	4256.28205129	4196.79487166	4198.71794858	4200.89743576	
4204.74358968	4193.20512807	4202.82051275	4204.35897429	4201.41025634	4200.76923063	4216.02564096	4204.74358968	4188.3333332	4195.12820499	4260.8974359	4198.3333332	4200.64102551	4203.97435891	
4211.02564096	4193.3333332	4203.58974352	4205.38461532	4199.48717935	4203.33333327	4221.15384609	4207.82051275	4187.30769217	4203.58974352	4261.53846154	4204.35897429	4205.51282045	4205.64102558	
4204.61538455	4191.66666653	4196.79487166	4203.07692301	4198.3333332	4202.30769224	4215.12820506	4203.84615378	4187.69230756	4199.87179474	4254.61538462	4200.64102551	4199.61538448	4200.51282038	
4191.41025628	4188.97435884	4186.66666653	4197.05128192	4190.25641012	4196.5384614	4204.48717942	4196.02564089	4182.4358973	4184.10256397	4244.87179488	4186.28205115	4190.51282038	4185.51282038	
4193.71794858	4188.46153833	4184.35897422	4195.25641012	4189.2307691	4194.87179474	4199.61538448	4198.84615371	4182.94871781	4184.2307691	4242.94871795	4181.5384614	4193.84615371	4187.05128192	
4201.53846147	4190.25641012	4189.48717935	4201.53846147	4201.02564096	4197.82051269	4207.94871788	4210.38461532	4195.89743576	4199.61538448	4252.05128206	4186.41025628	4201.28205122	4199.2307691	
4202.94871788	4191.79487166	4195.51282038	4201.6666666	4202.05128199	4200.12820499	4217.30769224	4215.7692307	4203.97435891	4205.89743583	4261.28205129	4192.69230756	4202.94871788	4200.38461525	
4211.28205122	4191.66666653	4203.07692301	4199.87179474	4196.5384614	4197.4358973	4214.48717942	4217.94871788	4200.51282038	4203.20512814	4261.92307693	4201.92307686	4204.48717942	4206.15384609	
4221.02564096	4192.56410243	4209.87179481	4209.87179481	4204.35897429	4191.41025628	4207.43589737	4219.48717942	4200.76923063	4202.82051275	4262.56410257	4208.58974352	4206.92307686	4217.94871788	
4211.92307686	4190.76923063	4205.38461532	4210.89743583	4205.7692307	4185.89743576	4202.82051275	4211.6666666	4200.89743576	4203.07692301	4261.7948718	4201.28205122	4199.48717935	4208.71794865	
4193.71794858	4188.20512807	4191.28205115	4192.56410243	4190.89743576	4184.61538448	4197.94871781	4199.87179474	4191.15384602	4199.61538448	4252.05128206	4189.10256397	4194.99999986	4187.69230756	
4183.71794858	4186.28205115	4182.56410243	4179.2307691	4178.71794858	4183.3333332	4190.12820499	4192.17948704	4183.07692294	4190.12820499	4243.84615385	4183.71794858	4198.07692294	4182.17948704	
4183.84615371	4184.74358961	4183.71794858	4185.12820499	4182.69230756	4186.5384614	4190.38461525	4191.92307679	4185.51282038	4185.76923063	4246.41025641	4183.84615371	4194.48717935	4186.15384602	
4188.07692294	4186.66666653	4188.3333332	4193.97435884	4193.58974345	4193.20512807	4199.10256397	4196.92307679	4188.46153833	4194.99999986	4248.07692308	4186.5384614	4191.15384602	4185.76923063	
4193.3333332	4190.51282038	4193.97435884	4196.5384614	4196.79487166	4195.89743576	4201.02564096	4201.15384609	4188.84615371	4197.56410243	4245.76923077	4191.15384602	4195.25641012	4187.82051269	
4200.76923063	4192.56410243	4200.38461525	4195.38461525	4198.71794858	4198.84615371	4202.43589737	4203.97435891	4193.97435884	4193.71794858	4247.17948718	4197.4358973	4197.56410243	4193.46153833	
4201.79487173	4192.30769217	4198.46153833	4189.74358961	4200.76923063	4202.43589737	4214.35897429	4211.92307686	4200.12820499	4195.89743576	4248.20512821	4197.17948704	4196.79487166	4192.17948704	
4199.61538448	4191.5384614	4194.99999986	4189.74358961	4200.25641012	4201.28205122	4218.97435891	4221.28205122	4202.43589737	4198.46153833	4248.71794872	4194.35897422	4202.17948711	4191.02564089	
4202.5641025	4190.25641012	4199.74358961	4199.35897422	4202.82051275	4195.51282038	4207.17948711	4223.4615384	4204.23076917	4207.94871788	4252.6923077	4197.94871781	4204.61538455	4198.07692294	
4203.07692301	4188.71794858	4198.84615371	4201.92307686	4199.10256397	4189.61538448	4194.61538448	4216.6666666	4203.58974352	4217.30769224	4252.05128206	4198.97435884	4201.53846147	4197.17948704	
4196.15384602	4186.66666653	4190.38461525	4191.66666653	4190.25641012	4184.87179474	4187.05128192	4205.12820506	4200.76923063	4208.33333327	4247.94871795	4191.02564089	4200.64102551	4186.02564089	
4188.58974345	4186.28205115	4185.25641012	4184.74358961	4187.05128192	4182.17948704	4182.4358973	4198.20512807	4198.46153833	4198.46153833	4249.48717949	4184.74358961	4202.82051275	4184.48717935	
4186.5384614	4188.84615371	4186.02564089	4188.20512807	4187.82051269	4187.82051269	4188.97435884	4199.87179474	4193.84615371	4198.20512807	4246.28205129	4184.87179474	4198.46153833	4185.25641012	
4188.58974345	4188.3333332	4185.12820499	4187.94871781	4190.64102551	4194.99999986	4200.51282038	4203.07692301	4185.25641012	4189.48717935	4233.33333327	4183.58974345	4188.46153833	4178.46153833	
4188.07692294	4186.02564089	4183.97435884	4185.64102551	4192.30769217	4192.82051269	4198.3333332	4196.02564089	4181.92307679	4182.4358973	4227.82051275	4183.46153833	4188.3333332	4176.02564089	
4187.30769217	4188.58974345	4193.3333332	4192.30769217	4190.12820499	4187.30769217	4191.66666653	4187.94871781	4183.20512807	4186.66666653	4232.94871788	4190.64102551	4192.17948704	4184.2307691	
4194.10256397	4189.87179474	4200.25641012	4197.82051269	4193.46153833	4189.35897422	4191.41025628	4191.5384614	4183.3333332	4183.84615371	4233.33333327	4193.84615371	4191.92307679	4192.56410243	
4197.69230756	4187.69230756	4193.20512807	4190.38461525	4198.3333332	4191.5384614	4189.10256397	4197.69230756	4185.25641012	4182.30769217	4233.07692301	4190.38461525	4192.4358973	4191.28205115	
4188.58974345	4188.07692294	4183.3333332	4180.38461525	4185.25641012	4185.64102551	4184.99999986	4197.56410243	4186.66666653	4187.4358973	4234.74358975	4187.05128192	4194.35897422	4185.64102551	
4184.35897422	4187.82051269	4182.05128192	4179.48717935	4178.58974345	4183.97435884	4186.79487166	4198.20512807	4187.05128192	4184.35897422	4232.69230763	4184.87179474	4196.5384614	4183.58974345	
4191.92307679	4185.25641012	4186.5384614	4182.94871781	4192.56410243	4195.51282038	4190.12820499	4205.64102558	4192.17948704	4190.76923063	4239.61538462	4186.79487166	4201.41025634	4187.30769217	
4193.58974345	4185.89743576	4187.4358973	4179.74358961	4192.82051269	4198.84615371	4188.84615371	4205.64102558	4197.30769217	4206.53846147	4247.05128206	4189.87179474	4204.99999993	4189.61538448	
4184.99999986	4187.30769217	4184.61538448	4174.35897422	4183.07692294	4189.2307691	4186.79487166	4192.05128192	4191.28205115	4196.15384602	4240.0	4186.28205115	4199.48717935	4184.99999986	
4178.58974345	4183.71794858	4181.92307679	4174.74358961	4186.66666653	4193.07692294	4185.76923063	4177.05128192	4176.66666653	4173.58974345	4229.23076917	4180.38461525	4191.66666653	4176.92307679	
4178.3333332	4183.58974345	4182.30769217	4175.89743576	4188.3333332	4200.76923063	4186.28205115	4168.3333332	4168.84615371	4167.82051262	4221.6666666	4180.25641012	4185.12820499	4170.51282038	
4181.66666653	4185.51282038	4182.69230756	4173.97435884	4185.25641012	4190.89743576	4186.28205115	4164.23076903	4165.38461518	4169.48717935	4214.87179481	4180.25641012	4183.07692294	4171.15384602	
4186.28205115	4182.82051269	4182.82051269	4178.58974345	4190.76923063	4186.28205115	4186.66666653	4169.99999986	4167.17948697	4175.38461525	4220.89743583	4180.64102551	4188.07692294	4174.10256397	
4187.82051269	4184.87179474	4182.30769217	4184.99999986	4193.3333332	4193.3333332	4187.4358973	4181.41025628	4177.17948704	4185.89743576	4232.17948711	4184.61538448	4194.48717935	4174.35897422	
4185.25641012	4189.87179474	4182.69230756	4183.71794858	4182.94871781	4191.28205115	4185.76923063	4188.07692294	4186.79487166	4191.79487166	4233.84615385	4185.25641012	4199.10256397	4177.30769217	
4189.48717935	4188.71794858	4186.15384602	4181.41025628	4183.84615371	4188.20512807	4189.61538448	4196.66666653	4193.97435884	4198.3333332	4240.8974359	4185.25641012	4202.69230763	4186.41025628	
4196.92307679	4186.5384614	4187.30769217	4182.17948704	4198.3333332	4186.02564089	4192.17948704	4204.23076917	4198.97435884	4205.12820506	4247.56410257	4190.25641012	4203.4615384	4190.12820499	
4200.64102551	4188.3333332	4194.48717935	4185.38461525	4203.97435891	4183.84615371	4187.82051269	4203.71794865	4204.23076917	4204.48717942	4247.43589744	4198.84615371	4202.69230763	4189.87179474	
4200.51282038	4188.58974345	4202.17948711	4189.74358961	4198.71794858	4191.02564089	4187.05128192	4200.12820499	4200.76923063	4201.41025634	4247.6923077	4201.79487173	4204.23076917	4192.30769217	
4193.46153833	4186.28205115	4193.84615371	4182.69230756	4197.56410243	4192.69230756	4190.38461525	4187.94871781	4190.25641012	4194.99999986	4241.02564103	4192.56410243	4201.15384609	4189.35897422	
4187.05128192	4186.28205115	4183.46153833	4172.69230756	4200.51282038	4183.46153833	4188.3333332	4169.99999986	4180.51282038	4181.02564089	4230.51282045	4183.84615371	4193.58974345	4183.20512807	
4190.38461525	4188.20512807	4185.64102551	4177.4358973	4200.25641012	4181.41025628	4182.56410243	4165.76923056	4173.20512807	4176.92307679	4229.10256404	4185.89743576	4190.12820499	4180.64102551	
4191.41025628	4187.17948704	4187.4358973	4182.82051269	4198.84615371	4185.76923063	4186.02564089	4169.99999986	4174.99999986	4181.79487166	4229.74358968	4186.66666653	4193.71794858	4180.25641012	
4184.48717935	4184.35897422	4182.69230756	4179.61538448	4199.35897422	4191.28205115	4196.5384614	4169.87179474	4179.61538448	4182.94871781	4226.41025634	4182.05128192	4194.61538448	4178.84615371	
4186.5384614	4186.28205115	4183.97435884	4184.2307691	4203.20512814	4200.12820499	4205.89743583	4179.35897422	4188.20512807	4184.48717935	4230.12820506	4184.61538448	4192.82051269	4182.30769217	
4189.87179474	4185.38461525	4186.41025628	4185.38461525	4203.20512814	4200.38461525	4203.20512814	4193.20512807	4193.58974345	4187.4358973	4230.51282045	4187.17948704	4195.64102551	4183.58974345	
4182.94871781	4178.20512807	4181.92307679	4170.38461525	4190.12820499	4188.71794858	4188.3333332	4188.46153833	4188.71794858	4184.10256397	4219.48717942	4180.64102551	4194.61538448	4175.25641012	
4180.51282038	4180.38461525	4180.12820499	4168.97435884	4185.76923063	4183.3333332	4181.5384614	4180.76923063	4189.10256397	4184.61538448	4219.61538455	4180.76923063	4190.76923063	4173.20512807	
4187.4358973	4188.58974345	4184.99999986	4184.87179474	4200.76923063	4186.28205115	4185.38461525	4188.58974345	4199.99999986	4191.41025628	4231.41025634	4187.17948704	4193.3333332	4183.3333332	
4190.12820499	4186.41025628	4187.69230756	4184.10256397	4205.7692307	4189.61538448	4186.92307679	4189.74358961	4204.10256404	4192.17948704	4232.82051275	4186.5384614	4198.3333332	4186.66666653	
4189.61538448	4183.07692294	4189.35897422	4177.05128192	4199.61538448	4193.3333332	4189.61538448	4182.94871781	4196.92307679	4194.2307691	4230.38461532	4188.3333332	4196.5384614	4183.46153833	
4195.25641012	4187.82051269	4196.92307679	4182.17948704	4205.7692307	4194.99999986	4199.35897422	4189.10256397	4197.94871781	4203.20512814	4239.48717949	4197.56410243	4197.05128192	4191.66666653	
4203.07692301	4191.5384614	4201.79487173	4190.12820499	4211.15384609	4192.30769217	4204.61538455	4199.99999986	4203.07692301	4206.79487173	4250.51282052	4200.76923063	4204.10256404	4203.20512814	
4202.69230763	4190.76923063	4200.25641012	4192.05128192	4202.5641025	4188.46153833	4201.53846147	4201.79487173	4204.10256404	4202.69230763	4246.7948718	4199.10256397	4205.12820506	4202.69230763	
4195.64102551	4189.2307691	4199.48717935	4190.12820499	4198.20512807	4187.69230756	4199.10256397	4193.58974345	4203.84615378	4198.46153833	4236.02564103	4199.48717935	4201.6666666	4196.41025628	
4193.46153833	4186.15384602	4199.87179474	4191.15384602	4202.69230763	4185.89743576	4197.17948704	4190.25641012	4198.97435884	4197.94871781	4237.82051282	4199.35897422	4202.05128199	4195.12820499	
4198.71794858	4186.66666653	4199.74358961	4193.46153833	4203.84615378	4185.12820499	4199.2307691	4195.12820499	4197.30769217	4199.99999986	4243.20512821	4199.99999986	4203.84615378	4198.97435884	
4202.17948711	4191.02564089	4199.48717935	4190.76923063	4202.30769224	4191.02564089	4200.38461525	4192.94871781	4198.84615371	4201.92307686	4237.05128206	4199.74358961	4203.71794865	4198.97435884	
4198.84615371	4192.4358973	4199.48717935	4189.48717935	4204.61538455	4197.17948704	4197.56410243	4189.99999986	4198.58974345	4198.84615371	4235.51282052	4197.82051269	4203.71794865	4196.41025628	
4197.30769217	4192.56410243	4201.6666666	4194.35897422	4209.61538455	4198.58974345	4198.46153833	4198.58974345	4199.61538448	4199.87179474	4246.15384616	4198.97435884	4204.10256404	4197.69230756	
4199.87179474	4190.76923063	4201.6666666	4191.41025628	4206.92307686	4196.28205115	4199.87179474	4203.58974352	4202.43589737	4207.05128199	4248.84615385	4199.99999986	4205.25641019	4199.99999986	
4201.02564096	4190.89743576	4202.5641025	4189.74358961	4204.87179481	4193.97435884	4198.58974345	4199.74358961	4204.23076917	4211.41025634	4244.48717949	4200.76923063	4207.82051275	4202.05128199	
4201.6666666	4194.48717935	4207.05128199	4201.79487173	4210.64102558	4190.76923063	4198.46153833	4199.87179474	4204.10256404	4208.33333327	4246.28205129	4204.48717942	4206.92307686	4203.4615384	
4203.20512814	4193.84615371	4210.25641019	4199.10256397	4208.58974352	4191.5384614	4201.15384609	4201.79487173	4206.02564096	4201.41025634	4245.76923077	4206.92307686	4207.43589737	4203.97435891	
4206.02564096	4191.79487166	4212.17948711	4187.17948704	4202.43589737	4200.89743576	4204.48717942	4211.53846147	4213.4615384	4207.43589737	4246.41025641	4208.07692301	4211.28205122	4207.5641025	
4204.61538455	4193.07692294	4211.28205122	4190.25641012	4202.82051275	4205.25641019	4203.84615378	4216.41025634	4218.33333327	4214.10256404	4247.43589744	4207.94871788	4210.89743583	4206.6666666	
4202.17948711	4191.28205115	4206.92307686	4192.17948704	4203.20512814	4196.66666653	4203.58974352	4206.28205122	4211.92307686	4206.79487173	4246.02564103	4205.64102558	4208.07692301	4201.53846147	
4203.07692301	4187.17948704	4204.35897429	4185.89743576	4202.05128199	4192.69230756	4203.07692301	4202.69230763	4204.10256404	4200.38461525	4249.10256411	4205.25641019	4209.23076917	4201.79487173	
4202.5641025	4187.4358973	4204.99999993	4185.64102551	4201.6666666	4196.92307679	4192.56410243	4199.61538448	4203.4615384	4202.05128199	4245.51282052	4202.69230763	4204.61538455	4199.10256397	
4197.30769217	4187.82051269	4196.41025628	4181.79487166	4195.89743576	4190.64102551	4180.89743576	4191.5384614	4201.15384609	4200.38461525	4233.33333327	4191.92307679	4197.17948704	4186.66666653	
4191.66666653	4185.64102551	4187.05128192	4174.35897422	4191.66666653	4181.66666653	4187.82051269	4195.38461525	4200.38461525	4197.30769217	4228.71794865	4185.12820499	4199.74358961	4181.66666653	
4194.2307691	4188.84615371	4192.69230756	4180.89743576	4199.48717935	4190.76923063	4201.92307686	4206.79487173	4205.64102558	4201.92307686	4233.07692301	4191.92307679	4205.89743583	4194.10256397	
4201.28205122	4191.66666653	4201.15384609	4189.10256397	4201.53846147	4201.79487173	4197.56410243	4207.43589737	4206.41025634	4202.69230763	4233.97435898	4198.71794858	4203.84615378	4199.61538448	
4201.02564096	4187.05128192	4199.35897422	4186.66666653	4196.5384614	4196.66666653	4185.76923063	4197.05128192	4200.64102551	4199.2307691	4231.6666666	4197.82051269	4200.76923063	4190.51282038	
4196.02564089	4186.41025628	4197.17948704	4187.30769217	4199.48717935	4192.4358973	4187.05128192	4189.35897422	4198.71794858	4199.2307691	4232.43589737	4198.97435884	4205.7692307	4189.48717935	
4199.35897422	4191.15384602	4203.07692301	4189.74358961	4206.15384609	4198.97435884	4196.15384602	4196.79487166	4203.84615378	4201.53846147	4234.48717949	4203.84615378	4211.41025634	4201.02564096	
4204.61538455	4190.64102551	4203.20512814	4186.92307679	4204.23076917	4203.20512814	4198.58974345	4206.79487173	4205.51282045	4201.92307686	4233.33333327	4201.41025634	4207.43589737	4203.07692301	
4200.12820499	4189.10256397	4195.51282038	4181.5384614	4199.99999986	4199.99999986	4196.41025628	4199.74358961	4201.28205122	4198.84615371	4229.23076917	4195.25641012	4200.76923063	4194.99999986	
4201.28205122	4193.20512807	4197.82051269	4182.69230756	4201.28205122	4200.12820499	4199.61538448	4196.02564089	4205.25641019	4198.3333332	4229.23076917	4200.89743576	4204.48717942	4199.74358961	
4209.87179481	4195.38461525	4208.4615384	4194.99999986	4202.94871788	4201.79487173	4202.43589737	4202.82051275	4213.97435891	4202.30769224	4235.25641026	4209.74358968	4211.92307686	4209.61538455	
4209.35897429	4193.71794858	4210.64102558	4200.64102551	4202.82051275	4201.92307686	4201.53846147	4203.4615384	4212.43589737	4204.99999993	4235.8974359	4208.33333327	4208.58974352	4209.23076917	
4203.4615384	4193.97435884	4200.51282038	4190.51282038	4203.58974352	4198.20512807	4200.12820499	4197.69230756	4200.25641012	4195.89743576	4223.84615378	4200.12820499	4200.38461525	4199.99999986	
4197.05128192	4192.94871781	4190.64102551	4182.05128192	4202.17948711	4188.20512807	4198.84615371	4190.76923063	4188.58974345	4184.99999986	4211.79487173	4190.25641012	4197.30769217	4189.61538448	
4189.87179474	4190.12820499	4187.82051269	4182.17948704	4197.56410243	4186.92307679	4197.05128192	4189.48717935	4184.35897422	4184.2307691	4211.79487173	4184.35897422	4196.79487166	4186.41025628	
4191.92307679	4188.84615371	4190.76923063	4182.30769217	4196.92307679	4195.89743576	4197.56410243	4194.61538448	4185.25641012	4185.51282038	4216.28205122	4187.82051269	4197.17948704	4193.71794858	
4201.15384609	4189.35897422	4194.35897422	4183.84615371	4201.15384609	4197.69230756	4201.15384609	4200.89743576	4189.74358961	4184.48717935	4218.4615384	4197.30769217	4199.99999986	4202.43589737	
4199.10256397	4189.48717935	4192.4358973	4186.92307679	4204.23076917	4188.84615371	4203.07692301	4202.69230763	4190.76923063	4184.74358961	4219.48717942	4197.56410243	4199.48717935	4199.99999986	
4191.66666653	4188.20512807	4189.10256397	4184.48717935	4201.6666666	4184.10256397	4202.17948711	4200.76923063	4189.10256397	4183.07692294	4217.05128199	4188.97435884	4194.99999986	4194.35897422	
4195.89743576	4189.2307691	4193.58974345	4184.87179474	4200.38461525	4187.69230756	4201.15384609	4203.07692301	4190.51282038	4182.56410243	4216.28205122	4194.74358961	4194.2307691	4198.20512807	
4200.89743576	4190.38461525	4199.87179474	4187.56410243	4201.41025634	4188.84615371	4199.87179474	4205.64102558	4190.25641012	4189.10256397	4219.23076917	4203.58974352	4196.5384614	4201.53846147	
4198.07692294	4185.64102551	4198.20512807	4185.51282038	4197.05128192	4186.41025628	4197.69230756	4196.79487166	4184.99999986	4189.87179474	4215.25641019	4194.87179474	4196.66666653	4197.94871781	
4195.38461525	4180.89743576	4195.64102551	4182.17948704	4193.07692294	4189.61538448	4198.97435884	4192.30769217	4184.48717935	4183.46153833	4213.58974352	4189.48717935	4197.30769217	4197.30769217	
4197.94871781	4183.3333332	4198.84615371	4183.46153833	4195.51282038	4197.82051269	4199.10256397	4198.58974345	4189.61538448	4183.58974345	4220.25641019	4200.64102551	4198.3333332	4203.20512814	
4201.15384609	4184.99999986	4199.48717935	4185.76923063	4197.17948704	4193.58974345	4190.51282038	4191.28205115	4185.64102551	4185.51282038	4219.99999993	4201.53846147	4196.79487166	4204.61538455	
4200.89743576	4183.97435884	4197.4358973	4186.15384602	4198.46153833	4184.99999986	4185.38461525	4178.84615371	4180.64102551	4182.82051269	4218.33333327	4195.89743576	4196.66666653	4201.41025634	
4202.05128199	4188.71794858	4199.35897422	4190.64102551	4200.38461525	4191.41025628	4192.30769217	4184.48717935	4184.99999986	4181.02564089	4226.79487173	4201.92307686	4200.38461525	4200.51282038	
4203.97435891	4190.38461525	4200.76923063	4199.87179474	4197.82051269	4198.71794858	4200.12820499	4189.48717935	4186.28205115	4191.41025628	4231.28205122	4204.99999993	4199.87179474	4203.84615378	
4203.4615384	4188.71794858	4199.74358961	4202.69230763	4198.3333332	4191.92307679	4200.51282038	4185.51282038	4186.15384602	4197.4358973	4225.51282045	4200.89743576	4197.82051269	4203.20512814	
4199.74358961	4189.35897422	4197.4358973	4194.99999986	4201.92307686	4184.61538448	4198.07692294	4190.25641012	4192.05128192	4188.46153833	4223.71794865	4198.20512807	4200.38461525	4199.87179474	
4203.58974352	4189.35897422	4200.12820499	4196.41025628	4200.25641012	4194.61538448	4201.28205122	4203.4615384	4201.79487173	4192.69230756	4231.6666666	4201.15384609	4202.5641025	4207.05128199	
4210.64102558	4189.10256397	4205.7692307	4206.6666666	4201.02564096	4203.33333327	4204.74358968	4202.94871788	4201.6666666	4204.10256404	4233.84615385	4205.51282045	4200.38461525	4213.33333327	
4203.4615384	4189.61538448	4201.92307686	4199.48717935	4200.76923063	4193.71794858	4200.38461525	4189.10256397	4189.87179474	4191.5384614	4222.30769224	4199.10256397	4196.41025628	4203.33333327	
4195.12820499	4187.69230756	4195.51282038	4188.58974345	4191.5384614	4187.56410243	4198.84615371	4191.79487166	4184.10256397	4179.74358961	4214.10256404	4191.15384602	4196.92307679	4195.51282038	
4199.61538448	4183.71794858	4197.4358973	4190.38461525	4186.02564089	4190.12820499	4198.71794858	4201.79487173	4187.4358973	4188.07692294	4217.82051275	4194.48717935	4196.5384614	4201.41025634	
4199.48717935	4184.35897422	4200.25641012	4192.17948704	4187.05128192	4186.15384602	4186.41025628	4190.76923063	4187.56410243	4186.79487166	4217.82051275	4198.97435884	4194.2307691	4205.25641019	
4194.87179474	4186.15384602	4199.35897422	4191.15384602	4185.51282038	4182.17948704	4181.5384614	4186.15384602	4183.46153833	4179.61538448	4215.89743583	4197.05128192	4196.92307679	4203.71794865	
4199.2307691	4184.87179474	4198.84615371	4196.79487166	4186.02564089	4187.4358973	4191.28205115	4201.02564096	4185.76923063	4188.58974345	4222.94871788	4197.17948704	4199.2307691	4204.74358968	
4201.92307686	4183.71794858	4199.99999986	4197.82051269	4188.97435884	4186.5384614	4191.92307679	4203.07692301	4193.84615371	4198.07692294	4228.33333327	4199.74358961	4198.97435884	4206.53846147	
4199.10256397	4185.51282038	4202.43589737	4198.97435884	4193.97435884	4182.69230756	4192.30769217	4198.71794858	4199.74358961	4198.71794858	4227.5641025	4202.5641025	4202.05128199	4211.92307686	
4202.5641025	4191.15384602	4205.64102558	4208.58974352	4201.02564096	4191.02564089	4201.79487173	4200.51282038	4199.87179474	4199.48717935	4228.33333327	4203.4615384	4203.71794865	4216.92307686	
4205.25641019	4194.74358961	4206.53846147	4209.87179481	4202.43589737	4200.89743576	4201.53846147	4194.2307691	4196.02564089	4199.99999986	4227.17948711	4202.17948711	4199.87179474	4214.99999993	
4204.48717942	4192.4358973	4210.64102558	4208.71794865	4200.38461525	4200.51282038	4197.94871781	4189.87179474	4196.5384614	4199.10256397	4226.53846147	4207.69230763	4200.89743576	4217.05128199	
4210.25641019	4190.89743576	4217.82051275	4216.6666666	4203.4615384	4197.4358973	4200.89743576	4196.41025628	4201.92307686	4200.64102551	4233.4615384	4215.89743583	4204.87179481	4226.92307686	
4212.69230763	4194.99999986	4215.51282045	4215.51282045	4204.87179481	4199.87179474	4203.71794865	4201.6666666	4199.99999986	4198.46153833	4232.43589737	4213.07692301	4202.05128199	4228.20512814	
4202.94871788	4193.84615371	4199.74358961	4203.84615378	4199.87179474	4199.74358961	4201.79487173	4198.84615371	4187.69230756	4185.89743576	4215.64102558	4202.82051275	4193.71794858	4213.58974352	
4196.5384614	4187.82051269	4186.02564089	4197.69230756	4197.69230756	4195.25641012	4194.10256397	4189.48717935	4179.2307691	4179.2307691	4210.38461532	4194.74358961	4193.97435884	4200.25641012	
4200.38461525	4189.10256397	4191.5384614	4200.12820499	4196.92307679	4198.20512807	4190.64102551	4189.61538448	4187.30769217	4191.15384602	4221.02564096	4194.48717935	4201.15384609	4202.30769224	
4203.4615384	4192.94871781	4202.69230763	4201.53846147	4193.20512807	4203.84615378	4199.10256397	4201.92307686	4198.3333332	4200.51282038	4222.69230763	4198.46153833	4202.30769224	4206.53846147	
4199.10256397	4192.17948704	4196.28205115	4198.46153833	4185.51282038	4196.5384614	4199.35897422	4202.5641025	4199.87179474	4195.76923063	4216.28205122	4195.12820499	4201.41025634	4204.10256404	
4198.20512807	4189.99999986	4190.64102551	4194.74358961	4183.3333332	4184.74358961	4189.87179474	4197.56410243	4200.12820499	4199.10256397	4217.5641025	4191.66666653	4202.43589737	4208.71794865	
4202.43589737	4191.79487166	4198.46153833	4199.10256397	4194.2307691	4183.97435884	4188.71794858	4201.28205122	4199.35897422	4202.69230763	4219.99999993	4194.87179474	4201.53846147	4215.25641019	
4199.99999986	4192.4358973	4196.66666653	4200.51282038	4199.61538448	4188.3333332	4187.30769217	4194.61538448	4190.25641012	4191.15384602	4216.6666666	4192.4358973	4199.87179474	4207.30769224	
4192.69230756	4190.51282038	4183.58974345	4191.28205115	4190.12820499	4185.38461525	4180.38461525	4181.28205115	4178.20512807	4181.02564089	4213.4615384	4183.97435884	4200.89743576	4195.76923063	
4192.05128192	4190.38461525	4182.69230756	4189.99999986	4184.35897422	4181.92307679	4181.41025628	4180.76923063	4177.30769217	4181.66666653	4211.28205122	4183.97435884	4198.84615371	4196.79487166	
4196.79487166	4193.58974345	4192.94871781	4200.38461525	4193.07692294	4191.66666653	4185.51282038	4186.5384614	4183.46153833	4182.82051269	4210.51282045	4191.5384614	4195.12820499	4199.48717935	
4199.10256397	4193.84615371	4198.07692294	4203.84615378	4200.38461525	4195.64102551	4188.71794858	4187.4358973	4184.74358961	4183.71794858	4213.07692301	4196.15384602	4196.5384614	4198.46153833	
4200.76923063	4191.02564089	4200.12820499	4200.89743576	4202.05128199	4187.82051269	4192.4358973	4187.30769217	4188.58974345	4189.61538448	4215.12820506	4198.58974345	4200.51282038	4203.07692301	
4204.48717942	4193.07692294	4203.84615378	4202.30769224	4198.71794858	4189.87179474	4191.28205115	4189.99999986	4195.51282038	4193.07692294	4217.05128199	4202.17948711	4202.69230763	4208.97435891	
4199.87179474	4194.61538448	4198.46153833	4203.84615378	4189.35897422	4193.07692294	4184.2307691	4189.35897422	4191.66666653	4191.15384602	4217.17948711	4198.71794858	4198.84615371	4205.12820506	
4190.25641012	4191.92307679	4190.51282038	4198.07692294	4186.15384602	4184.48717935	4175.51282038	4183.58974345	4181.79487166	4186.41025628	4212.30769224	4190.25641012	4195.76923063	4197.56410243	
4192.05128192	4189.99999986	4191.66666653	4190.89743576	4186.41025628	4180.51282038	4172.05128192	4181.41025628	4183.46153833	4183.07692294	4208.71794865	4188.3333332	4197.94871781	4196.79487166	
4195.38461525	4189.74358961	4192.4358973	4188.07692294	4183.3333332	4184.74358961	4179.87179474	4187.82051269	4187.17948704	4184.87179474	4211.79487173	4189.10256397	4195.64102551	4198.97435884	
4194.2307691	4190.12820499	4190.76923063	4191.66666653	4189.48717935	4184.2307691	4189.10256397	4191.66666653	4183.07692294	4185.51282038	4213.58974352	4189.2307691	4192.69230756	4199.87179474	
4195.76923063	4191.79487166	4196.5384614	4196.92307679	4198.71794858	4185.64102551	4186.02564089	4183.20512807	4181.15384602	4183.3333332	4212.94871788	4195.25641012	4195.64102551	4200.89743576	
4193.97435884	4194.10256397	4201.92307686	4200.12820499	4193.3333332	4189.61538448	4180.64102551	4177.30769217	4182.56410243	4187.30769217	4222.43589737	4198.97435884	4200.51282038	4199.35897422	
4194.87179474	4196.02564089	4202.5641025	4204.10256404	4188.46153833	4189.35897422	4183.71794858	4184.35897422	4186.28205115	4199.48717935	4235.0	4201.79487173	4206.79487173	4200.38461525	
4197.56410243	4194.2307691	4203.97435891	4198.20512807	4190.12820499	4187.82051269	4177.05128192	4182.56410243	4187.56410243	4201.28205122	4230.25641019	4201.79487173	4207.17948711	4202.82051275	
4189.99999986	4187.17948704	4199.2307691	4184.48717935	4184.35897422	4185.51282038	4164.87179467	4171.15384602	4181.66666653	4185.64102551	4214.61538455	4192.17948704	4196.41025628	4198.58974345	
4187.82051269	4188.58974345	4195.25641012	4186.28205115	4183.3333332	4191.5384614	4176.66666653	4179.74358961	4185.38461525	4180.76923063	4211.53846147	4188.97435884	4193.3333332	4196.15384602	
4197.69230756	4193.71794858	4200.76923063	4197.30769217	4190.89743576	4202.17948711	4193.84615371	4193.71794858	4195.64102551	4196.02564089	4218.4615384	4194.87179474	4201.41025634	4199.61538448	
4194.87179474	4190.25641012	4199.48717935	4191.41025628	4186.15384602	4200.64102551	4185.38461525	4188.84615371	4195.64102551	4201.79487173	4216.53846147	4188.3333332	4200.25641012	4197.82051269	
4192.56410243	4190.76923063	4195.76923063	4186.02564089	4183.3333332	4195.64102551	4186.79487166	4192.82051269	4197.05128192	4194.99999986	4214.74358968	4184.35897422	4198.97435884	4194.61538448	
4205.25641019	4194.99999986	4201.02564096	4195.51282038	4193.71794858	4203.84615378	4207.94871788	4210.64102558	4208.71794865	4199.99999986	4220.12820506	4196.41025628	4205.51282045	4201.15384609	
4200.76923063	4190.76923063	4199.35897422	4192.94871781	4190.25641012	4205.64102558	4200.25641012	4204.23076917	4204.74358968	4202.94871788	4219.74358968	4196.92307679	4202.5641025	4201.15384609	
4185.89743576	4188.58974345	4189.10256397	4180.64102551	4184.35897422	4189.35897422	4177.69230756	4185.64102551	4188.07692294	4190.25641012	4215.38461532	4187.17948704	4197.05128192	4191.02564089	
4185.38461525	4191.79487166	4186.15384602	4181.41025628	4193.97435884	4184.35897422	4179.61538448	4183.58974345	4184.61538448	4183.71794858	4212.17948711	4187.30769217	4201.79487173	4187.30769217	
4187.4358973	4187.17948704	4186.15384602	4184.87179474	4195.64102551	4192.4358973	4184.74358961	4181.5384614	4187.56410243	4184.48717935	4203.71794865	4185.12820499	4197.17948704	4187.82051269	
4186.66666653	4183.3333332	4182.05128192	4181.79487166	4185.38461525	4191.92307679	4182.4358973	4176.92307679	4186.5384614	4183.20512807	4198.46153833	4179.99999986	4188.46153833	4186.66666653	
4186.66666653	4187.17948704	4180.51282038	4181.5384614	4183.84615371	4184.74358961	4186.5384614	4181.41025628	4184.87179474	4188.71794858	4202.05128199	4180.76923063	4192.69230756	4186.28205115	
4183.97435884	4185.76923063	4181.28205115	4182.30769217	4185.89743576	4183.46153833	4187.82051269	4187.56410243	4188.58974345	4193.20512807	4201.92307686	4181.92307679	4193.58974345	4187.05128192	
4184.48717935	4182.17948704	4183.07692294	4180.64102551	4188.97435884	4189.74358961	4186.5384614	4188.20512807	4197.17948704	4186.02564089	4200.76923063	4182.56410243	4190.25641012	4189.74358961	
4191.79487166	4186.66666653	4186.15384602	4184.2307691	4198.46153833	4199.87179474	4193.71794858	4187.17948704	4201.28205122	4183.84615371	4203.20512814	4186.92307679	4193.97435884	4192.82051269	
4194.48717935	4189.74358961	4188.07692294	4188.84615371	4199.99999986	4204.10256404	4200.12820499	4184.87179474	4199.2307691	4192.05128192	4203.58974352	4188.46153833	4197.17948704	4191.41025628	
4195.76923063	4186.41025628	4193.20512807	4188.3333332	4197.82051269	4198.84615371	4198.84615371	4185.89743576	4198.3333332	4198.3333332	4207.94871788	4192.4358973	4198.3333332	4194.10256397	
4199.35897422	4184.2307691	4198.58974345	4187.82051269	4201.02564096	4200.76923063	4192.30769217	4191.92307679	4200.12820499	4203.20512814	4217.82051275	4201.41025634	4203.4615384	4199.74358961	
4191.92307679	4182.17948704	4191.28205115	4187.17948704	4193.07692294	4206.41025634	4184.87179474	4188.84615371	4198.58974345	4198.71794858	4214.99999993	4195.76923063	4202.5641025	4191.92307679	
4182.82051269	4180.76923063	4182.82051269	4183.58974345	4183.58974345	4198.20512807	4185.12820499	4185.76923063	4200.25641012	4187.05128192	4204.23076917	4183.07692294	4196.28205115	4183.71794858	
4185.12820499	4182.30769217	4186.66666653	4183.20512807	4194.35897422	4191.15384602	4188.46153833	4189.61538448	4198.97435884	4190.25641012	4207.05128199	4184.10256397	4196.5384614	4186.79487166	
4187.17948704	4185.38461525	4189.35897422	4187.17948704	4200.64102551	4198.20512807	4186.79487166	4186.79487166	4189.87179474	4200.89743576	4215.64102558	4188.3333332	4196.79487166	4187.94871781	
4185.89743576	4189.10256397	4186.15384602	4187.30769217	4191.79487166	4204.48717942	4187.94871781	4182.56410243	4191.02564089	4200.38461525	4213.07692301	4185.76923063	4196.41025628	4185.51282038	
4187.94871781	4188.97435884	4187.56410243	4182.4358973	4192.30769217	4199.35897422	4187.94871781	4184.87179474	4199.61538448	4195.64102551	4207.69230763	4184.61538448	4197.82051269	4187.17948704	
4187.94871781	4184.61538448	4187.56410243	4182.4358973	4200.51282038	4196.66666653	4184.48717935	4183.97435884	4200.25641012	4197.82051269	4213.33333327	4185.38461525	4199.87179474	4187.30769217	
4186.28205115	4184.2307691	4183.07692294	4186.5384614	4200.12820499	4200.12820499	4191.15384602	4182.05128192	4200.12820499	4200.12820499	4217.5641025	4184.2307691	4198.97435884	4186.15384602	
4184.87179474	4182.17948704	4183.3333332	4184.87179474	4198.07692294	4200.89743576	4197.82051269	4192.17948704	4202.82051275	4199.61538448	4211.92307686	4184.2307691	4197.05128192	4187.17948704	
4183.3333332	4178.97435884	4183.20512807	4181.79487166	4200.38461525	4202.94871788	4194.61538448	4199.2307691	4201.6666666	4199.61538448	4209.35897429	4183.46153833	4197.82051269	4187.56410243	
4186.02564089	4184.74358961	4183.71794858	4187.56410243	4200.89743576	4206.28205122	4194.10256397	4198.20512807	4205.89743583	4205.7692307	4213.20512814	4183.58974345	4201.28205122	4190.38461525	
4197.17948704	4193.71794858	4196.15384602	4198.3333332	4203.58974352	4210.7692307	4203.07692301	4209.10256404	4217.5641025	4218.58974352	4223.07692301	4194.61538448	4208.07692301	4200.89743576	
4204.74358968	4191.28205115	4206.53846147	4200.76923063	4206.02564096	4215.64102558	4208.97435891	4219.99999993	4220.51282045	4222.43589737	4232.82051275	4205.7692307	4210.89743583	4209.10256404	
4202.43589737	4186.79487166	4200.89743576	4195.64102551	4201.28205122	4211.92307686	4205.7692307	4212.5641025	4214.61538455	4214.87179481	4229.61538455	4202.30769224	4209.87179481	4204.48717942	
4203.33333327	4190.25641012	4198.3333332	4197.4358973	4199.10256397	4206.15384609	4208.58974352	4208.71794865	4213.71794865	4214.61538455	4224.23076917	4199.10256397	4210.38461532	4206.02564096	
4206.79487173	4192.94871781	4204.74358968	4204.99999993	4204.10256404	4207.69230763	4215.12820506	4213.71794865	4215.51282045	4220.64102558	4230.38461532	4205.51282045	4210.64102558	4214.87179481	
4203.07692301	4188.46153833	4203.33333327	4201.53846147	4202.17948711	4207.94871788	4209.99999993	4204.61538455	4207.30769224	4212.94871788	4230.12820506	4205.7692307	4206.92307686	4208.58974352	
4200.64102551	4186.41025628	4198.20512807	4193.58974345	4195.12820499	4201.79487173	4206.02564096	4195.12820499	4198.46153833	4199.99999986	4216.92307686	4199.10256397	4203.33333327	4196.66666653	
4202.17948711	4190.25641012	4198.84615371	4196.02564089	4196.92307679	4199.87179474	4214.23076917	4202.43589737	4200.89743576	4199.10256397	4216.28205122	4199.2307691	4202.30769224	4199.2307691	
4201.15384609	4192.17948704	4200.89743576	4201.28205122	4196.5384614	4201.6666666	4209.99999993	4204.23076917	4200.76923063	4199.61538448	4222.43589737	4202.05128199	4200.89743576	4205.51282045	
4201.28205122	4190.89743576	4201.6666666	4201.41025634	4191.28205115	4199.99999986	4201.6666666	4203.20512814	4199.35897422	4198.58974345	4219.10256404	4201.6666666	4202.30769224	4202.69230763	
4203.20512814	4190.76923063	4201.28205122	4199.74358961	4196.28205115	4197.94871781	4210.51282045	4215.38461532	4211.28205122	4209.10256404	4221.28205122	4200.64102551	4206.28205122	4201.28205122	
4202.05128199	4190.64102551	4200.76923063	4199.35897422	4202.5641025	4199.48717935	4212.17948711	4222.94871788	4220.64102558	4218.4615384	4228.71794865	4201.28205122	4206.02564096	4205.38461532	
4201.28205122	4189.48717935	4201.28205122	4201.02564096	4199.99999986	4198.84615371	4202.5641025	4219.87179481	4218.07692301	4214.10256404	4225.25641019	4201.6666666	4202.5641025	4206.28205122	
4201.6666666	4189.87179474	4200.89743576	4201.15384609	4196.15384602	4190.51282038	4200.38461525	4213.71794865	4212.94871788	4210.64102558	4218.84615378	4200.89743576	4203.4615384	4202.17948711	
4197.69230756	4190.38461525	4198.46153833	4198.07692294	4193.20512807	4188.97435884	4198.97435884	4206.28205122	4207.05128199	4208.07692301	4218.4615384	4200.25641012	4205.7692307	4199.35897422	
4196.15384602	4190.25641012	4199.10256397	4199.99999986	4192.4358973	4199.48717935	4198.07692294	4210.7692307	4207.30769224	4202.82051275	4217.30769224	4200.38461525	4201.28205122	4201.79487173	
4199.35897422	4193.07692294	4201.79487173	4203.84615378	4198.20512807	4203.84615378	4203.4615384	4217.43589737	4214.61538455	4202.94871788	4215.38461532	4200.51282038	4198.97435884	4203.07692301	
4202.30769224	4194.35897422	4203.20512814	4203.4615384	4201.28205122	4200.38461525	4204.87179481	4207.94871788	4216.53846147	4204.99999993	4216.41025634	4202.17948711	4201.28205122	4202.30769224	
4201.28205122	4191.41025628	4203.33333327	4202.82051275	4198.07692294	4199.48717935	4199.35897422	4197.94871781	4208.33333327	4200.51282038	4215.38461532	4204.10256404	4199.74358961	4202.82051275	
4194.87179474	4189.48717935	4199.87179474	4201.15384609	4196.79487166	4198.84615371	4196.15384602	4199.2307691	4202.69230763	4198.97435884	4212.43589737	4201.15384609	4195.76923063	4201.92307686	
4193.20512807	4191.79487166	4201.28205122	4202.05128199	4200.38461525	4199.61538448	4200.12820499	4198.71794858	4208.71794865	4203.33333327	4215.25641019	4200.64102551	4197.17948704	4202.5641025	
4198.84615371	4192.94871781	4209.23076917	4207.82051275	4203.4615384	4203.84615378	4205.12820506	4199.48717935	4219.48717942	4203.71794865	4223.33333327	4208.71794865	4200.89743576	4208.20512814	
4200.76923063	4191.41025628	4210.25641019	4211.41025634	4201.53846147	4204.10256404	4203.71794865	4206.41025634	4220.64102558	4206.15384609	4226.28205122	4214.61538455	4202.43589737	4214.10256404	
4199.2307691	4192.4358973	4205.64102558	4211.6666666	4198.84615371	4201.79487173	4200.64102551	4206.6666666	4217.82051275	4211.53846147	4220.64102558	4209.99999993	4203.4615384	4212.69230763	
4198.84615371	4193.71794858	4203.97435891	4211.02564096	4199.2307691	4202.17948711	4199.48717935	4199.35897422	4215.89743583	4210.38461532	4217.82051275	4202.94871788	4201.53846147	4204.61538455	
4194.35897422	4193.20512807	4202.94871788	4206.02564096	4199.48717935	4208.07692301	4198.3333332	4196.92307679	4208.71794865	4205.25641019	4219.61538455	4201.53846147	4197.94871781	4200.12820499	
4190.25641012	4193.20512807	4198.07692294	4198.20512807	4199.74358961	4212.69230763	4198.97435884	4198.46153833	4205.12820506	4200.38461525	4212.17948711	4198.58974345	4196.66666653	4199.35897422	
4194.74358961	4193.84615371	4196.41025628	4199.35897422	4200.89743576	4208.97435891	4200.76923063	4199.10256397	4210.64102558	4203.58974352	4209.10256404	4196.28205115	4200.38461525	4198.84615371	
4205.51282045	4195.38461525	4208.33333327	4211.79487173	4203.71794865	4211.15384609	4206.53846147	4208.97435891	4216.92307686	4216.6666666	4224.23076917	4206.41025634	4207.5641025	4205.25641019	
4210.38461532	4198.07692294	4217.05128199	4221.02564096	4207.5641025	4220.89743583	4212.69230763	4217.69230763	4220.51282045	4221.28205122	4234.87179488	4214.10256404	4208.07692301	4216.41025634	
4207.30769224	4198.07692294	4211.41025634	4219.74358968	4211.15384609	4214.99999993	4209.48717942	4207.94871788	4219.48717942	4216.41025634	4231.41025634	4212.94871788	4205.12820506	4216.6666666	
4206.41025634	4196.79487166	4205.12820506	4218.71794865	4214.87179481	4204.48717942	4202.5641025	4196.79487166	4215.38461532	4217.82051275	4227.5641025	4211.92307686	4205.64102558	4208.07692301	
4206.41025634	4194.87179474	4205.25641019	4220.38461532	4211.92307686	4206.28205122	4199.61538448	4197.05128192	4213.07692301	4213.33333327	4222.30769224	4208.97435891	4205.38461532	4203.71794865	
4201.15384609	4192.30769217	4200.89743576	4214.87179481	4203.20512814	4208.4615384	4199.48717935	4199.2307691	4213.07692301	4200.25641012	4217.43589737	4201.15384609	4203.4615384	4201.79487173	
4198.3333332	4191.79487166	4198.58974345	4210.25641019	4199.2307691	4207.05128199	4200.89743576	4199.2307691	4213.97435891	4206.02564096	4226.02564096	4200.76923063	4206.02564096	4204.61538455	
4200.51282038	4192.17948704	4201.79487173	4212.5641025	4200.12820499	4206.15384609	4196.66666653	4197.56410243	4214.74358968	4213.58974352	4230.7692307	4204.23076917	4206.41025634	4208.33333327	
4198.97435884	4193.07692294	4201.41025634	4213.97435891	4199.61538448	4203.07692301	4192.30769217	4199.61538448	4214.61538455	4203.33333327	4220.89743583	4201.92307686	4202.17948711	4205.38461532	
4198.46153833	4194.48717935	4201.92307686	4215.25641019	4199.2307691	4201.28205122	4197.69230756	4206.15384609	4216.15384609	4204.99999993	4215.38461532	4201.15384609	4203.97435891	4204.10256404	
4200.51282038	4194.61538448	4202.69230763	4215.64102558	4202.30769224	4204.10256404	4201.15384609	4202.05128199	4211.41025634	4214.23076917	4218.71794865	4201.79487173	4204.61538455	4206.28205122	
4199.74358961	4195.12820499	4199.35897422	4214.48717942	4203.33333327	4203.07692301	4197.82051269	4193.07692294	4203.97435891	4207.30769224	4217.69230763	4201.6666666	4199.10256397	4203.97435891	
4201.02564096	4194.2307691	4199.74358961	4215.51282045	4204.10256404	4202.05128199	4197.82051269	4193.97435884	4204.35897429	4202.5641025	4214.99999993	4200.64102551	4199.87179474	4201.79487173	
4206.02564096	4193.58974345	4206.02564096	4217.30769224	4204.23076917	4206.02564096	4200.25641012	4198.58974345	4209.61538455	4211.02564096	4223.33333327	4201.79487173	4206.79487173	4206.92307686	
4210.7692307	4196.28205115	4212.05128199	4216.6666666	4202.94871788	4211.53846147	4200.12820499	4199.2307691	4213.33333327	4216.79487173	4233.84615385	4211.15384609	4208.20512814	4214.23076917	
4214.35897429	4198.20512807	4214.23076917	4218.71794865	4206.15384609	4218.20512814	4201.15384609	4199.35897422	4216.28205122	4217.17948711	4235.0	4217.69230763	4208.20512814	4215.89743583	
4214.87179481	4199.10256397	4213.71794865	4223.58974352	4211.6666666	4216.15384609	4208.07692301	4205.51282045	4217.69230763	4217.69230763	4232.30769224	4215.51282045	4209.35897429	4216.28205122	
4210.38461532	4200.12820499	4214.74358968	4226.41025634	4212.43589737	4211.79487173	4216.6666666	4217.30769224	4217.94871788	4216.53846147	4233.84615385	4214.23076917	4211.15384609	4224.74358968	
4212.05128199	4198.58974345	4217.17948711	4225.7692307	4207.30769224	4215.7692307	4213.4615384	4222.82051275	4219.99999993	4218.07692301	4236.02564103	4217.94871788	4211.92307686	4230.12820506	
4212.30769224	4196.79487166	4213.33333327	4219.61538455	4202.94871788	4215.89743583	4201.92307686	4216.15384609	4218.71794865	4220.64102558	4234.48717949	4213.07692301	4207.94871788	4220.64102558	
4204.35897429	4197.30769217	4209.23076917	4211.02564096	4200.76923063	4209.48717942	4200.12820499	4212.05128199	4214.87179481	4218.71794865	4232.43589737	4203.58974352	4208.07692301	4213.84615378	
4206.6666666	4195.51282038	4212.05128199	4208.97435891	4201.41025634	4211.6666666	4203.84615378	4215.38461532	4214.61538455	4217.05128199	4231.15384609	4205.64102558	4211.41025634	4217.30769224	
4214.87179481	4195.38461525	4216.28205122	4214.35897429	4206.15384609	4220.12820506	4203.07692301	4213.4615384	4216.15384609	4217.43589737	4231.79487173	4213.97435891	4209.87179481	4218.20512814	
4211.6666666	4200.89743576	4215.7692307	4217.94871788	4206.53846147	4217.17948711	4201.92307686	4208.58974352	4213.97435891	4218.71794865	4231.92307686	4215.38461532	4206.28205122	4216.53846147	
4210.51282045	4201.28205122	4215.7692307	4215.25641019	4205.64102558	4215.38461532	4206.28205122	4210.12820506	4209.74358968	4217.5641025	4231.28205122	4212.30769224	4206.15384609	4218.4615384	
4219.48717942	4199.74358961	4218.71794865	4215.25641019	4209.10256404	4226.15384609	4214.10256404	4217.5641025	4214.35897429	4213.4615384	4231.41025634	4213.84615378	4205.12820506	4219.61538455	
4219.10256404	4202.69230763	4216.41025634	4215.51282045	4208.4615384	4227.43589737	4213.58974352	4214.74358968	4213.84615378	4212.17948711	4230.89743583	4214.99999993	4202.69230763	4217.05128199	
4215.64102558	4203.84615378	4213.33333327	4209.61538455	4201.02564096	4217.30769224	4203.71794865	4203.4615384	4203.20512814	4214.35897429	4231.02564096	4215.89743583	4203.58974352	4215.12820506	
4217.30769224	4201.02564096	4217.05128199	4202.17948711	4197.69230756	4213.97435891	4199.61538448	4204.35897429	4205.25641019	4215.12820506	4232.30769224	4216.79487173	4207.43589737	4216.41025634	
4211.53846147	4196.66666653	4215.89743583	4199.10256397	4199.10256397	4214.74358968	4200.25641012	4214.48717942	4217.5641025	4212.43589737	4231.6666666	4209.48717942	4209.48717942	4213.71794865	
4202.30769224	4195.25641012	4206.02564096	4198.84615371	4198.20512807	4212.5641025	4197.69230756	4218.97435891	4216.41025634	4213.4615384	4229.99999993	4203.33333327	4207.05128199	4211.41025634	
4201.6666666	4197.30769217	4206.53846147	4200.12820499	4198.97435884	4214.10256404	4198.58974345	4212.43589737	4208.97435891	4217.94871788	4231.41025634	4206.15384609	4205.12820506	4209.99999993	
4202.82051275	4199.61538448	4213.20512814	4204.61538455	4200.64102551	4220.64102558	4200.76923063	4204.23076917	4214.61538455	4216.6666666	4230.7692307	4207.43589737	4204.35897429	4205.64102558	
4202.5641025	4197.94871781	4206.92307686	4210.38461532	4199.74358961	4224.10256404	4198.84615371	4200.12820499	4214.61538455	4212.30769224	4227.43589737	4202.30769224	4205.89743583	4207.69230763	
4206.28205122	4197.05128192	4203.58974352	4214.35897429	4201.41025634	4228.97435891	4200.38461525	4202.17948711	4205.64102558	4213.84615378	4231.02564096	4203.58974352	4209.74358968	4218.20512814	
4209.48717942	4199.2307691	4210.64102558	4211.28205122	4205.7692307	4234.35897436	4206.02564096	4210.38461532	4207.17948711	4217.94871788	4230.64102558	4207.94871788	4209.99999993	4220.7692307	
4207.17948711	4198.46153833	4205.89743583	4204.10256404	4204.10256404	4228.71794865	4204.99999993	4215.51282045	4214.23076917	4214.61538455	4220.64102558	4202.94871788	4205.64102558	4213.71794865	
4204.99999993	4196.5384614	4198.71794858	4205.25641019	4199.2307691	4222.82051275	4198.58974345	4218.84615378	4216.92307686	4210.7692307	4221.15384609	4198.84615371	4204.10256404	4212.82051275	
4210.25641019	4198.58974345	4208.58974352	4214.10256404	4201.79487173	4228.84615378	4200.12820499	4220.38461532	4217.05128199	4216.15384609	4231.28205122	4207.30769224	4209.35897429	4219.61538455	
4216.02564096	4200.89743576	4218.71794865	4217.94871788	4204.10256404	4233.71794865	4210.64102558	4221.28205122	4217.94871788	4222.94871788	4233.20512814	4217.5641025	4212.30769224	4222.43589737	
4215.25641019	4199.35897422	4218.33333327	4217.30769224	4201.41025634	4229.87179481	4218.33333327	4222.69230763	4216.53846147	4221.28205122	4231.6666666	4218.07692301	4208.4615384	4221.28205122	
