4165.64102544	4183.07692294	4156.66666646	4172.17948704	4168.71794858	4176.28205115	4136.28205108	4165.51282031	4147.43589723	4137.05128185	4144.74358954	4154.74358954	4170.51282038	4159.87179467	
4155.89743569	4180.38461525	4145.89743569	4163.07692287	4162.69230749	4160.76923056	4129.48717921	4156.79487159	4134.74358947	4130.64102537	4132.17948691	4147.05128185	4164.87179467	4149.35897415	
4164.61538441	4184.48717935	4155.64102544	4168.84615371	4171.28205115	4172.56410243	4134.99999973	4167.05128185	4151.15384595	4143.07692287	4144.74358954	4153.33333313	4168.07692287	4161.41025621	
4176.15384602	4188.20512807	4167.3076921	4180.38461525	4186.79487166	4187.56410243	4151.15384595	4181.79487166	4170.51282038	4156.92307672	4158.33333313	4165.38461518	4173.07692294	4175.64102551	
4171.02564089	4184.61538448	4167.56410236	4177.17948704	4184.74358961	4181.02564089	4152.05128185	4174.87179474	4162.05128185	4155.51282031	4152.05128185	4163.33333313	4169.2307691	4172.94871781	
4165.38461518	4181.02564089	4164.48717928	4168.46153833	4171.02564089	4171.5384614	4144.23076903	4162.56410236	4146.66666646	4148.71794851	4145.64102544	4157.56410236	4167.56410236	4167.3076921	
4174.48717935	4183.71794858	4169.10256397	4175.89743576	4170.51282038	4177.94871781	4149.23076903	4175.38461525	4156.92307672	4154.1025639	4154.9999998	4167.56410236	4178.07692294	4175.76923063	
4178.97435884	4184.10256397	4173.58974345	4183.3333332	4176.28205115	4182.69230756	4153.58974339	4188.07692294	4176.66666653	4161.28205108	4161.15384595	4172.30769217	4179.74358961	4181.66666653	
4172.94871781	4182.05128192	4166.41025621	4174.10256397	4177.30769217	4177.4358973	4144.1025639	4176.15384602	4169.74358961	4152.94871774	4149.61538441	4159.61538441	4168.84615371	4172.69230756	
4167.82051262	4181.02564089	4156.53846133	4167.82051262	4183.3333332	4170.76923063	4137.69230749	4164.9999998	4152.3076921	4143.07692287	4140.51282031	4151.66666646	4167.05128185	4166.15384595	
4167.56410236	4179.48717935	4154.1025639	4168.84615371	4187.17948704	4170.51282038	4144.48717928	4167.17948697	4152.3076921	4137.43589723	4137.43589723	4155.38461518	4170.51282038	4166.28205108	
4173.97435884	4181.92307679	4161.15384595	4169.99999986	4184.74358961	4178.71794858	4153.33333313	4168.07692287	4154.35897415	4135.89743569	4137.94871774	4159.87179467	4166.66666646	4168.20512807	
4179.87179474	4185.25641012	4172.30769217	4173.07692294	4184.48717935	4187.94871781	4159.23076903	4168.97435884	4152.94871774	4151.92307672	4152.43589723	4168.46153833	4169.87179474	4177.17948704	
4179.2307691	4182.30769217	4179.10256397	4173.71794858	4182.56410243	4185.12820499	4154.87179467	4170.76923063	4162.17948697	4173.20512807	4169.87179474	4178.71794858	4183.07692294	4184.99999986	
4178.84615371	4181.79487166	4183.71794858	4177.82051269	4182.30769217	4180.12820499	4151.28205108	4172.69230756	4174.99999986	4175.76923063	4177.69230756	4183.20512807	4186.28205115	4186.02564089	
4186.79487166	4187.69230756	4186.66666653	4187.17948704	4185.25641012	4188.46153833	4157.94871774	4181.41025628	4181.79487166	4175.64102551	4183.84615371	4187.4358973	4183.20512807	4192.56410243	
4190.89743576	4188.71794858	4187.05128192	4190.76923063	4183.58974345	4193.71794858	4159.23076903	4186.66666653	4186.15384602	4186.92307679	4191.15384602	4191.66666653	4187.05128192	4201.79487173	
4187.56410243	4186.02564089	4188.07692294	4188.20512807	4191.15384602	4187.94871781	4155.51282031	4181.28205115	4183.58974345	4185.38461525	4189.35897422	4190.25641012	4191.15384602	4200.51282038	
4185.64102551	4184.87179474	4187.4358973	4186.15384602	4200.89743576	4185.12820499	4154.9999998	4179.48717935	4180.76923063	4172.82051269	4183.71794858	4185.12820499	4186.41025628	4191.02564089	
4186.02564089	4184.2307691	4183.71794858	4183.46153833	4190.64102551	4191.15384602	4158.71794851	4183.84615371	4181.79487166	4175.64102551	4183.71794858	4183.20512807	4182.56410243	4184.99999986	
4189.99999986	4185.64102551	4184.35897422	4183.71794858	4181.92307679	4196.79487166	4164.61538441	4186.15384602	4185.89743576	4190.89743576	4185.76923063	4185.25641012	4185.12820499	4191.15384602	
4192.30769217	4186.41025628	4185.89743576	4188.20512807	4192.94871781	4196.15384602	4166.53846133	4187.94871781	4194.10256397	4196.15384602	4187.94871781	4183.58974345	4186.15384602	4198.71794858	
4190.89743576	4185.38461525	4184.99999986	4186.92307679	4193.3333332	4198.71794858	4163.07692287	4190.12820499	4197.05128192	4189.99999986	4188.58974345	4182.56410243	4184.35897422	4192.56410243	
4187.56410243	4185.64102551	4183.07692294	4184.61538448	4180.12820499	4194.61538448	4155.64102544	4185.76923063	4187.56410243	4183.84615371	4185.89743576	4182.17948704	4184.99999986	4183.84615371	
4184.48717935	4185.12820499	4181.41025628	4189.74358961	4186.92307679	4184.87179474	4151.41025621	4181.41025628	4181.5384614	4181.28205115	4182.17948704	4182.05128192	4185.89743576	4187.05128192	
4190.12820499	4183.58974345	4190.76923063	4197.94871781	4200.38461525	4192.4358973	4159.48717928	4191.15384602	4191.15384602	4190.76923063	4192.05128192	4189.74358961	4188.07692294	4197.30769217	
4200.12820499	4191.79487166	4200.38461525	4200.76923063	4195.89743576	4205.25641019	4171.28205115	4201.15384609	4200.51282038	4203.20512814	4203.97435891	4200.25641012	4191.92307679	4202.30769224	
4198.46153833	4197.17948704	4193.71794858	4198.3333332	4191.41025628	4200.12820499	4169.35897422	4200.12820499	4201.28205122	4195.89743576	4195.64102551	4197.82051269	4191.41025628	4198.20512807	
4190.25641012	4190.51282038	4185.64102551	4199.2307691	4199.48717935	4195.89743576	4165.25641005	4199.87179474	4197.69230756	4183.84615371	4185.51282038	4188.58974345	4187.05128192	4192.82051269	
4191.28205115	4188.97435884	4188.20512807	4200.89743576	4201.02564096	4206.28205122	4172.94871781	4197.94871781	4191.66666653	4186.15384602	4190.12820499	4187.94871781	4185.64102551	4192.69230756	
4190.64102551	4190.12820499	4187.4358973	4194.87179474	4190.64102551	4200.12820499	4170.76923063	4188.3333332	4186.92307679	4185.38461525	4190.25641012	4188.71794858	4187.05128192	4189.35897422	
4184.2307691	4184.61538448	4179.61538448	4187.56410243	4185.64102551	4180.51282038	4155.51282031	4180.64102551	4184.35897422	4181.02564089	4182.30769217	4185.38461525	4187.05128192	4183.20512807	
4179.87179474	4182.82051269	4175.25641012	4184.87179474	4186.92307679	4181.28205115	4148.84615364	4178.07692294	4184.74358961	4185.64102551	4182.94871781	4182.17948704	4182.94871781	4183.71794858	
4174.99999986	4185.89743576	4171.5384614	4180.51282038	4186.5384614	4190.51282038	4152.94871774	4172.69230756	4183.71794858	4186.02564089	4184.2307691	4175.12820499	4180.25641012	4181.41025628	
4173.71794858	4183.97435884	4169.74358961	4176.28205115	4181.02564089	4185.89743576	4153.84615364	4170.12820499	4183.07692294	4181.92307679	4175.51282038	4168.07692287	4178.20512807	4177.05128192	
4179.99999986	4183.07692294	4171.02564089	4180.12820499	4177.17948704	4184.61538448	4152.05128185	4171.66666653	4183.58974345	4180.76923063	4168.97435884	4172.4358973	4172.05128192	4179.87179474	
4187.94871781	4188.84615371	4173.84615371	4187.94871781	4191.41025628	4197.82051269	4162.82051262	4173.3333332	4188.71794858	4181.66666653	4177.30769217	4183.84615371	4172.94871781	4185.12820499	
4183.3333332	4188.46153833	4174.2307691	4187.69230756	4204.74358968	4201.41025634	4173.46153833	4174.61538448	4192.4358973	4179.87179474	4183.07692294	4182.4358973	4180.12820499	4183.84615371	
4172.56410243	4183.71794858	4170.38461525	4180.64102551	4191.41025628	4194.48717935	4164.87179467	4169.74358961	4183.46153833	4175.76923063	4174.2307691	4171.15384602	4178.84615371	4179.74358961	
4176.15384602	4184.99999986	4175.89743576	4182.56410243	4181.92307679	4199.35897422	4162.05128185	4167.56410236	4178.71794858	4182.17948704	4175.51282038	4174.99999986	4178.46153833	4183.71794858	
4188.3333332	4189.35897422	4186.41025628	4188.97435884	4193.07692294	4201.6666666	4172.69230756	4172.82051269	4188.20512807	4192.4358973	4188.3333332	4187.4358973	4185.89743576	4188.07692294	
4186.66666653	4188.07692294	4184.10256397	4186.79487166	4194.2307691	4189.48717935	4166.53846133	4173.3333332	4185.51282038	4179.10256397	4187.05128192	4185.38461525	4185.38461525	4184.35897422	
4179.74358961	4185.25641012	4179.74358961	4185.25641012	4187.56410243	4187.17948704	4156.92307672	4164.35897415	4171.5384614	4161.92307672	4180.51282038	4180.51282038	4177.30769217	4181.5384614	
4184.87179474	4185.12820499	4185.76923063	4188.58974345	4194.10256397	4196.41025628	4165.12820492	4164.74358954	4173.97435884	4174.10256397	4183.46153833	4185.12820499	4176.28205115	4185.51282038	
4188.46153833	4189.87179474	4190.89743576	4190.89743576	4199.99999986	4199.99999986	4176.28205115	4181.92307679	4190.12820499	4190.25641012	4187.4358973	4188.20512807	4180.89743576	4188.71794858	
4185.51282038	4192.56410243	4187.4358973	4191.41025628	4201.92307686	4195.12820499	4175.89743576	4191.79487166	4194.48717935	4184.87179474	4188.3333332	4185.25641012	4185.89743576	4186.92307679	
4182.82051269	4188.97435884	4183.3333332	4189.99999986	4198.71794858	4190.89743576	4173.97435884	4185.51282038	4186.79487166	4178.71794858	4188.97435884	4184.35897422	4184.10256397	4185.76923063	
4182.4358973	4186.66666653	4183.46153833	4185.25641012	4187.82051269	4188.46153833	4173.97435884	4182.4358973	4181.41025628	4184.74358961	4188.71794858	4186.15384602	4181.5384614	4186.92307679	
4182.05128192	4187.69230756	4184.99999986	4183.97435884	4189.99999986	4187.05128192	4169.87179474	4184.61538448	4184.2307691	4182.69230756	4189.48717935	4187.69230756	4184.74358961	4188.3333332	
4185.25641012	4190.51282038	4187.56410243	4190.89743576	4201.6666666	4192.17948704	4174.2307691	4186.15384602	4193.84615371	4177.56410243	4193.3333332	4191.15384602	4185.64102551	4191.41025628	
4193.58974345	4195.51282038	4196.41025628	4200.38461525	4200.51282038	4200.51282038	4191.41025628	4195.12820499	4200.64102551	4188.97435884	4199.99999986	4200.89743576	4186.15384602	4201.02564096	
4196.66666653	4192.30769217	4203.84615378	4201.6666666	4198.58974345	4203.4615384	4199.48717935	4204.48717942	4203.33333327	4199.99999986	4201.6666666	4206.79487173	4190.76923063	4203.84615378	
4188.84615371	4183.20512807	4191.28205115	4189.2307691	4202.17948711	4198.20512807	4189.2307691	4196.02564089	4197.05128192	4187.05128192	4189.35897422	4189.48717935	4186.92307679	4188.58974345	
4175.76923063	4184.87179474	4171.5384614	4178.07692294	4197.56410243	4195.76923063	4183.58974345	4181.02564089	4180.38461525	4172.30769217	4177.4358973	4168.84615371	4174.74358961	4177.4358973	
4175.76923063	4186.92307679	4174.99999986	4182.56410243	4197.82051269	4199.35897422	4186.79487166	4178.20512807	4177.56410243	4173.58974345	4180.76923063	4174.48717935	4176.5384614	4183.20512807	
4181.41025628	4182.69230756	4185.51282038	4185.51282038	4201.41025634	4203.58974352	4179.87179474	4180.76923063	4182.69230756	4173.3333332	4182.56410243	4185.38461525	4180.38461525	4185.51282038	
4176.92307679	4184.61538448	4180.51282038	4181.15384602	4189.48717935	4206.02564096	4175.38461525	4183.07692294	4177.30769217	4172.30769217	4178.20512807	4177.17948704	4174.99999986	4180.51282038	
4174.87179474	4186.92307679	4176.28205115	4180.76923063	4181.92307679	4200.64102551	4177.94871781	4182.94871781	4167.82051262	4173.07692294	4179.10256397	4169.48717935	4177.69230756	4180.12820499	
4176.15384602	4184.99999986	4181.41025628	4184.61538448	4195.76923063	4195.64102551	4178.58974345	4181.92307679	4167.43589723	4168.71794858	4182.4358973	4177.17948704	4183.46153833	4181.5384614	
4173.97435884	4184.74358961	4184.35897422	4187.17948704	4202.05128199	4200.76923063	4182.4358973	4192.30769217	4177.17948704	4173.58974345	4183.97435884	4184.35897422	4181.5384614	4182.94871781	
4176.66666653	4185.64102551	4183.84615371	4186.92307679	4189.74358961	4204.48717942	4189.2307691	4200.12820499	4184.35897422	4187.4358973	4186.15384602	4182.69230756	4183.07692294	4183.71794858	
4180.89743576	4183.46153833	4183.58974345	4181.92307679	4185.12820499	4199.61538448	4183.3333332	4187.17948704	4175.51282038	4182.17948704	4183.71794858	4179.2307691	4186.92307679	4182.05128192	
4183.71794858	4188.46153833	4189.35897422	4186.41025628	4199.74358961	4204.35897429	4181.79487166	4185.38461525	4172.17948704	4174.48717935	4184.35897422	4186.28205115	4184.61538448	4188.84615371	
4197.30769217	4194.35897422	4201.6666666	4202.69230763	4214.23076917	4218.84615378	4199.35897422	4209.10256404	4196.02564089	4194.2307691	4198.71794858	4201.02564096	4184.61538448	4203.07692301	
4202.82051275	4191.28205115	4204.35897429	4206.53846147	4209.74358968	4219.48717942	4201.28205122	4214.10256404	4204.23076917	4205.25641019	4206.15384609	4203.71794865	4189.87179474	4205.51282045	
4191.79487166	4189.61538448	4197.4358973	4198.58974345	4196.92307679	4211.53846147	4184.74358961	4198.71794858	4183.84615371	4186.66666653	4195.89743576	4193.71794858	4189.48717935	4193.71794858	
4192.69230756	4189.48717935	4199.35897422	4199.61538448	4197.82051269	4210.64102558	4184.2307691	4198.97435884	4182.4358973	4179.74358961	4192.94871781	4193.58974345	4185.76923063	4191.66666653	
4199.35897422	4191.02564089	4201.28205122	4200.64102551	4201.6666666	4206.41025634	4189.10256397	4202.43589737	4193.46153833	4193.71794858	4199.48717935	4198.71794858	4186.66666653	4198.84615371	
4196.92307679	4192.05128192	4200.25641012	4202.05128199	4202.69230763	4203.84615378	4186.66666653	4201.92307686	4188.58974345	4199.10256397	4202.94871788	4199.35897422	4188.97435884	4201.02564096	
4201.53846147	4194.10256397	4211.6666666	4216.15384609	4209.35897429	4213.97435891	4196.66666653	4213.20512814	4185.38461525	4199.48717935	4211.6666666	4208.20512814	4194.35897422	4206.02564096	
4208.07692301	4194.99999986	4217.05128199	4219.23076917	4210.51282045	4219.48717942	4206.15384609	4218.4615384	4191.02564089	4206.6666666	4218.07692301	4213.84615378	4199.48717935	4212.05128199	
4198.3333332	4189.74358961	4203.58974352	4202.82051275	4200.51282038	4216.28205122	4192.30769217	4201.02564096	4188.46153833	4200.89743576	4207.30769224	4203.20512814	4194.35897422	4202.43589737	
4189.2307691	4189.61538448	4193.97435884	4194.87179474	4195.51282038	4212.94871788	4177.69230756	4187.69230756	4181.5384614	4184.61538448	4194.74358961	4193.46153833	4190.64102551	4190.51282038	
4194.74358961	4193.46153833	4199.10256397	4201.6666666	4199.10256397	4210.12820506	4183.20512807	4193.58974345	4182.4358973	4185.89743576	4195.38461525	4195.89743576	4193.58974345	4194.99999986	
4202.30769224	4192.94871781	4203.71794865	4204.61538455	4203.07692301	4211.79487173	4193.97435884	4202.30769224	4188.3333332	4203.84615378	4201.53846147	4201.41025634	4197.30769217	4203.58974352	
4200.38461525	4190.12820499	4200.51282038	4201.28205122	4197.69230756	4211.53846147	4188.58974345	4200.89743576	4190.64102551	4207.30769224	4201.02564096	4197.30769217	4196.5384614	4198.3333332	
4195.51282038	4190.89743576	4197.69230756	4200.12820499	4191.41025628	4206.92307686	4183.07692294	4198.20512807	4187.4358973	4191.79487166	4196.02564089	4190.25641012	4191.66666653	4189.48717935	
4193.3333332	4192.05128192	4198.20512807	4199.74358961	4198.3333332	4211.92307686	4190.89743576	4201.6666666	4184.48717935	4186.28205115	4195.76923063	4189.10256397	4190.51282038	4188.58974345	
4189.99999986	4190.51282038	4197.30769217	4200.51282038	4205.89743583	4216.79487173	4193.3333332	4198.84615371	4187.4358973	4198.46153833	4201.6666666	4192.56410243	4194.35897422	4190.38461525	
4189.10256397	4190.76923063	4192.56410243	4197.17948704	4201.28205122	4207.94871788	4187.17948704	4187.30769217	4185.76923063	4200.38461525	4200.51282038	4192.56410243	4191.41025628	4189.74358961	
4188.58974345	4186.28205115	4189.35897422	4188.20512807	4195.64102551	4199.99999986	4180.89743576	4182.82051269	4174.87179474	4189.35897422	4190.38461525	4189.61538448	4186.5384614	4189.35897422	
4186.92307679	4183.46153833	4187.94871781	4185.64102551	4189.48717935	4200.25641012	4175.25641012	4182.82051269	4167.69230749	4181.79487166	4185.12820499	4187.30769217	4187.56410243	4188.97435884	
4186.5384614	4185.64102551	4186.02564089	4188.07692294	4182.56410243	4199.48717935	4172.94871781	4174.87179474	4167.82051262	4175.38461525	4187.4358973	4185.51282038	4184.87179474	4185.38461525	
4185.12820499	4187.17948704	4186.5384614	4186.66666653	4184.10256397	4196.15384602	4175.12820499	4168.97435884	4167.43589723	4167.69230749	4183.3333332	4186.79487166	4178.20512807	4183.3333332	
4180.38461525	4186.28205115	4186.02564089	4183.46153833	4185.25641012	4196.15384602	4173.58974345	4175.38461525	4166.41025621	4169.48717935	4176.15384602	4185.38461525	4175.51282038	4182.82051269	
4177.30769217	4186.41025628	4182.56410243	4185.64102551	4183.3333332	4198.58974345	4174.87179474	4179.10256397	4166.41025621	4176.79487166	4177.69230756	4180.51282038	4176.79487166	4181.15384602	
4184.99999986	4189.74358961	4188.3333332	4194.2307691	4189.61538448	4201.79487173	4183.46153833	4179.48717935	4168.3333332	4183.71794858	4187.17948704	4186.66666653	4184.2307691	4189.10256397	
4196.41025628	4189.99999986	4200.89743576	4201.6666666	4199.74358961	4210.12820506	4184.99999986	4185.38461525	4176.02564089	4188.3333332	4195.12820499	4199.10256397	4189.10256397	4201.15384609	
4200.64102551	4190.38461525	4203.4615384	4201.53846147	4202.05128199	4218.97435891	4185.76923063	4188.3333332	4183.97435884	4185.25641012	4192.30769217	4203.58974352	4188.07692294	4202.69230763	
4200.51282038	4191.15384602	4199.99999986	4198.84615371	4200.38461525	4211.92307686	4193.3333332	4187.69230756	4186.02564089	4183.84615371	4187.82051269	4200.12820499	4187.94871781	4199.74358961	
4200.51282038	4192.05128192	4200.12820499	4200.76923063	4200.51282038	4197.69230756	4193.46153833	4187.69230756	4181.79487166	4186.92307679	4192.30769217	4197.56410243	4186.66666653	4200.64102551	
4195.64102551	4194.2307691	4194.35897422	4202.05128199	4197.05128192	4199.2307691	4185.12820499	4183.97435884	4173.58974345	4183.3333332	4192.4358973	4191.28205115	4186.15384602	4196.15384602	
4187.82051269	4191.92307679	4186.41025628	4200.89743576	4189.99999986	4204.48717942	4183.97435884	4181.66666653	4174.74358961	4181.66666653	4185.25641012	4185.89743576	4185.51282038	4190.89743576	
4192.30769217	4189.35897422	4190.64102551	4201.28205122	4186.79487166	4201.28205122	4187.17948704	4186.92307679	4185.25641012	4190.12820499	4187.94871781	4192.17948704	4184.10256397	4197.30769217	
4197.4358973	4189.35897422	4192.69230756	4201.15384609	4190.25641012	4198.58974345	4184.61538448	4187.05128192	4187.30769217	4194.99999986	4196.41025628	4194.74358961	4186.66666653	4201.41025634	
4192.05128192	4190.89743576	4188.84615371	4202.05128199	4195.64102551	4199.99999986	4182.69230756	4181.79487166	4181.66666653	4188.58974345	4195.89743576	4190.89743576	4187.4358973	4193.07692294	
4192.69230756	4191.66666653	4193.46153833	4205.89743583	4199.74358961	4201.28205122	4185.64102551	4181.92307679	4182.82051269	4191.02564089	4199.61538448	4193.71794858	4185.51282038	4190.12820499	
4193.71794858	4190.25641012	4193.20512807	4204.10256404	4202.30769224	4202.17948711	4186.79487166	4186.79487166	4185.38461525	4199.74358961	4202.17948711	4193.20512807	4185.38461525	4196.02564089	
4186.28205115	4190.12820499	4183.3333332	4195.51282038	4196.92307679	4203.84615378	4185.64102551	4189.61538448	4186.41025628	4193.71794858	4193.84615371	4185.12820499	4188.46153833	4198.3333332	
4187.94871781	4193.20512807	4186.79487166	4194.74358961	4188.20512807	4203.33333327	4186.28205115	4189.35897422	4189.87179474	4183.71794858	4192.56410243	4189.2307691	4187.69230756	4198.71794858	
4196.92307679	4195.89743576	4198.46153833	4198.3333332	4187.56410243	4201.6666666	4185.89743576	4185.38461525	4181.15384602	4181.41025628	4197.30769217	4198.46153833	4185.76923063	4199.99999986	
4196.5384614	4194.2307691	4200.64102551	4198.71794858	4197.17948704	4206.41025634	4185.89743576	4184.2307691	4175.12820499	4186.15384602	4198.07692294	4199.35897422	4191.92307679	4201.28205122	
4199.48717935	4191.79487166	4202.17948711	4201.41025634	4201.15384609	4211.02564096	4191.92307679	4189.2307691	4183.71794858	4194.61538448	4201.28205122	4204.23076917	4195.64102551	4206.15384609	
4202.30769224	4191.41025628	4203.4615384	4197.94871781	4188.97435884	4198.07692294	4190.89743576	4183.84615371	4178.46153833	4191.5384614	4198.71794858	4206.15384609	4187.82051269	4206.15384609	
4195.51282038	4192.30769217	4197.30769217	4190.64102551	4183.20512807	4185.38461525	4181.5384614	4172.4358973	4164.61538441	4182.05128192	4186.79487166	4196.92307679	4180.76923063	4199.61538448	
4204.48717942	4196.41025628	4202.94871788	4198.07692294	4199.2307691	4199.74358961	4191.66666653	4185.89743576	4179.10256397	4186.5384614	4190.38461525	4201.41025634	4189.99999986	4210.25641019	
4217.17948711	4198.20512807	4214.10256404	4207.94871788	4206.41025634	4209.99999993	4203.84615378	4203.07692301	4195.38461525	4196.28205115	4203.84615378	4213.58974352	4196.5384614	4221.6666666	
4204.10256404	4192.17948704	4203.33333327	4199.74358961	4189.87179474	4190.76923063	4188.46153833	4190.51282038	4183.20512807	4200.25641012	4201.6666666	4203.4615384	4189.2307691	4207.5641025	
4194.35897422	4189.35897422	4187.56410243	4190.38461525	4183.58974345	4178.46153833	4176.66666653	4181.02564089	4179.2307691	4201.15384609	4196.28205115	4188.07692294	4187.4358973	4197.17948704	
4197.4358973	4193.3333332	4186.79487166	4188.97435884	4188.58974345	4186.79487166	4184.2307691	4183.58974345	4187.30769217	4192.30769217	4191.66666653	4186.92307679	4190.12820499	4198.3333332	
4189.10256397	4192.56410243	4186.79487166	4186.92307679	4188.20512807	4189.48717935	4185.64102551	4174.10256397	4183.58974345	4182.69230756	4181.15384602	4184.61538448	4185.12820499	4190.25641012	
4185.76923063	4188.20512807	4181.66666653	4183.84615371	4186.92307679	4181.5384614	4182.69230756	4173.58974345	4181.41025628	4180.89743576	4178.58974345	4179.99999986	4181.02564089	4184.87179474	
4195.76923063	4189.2307691	4183.46153833	4184.2307691	4186.92307679	4183.07692294	4187.56410243	4190.64102551	4184.87179474	4180.76923063	4184.99999986	4185.12820499	4185.76923063	4194.48717935	
4193.84615371	4193.07692294	4188.97435884	4188.20512807	4193.84615371	4193.84615371	4191.5384614	4193.3333332	4186.92307679	4193.3333332	4188.84615371	4190.51282038	4187.69230756	4201.41025634	
4184.61538448	4193.46153833	4187.4358973	4186.66666653	4197.4358973	4192.94871781	4187.69230756	4180.12820499	4183.71794858	4200.38461525	4182.4358973	4183.07692294	4182.30769217	4195.76923063	
4183.71794858	4189.35897422	4182.05128192	4181.15384602	4187.05128192	4184.2307691	4184.35897422	4177.82051269	4174.2307691	4183.07692294	4172.05128192	4176.66666653	4178.07692294	4187.30769217	
4187.4358973	4188.20512807	4181.02564089	4182.30769217	4183.71794858	4182.94871781	4186.02564089	4182.30769217	4166.53846133	4177.94871781	4174.35897422	4181.28205115	4178.97435884	4184.74358961	
4189.35897422	4191.15384602	4185.51282038	4185.64102551	4196.41025628	4186.5384614	4189.10256397	4183.3333332	4173.97435884	4188.97435884	4183.3333332	4185.12820499	4183.3333332	4188.71794858	
4191.79487166	4193.3333332	4189.87179474	4185.76923063	4202.69230763	4189.35897422	4196.66666653	4190.12820499	4186.28205115	4188.97435884	4187.82051269	4188.58974345	4184.87179474	4196.28205115	
4195.12820499	4193.58974345	4187.69230756	4187.05128192	4200.76923063	4186.5384614	4202.17948711	4201.41025634	4183.84615371	4190.25641012	4187.17948704	4191.5384614	4184.35897422	4200.76923063	
4199.74358961	4193.46153833	4186.79487166	4193.07692294	4209.87179481	4185.38461525	4203.20512814	4203.20512814	4184.35897422	4202.05128199	4188.46153833	4189.10256397	4184.10256397	4198.97435884	
4206.79487173	4194.35897422	4196.79487166	4201.92307686	4221.41025634	4197.94871781	4214.35897429	4206.41025634	4198.3333332	4205.7692307	4197.94871781	4195.64102551	4186.92307679	4203.20512814	
4205.64102558	4195.25641012	4201.79487173	4201.79487173	4213.58974352	4203.97435891	4219.23076917	4217.17948711	4200.25641012	4194.61538448	4199.87179474	4202.43589737	4189.61538448	4209.10256404	
4195.76923063	4189.99999986	4191.92307679	4190.76923063	4197.05128192	4190.89743576	4197.94871781	4208.71794865	4187.82051269	4183.3333332	4187.4358973	4191.66666653	4185.89743576	4204.61538455	
4190.89743576	4184.87179474	4184.61538448	4183.84615371	4197.05128192	4184.74358961	4181.28205115	4187.17948704	4176.66666653	4184.10256397	4181.41025628	4182.17948704	4182.30769217	4197.17948704	
4190.89743576	4187.17948704	4185.38461525	4185.25641012	4201.92307686	4188.58974345	4185.76923063	4181.28205115	4170.12820499	4187.82051269	4186.41025628	4186.92307679	4184.2307691	4192.17948704	
4187.17948704	4190.38461525	4186.28205115	4185.12820499	4197.05128192	4185.64102551	4186.79487166	4184.2307691	4170.76923063	4184.61538448	4183.07692294	4186.28205115	4185.12820499	4190.25641012	
4189.87179474	4191.02564089	4187.94871781	4183.97435884	4198.3333332	4182.17948704	4184.61538448	4183.20512807	4181.15384602	4183.46153833	4179.87179474	4183.46153833	4183.71794858	4194.48717935	
4199.99999986	4190.64102551	4194.2307691	4190.12820499	4204.48717942	4185.76923063	4188.20512807	4188.71794858	4194.87179474	4189.74358961	4191.66666653	4193.58974345	4183.84615371	4199.2307691	
4201.92307686	4189.87179474	4196.79487166	4193.07692294	4202.05128199	4186.66666653	4187.82051269	4197.17948704	4198.20512807	4192.56410243	4198.58974345	4196.92307679	4184.48717935	4199.35897422	
4196.28205115	4189.48717935	4190.51282038	4188.3333332	4198.20512807	4185.12820499	4187.69230756	4195.64102551	4190.51282038	4193.3333332	4192.30769217	4189.61538448	4185.25641012	4196.66666653	
4190.38461525	4188.97435884	4184.87179474	4186.41025628	4197.4358973	4185.51282038	4189.35897422	4185.25641012	4183.84615371	4188.3333332	4186.92307679	4185.25641012	4185.25641012	4189.48717935	
4192.17948704	4191.41025628	4191.5384614	4187.69230756	4198.84615371	4188.20512807	4188.46153833	4181.41025628	4188.3333332	4183.3333332	4192.82051269	4185.76923063	4182.05128192	4190.38461525	
4200.51282038	4192.56410243	4199.2307691	4189.35897422	4200.25641012	4186.5384614	4187.82051269	4192.69230756	4194.10256397	4195.25641012	4199.87179474	4190.12820499	4187.05128192	4201.41025634	
4202.17948711	4188.20512807	4199.87179474	4190.76923063	4200.51282038	4183.20512807	4188.58974345	4199.48717935	4198.84615371	4208.97435891	4200.89743576	4198.46153833	4199.87179474	4204.23076917	
4196.66666653	4188.46153833	4201.53846147	4192.82051269	4204.74358968	4188.84615371	4188.46153833	4190.51282038	4203.20512814	4208.58974352	4206.15384609	4203.20512814	4200.25641012	4204.99999993	
4188.3333332	4187.69230756	4193.71794858	4187.56410243	4199.99999986	4186.79487166	4184.87179474	4181.92307679	4192.05128192	4197.17948704	4203.07692301	4191.5384614	4191.66666653	4201.53846147	
4182.4358973	4181.79487166	4180.38461525	4179.61538448	4187.56410243	4180.89743576	4181.92307679	4182.05128192	4183.58974345	4185.38461525	4188.97435884	4180.25641012	4187.94871781	4188.84615371	
4188.71794858	4185.38461525	4191.92307679	4189.2307691	4194.48717935	4194.99999986	4188.3333332	4188.97435884	4196.79487166	4189.99999986	4193.58974345	4192.17948704	4192.69230756	4192.56410243	
4195.25641012	4189.2307691	4203.07692301	4199.61538448	4205.38461532	4201.15384609	4191.41025628	4194.61538448	4199.74358961	4199.48717935	4203.20512814	4202.82051275	4194.87179474	4204.48717942	
4186.5384614	4182.56410243	4187.05128192	4187.4358973	4194.74358961	4180.38461525	4177.56410243	4187.4358973	4181.02564089	4192.69230756	4189.35897422	4188.58974345	4187.05128192	4197.05128192	
4193.46153833	4186.15384602	4191.28205115	4186.02564089	4199.35897422	4185.89743576	4180.12820499	4189.99999986	4184.99999986	4194.48717935	4189.10256397	4189.35897422	4189.87179474	4200.51282038	
4217.30769224	4199.35897422	4216.92307686	4208.84615378	4219.10256404	4218.4615384	4205.64102558	4213.33333327	4209.35897429	4214.10256404	4213.71794865	4214.74358968	4204.10256404	4220.51282045	
4210.25641019	4195.51282038	4210.38461532	4204.35897429	4209.35897429	4208.97435891	4202.17948711	4209.48717942	4201.28205122	4205.12820506	4209.48717942	4209.10256404	4199.10256397	4213.20512814	
4190.25641012	4188.20512807	4193.07692294	4179.87179474	4196.02564089	4185.25641012	4184.87179474	4184.10256397	4182.94871781	4180.25641012	4186.5384614	4184.35897422	4189.2307691	4195.76923063	
4194.35897422	4192.94871781	4195.25641012	4180.64102551	4200.38461525	4194.10256397	4192.05128192	4182.69230756	4189.87179474	4183.84615371	4186.66666653	4186.28205115	4193.97435884	4197.30769217	
4193.46153833	4191.28205115	4189.87179474	4184.61538448	4194.99999986	4195.38461525	4193.97435884	4188.46153833	4194.48717935	4192.4358973	4188.84615371	4188.71794858	4192.94871781	4192.4358973	
4182.17948704	4186.92307679	4180.25641012	4177.17948704	4193.07692294	4184.2307691	4183.07692294	4184.48717935	4185.64102551	4185.38461525	4182.4358973	4180.64102551	4186.79487166	4181.79487166	
4182.94871781	4187.82051269	4183.58974345	4176.66666653	4202.82051275	4190.51282038	4184.48717935	4180.25641012	4183.71794858	4183.07692294	4181.5384614	4181.66666653	4188.58974345	4183.58974345	
4187.94871781	4190.89743576	4188.84615371	4179.35897422	4198.97435884	4196.92307679	4186.41025628	4177.17948704	4185.64102551	4190.64102551	4183.97435884	4184.74358961	4191.92307679	4187.69230756	
4190.12820499	4193.46153833	4195.76923063	4184.10256397	4193.97435884	4189.35897422	4184.87179474	4182.82051269	4185.12820499	4191.79487166	4187.4358973	4189.99999986	4191.15384602	4189.61538448	
4195.76923063	4195.25641012	4204.23076917	4193.3333332	4202.43589737	4186.5384614	4191.79487166	4193.58974345	4184.99999986	4187.05128192	4189.87179474	4200.25641012	4194.10256397	4193.07692294	
4194.35897422	4192.94871781	4199.48717935	4194.99999986	4203.97435891	4188.46153833	4190.25641012	4189.48717935	4182.17948704	4184.99999986	4186.28205115	4197.4358973	4194.74358961	4191.28205115	
4188.20512807	4188.84615371	4189.74358961	4188.46153833	4199.61538448	4185.76923063	4184.99999986	4183.84615371	4182.82051269	4188.58974345	4184.99999986	4187.4358973	4191.02564089	4188.3333332	
4190.25641012	4191.02564089	4187.05128192	4186.28205115	4200.76923063	4185.38461525	4193.07692294	4189.2307691	4185.12820499	4188.3333332	4186.79487166	4184.48717935	4191.02564089	4187.05128192	
4196.92307679	4195.64102551	4190.89743576	4192.82051269	4202.30769224	4195.38461525	4205.64102558	4194.74358961	4182.4358973	4187.56410243	4186.28205115	4185.64102551	4193.3333332	4188.58974345	
4202.05128199	4194.35897422	4198.20512807	4202.43589737	4202.17948711	4205.89743583	4208.33333327	4201.6666666	4188.3333332	4196.92307679	4192.4358973	4192.05128192	4198.58974345	4197.94871781	
4200.89743576	4190.89743576	4199.99999986	4199.87179474	4199.99999986	4199.74358961	4196.92307679	4198.84615371	4196.5384614	4197.30769217	4199.87179474	4196.41025628	4197.82051269	4200.12820499	
4193.58974345	4191.79487166	4194.87179474	4190.89743576	4199.87179474	4195.64102551	4191.5384614	4186.15384602	4191.41025628	4185.64102551	4195.51282038	4189.99999986	4189.99999986	4190.76923063	
4186.28205115	4194.48717935	4190.12820499	4188.3333332	4201.53846147	4202.82051275	4198.84615371	4188.71794858	4185.64102551	4186.41025628	4191.5384614	4184.74358961	4187.94871781	4185.38461525	
4186.02564089	4193.3333332	4188.71794858	4190.64102551	4200.12820499	4200.38461525	4202.82051275	4201.28205122	4190.76923063	4199.48717935	4193.71794858	4187.82051269	4196.28205115	4189.74358961	
4189.74358961	4190.51282038	4188.97435884	4191.5384614	4201.53846147	4196.15384602	4200.12820499	4201.6666666	4191.79487166	4205.89743583	4194.74358961	4190.76923063	4197.94871781	4193.3333332	
4187.4358973	4191.02564089	4190.76923063	4194.48717935	4207.43589737	4201.92307686	4199.87179474	4195.38461525	4187.82051269	4196.5384614	4195.25641012	4186.79487166	4191.66666653	4189.61538448	
4186.92307679	4193.71794858	4196.79487166	4199.2307691	4203.07692301	4206.02564096	4201.92307686	4197.05128192	4196.28205115	4188.07692294	4197.94871781	4185.76923063	4195.38461525	4191.5384614	
4194.35897422	4192.30769217	4202.69230763	4202.05128199	4198.20512807	4204.74358968	4202.43589737	4203.58974352	4206.15384609	4195.64102551	4200.89743576	4195.38461525	4201.28205122	4201.28205122	
4195.64102551	4193.20512807	4198.97435884	4202.94871788	4207.43589737	4199.48717935	4202.30769224	4201.6666666	4198.97435884	4209.99999993	4198.71794858	4198.07692294	4198.71794858	4200.12820499	
4186.15384602	4194.48717935	4190.76923063	4198.71794858	4209.61538455	4191.02564089	4197.4358973	4189.10256397	4182.30769217	4203.07692301	4190.64102551	4186.5384614	4192.69230756	4188.07692294	
4187.94871781	4192.69230756	4194.48717935	4199.2307691	4199.2307691	4195.25641012	4198.71794858	4186.02564089	4183.97435884	4185.76923063	4190.51282038	4189.61538448	4192.05128192	4190.25641012	
4201.02564096	4194.35897422	4204.61538455	4205.12820506	4199.10256397	4208.71794865	4205.51282045	4197.56410243	4202.17948711	4189.87179474	4198.71794858	4201.79487173	4195.25641012	4204.23076917	
4198.46153833	4195.12820499	4199.74358961	4198.84615371	4203.07692301	4200.89743576	4203.33333327	4201.15384609	4201.53846147	4200.51282038	4194.99999986	4193.20512807	4196.41025628	4198.58974345	
4190.89743576	4191.28205115	4186.15384602	4190.64102551	4202.17948711	4179.74358961	4197.82051269	4197.30769217	4185.51282038	4200.89743576	4185.38461525	4182.05128192	4194.10256397	4186.5384614	
4190.12820499	4190.76923063	4181.66666653	4195.76923063	4204.23076917	4182.4358973	4196.41025628	4198.46153833	4182.69230756	4194.2307691	4187.17948704	4185.38461525	4190.38461525	4190.76923063	
4191.92307679	4193.46153833	4189.35897422	4200.12820499	4201.41025634	4197.30769217	4197.56410243	4199.99999986	4189.48717935	4190.51282038	4195.25641012	4191.15384602	4191.92307679	4201.15384609	
4191.66666653	4194.35897422	4199.35897422	4200.12820499	4197.4358973	4193.97435884	4200.76923063	4200.76923063	4191.66666653	4193.46153833	4199.74358961	4196.15384602	4195.89743576	4202.17948711	
4191.66666653	4193.3333332	4201.79487173	4205.64102558	4206.79487173	4184.61538448	4204.99999993	4202.05128199	4196.15384602	4199.74358961	4200.12820499	4201.15384609	4197.30769217	4199.35897422	
4194.35897422	4193.46153833	4199.87179474	4207.82051275	4212.43589737	4188.20512807	4203.97435891	4198.46153833	4197.94871781	4201.15384609	4197.94871781	4199.74358961	4195.76923063	4201.6666666	
4193.3333332	4195.76923063	4196.02564089	4200.12820499	4202.05128199	4191.41025628	4198.84615371	4188.84615371	4188.71794858	4188.71794858	4192.05128192	4191.15384602	4191.92307679	4196.41025628	
4188.3333332	4196.02564089	4193.07692294	4199.99999986	4198.20512807	4185.12820499	4197.69230756	4182.17948704	4185.25641012	4186.28205115	4185.76923063	4185.89743576	4189.61538448	4189.74358961	
4191.66666653	4194.74358961	4197.94871781	4209.87179481	4206.92307686	4187.56410243	4202.5641025	4187.05128192	4189.35897422	4194.2307691	4190.89743576	4192.94871781	4195.25641012	4196.02564089	
4197.05128192	4195.64102551	4204.61538455	4218.20512814	4207.05128199	4202.30769224	4205.38461532	4190.12820499	4185.89743576	4202.05128199	4202.43589737	4201.92307686	4200.51282038	4203.4615384	
4193.3333332	4194.99999986	4202.30769224	4219.23076917	4199.2307691	4202.05128199	4199.74358961	4185.25641012	4189.74358961	4200.89743576	4205.12820506	4199.61538448	4198.97435884	4202.30769224	
4186.92307679	4196.28205115	4196.66666653	4214.74358968	4199.74358961	4185.51282038	4195.76923063	4187.30769217	4197.05128192	4187.30769217	4200.25641012	4195.89743576	4197.69230756	4198.71794858	
4188.84615371	4198.20512807	4198.20512807	4212.82051275	4206.79487173	4177.4358973	4202.43589737	4197.30769217	4188.97435884	4191.28205115	4200.25641012	4198.71794858	4196.28205115	4199.48717935	
4195.25641012	4197.17948704	4207.17948711	4222.17948711	4207.5641025	4186.92307679	4207.05128199	4204.99999993	4193.20512807	4212.82051275	4213.4615384	4203.71794865	4199.87179474	4204.10256404	
4197.30769217	4195.76923063	4207.43589737	4229.87179481	4198.3333332	4194.61538448	4201.53846147	4199.99999986	4209.35897429	4210.64102558	4219.61538455	4202.43589737	4203.97435891	4205.25641019	
4194.61538448	4195.76923063	4203.33333327	4229.74358968	4200.12820499	4195.76923063	4204.23076917	4185.89743576	4194.74358961	4192.82051269	4206.6666666	4200.51282038	4200.12820499	4202.30769224	
4199.35897422	4196.92307679	4210.12820506	4231.02564096	4210.89743583	4202.30769224	4212.30769224	4182.56410243	4176.41025628	4198.71794858	4201.53846147	4209.10256404	4196.02564089	4205.51282045	
4201.15384609	4193.07692294	4211.28205122	4228.07692301	4206.41025634	4193.20512807	4200.89743576	4185.64102551	4187.4358973	4199.87179474	4202.82051275	4208.58974352	4192.94871781	4206.28205122	
4191.02564089	4189.74358961	4202.5641025	4219.87179481	4196.66666653	4167.69230749	4187.82051269	4181.28205115	4184.87179474	4185.89743576	4195.89743576	4198.07692294	4192.30769217	4198.3333332	
4198.07692294	4198.3333332	4214.10256404	4229.35897429	4201.92307686	4177.30769217	4204.61538455	4186.79487166	4175.12820499	4197.82051269	4205.38461532	4209.61538455	4200.51282038	4208.58974352	
4215.12820506	4206.15384609	4233.33333327	4245.12820513	4206.53846147	4204.99999993	4219.99999993	4197.94871781	4191.15384602	4211.41025634	4225.25641019	4228.33333327	4206.92307686	4226.79487173	
4206.92307686	4200.51282038	4221.6666666	4235.76923077	4205.38461532	4195.89743576	4208.20512814	4192.94871781	4198.07692294	4196.15384602	4215.64102558	4216.92307686	4197.56410243	4218.20512814	
4191.92307679	4193.97435884	4203.20512814	4221.02564096	4203.84615378	4178.71794858	4197.82051269	4179.35897422	4181.66666653	4184.61538448	4198.07692294	4201.41025634	4189.74358961	4203.20512814	
4187.05128192	4192.4358973	4198.71794858	4214.87179481	4188.3333332	4183.71794858	4193.58974345	4171.41025628	4171.66666653	4189.10256397	4196.79487166	4197.94871781	4191.79487166	4199.10256397	
4176.92307679	4188.20512807	4186.66666653	4202.69230763	4169.35897422	4179.2307691	4180.64102551	4173.97435884	4168.07692287	4179.74358961	4185.76923063	4184.35897422	4186.15384602	4187.17948704	
4172.4358973	4185.25641012	4177.17948704	4194.2307691	4176.15384602	4166.41025621	4181.28205115	4180.12820499	4167.17948697	4166.28205108	4173.46153833	4174.48717935	4176.92307679	4178.97435884	
4181.5384614	4188.71794858	4190.38461525	4201.41025634	4198.84615371	4167.17948697	4201.6666666	4184.61538448	4179.10256397	4178.97435884	4181.15384602	4183.84615371	4181.02564089	4189.99999986	
4190.12820499	4191.66666653	4202.94871788	4209.87179481	4202.5641025	4175.76923063	4208.58974352	4191.41025628	4191.66666653	4198.58974345	4189.48717935	4194.48717935	4191.28205115	4201.41025634	
4195.25641012	4192.4358973	4200.25641012	4211.79487173	4183.97435884	4185.12820499	4200.64102551	4194.74358961	4188.07692294	4195.89743576	4190.51282038	4199.10256397	4192.4358973	4200.89743576	
4199.99999986	4193.58974345	4207.05128199	4213.58974352	4176.28205115	4184.10256397	4203.33333327	4189.10256397	4182.82051269	4181.02564089	4197.30769217	4204.35897429	4189.87179474	4202.82051275	
4204.74358968	4197.56410243	4217.5641025	4218.07692301	4194.87179474	4184.61538448	4220.7692307	4195.51282038	4195.51282038	4187.05128192	4207.69230763	4210.25641019	4194.48717935	4210.89743583	
4204.10256404	4200.38461525	4210.89743583	4221.79487173	4202.5641025	4193.20512807	4222.94871788	4205.89743583	4205.38461532	4217.82051275	4208.84615378	4209.23076917	4200.51282038	4210.7692307	
4184.74358961	4194.87179474	4190.51282038	4208.58974352	4184.99999986	4170.89743576	4193.71794858	4183.58974345	4182.94871781	4207.69230763	4193.97435884	4192.17948704	4192.30769217	4193.58974345	
4171.5384614	4189.61538448	4180.51282038	4192.17948704	4182.4358973	4150.25641005	4185.12820499	4166.53846133	4161.28205108	4163.97435877	4181.79487166	4179.74358961	4180.76923063	4181.28205115	
4181.79487166	4190.51282038	4184.74358961	4190.89743576	4184.99999986	4172.17948704	4200.38461525	4182.4358973	4176.5384614	4181.15384602	4186.02564089	4186.02564089	4185.51282038	4185.89743576	
4179.35897422	4189.35897422	4180.89743576	4188.97435884	4169.10256397	4182.82051269	4193.58974345	4187.69230756	4201.28205122	4214.23076917	4188.84615371	4182.94871781	4187.4358973	4183.71794858	
4172.69230756	4187.17948704	4178.71794858	4192.56410243	4173.46153833	4166.15384595	4189.2307691	4181.02564089	4201.6666666	4196.5384614	4188.97435884	4177.4358973	4183.3333332	4181.28205115	
4185.25641012	4192.05128192	4187.94871781	4203.20512814	4193.58974345	4167.05128185	4204.61538455	4189.99999986	4189.87179474	4188.07692294	4192.30769217	4189.99999986	4186.66666653	4189.74358961	
4178.84615371	4187.69230756	4181.28205115	4188.46153833	4171.66666653	4175.38461525	4191.02564089	4186.92307679	4173.97435884	4194.2307691	4180.38461525	4185.64102551	4181.02564089	4180.64102551	
4160.76923056	4179.35897422	4158.205128	4164.1025639	4143.97435877	4160.76923056	4165.76923056	4165.38461518	4158.97435877	4167.05128185	4162.05128185	4149.35897415	4165.76923056	4163.205128	
4168.84615371	4184.87179474	4155.12820492	4173.07692294	4156.92307672	4155.64102544	4177.56410243	4173.46153833	4166.41025621	4166.02564082	4165.64102544	4129.99999973	4171.66666653	4174.10256397	
4176.02564089	4186.79487166	4162.82051262	4182.82051269	4159.74358954	4165.89743569	4192.05128192	4194.74358961	4180.12820499	4202.94871788	4175.64102551	4131.53846126	4184.74358961	4187.4358973	
4167.43589723	4182.94871781	4155.89743569	4173.71794858	4147.82051262	4156.28205108	4181.41025628	4187.17948704	4175.76923063	4193.97435884	4175.64102551	4126.66666639	4176.02564089	4180.51282038	
4168.71794858	4185.25641012	4154.48717928	4177.82051269	4158.46153826	4151.02564082	4171.41025628	4173.3333332	4170.51282038	4168.58974345	4174.10256397	4122.69230742	4172.17948704	4177.94871781	
4169.10256397	4186.15384602	4157.3076921	4181.02564089	4157.17948697	4166.79487159	4171.02564089	4167.94871774	4167.17948697	4182.94871781	4172.30769217	4119.8717946	4181.41025628	4178.97435884	
4158.46153826	4182.17948704	4147.94871774	4168.20512807	4131.41025614	4164.1025639	4164.87179467	4159.61538441	4149.35897415	4193.58974345	4170.12820499	4112.69230742	4177.69230756	4169.35897422	
4150.64102544	4180.76923063	4136.15384595	4156.66666646	4123.20512793	4141.02564082	4156.41025621	4154.9999998	4139.87179467	4166.28205108	4163.07692287	4102.30769196	4167.3076921	4157.69230749	
4152.94871774	4181.66666653	4132.17948691	4156.02564082	4133.46153819	4145.76923056	4164.35897415	4157.56410236	4152.56410236	4144.23076903	4154.35897415	4094.7435894	4168.20512807	4154.48717928	
4155.64102544	4182.56410243	4131.28205101	4161.28205108	4134.35897408	4159.48717928	4173.07692294	4155.25641005	4153.07692287	4161.28205108	4158.84615364	4094.23076889	4173.20512807	4158.33333313	
4144.9999998	4183.3333332	4120.89743562	4154.1025639	4123.58974332	4134.10256383	4153.97435877	4142.56410236	4135.89743569	4169.99999986	4158.84615364	4088.71794837	4168.3333332	4151.66666646	
4123.71794844	4174.35897422	4099.7435894	4130.64102537	4108.0769228	4102.30769196	4126.41025614	4122.94871767	4123.33333306	4144.74358954	4137.56410236	4067.43589702	4155.51282031	4127.69230742	
4120.64102537	4171.15384602	4093.07692273	4124.8717946	4107.05128178	4115.12820485	4131.79487152	4118.71794844	4121.28205101	4130.64102537	4127.17948691	4060.12820472	4149.74358954	4118.9743587	
4132.94871767	4178.58974345	4102.43589709	4143.07692287	4119.99999973	4141.92307672	4148.97435877	4130.25640998	4126.79487152	4142.82051262	4138.07692287	4072.05128171	4152.94871774	4129.61538434	
4128.46153819	4176.79487166	4098.07692273	4141.28205108	4119.23076896	4129.61538434	4140.89743569	4127.94871767	4127.30769203	4142.94871774	4133.0769228	4065.89743548	4149.23076903	4127.05128178	
4116.66666639	4170.25641012	4086.53846119	4122.56410229	4104.99999973	4108.71794844	4128.33333306	4116.66666639	4121.02564075	4130.38461511	4119.48717921	4055.64102523	4140.51282031	4117.43589716	
4121.15384588	4170.38461525	4093.46153812	4121.28205101	4098.58974325	4118.20512793	4134.8717946	4119.10256383	4121.92307665	4136.92307672	4122.56410229	4064.48717907	4139.48717928	4121.28205101	
4128.46153819	4174.2307691	4099.87179453	4127.30769203	4111.02564075	4125.89743562	4141.79487159	4122.43589716	4123.84615357	4141.28205108	4124.99999973	4071.15384581	4139.9999998	4127.56410229	
4123.58974332	4173.97435884	4092.30769196	4121.79487152	4118.58974332	4120.25640998	4135.89743569	4118.20512793	4115.64102537	4124.61538434	4119.10256383	4064.23076882	4134.23076896	4122.17948691	
4122.56410229	4172.17948704	4094.61538427	4122.43589716	4114.48717921	4120.12820485	4133.9743587	4120.89743562	4118.0769228	4121.02564075	4122.30769203	4063.58974318	4134.61538434	4123.71794844	
4133.71794844	4175.51282038	4106.15384588	4134.99999973	4114.48717921	4120.64102537	4138.97435877	4124.99999973	4124.23076896	4135.25640998	4127.05128178	4072.30769196	4142.17948697	4135.89743569	
4136.79487159	4180.51282038	4108.46153819	4140.38461518	4121.53846126	4126.15384588	4144.23076903	4121.41025614	4111.66666639	4138.07692287	4125.25640998	4076.28205094	4143.205128	4137.56410236	
4126.28205101	4181.79487166	4103.84615357	4132.05128178	4124.23076896	4137.94871774	4138.97435877	4119.10256383	4107.56410229	4126.92307665	4123.0769228	4074.48717914	4139.9999998	4130.25640998	
4126.02564075	4180.64102551	4104.61538434	4128.9743587	4122.56410229	4141.79487159	4138.71794851	4123.0769228	4122.30769203	4118.9743587	4123.0769228	4072.82051248	4141.02564082	4132.56410229	
4140.12820492	4180.51282038	4110.7692305	4137.05128185	4121.66666639	4141.66666646	4155.25641005	4125.12820485	4124.23076896	4126.53846126	4129.74358947	4077.56410222	4146.53846133	4141.92307672	
4137.94871774	4178.46153833	4109.74358947	4137.17948697	4117.43589716	4134.74358947	4149.35897415	4116.02564075	4114.23076896	4134.8717946	4133.46153819	4079.87179453	4148.46153826	4136.02564082	
4134.48717921	4181.5384614	4115.38461511	4141.53846133	4130.38461511	4133.84615357	4143.71794851	4122.30769203	4119.10256383	4140.64102544	4137.56410236	4086.02564068	4154.48717928	4137.05128185	
4149.9999998	4188.58974345	4131.79487152	4158.07692287	4145.12820492	4146.79487159	4165.64102544	4145.76923056	4127.17948691	4153.84615364	4151.66666646	4104.35897408	4166.53846133	4157.56410236	
4146.15384595	4184.99999986	4126.28205101	4153.205128	4132.30769203	4137.56410236	4158.46153826	4138.46153826	4122.56410229	4155.12820492	4148.58974339	4103.46153819	4162.56410236	4152.69230749	
4125.89743562	4177.69230756	4109.61538434	4137.94871774	4125.38461511	4122.05128178	4133.33333306	4114.99999973	4120.38461511	4135.12820485	4133.58974332	4084.61538427	4149.74358954	4128.0769228	
4135.76923056	4179.99999986	4117.30769203	4148.97435877	4143.07692287	4136.41025621	4148.97435877	4127.17948691	4123.84615357	4129.48717921	4144.74358954	4091.15384581	4154.9999998	4136.79487159	
4151.66666646	4184.74358961	4128.33333306	4163.46153826	4149.74358954	4146.28205108	4164.9999998	4144.74358954	4124.74358947	4145.64102544	4161.92307672	4112.17948691	4164.61538441	4157.3076921	
4141.28205108	4181.28205115	4122.69230742	4159.74358954	4137.82051262	4142.3076921	4149.1025639	4136.92307672	4127.17948691	4158.205128	4153.84615364	4107.94871767	4161.92307672	4147.43589723	
4141.41025621	4179.35897422	4129.23076896	4167.3076921	4147.43589723	4145.89743569	4149.48717928	4142.3076921	4138.07692287	4165.51282031	4150.51282031	4102.94871767	4161.92307672	4143.71794851	
4155.38461518	4187.82051269	4141.66666646	4181.02564089	4165.51282031	4144.1025639	4161.66666646	4157.82051262	4144.87179467	4163.33333313	4160.76923056	4116.92307665	4165.12820492	4160.25641005	
4145.51282031	4187.94871781	4127.30769203	4166.66666646	4148.07692287	4140.12820492	4148.33333313	4146.41025621	4138.84615364	4148.84615364	4155.76923056	4112.05128178	4158.205128	4152.94871774	
4129.48717921	4180.38461525	4113.84615357	4146.53846133	4126.79487152	4152.05128185	4135.25640998	4130.64102537	4138.97435877	4147.3076921	4146.28205108	4097.82051248	4152.56410236	4135.25640998	
4141.41025621	4183.3333332	4130.12820485	4157.56410236	4154.48717928	4153.33333313	4156.41025621	4143.84615364	4156.41025621	4166.79487159	4157.82051262	4111.02564075	4159.87179467	4148.07692287	
4157.05128185	4188.97435884	4145.64102544	4175.51282038	4179.87179474	4141.92307672	4178.97435884	4161.15384595	4167.56410236	4176.92307679	4173.3333332	4127.43589716	4169.87179474	4165.12820492	
4147.05128185	4182.82051269	4135.76923056	4169.10256397	4150.25641005	4143.71794851	4162.82051262	4153.205128	4144.35897415	4162.3076921	4166.02564082	4119.10256383	4167.94871774	4154.9999998	
4144.35897415	4179.2307691	4133.84615357	4165.12820492	4143.46153826	4163.33333313	4156.28205108	4147.94871774	4127.56410229	4158.205128	4160.76923056	4116.53846126	4162.56410236	4155.12820492	
4160.51282031	4185.38461525	4147.82051262	4176.28205115	4172.05128192	4174.35897422	4172.05128192	4161.66666646	4149.23076903	4171.66666653	4172.17948704	4129.99999973	4169.87179474	4171.28205115	
4159.1025639	4181.28205115	4146.92307672	4173.07692294	4161.28205108	4167.43589723	4162.56410236	4164.61538441	4165.12820492	4168.84615371	4173.20512807	4127.69230742	4172.94871781	4167.17948697	
4147.56410236	4174.2307691	4138.58974339	4163.58974339	4139.23076903	4163.84615364	4153.07692287	4150.64102544	4152.43589723	4167.82051262	4165.89743569	4123.33333306	4164.87179467	4158.46153826	
4152.43589723	4178.07692294	4143.71794851	4170.51282038	4149.1025639	4165.64102544	4167.56410236	4152.05128185	4148.07692287	4189.48717935	4172.56410243	4135.12820485	4166.66666646	4166.41025621	
4150.38461518	4175.25641012	4145.51282031	4171.66666653	4156.41025621	4160.64102544	4166.53846133	4162.82051262	4167.56410236	4180.89743576	4175.51282038	4136.15384595	4171.79487166	4166.15384595	
4134.99999973	4166.79487159	4129.61538434	4158.205128	4150.38461518	4147.82051262	4149.35897415	4152.17948697	4166.28205108	4147.69230749	4157.94871774	4115.64102537	4162.43589723	4147.3076921	
4132.69230742	4167.69230749	4120.64102537	4152.3076921	4146.28205108	4142.94871774	4149.48717928	4137.17948697	4133.9743587	4157.43589723	4143.97435877	4107.94871767	4152.05128185	4139.87179467	
4139.1025639	4173.84615371	4131.66666639	4153.46153826	4131.53846126	4154.61538441	4154.74358954	4144.23076903	4126.66666639	4177.30769217	4149.61538441	4118.9743587	4158.205128	4149.87179467	
4141.66666646	4174.10256397	4140.76923056	4153.97435877	4132.05128178	4157.3076921	4154.61538441	4153.07692287	4149.74358954	4158.58974339	4161.92307672	4122.82051255	4166.02564082	4156.79487159	
4145.89743569	4174.48717935	4139.9999998	4161.28205108	4165.89743569	4146.53846133	4161.15384595	4154.35897415	4159.61538441	4155.38461518	4167.82051262	4125.38461511	4163.97435877	4154.61538441	
4152.3076921	4180.38461525	4141.15384595	4171.15384602	4174.48717935	4161.41025621	4171.15384602	4163.07692287	4159.61538441	4187.69230756	4171.15384602	4133.0769228	4167.3076921	4155.64102544	
4152.69230749	4183.71794858	4143.07692287	4170.25641012	4153.07692287	4181.41025628	4168.58974345	4172.82051269	4165.76923056	4187.30769217	4171.15384602	4131.15384588	4173.07692294	4159.74358954	
4148.205128	4180.51282038	4138.58974339	4166.92307672	4152.69230749	4161.92307672	4157.43589723	4169.74358961	4169.2307691	4161.92307672	4166.79487159	4123.46153819	4169.99999986	4156.15384595	
4150.51282031	4181.5384614	4139.1025639	4169.99999986	4167.82051262	4150.25641005	4162.82051262	4163.46153826	4166.53846133	4171.02564089	4169.48717935	4125.7692305	4168.46153833	4154.74358954	
4151.79487159	4187.05128192	4137.56410236	4165.64102544	4159.61538441	4167.3076921	4169.2307691	4158.71794851	4156.53846133	4183.3333332	4168.3333332	4123.84615357	4169.74358961	4151.66666646	
4151.15384595	4189.35897422	4138.07692287	4165.12820492	4150.38461518	4181.28205115	4167.17948697	4161.92307672	4156.53846133	4176.15384602	4168.07692287	4124.99999973	4169.61538448	4154.1025639	
4153.46153826	4186.92307679	4148.71794851	4170.38461525	4156.79487159	4181.02564089	4170.76923063	4170.89743576	4167.43589723	4174.48717935	4177.05128192	4136.92307672	4170.25641012	4166.28205108	
4156.66666646	4187.56410243	4155.12820492	4171.41025628	4168.3333332	4156.15384595	4171.15384602	4171.02564089	4171.28205115	4184.10256397	4183.3333332	4143.205128	4174.48717935	4171.15384602	
4161.79487159	4191.79487166	4153.97435877	4173.3333332	4182.82051269	4133.71794844	4167.69230749	4167.3076921	4176.41025628	4197.05128192	4184.10256397	4145.12820492	4177.05128192	4169.74358961	
4160.76923056	4192.69230756	4153.58974339	4174.74358961	4172.17948704	4159.74358954	4171.66666653	4168.97435884	4183.58974345	4203.84615378	4184.87179474	4145.25641005	4175.12820499	4170.38461525	
4153.97435877	4190.12820499	4153.205128	4171.15384602	4150.64102544	4188.3333332	4174.48717935	4169.10256397	4164.74358954	4191.02564089	4184.48717935	4139.35897415	4173.07692294	4170.76923063	
4156.79487159	4187.17948704	4153.71794851	4170.25641012	4157.05128185	4174.2307691	4172.30769217	4167.05128185	4150.76923056	4175.25641012	4183.46153833	4141.53846133	4174.35897422	4169.10256397	
4165.38461518	4190.76923063	4155.89743569	4172.56410243	4169.99999986	4162.17948697	4173.3333332	4168.46153833	4165.38461518	4174.74358961	4180.12820499	4151.92307672	4171.92307679	4170.89743576	
4166.02564082	4196.02564089	4155.64102544	4170.51282038	4166.79487159	4167.17948697	4170.25641012	4168.58974345	4173.20512807	4179.61538448	4174.2307691	4152.56410236	4167.05128185	4175.89743576	
4169.35897422	4192.30769217	4161.15384595	4175.64102551	4163.46153826	4173.84615371	4171.41025628	4165.51282031	4168.84615371	4189.35897422	4180.38461525	4152.43589723	4174.35897422	4184.10256397	
4179.10256397	4190.25641012	4170.76923063	4185.76923063	4165.76923056	4176.28205115	4184.2307691	4171.02564089	4166.41025621	4192.82051269	4193.3333332	4161.28205108	4182.05128192	4186.79487166	
4182.82051269	4195.25641012	4172.56410243	4187.56410243	4167.05128185	4173.20512807	4188.84615371	4182.94871781	4166.92307672	4185.38461525	4197.05128192	4167.56410236	4178.71794858	4184.74358961	
4185.76923063	4199.35897422	4179.74358961	4189.74358961	4178.84615371	4176.41025628	4187.05128192	4185.76923063	4173.71794858	4193.20512807	4205.12820506	4174.10256397	4180.64102551	4195.76923063	
4185.12820499	4195.64102551	4184.99999986	4188.97435884	4184.74358961	4183.3333332	4185.51282038	4182.82051269	4177.69230756	4201.28205122	4209.87179481	4174.2307691	4186.66666653	4201.15384609	
4180.76923063	4191.5384614	4176.15384602	4180.89743576	4174.10256397	4178.58974345	4186.02564089	4191.41025628	4172.4358973	4195.38461525	4198.84615371	4167.3076921	4186.79487166	4192.69230756	
4185.38461525	4193.20512807	4176.15384602	4179.99999986	4165.51282031	4167.82051262	4195.51282038	4201.28205122	4173.58974345	4200.12820499	4198.3333332	4174.48717935	4187.05128192	4197.17948704	
4193.97435884	4197.05128192	4190.76923063	4190.25641012	4171.5384614	4166.28205108	4205.38461532	4203.20512814	4186.02564089	4204.10256404	4209.35897429	4187.05128192	4190.89743576	4208.07692301	
4191.41025628	4198.20512807	4191.92307679	4191.66666653	4176.02564089	4174.74358961	4205.12820506	4198.84615371	4189.10256397	4184.48717935	4206.28205122	4182.82051269	4188.71794858	4203.84615378	
4184.2307691	4195.51282038	4183.84615371	4184.61538448	4166.92307672	4175.38461525	4199.87179474	4190.12820499	4182.69230756	4177.30769217	4195.38461525	4174.35897422	4180.89743576	4197.82051269	
4187.69230756	4197.17948704	4186.02564089	4186.15384602	4168.20512807	4159.74358954	4194.74358961	4188.07692294	4174.87179474	4190.12820499	4193.20512807	4176.5384614	4175.76923063	4198.97435884	
4185.51282038	4196.5384614	4180.89743576	4182.82051269	4165.38461518	4154.74358954	4180.76923063	4181.15384602	4151.28205108	4182.4358973	4184.87179474	4170.64102551	4173.20512807	4187.94871781	
4182.4358973	4196.28205115	4177.05128192	4178.3333332	4159.9999998	4178.07692294	4182.56410243	4175.12820499	4141.28205108	4166.92307672	4181.79487166	4168.20512807	4175.76923063	4181.28205115	
4189.61538448	4201.6666666	4185.25641012	4185.12820499	4180.64102551	4172.30769217	4199.61538448	4184.99999986	4171.79487166	4165.38461518	4189.48717935	4178.71794858	4175.38461525	4191.02564089	
4181.15384602	4200.25641012	4175.76923063	4178.20512807	4183.07692294	4132.82051255	4188.20512807	4175.12820499	4166.41025621	4167.3076921	4178.71794858	4167.3076921	4167.56410236	4182.05128192	
4166.15384595	4195.38461525	4161.28205108	4163.58974339	4148.84615364	4133.20512793	4171.41025628	4152.94871774	4124.99999973	4170.51282038	4164.1025639	4152.05128185	4164.48717928	4167.69230749	
4176.28205115	4195.51282038	4170.38461525	4173.71794858	4151.15384595	4159.48717928	4185.76923063	4169.35897422	4136.41025621	4166.79487159	4170.76923063	4164.87179467	4170.25641012	4180.25641012	
4187.56410243	4197.94871781	4179.2307691	4184.2307691	4179.74358961	4147.56410236	4192.05128192	4188.58974345	4167.43589723	4155.89743569	4174.61538448	4171.28205115	4168.46153833	4189.48717935	
4176.28205115	4197.56410243	4168.3333332	4171.15384602	4163.205128	4127.69230742	4173.97435884	4170.89743576	4153.58974339	4157.94871774	4167.56410236	4156.15384595	4161.41025621	4176.28205115	
4167.82051262	4197.4358973	4160.76923056	4163.84615364	4144.87179467	4141.66666646	4174.35897422	4162.17948697	4144.9999998	4165.25641005	4164.9999998	4149.87179467	4163.46153826	4167.56410236	
4170.89743576	4195.51282038	4163.205128	4168.3333332	4158.84615364	4142.43589723	4186.66666653	4177.82051269	4157.94871774	4177.94871781	4165.76923056	4154.35897415	4163.07692287	4173.20512807	
4174.48717935	4193.58974345	4168.84615371	4168.46153833	4156.92307672	4129.8717946	4183.20512807	4184.61538448	4154.35897415	4183.46153833	4166.15384595	4158.46153826	4162.17948697	4180.64102551	
4181.5384614	4195.64102551	4174.61538448	4170.38461525	4155.12820492	4137.05128185	4183.84615371	4183.58974345	4152.82051262	4161.53846133	4169.10256397	4168.20512807	4166.02564082	4186.79487166	
4181.28205115	4193.71794858	4170.89743576	4170.51282038	4173.97435884	4139.74358954	4189.10256397	4182.94871781	4163.46153826	4151.79487159	4165.12820492	4167.94871774	4161.41025621	4185.25641012	
4180.51282038	4192.4358973	4174.48717935	4172.05128192	4173.20512807	4149.87179467	4188.20512807	4186.79487166	4163.46153826	4176.28205115	4167.3076921	4166.53846133	4159.35897415	4185.51282038	
4182.05128192	4195.38461525	4180.76923063	4175.51282038	4148.58974339	4152.05128185	4180.76923063	4181.92307679	4152.3076921	4176.02564089	4172.94871781	4174.35897422	4161.53846133	4190.12820499	
4179.87179474	4194.48717935	4178.20512807	4177.69230756	4151.79487159	4127.69230742	4179.10256397	4171.15384602	4158.205128	4162.17948697	4172.94871781	4175.76923063	4160.76923056	4187.69230756	
4177.30769217	4194.87179474	4174.74358961	4176.66666653	4165.76923056	4130.25640998	4187.30769217	4176.5384614	4171.02564089	4176.79487166	4172.94871781	4169.74358961	4160.64102544	4182.82051269	
4179.48717935	4202.17948711	4175.51282038	4178.84615371	4163.07692287	4167.69230749	4200.76923063	4188.07692294	4165.38461518	4185.12820499	4176.92307679	4170.89743576	4161.92307672	4185.51282038	
4182.30769217	4204.23076917	4175.76923063	4181.66666653	4162.56410236	4166.28205108	4203.84615378	4189.99999986	4153.97435877	4175.89743576	4179.74358961	4175.25641012	4158.07692287	4188.97435884	
4174.10256397	4196.92307679	4165.64102544	4172.69230756	4151.66666646	4132.30769203	4183.71794858	4181.79487166	4155.51282031	4160.51282031	4171.28205115	4165.51282031	4151.79487159	4177.17948704	
4163.46153826	4191.28205115	4158.07692287	4164.23076903	4135.64102544	4126.41025614	4168.3333332	4173.84615371	4166.53846133	4157.94871774	4161.92307672	4155.25641005	4148.97435877	4167.05128185	
4172.4358973	4195.12820499	4168.58974345	4171.41025628	4158.07692287	4128.58974332	4183.20512807	4178.71794858	4166.79487159	4187.05128192	4172.30769217	4167.94871774	4153.84615364	4179.87179474	
4181.66666653	4198.07692294	4174.48717935	4177.82051269	4179.48717935	4134.61538434	4194.2307691	4183.71794858	4163.07692287	4197.4358973	4177.56410243	4174.35897422	4156.28205108	4185.89743576	
4165.38461518	4193.97435884	4158.205128	4168.46153833	4150.76923056	4138.07692287	4174.74358961	4172.82051269	4169.10256397	4166.79487159	4159.87179467	4157.43589723	4147.69230749	4169.99999986	
4156.53846133	4192.17948704	4157.3076921	4165.76923056	4134.23076896	4130.38461511	4163.84615364	4166.79487159	4168.46153833	4148.07692287	4154.61538441	4157.82051262	4144.87179467	4165.25641005	
4164.9999998	4192.17948704	4168.97435884	4171.66666653	4152.69230749	4137.69230749	4173.58974345	4166.79487159	4141.02564082	4161.15384595	4164.1025639	4169.61538448	4145.51282031	4173.07692294	
4163.97435877	4192.69230756	4159.9999998	4171.41025628	4157.05128185	4138.205128	4173.71794858	4156.02564082	4131.02564075	4172.4358973	4159.1025639	4162.43589723	4139.35897415	4170.64102551	
4162.56410236	4193.20512807	4152.3076921	4168.3333332	4148.33333313	4108.9743587	4162.94871774	4152.05128185	4152.69230749	4163.33333313	4155.51282031	4153.58974339	4137.3076921	4164.35897415	
4161.02564082	4189.99999986	4151.66666646	4158.84615364	4142.69230749	4100.89743555	4153.84615364	4153.84615364	4148.71794851	4146.15384595	4155.12820492	4146.79487159	4137.17948697	4158.84615364	
4148.97435877	4187.05128192	4136.28205108	4147.05128185	4131.15384588	4131.66666639	4152.82051262	4145.38461518	4139.48717928	4148.33333313	4140.89743569	4134.23076896	4130.25640998	4147.3076921	
4146.66666646	4187.94871781	4126.15384588	4149.9999998	4124.48717921	4133.46153819	4153.46153826	4142.82051262	4151.53846133	4160.12820492	4133.20512793	4132.82051255	4127.17948691	4142.17948697	
4156.92307672	4188.97435884	4137.3076921	4160.25641005	4139.9999998	4117.56410229	4152.05128185	4153.97435877	4155.64102544	4158.07692287	4140.76923056	4139.74358954	4133.33333306	4151.02564082	
4152.17948697	4187.94871781	4137.56410236	4156.02564082	4137.17948697	4113.84615357	4152.69230749	4154.74358954	4153.205128	4156.02564082	4138.07692287	4133.84615357	4132.94871767	4150.89743569	
4150.64102544	4189.35897422	4135.89743569	4155.76923056	4120.89743562	4111.53846126	4163.71794851	4151.79487159	4158.46153826	4153.07692287	4142.05128185	4138.58974339	4131.66666639	4149.1025639	
4164.9999998	4194.99999986	4152.56410236	4173.84615371	4140.76923056	4124.74358947	4176.28205115	4163.205128	4149.87179467	4151.02564082	4156.92307672	4157.17948697	4138.58974339	4163.58974339	
4163.46153826	4196.28205115	4155.38461518	4176.79487166	4161.53846133	4131.66666639	4167.43589723	4160.12820492	4133.9743587	4156.92307672	4150.64102544	4152.94871774	4135.89743569	4164.23076903	
4138.205128	4189.48717935	4127.69230742	4148.97435877	4126.92307665	4115.51282024	4143.97435877	4134.61538434	4137.17948697	4143.07692287	4130.38461511	4128.46153819	4119.23076896	4136.41025621	
4128.71794844	4188.71794858	4115.64102537	4132.30769203	4102.56410229	4110.25640998	4142.56410236	4132.69230742	4142.43589723	4130.38461511	4129.8717946	4123.9743587	4115.89743562	4129.23076896	
4146.66666646	4193.71794858	4138.33333313	4153.58974339	4141.92307672	4126.28205101	4165.38461518	4154.74358954	4136.79487159	4158.71794851	4143.58974339	4144.61538441	4129.8717946	4150.64102544	
4164.1025639	4194.61538448	4156.15384595	4174.74358961	4163.46153826	4144.74358954	4173.20512807	4157.56410236	4136.15384595	4175.12820499	4150.25641005	4156.41025621	4135.12820485	4158.33333313	
4164.61538441	4195.38461525	4151.53846133	4167.3076921	4137.43589723	4141.92307672	4167.94871774	4154.48717928	4148.84615364	4146.79487159	4151.28205108	4153.84615364	4130.64102537	4155.76923056	
4160.64102544	4199.10256397	4149.1025639	4162.17948697	4132.30769203	4134.48717921	4178.97435884	4170.89743576	4168.07692287	4151.79487159	4153.71794851	4156.53846133	4134.99999973	4162.17948697	
4172.94871781	4202.69230763	4166.66666646	4182.94871781	4171.79487166	4149.87179467	4197.56410243	4187.69230756	4193.3333332	4203.07692301	4169.35897422	4173.97435884	4145.38461518	4176.41025628	
4189.61538448	4205.89743583	4177.94871781	4191.66666653	4191.41025628	4177.94871781	4202.17948711	4191.02564089	4208.07692301	4201.79487173	4185.25641012	4187.69230756	4147.56410236	4188.58974345	
4187.17948704	4208.20512814	4171.41025628	4176.41025628	4167.05128185	4184.87179474	4198.97435884	4189.74358961	4188.97435884	4166.53846133	4181.92307679	4183.97435884	4146.41025621	4185.89743576	
4183.46153833	4211.15384609	4174.74358961	4178.97435884	4164.1025639	4174.99999986	4201.41025634	4191.92307679	4166.53846133	4177.56410243	4180.76923063	4181.02564089	4149.61538441	4183.84615371	
4190.76923063	4213.20512814	4185.64102551	4197.05128192	4177.30769217	4165.89743569	4201.6666666	4197.05128192	4182.17948704	4211.15384609	4195.12820499	4188.3333332	4151.02564082	4192.69230756	
4194.87179474	4213.33333327	4185.64102551	4199.10256397	4166.79487159	4156.15384595	4199.10256397	4199.10256397	4201.02564096	4221.53846147	4204.35897429	4192.17948704	4152.69230749	4196.79487166	
4194.87179474	4218.58974352	4185.12820499	4197.69230756	4172.17948704	4163.07692287	4208.33333327	4200.12820499	4196.02564089	4213.4615384	4197.30769217	4194.99999986	4156.02564082	4196.66666653	
4192.30769217	4219.61538455	4184.87179474	4198.07692294	4186.15384602	4167.69230749	4216.79487173	4201.53846147	4197.94871781	4197.30769217	4189.10256397	4194.99999986	4152.56410236	4196.02564089	
4188.58974345	4210.89743583	4179.99999986	4193.97435884	4168.20512807	4160.12820492	4212.43589737	4203.58974352	4201.28205122	4195.12820499	4190.51282038	4189.87179474	4148.58974339	4191.79487166	
4200.64102551	4210.12820506	4192.05128192	4210.25641019	4170.89743576	4178.3333332	4221.02564096	4221.53846147	4202.17948711	4228.58974352	4207.30769224	4201.79487173	4160.12820492	4203.4615384	
4213.20512814	4215.51282045	4208.58974352	4230.64102558	4204.35897429	4200.89743576	4232.5641025	4238.84615385	4230.12820506	4240.51282052	4218.4615384	4221.53846147	4169.10256397	4221.6666666	
4202.94871788	4211.41025634	4202.17948711	4220.25641019	4197.94871781	4193.84615371	4220.51282045	4227.30769224	4245.51282052	4217.30769224	4208.4615384	4217.94871788	4159.61538441	4213.4615384	
4194.2307691	4208.58974352	4197.30769217	4208.58974352	4179.61538448	4169.35897422	4208.07692301	4211.28205122	4209.74358968	4222.94871788	4206.02564096	4211.02564096	4158.46153826	4206.79487173	
4202.69230763	4213.33333327	4206.53846147	4219.35897429	4191.79487166	4171.15384602	4218.84615378	4216.41025634	4190.25641012	4233.20512814	4216.53846147	4220.12820506	4168.20512807	4219.10256404	
4202.5641025	4209.99999993	4203.58974352	4217.69230763	4187.05128192	4176.79487166	4225.38461532	4219.87179481	4211.15384609	4205.89743583	4209.87179481	4219.23076917	4163.205128	4210.25641019	
4195.76923063	4205.25641019	4195.89743576	4206.28205122	4173.07692294	4164.48717928	4219.23076917	4214.61538455	4211.41025634	4190.89743576	4197.56410243	4210.64102558	4153.58974339	4197.56410243	
4199.10256397	4207.30769224	4199.74358961	4211.79487173	4188.84615371	4168.71794858	4220.64102558	4219.10256404	4194.74358961	4225.89743583	4201.92307686	4214.48717942	4159.74358954	4205.64102558	
4200.51282038	4210.7692307	4197.94871781	4217.17948711	4208.84615378	4184.74358961	4227.69230763	4231.41025634	4203.33333327	4242.17948718	4203.71794865	4217.05128199	4164.9999998	4207.30769224	
4198.46153833	4210.89743583	4193.3333332	4212.30769224	4205.25641019	4184.10256397	4230.12820506	4235.12820513	4225.89743583	4216.6666666	4198.20512807	4214.35897429	4158.46153826	4204.61538455	
4196.79487166	4205.89743583	4194.2307691	4203.71794865	4179.10256397	4172.94871781	4221.41025634	4223.4615384	4221.79487173	4214.87179481	4199.2307691	4211.15384609	4156.02564082	4210.38461532	
4198.84615371	4204.87179481	4200.51282038	4204.10256404	4179.87179474	4169.87179474	4212.82051275	4209.10256404	4202.82051275	4229.99999993	4205.12820506	4214.99999993	4162.3076921	4214.99999993	
4211.92307686	4211.28205122	4214.10256404	4219.48717942	4219.35897429	4177.82051269	4219.87179481	4214.23076917	4206.02564096	4229.61538455	4219.74358968	4229.87179481	4172.4358973	4225.7692307	
4219.99999993	4212.94871788	4218.84615378	4223.97435891	4215.12820506	4181.92307679	4228.84615378	4224.74358968	4218.4615384	4237.56410257	4229.10256404	4235.25641026	4173.20512807	4237.17948718	
4218.84615378	4209.74358968	4214.87179481	4216.53846147	4181.41025628	4192.17948704	4239.35897436	4223.20512814	4216.28205122	4252.94871795	4222.69230763	4231.41025634	4170.38461525	4235.51282052	
4216.79487173	4209.61538455	4213.97435891	4219.74358968	4204.48717942	4199.99999986	4246.28205129	4216.53846147	4214.87179481	4229.61538455	4216.02564096	4230.64102558	4171.79487166	4229.35897429	
4209.61538455	4209.87179481	4208.71794865	4221.79487173	4228.97435891	4186.28205115	4238.84615385	4216.15384609	4216.92307686	4201.28205122	4212.5641025	4225.64102558	4168.07692287	4223.71794865	
4201.79487173	4208.71794865	4203.58974352	4213.58974352	4196.92307679	4171.02564089	4226.28205122	4222.69230763	4209.10256404	4228.58974352	4209.87179481	4220.25641019	4165.38461518	4218.58974352	
4212.82051275	4209.23076917	4215.51282045	4223.71794865	4193.71794858	4182.94871781	4232.17948711	4234.10256411	4217.94871788	4257.94871795	4220.12820506	4232.05128199	4170.51282038	4229.61538455	
4228.58974352	4211.02564096	4231.41025634	4242.56410257	4233.84615385	4199.48717935	4246.92307693	4242.43589744	4245.38461539	4240.38461539	4233.84615385	4246.92307693	4178.71794858	4243.58974359	
4232.5641025	4216.53846147	4238.46153847	4246.15384616	4238.07692308	4195.25641012	4245.51282052	4243.84615385	4252.56410257	4237.82051282	4239.35897436	4252.17948718	4183.20512807	4248.71794872	
4240.8974359	4223.71794865	4247.05128206	4248.84615385	4215.89743583	4197.17948704	4246.53846154	4245.51282052	4245.51282052	4268.07692315	4247.94871795	4261.53846154	4185.51282038	4258.97435898	
4247.17948718	4226.02564096	4247.94871795	4253.71794872	4215.89743583	4208.71794865	4262.30769231	4250.64102564	4250.38461539	4267.43589751	4250.8974359	4265.8974359	4188.58974345	4262.17948718	
4238.84615385	4224.35897429	4238.20512821	4252.43589744	4232.5641025	4203.07692301	4265.76923077	4252.94871795	4246.02564103	4242.6923077	4238.20512821	4255.64102564	4187.4358973	4250.64102564	
4228.33333327	4221.6666666	4230.89743583	4243.84615385	4232.43589737	4198.58974345	4248.07692308	4244.35897436	4231.15384609	4241.92307693	4227.94871788	4245.0	4183.20512807	4242.30769231	
4227.94871788	4222.82051275	4232.94871788	4240.38461539	4226.28205122	4213.20512814	4244.87179488	4238.58974359	4237.94871795	4246.53846154	4232.5641025	4247.94871795	4182.17948704	4248.07692308	
4226.41025634	4225.51282045	4231.02564096	4237.17948718	4227.43589737	4213.71794865	4255.76923077	4244.74358975	4245.12820513	4237.05128206	4233.71794865	4248.20512821	4186.5384614	4249.10256411	
4216.92307686	4229.48717942	4216.02564096	4222.94871788	4219.48717942	4180.76923063	4243.20512821	4242.30769231	4227.82051275	4231.02564096	4220.25641019	4231.02564096	4180.89743576	4234.10256411	
4216.79487173	4234.10256411	4214.48717942	4220.25641019	4216.41025634	4175.76923063	4235.38461539	4235.64102564	4226.6666666	4232.5641025	4214.23076917	4226.79487173	4175.76923063	4230.7692307	
4218.71794865	4233.33333327	4215.64102558	4223.07692301	4217.69230763	4204.87179481	4245.38461539	4229.61538455	4236.15384616	4233.58974352	4214.99999993	4229.99999993	4178.07692294	4230.89743583	
4212.5641025	4231.02564096	4204.10256404	4216.6666666	4207.17948711	4195.51282038	4239.87179488	4218.97435891	4215.89743583	4232.5641025	4209.61538455	4221.15384609	4174.74358961	4219.35897429	
4212.82051275	4233.33333327	4209.35897429	4219.10256404	4209.99999993	4176.79487166	4229.23076917	4210.25641019	4200.51282038	4227.5641025	4212.30769224	4223.33333327	4176.02564089	4217.43589737	
4217.5641025	4237.82051282	4222.43589737	4227.82051275	4224.10256404	4196.92307679	4236.15384616	4217.30769224	4220.7692307	4220.51282045	4218.33333327	4234.74358975	4180.38461525	4226.79487173	
4204.99999993	4237.82051282	4210.7692307	4219.74358968	4211.28205122	4202.5641025	4232.30769224	4218.71794865	4227.43589737	4206.15384609	4201.6666666	4222.17948711	4170.25641012	4215.51282045	
4198.3333332	4232.82051275	4202.5641025	4212.94871788	4196.66666653	4181.79487166	4212.69230763	4204.74358968	4206.92307686	4199.2307691	4188.84615371	4210.89743583	4162.69230749	4203.97435891	
4210.25641019	4232.17948711	4215.64102558	4218.33333327	4201.28205122	4175.12820499	4209.99999993	4204.48717942	4202.43589737	4211.79487173	4198.58974345	4221.79487173	4167.82051262	4215.38461532	
4214.99999993	4234.61538462	4222.17948711	4218.97435891	4206.28205122	4173.20512807	4221.53846147	4218.84615378	4218.4615384	4219.23076917	4204.74358968	4226.41025634	4174.61538448	4223.4615384	
4205.25641019	4232.43589737	4213.4615384	4213.33333327	4204.87179481	4167.17948697	4222.17948711	4220.89743583	4222.82051275	4210.7692307	4200.25641012	4216.79487173	4174.2307691	4216.28205122	
4191.5384614	4224.48717942	4196.5384614	4201.15384609	4192.94871781	4169.2307691	4212.05128199	4204.35897429	4202.94871788	4198.20512807	4189.48717935	4203.84615378	4165.12820492	4203.33333327	
4191.79487166	4225.64102558	4192.82051269	4197.4358973	4182.56410243	4160.12820492	4210.89743583	4198.3333332	4183.3333332	4195.64102551	4186.28205115	4200.51282038	4161.28205108	4200.51282038	
4195.64102551	4232.17948711	4200.38461525	4200.89743576	4184.61538448	4142.43589723	4209.10256404	4206.53846147	4187.05128192	4205.25641019	4190.38461525	4203.97435891	4168.3333332	4203.33333327	
4181.41025628	4227.82051275	4186.79487166	4184.10256397	4189.48717935	4137.3076921	4191.41025628	4195.89743576	4187.17948704	4193.97435884	4178.3333332	4193.20512807	4161.15384595	4190.76923063	
4167.94871774	4221.79487173	4171.02564089	4167.17948697	4183.84615371	4138.205128	4181.92307679	4172.82051269	4172.56410243	4162.69230749	4164.61538441	4177.82051269	4148.205128	4176.41025628	
4164.87179467	4219.99999993	4170.25641012	4169.35897422	4163.84615364	4138.205128	4178.97435884	4161.15384595	4166.28205108	4155.64102544	4164.23076903	4172.30769217	4147.56410236	4173.3333332	
4158.97435877	4217.43589737	4162.82051262	4168.84615371	4153.58974339	4137.3076921	4169.99999986	4160.38461518	4169.2307691	4170.25641012	4155.64102544	4166.53846133	4148.205128	4167.82051262	
4163.07692287	4220.7692307	4160.64102544	4166.41025621	4170.76923063	4138.58974339	4171.92307679	4166.53846133	4174.87179474	4169.87179474	4149.1025639	4165.25641005	4145.12820492	4166.15384595	
4171.79487166	4225.89743583	4169.48717935	4167.56410236	4174.35897422	4136.92307672	4181.79487166	4174.61538448	4181.15384602	4168.58974345	4156.15384595	4169.35897422	4148.07692287	4171.66666653	
4157.56410236	4218.4615384	4159.48717928	4156.79487159	4149.9999998	4126.02564075	4172.30769217	4165.25641005	4163.07692287	4166.92307672	4146.53846133	4158.97435877	4145.76923056	4162.05128185	
4145.89743569	4210.7692307	4146.53846133	4145.89743569	4154.23076903	4116.15384588	4159.87179467	4151.02564082	4142.69230749	4147.43589723	4129.8717946	4148.33333313	4137.05128185	4149.48717928	
4154.87179467	4219.99999993	4158.07692287	4152.56410236	4177.30769217	4126.15384588	4175.64102551	4162.69230749	4154.74358954	4153.58974339	4137.82051262	4157.3076921	4140.25641005	4156.53846133	
4157.43589723	4224.99999993	4161.53846133	4153.84615364	4164.1025639	4135.51282031	4186.02564089	4172.82051269	4166.41025621	4172.30769217	4142.56410236	4162.56410236	4146.53846133	4161.92307672	
4147.56410236	4212.30769224	4143.07692287	4139.9999998	4140.51282031	4126.92307665	4165.64102544	4152.3076921	4153.205128	4150.64102544	4124.48717921	4148.07692287	4137.69230749	4148.58974339	
4139.48717928	4206.53846147	4134.99999973	4134.8717946	4149.48717928	4121.79487152	4147.82051262	4133.58974332	4139.23076903	4126.02564075	4113.58974332	4136.15384595	4128.84615357	4135.76923056	
4138.71794851	4217.69230763	4140.51282031	4141.53846133	4159.23076903	4121.79487152	4153.205128	4137.82051262	4142.05128185	4132.56410229	4121.41025614	4138.58974339	4135.12820485	4137.17948697	
4141.79487159	4221.15384609	4141.92307672	4141.92307672	4141.02564082	4118.9743587	4156.92307672	4139.9999998	4145.12820492	4136.41025621	4124.10256383	4141.15384595	4136.41025621	4139.35897415	
4143.84615364	4214.48717942	4145.38461518	4141.41025621	4129.8717946	4115.12820485	4147.17948697	4133.46153819	4134.61538434	4130.7692305	4121.15384588	4142.05128185	4131.79487152	4138.07692287	
4146.92307672	4211.6666666	4153.46153826	4148.84615364	4143.07692287	4120.12820485	4146.79487159	4142.69230749	4129.99999973	4145.25641005	4130.51282024	4147.94871774	4141.02564082	4145.12820492	
4140.51282031	4204.99999993	4144.74358954	4138.97435877	4145.51282031	4110.12820485	4142.05128185	4142.69230749	4133.0769228	4140.38461518	4126.02564075	4142.17948697	4141.15384595	4141.53846133	
4120.38461511	4198.71794858	4124.35897408	4113.33333306	4124.8717946	4079.99999966	4124.48717921	4112.17948691	4111.41025614	4105.64102537	4100.76923043	4123.33333306	4122.43589716	4117.69230742	
4110.25640998	4201.15384609	4116.53846126	4103.0769228	4108.71794844	4072.82051248	4114.99999973	4101.66666632	4102.82051255	4099.10256376	4093.07692273	4115.51282024	4117.69230742	4107.94871767	
4121.02564075	4202.30769224	4122.82051255	4110.25640998	4116.15384588	4092.56410222	4124.99999973	4126.66666639	4137.56410236	4125.7692305	4108.84615357	4122.94871767	4130.89743562	4122.17948691	
4121.79487152	4197.82051269	4123.33333306	4110.51282024	4120.12820485	4095.89743555	4126.92307665	4126.79487152	4136.02564082	4131.15384588	4110.38461511	4121.41025614	4131.53846126	4121.41025614	
4105.12820485	4195.64102551	4112.43589716	4098.8461535	4107.30769203	4072.05128171	4101.53846119	4096.53846119	4094.87179453	4096.66666632	4091.66666632	4108.46153819	4118.33333306	4101.53846119	
4109.48717921	4197.69230756	4115.7692305	4100.51282017	4115.7692305	4069.6153842	4102.43589709	4098.58974325	4098.20512786	4087.82051248	4094.35897402	4114.99999973	4118.33333306	4108.46153819	
4122.94871767	4194.87179474	4127.43589716	4111.79487152	4131.92307665	4083.97435863	4124.10256383	4115.38461511	4124.35897408	4118.46153819	4112.43589716	4129.23076896	4129.61538434	4125.51282024	
4113.71794844	4192.94871781	4123.20512793	4110.7692305	4116.92307665	4079.35897402	4110.38461511	4102.05128171	4122.82051255	4126.53846126	4108.58974332	4124.10256383	4132.17948691	4116.66666639	
4108.46153819	4194.61538448	4120.51282024	4108.33333306	4109.48717921	4069.48717907	4096.15384581	4096.41025607	4119.99999973	4108.71794844	4097.56410222	4121.66666639	4127.94871767	4113.9743587	
4113.84615357	4192.69230756	4120.89743562	4107.94871767	4113.71794844	4059.48717907	4106.41025614	4110.89743562	4118.20512793	4102.43589709	4096.92307658	4123.84615357	4124.74358947	4121.41025614	
4104.61538434	4186.92307679	4106.79487152	4099.61538427	4095.12820478	4057.05128164	4099.10256376	4102.56410229	4100.76923043	4099.35897402	4090.89743555	4107.69230742	4121.28205101	4106.41025614	
4107.30769203	4188.84615371	4109.8717946	4105.7692305	4102.05128171	4081.53846119	4094.10256376	4092.82051248	4106.15384588	4097.82051248	4092.56410222	4110.38461511	4124.61538434	4103.71794844	
4128.71794844	4195.76923063	4132.17948691	4123.58974332	4127.94871767	4093.58974325	4111.92307665	4109.8717946	4129.61538434	4111.15384588	4112.17948691	4137.17948697	4134.23076896	4128.9743587	
4126.28205101	4191.92307679	4129.10256383	4116.15384588	4108.46153819	4065.12820472	4104.48717921	4109.99999973	4122.94871767	4110.7692305	4113.20512793	4133.84615357	4132.30769203	4126.15384588	
4116.28205101	4187.69230756	4118.9743587	4104.35897408	4091.79487145	4045.64102523	4089.48717914	4098.46153812	4103.20512793	4108.58974332	4103.20512793	4118.58974332	4127.30769203	4111.15384588	
4117.94871767	4188.07692294	4119.74358947	4105.51282024	4116.41025614	4053.7179483	4099.10256376	4103.33333306	4104.23076896	4110.51282024	4103.33333306	4120.25640998	4129.74358947	4116.92307665	
4122.56410229	4189.74358961	4124.8717946	4108.9743587	4132.43589716	4071.53846119	4116.02564075	4109.48717921	4114.10256383	4105.12820485	4109.10256383	4129.61538434	4132.05128178	4125.51282024	
4129.23076896	4194.10256397	4134.35897408	4112.05128178	4120.7692305	4086.15384581	4123.46153819	4111.92307665	4115.64102537	4109.99999973	4113.33333306	4137.43589723	4134.8717946	4130.25640998	
4128.46153819	4192.69230756	4133.84615357	4108.9743587	4105.38461511	4081.66666632	4114.61538434	4112.30769203	4112.94871767	4116.53846126	4105.64102537	4132.30769203	4134.74358947	4129.10256383	
4119.10256383	4186.92307679	4123.0769228	4105.7692305	4098.46153812	4071.02564068	4104.99999973	4102.94871767	4106.92307665	4109.35897408	4098.20512786	4125.12820485	4131.66666639	4121.92307665	
4118.84615357	4186.41025628	4120.64102537	4108.9743587	4106.02564075	4068.46153805	4104.23076896	4093.07692273	4099.35897402	4100.89743555	4098.33333299	4128.9743587	4130.25640998	4118.0769228	
4126.41025614	4191.02564089	4129.35897408	4111.53846126	4117.30769203	4066.410256	4106.92307665	4098.20512786	4102.69230742	4096.15384581	4097.94871761	4134.8717946	4130.12820485	4121.79487152	
4131.28205101	4195.64102551	4137.43589723	4116.79487152	4121.79487152	4073.58974325	4117.43589716	4108.33333306	4116.15384588	4102.82051255	4104.10256383	4137.3076921	4135.64102544	4127.43589716	
4123.0769228	4192.82051269	4125.51282024	4112.82051255	4116.28205101	4078.97435863	4117.05128178	4096.92307658	4106.66666639	4109.10256383	4099.61538427	4126.53846126	4134.99999973	4115.38461511	
4102.82051255	4183.97435884	4102.30769196	4090.89743555	4097.43589709	4062.82051241	4094.61538427	4077.56410222	4086.15384581	4086.66666632	4074.7435894	4104.48717921	4121.02564075	4092.30769196	
4104.61538434	4184.48717935	4107.30769203	4089.35897402	4094.87179453	4065.76923036	4097.05128171	4091.41025607	4102.30769196	4073.71794837	4073.46153812	4105.64102537	4122.69230742	4095.76923043	
4119.23076896	4192.17948704	4123.9743587	4108.0769228	4116.79487152	4085.89743555	4119.48717921	4115.64102537	4122.05128178	4093.8461535	4096.79487145	4120.12820485	4137.69230749	4112.82051255	
4111.41025614	4193.3333332	4118.58974332	4108.0769228	4126.02564075	4073.58974325	4113.71794844	4110.38461511	4108.58974332	4102.17948684	4095.6410253	4114.74358947	4136.02564082	4107.17948691	
4107.30769203	4191.66666653	4114.35897408	4103.9743587	4113.20512793	4062.30769189	4105.12820485	4102.17948684	4101.79487145	4104.23076896	4089.10256376	4111.41025614	4129.8717946	4102.56410229	
4112.94871767	4190.89743576	4113.33333306	4102.69230742	4094.87179453	4074.35897402	4104.48717921	4102.56410229	4109.48717921	4102.69230742	4092.30769196	4114.35897408	4132.69230742	4103.71794844	
4107.43589716	4195.38461525	4104.8717946	4093.97435863	4089.35897402	4073.20512786	4093.07692273	4092.56410222	4107.43589716	4086.28205094	4084.48717914	4107.56410229	4133.9743587	4094.48717914	
4101.92307658	4198.97435884	4103.0769228	4088.20512786	4098.58974325	4057.56410215	4088.8461535	4086.41025607	4101.41025607	4083.07692273	4077.43589709	4102.94871767	4131.28205101	4088.20512786	
4104.74358947	4183.07692294	4108.33333306	4088.8461535	4102.43589709	4053.84615343	4097.69230735	4096.15384581	4100.25640991	4089.87179453	4083.8461535	4108.58974332	4132.69230742	4093.97435863	
4110.25640998	4172.17948704	4115.25640998	4096.53846119	4106.28205101	4059.99999959	4110.89743562	4105.38461511	4099.23076889	4099.23076889	4096.53846119	4118.71794844	4138.71794851	4107.43589716	
4122.94871767	4185.76923063	4126.92307665	4111.15384588	4127.69230742	4068.84615343	4124.8717946	4115.64102537	4107.82051255	4125.89743562	4107.69230742	4130.7692305	4147.3076921	4121.02564075	
4122.94871767	4190.12820499	4127.56410229	4114.10256383	4127.56410229	4071.53846119	4115.12820485	4110.38461511	4111.53846126	4119.10256383	4110.38461511	4130.7692305	4150.38461518	4116.79487152	
4103.33333306	4175.76923063	4116.02564075	4107.82051255	4098.07692273	4070.12820478	4088.97435863	4086.53846119	4101.28205094	4076.92307658	4105.38461511	4119.48717921	4144.74358954	4101.79487145	
4106.15384588	4175.51282038	4122.17948691	4125.51282024	4104.61538434	4072.43589709	4094.23076889	4086.02564068	4097.43589709	4083.58974325	4110.51282024	4124.99999973	4144.23076903	4106.41025614	
4130.7692305	4189.2307691	4146.53846133	4162.3076921	4139.9999998	4070.12820478	4115.7692305	4101.41025607	4095.38461504	4116.66666639	4130.89743562	4148.97435877	4156.66666646	4123.9743587	
4137.82051262	4192.05128192	4157.43589723	4180.64102551	4143.33333313	4068.33333292	4112.56410229	4097.82051248	4097.30769196	4112.69230742	4147.3076921	4162.69230749	4162.56410236	4128.71794844	
4134.23076896	4188.58974345	4157.94871774	4189.10256397	4139.9999998	4071.53846119	4101.02564068	4093.46153812	4107.05128178	4116.53846126	4161.41025621	4167.94871774	4160.89743569	4131.79487152	
4149.35897415	4196.02564089	4177.30769217	4217.82051275	4163.46153826	4076.79487145	4111.92307665	4113.84615357	4111.66666639	4143.71794851	4191.66666653	4189.2307691	4174.99999986	4152.17948697	
4167.82051262	4202.69230763	4199.35897422	4246.28205129	4173.3333332	4080.6410253	4133.33333306	4125.89743562	4115.12820485	4142.94871774	4220.51282045	4211.15384609	4187.56410243	4169.87179474	
4171.02564089	4200.25641012	4203.58974352	4254.87179488	4175.38461525	4077.05128171	4141.53846133	4121.79487152	4123.9743587	4128.0769228	4223.4615384	4215.89743583	4183.07692294	4172.94871781	
4172.05128192	4199.99999986	4205.7692307	4262.82051282	4190.76923063	4075.6410253	4137.05128185	4128.20512793	4125.38461511	4136.02564082	4224.74358968	4219.48717942	4185.51282038	4176.15384602	
4175.64102551	4203.84615378	4208.4615384	4271.15384623	4197.4358973	4084.48717914	4140.38461518	4139.74358954	4119.74358947	4143.58974339	4236.53846154	4221.79487173	4193.97435884	4176.66666653	
4176.5384614	4205.12820506	4208.58974352	4267.05128212	4195.51282038	4102.43589709	4154.61538441	4144.1025639	4123.84615357	4144.61538441	4237.6923077	4218.84615378	4190.38461525	4176.92307679	
4173.3333332	4199.87179474	4208.84615378	4260.51282052	4195.89743576	4101.02564068	4155.89743569	4137.94871774	4127.05128178	4152.17948697	4228.4615384	4219.87179481	4183.3333332	4178.97435884	
4179.48717935	4197.30769217	4216.15384609	4271.28205136	4203.33333327	4087.82051248	4154.87179467	4144.61538441	4133.58974332	4157.05128185	4232.82051275	4232.17948711	4190.38461525	4186.41025628	
4187.17948704	4196.79487166	4220.51282045	4282.94871802	4210.38461532	4086.92307658	4157.05128185	4157.82051262	4141.92307672	4152.56410236	4239.87179488	4236.53846154	4194.35897422	4191.5384614	
4171.79487166	4189.61538448	4207.17948711	4269.87179495	4203.58974352	4092.30769196	4145.64102544	4143.07692287	4131.53846126	4142.43589723	4225.89743583	4219.48717942	4182.69230756	4179.48717935	
4158.07692287	4188.71794858	4195.25641012	4251.92307693	4192.69230756	4091.92307658	4132.56410229	4117.30769203	4112.56410229	4125.51282024	4206.79487173	4205.89743583	4170.76923063	4165.25641005	
4174.48717935	4200.25641012	4208.84615378	4268.07692315	4211.41025634	4088.46153812	4145.51282031	4120.38461511	4109.74358947	4118.20512793	4212.05128199	4218.20512814	4174.74358961	4177.30769217	
4191.5384614	4211.02564096	4232.82051275	4295.25641033	4238.46153847	4101.28205094	4169.99999986	4144.1025639	4119.61538434	4140.12820492	4234.48717949	4237.30769231	4188.46153833	4202.43589737	
4186.41025628	4208.58974352	4231.79487173	4290.1282052	4227.43589737	4108.46153819	4167.17948697	4147.05128185	4121.79487152	4154.35897415	4236.66666667	4236.7948718	4193.58974345	4198.84615371	
4182.4358973	4199.48717935	4219.87179481	4276.41025648	4220.64102558	4106.15384588	4151.41025621	4130.38461511	4122.82051255	4135.89743569	4221.28205122	4229.35897429	4187.17948704	4184.48717935	
4184.2307691	4195.51282038	4218.58974352	4279.74358982	4233.97435898	4109.61538434	4152.82051262	4120.38461511	4123.46153819	4118.9743587	4214.48717942	4230.12820506	4178.20512807	4183.84615371	
4185.64102551	4199.48717935	4219.61538455	4284.35897443	4228.71794865	4103.71794844	4157.69230749	4121.15384588	4116.15384588	4114.8717946	4213.71794865	4232.17948711	4179.10256397	4185.38461525	
4184.48717935	4204.23076917	4217.43589737	4277.17948725	4216.79487173	4095.38461504	4145.89743569	4119.48717921	4105.64102537	4111.02564075	4215.89743583	4228.71794865	4184.74358961	4182.82051269	
4183.84615371	4206.28205122	4221.79487173	4275.64102571	4237.43589744	4103.0769228	4140.64102544	4122.05128178	4111.28205101	4124.61538434	4225.64102558	4228.58974352	4186.41025628	4182.94871781	
4191.79487166	4211.6666666	4230.7692307	4286.923077	4253.20512821	4118.71794844	4152.56410236	4134.61538434	4118.9743587	4142.56410236	4230.51282045	4237.82051282	4187.30769217	4191.92307679	
4202.43589737	4216.41025634	4232.43589737	4291.53846161	4237.82051282	4126.02564075	4163.33333313	4140.25641005	4112.43589716	4129.48717921	4224.10256404	4243.84615385	4189.48717935	4197.69230756	
4206.79487173	4218.33333327	4233.58974352	4291.28205136	4237.05128206	4126.66666639	4170.89743576	4133.9743587	4110.89743562	4111.41025614	4226.53846147	4244.10256411	4190.51282038	4201.53846147	
4209.61538455	4218.33333327	4238.84615385	4296.53846161	4252.17948718	4123.9743587	4168.84615371	4122.30769203	4108.0769228	4121.15384588	4239.87179488	4248.20512821	4192.05128192	4207.05128199	
4206.15384609	4217.94871788	4233.84615385	4296.28205136	4251.7948718	4124.48717921	4154.87179467	4109.99999973	4109.35897408	4129.35897408	4231.41025634	4243.71794872	4191.15384602	4197.94871781	
4198.07692294	4218.20512814	4225.89743583	4290.64102571	4243.71794872	4143.84615364	4155.38461518	4112.30769203	4128.0769228	4115.51282024	4212.05128199	4230.7692307	4183.58974345	4186.66666653	
4211.02564096	4222.05128199	4239.48717949	4302.56410271	4247.43589744	4160.12820492	4184.48717935	4141.02564082	4142.43589723	4122.56410229	4229.10256404	4240.76923077	4191.02564089	4203.84615378	
4221.6666666	4226.28205122	4252.30769231	4315.38461553	4254.10256411	4150.51282031	4194.35897422	4164.61538441	4136.15384595	4146.41025621	4251.02564103	4254.23076923	4204.87179481	4220.51282045	
4199.48717935	4220.12820506	4229.35897429	4296.15384623	4246.92307693	4132.69230742	4163.07692287	4147.17948697	4126.15384588	4136.15384595	4229.23076917	4235.38461539	4194.2307691	4197.05128192	
4181.66666653	4211.15384609	4205.51282045	4272.82051289	4234.87179488	4136.41025621	4142.69230749	4113.58974332	4116.79487152	4103.9743587	4199.2307691	4216.15384609	4176.5384614	4170.25641012	
4200.38461525	4214.74358968	4227.30769224	4284.87179495	4242.05128206	4150.12820492	4161.41025621	4126.41025614	4122.69230742	4109.8717946	4212.30769224	4234.87179488	4183.71794858	4188.84615371	
4223.4615384	4224.10256404	4257.43589744	4308.4615386	4258.46153847	4153.97435877	4180.64102551	4163.07692287	4152.56410236	4148.46153826	4239.23076923	4259.87179488	4199.74358961	4221.92307686	
4212.30769224	4222.94871788	4246.02564103	4301.66666681	4252.05128206	4156.92307672	4169.61538448	4144.9999998	4147.69230749	4154.48717928	4237.05128206	4253.46153847	4198.3333332	4214.74358968	
4199.48717935	4217.17948711	4235.8974359	4288.84615392	4242.82051282	4167.94871774	4163.97435877	4115.38461511	4125.25640998	4138.84615364	4235.76923077	4243.20512821	4191.92307679	4199.2307691	
4209.99999993	4219.61538455	4249.23076923	4298.58974366	4248.20512821	4172.17948704	4177.69230756	4131.15384588	4134.99999973	4137.82051262	4247.82051282	4250.51282052	4197.69230756	4212.30769224	
4212.82051275	4223.4615384	4246.7948718	4302.05128219	4252.94871795	4160.25641005	4181.5384614	4143.71794851	4143.205128	4141.15384595	4244.61538462	4253.46153847	4203.4615384	4217.05128199	
4204.61538455	4217.43589737	4231.15384609	4285.38461546	4246.41025641	4154.74358954	4172.56410243	4136.79487159	4141.53846133	4138.46153826	4232.5641025	4243.58974359	4200.25641012	4200.25641012	
4208.07692301	4212.94871788	4233.71794865	4278.84615392	4239.74358975	4168.20512807	4170.51282038	4151.92307672	4146.79487159	4149.9999998	4239.61538462	4245.25641026	4198.84615371	4199.87179474	
4211.28205122	4219.10256404	4239.87179488	4287.56410264	4252.05128206	4177.56410243	4175.25641012	4173.46153833	4151.92307672	4167.05128185	4244.23076923	4250.8974359	4199.87179474	4207.94871788	
4200.64102551	4218.97435891	4229.48717942	4280.64102571	4252.82051282	4167.94871774	4171.41025628	4174.35897422	4161.53846133	4162.3076921	4234.23076923	4240.12820513	4198.3333332	4200.51282038	
4194.61538448	4208.97435891	4221.92307686	4265.25641026	4229.10256404	4168.58974345	4170.12820499	4171.28205115	4162.43589723	4151.15384595	4233.84615385	4229.61538455	4199.87179474	4196.5384614	
4199.10256397	4210.25641019	4226.15384609	4265.0	4232.43589737	4194.10256397	4179.87179474	4171.28205115	4153.33333313	4157.94871774	4235.25641026	4233.4615384	4202.82051275	4200.76923063	
4202.82051275	4215.7692307	4227.82051275	4260.76923077	4253.33333334	4196.79487166	4182.30769217	4170.12820499	4170.64102551	4176.02564089	4237.43589744	4237.05128206	4204.74358968	4205.64102558	
4196.02564089	4207.94871788	4215.25641019	4237.43589744	4225.38461532	4164.23076903	4164.48717928	4157.69230749	4166.66666646	4167.3076921	4234.74358975	4226.28205122	4202.17948711	4200.89743576	
4184.10256397	4203.97435891	4203.71794865	4224.48717942	4192.4358973	4163.33333313	4155.25641005	4146.02564082	4133.84615357	4145.12820492	4213.58974352	4214.10256404	4195.25641012	4189.87179474	
4182.17948704	4203.58974352	4204.23076917	4220.89743583	4205.64102558	4202.17948711	4173.58974345	4153.97435877	4153.205128	4152.43589723	4202.94871788	4207.30769224	4192.4358973	4186.41025628	
4172.69230756	4190.64102551	4189.74358961	4189.74358961	4199.99999986	4199.48717935	4168.84615371	4152.17948697	4169.99999986	4155.89743569	4200.25641012	4191.79487166	4188.58974345	4173.58974345	
4160.89743569	4184.74358961	4172.69230756	4165.64102544	4183.97435884	4173.97435884	4148.58974339	4141.53846133	4142.3076921	4147.69230749	4184.99999986	4178.84615371	4181.28205115	4161.02564082	
4173.97435884	4192.82051269	4183.97435884	4186.79487166	4205.12820506	4194.74358961	4161.53846133	4159.61538441	4152.56410236	4166.15384595	4189.35897422	4187.30769217	4188.46153833	4173.46153833	
4180.12820499	4189.48717935	4188.71794858	4192.17948704	4202.05128199	4206.41025634	4172.05128192	4182.94871781	4181.79487166	4182.94871781	4203.71794865	4190.76923063	4200.38461525	4179.10256397	
4161.79487159	4179.2307691	4173.46153833	4164.61538441	4176.02564089	4181.92307679	4156.15384595	4176.79487166	4169.74358961	4167.82051262	4191.92307679	4175.51282038	4196.28205115	4166.79487159	
4158.71794851	4182.94871781	4169.87179474	4156.28205108	4188.71794858	4184.2307691	4152.05128185	4169.10256397	4166.66666646	4163.84615364	4181.66666653	4170.38461525	4185.64102551	4165.64102544	
4166.02564082	4183.97435884	4167.17948697	4153.33333313	4197.05128192	4208.71794865	4158.97435877	4173.07692294	4184.74358961	4173.46153833	4179.35897422	4169.10256397	4184.2307691	4162.56410236	
4159.61538441	4174.99999986	4154.61538441	4130.12820485	4172.05128192	4201.02564096	4153.58974339	4167.56410236	4183.71794858	4173.3333332	4161.28205108	4154.87179467	4186.41025628	4152.69230749	
4151.28205108	4173.97435884	4149.23076903	4111.79487152	4161.15384595	4183.46153833	4151.28205108	4161.02564082	4180.25641012	4174.61538448	4147.05128185	4142.43589723	4184.2307691	4151.15384595	
4145.89743569	4172.56410243	4142.05128185	4103.58974332	4162.17948697	4189.2307691	4156.53846133	4168.20512807	4187.17948704	4172.56410243	4138.58974339	4135.64102544	4176.66666653	4144.9999998	
4139.48717928	4164.87179467	4129.10256383	4088.97435863	4159.48717928	4202.43589737	4156.92307672	4169.2307691	4190.12820499	4166.92307672	4120.25640998	4125.7692305	4170.12820499	4134.99999973	
4133.71794844	4160.25641005	4121.53846126	4071.15384581	4165.25641005	4198.71794858	4149.48717928	4155.64102544	4184.99999986	4166.79487159	4113.20512793	4115.64102537	4169.61538448	4131.28205101	
4125.12820485	4158.84615364	4111.66666639	4055.38461497	4159.87179467	4183.07692294	4140.51282031	4149.35897415	4179.10256397	4160.51282031	4111.66666639	4106.02564075	4165.89743569	4122.30769203	
4115.25640998	4158.46153826	4100.25640991	4040.89743548	4136.53846133	4179.61538448	4139.35897415	4151.02564082	4175.89743576	4149.61538441	4094.10256376	4092.17948684	4157.43589723	4107.94871767	
4117.56410229	4158.97435877	4100.89743555	4038.20512779	4131.02564075	4192.4358973	4140.38461518	4150.76923056	4178.07692294	4148.84615364	4084.23076889	4087.43589709	4155.12820492	4108.84615357	
4126.92307665	4158.97435877	4106.79487152	4047.69230728	4145.38461518	4201.15384609	4138.97435877	4161.15384595	4185.89743576	4160.12820492	4090.38461504	4098.46153812	4159.48717928	4119.8717946	
4131.53846126	4162.43589723	4113.0769228	4057.82051241	4151.92307672	4195.64102551	4144.35897415	4174.2307691	4190.76923063	4164.35897415	4092.56410222	4107.43589716	4165.12820492	4123.9743587	
4135.89743569	4167.17948697	4122.56410229	4061.15384574	4153.33333313	4192.30769217	4153.33333313	4170.64102551	4193.46153833	4161.41025621	4098.07692273	4108.84615357	4170.25641012	4124.61538434	
4139.87179467	4164.74358954	4125.7692305	4058.84615343	4157.3076921	4203.71794865	4156.15384595	4162.56410236	4191.92307679	4160.38461518	4106.53846126	4111.79487152	4172.56410243	4127.56410229	
4136.15384595	4163.71794851	4117.05128178	4053.7179483	4148.97435877	4203.07692301	4153.33333313	4164.35897415	4184.10256397	4161.92307672	4102.17948684	4109.99999973	4169.2307691	4127.43589716	
4125.89743562	4165.25641005	4108.58974332	4048.97435856	4139.35897415	4191.5384614	4152.56410236	4166.41025621	4185.12820499	4166.15384595	4092.43589709	4100.89743555	4166.41025621	4122.30769203	
4127.82051255	4162.17948697	4109.74358947	4051.28205087	4150.25641005	4198.46153833	4156.66666646	4167.3076921	4198.97435884	4172.56410243	4091.66666632	4100.25640991	4167.3076921	4123.33333306	
4135.25640998	4162.43589723	4112.17948691	4054.99999959	4158.58974339	4203.20512814	4161.66666646	4172.56410243	4202.5641025	4170.12820499	4095.6410253	4105.89743562	4169.2307691	4125.51282024	
4127.17948691	4166.66666646	4108.84615357	4051.02564061	4149.74358954	4182.82051269	4166.92307672	4173.3333332	4190.38461525	4156.92307672	4097.43589709	4102.05128171	4169.35897422	4121.15384588	
4119.99999973	4164.48717928	4108.0769228	4049.23076882	4149.35897415	4162.3076921	4164.74358954	4168.97435884	4184.74358961	4154.87179467	4096.66666632	4096.41025607	4166.15384595	4120.64102537	
4123.46153819	4158.97435877	4109.23076896	4051.28205087	4153.46153826	4158.97435877	4156.79487159	4166.41025621	4187.69230756	4155.51282031	4092.30769196	4096.53846119	4162.3076921	4121.92307665	
4127.82051255	4162.3076921	4108.71794844	4048.58974318	4152.69230749	4162.56410236	4160.89743569	4170.64102551	4187.05128192	4148.58974339	4091.92307658	4101.15384581	4163.58974339	4121.66666639	
4135.25640998	4167.94871774	4116.66666639	4048.84615343	4160.25641005	4162.43589723	4176.15384602	4180.12820499	4185.51282038	4159.74358954	4099.10256376	4107.30769203	4168.46153833	4124.48717921	
4137.3076921	4164.48717928	4122.56410229	4051.92307651	4159.23076903	4157.43589723	4177.30769217	4186.5384614	4184.61538448	4168.71794858	4098.97435863	4106.28205101	4169.87179474	4126.53846126	
4127.69230742	4159.1025639	4114.35897408	4051.15384574	4146.66666646	4156.66666646	4169.35897422	4183.71794858	4183.3333332	4149.35897415	4091.28205094	4103.33333306	4165.64102544	4123.46153819	
