4225.12820506	4219.48717942	4199.48717935	4187.56410243	4198.84615371	4193.46153833	4143.33333313	4128.20512793	4172.05128192	4182.69230756	4173.46153833	4185.12820499	4187.56410243	3707.82051164	
4212.5641025	4235.8974359	4219.10256404	4212.30769224	4225.25641019	4220.51282045	4160.64102544	4151.28205108	4192.69230756	4206.92307686	4195.38461525	4210.89743583	4213.71794865	3788.46153749	
4214.87179481	4225.89743583	4208.97435891	4201.53846147	4217.82051275	4215.7692307	4152.94871774	4148.58974339	4190.12820499	4201.41025634	4186.28205115	4203.33333327	4207.17948711	3832.94871705	
4213.84615378	4224.35897429	4209.23076917	4195.76923063	4211.92307686	4215.38461532	4158.58974339	4142.05128185	4181.92307679	4193.58974345	4185.64102551	4198.84615371	4201.41025634	3776.53846057	
4206.79487173	4232.69230763	4216.41025634	4203.97435891	4223.58974352	4222.43589737	4165.38461518	4152.17948697	4189.99999986	4199.99999986	4195.12820499	4206.6666666	4209.48717942	3795.25640929	
4206.02564096	4227.94871788	4205.89743583	4201.53846147	4221.02564096	4213.4615384	4158.84615364	4143.58974339	4183.07692294	4193.46153833	4180.51282038	4194.10256397	4198.97435884	3799.48717852	
4204.87179481	4232.30769224	4208.84615378	4209.10256404	4224.23076917	4217.69230763	4158.97435877	4146.53846133	4188.71794858	4199.87179474	4181.28205115	4193.46153833	4201.79487173	3783.97435801	
4205.25641019	4233.71794865	4208.97435891	4209.99999993	4220.7692307	4216.41025634	4157.17948697	4148.71794851	4190.76923063	4199.87179474	4182.4358973	4194.35897422	4197.82051269	3792.30769134	
4206.79487173	4236.41025641	4203.58974352	4210.51282045	4217.82051275	4211.15384609	4155.12820492	4147.05128185	4186.79487166	4193.84615371	4176.15384602	4190.51282038	4192.17948704	3796.79487083	
4211.53846147	4241.02564103	4206.02564096	4215.12820506	4222.69230763	4215.25641019	4156.92307672	4151.28205108	4191.92307679	4199.2307691	4177.56410243	4191.28205115	4198.3333332	3798.20512724	
4215.51282045	4240.25641026	4211.41025634	4214.10256404	4224.48717942	4220.38461532	4162.43589723	4158.07692287	4202.30769224	4206.6666666	4185.89743576	4197.82051269	4206.41025634	3812.17948628	
4215.51282045	4242.05128206	4213.4615384	4215.51282045	4225.51282045	4219.74358968	4164.61538441	4159.48717928	4201.41025634	4206.6666666	4188.84615371	4197.94871781	4206.28205122	3823.97435807	
4216.79487173	4249.61538462	4216.79487173	4224.99999993	4230.51282045	4223.58974352	4163.84615364	4163.33333313	4199.10256397	4208.84615378	4191.15384602	4196.92307679	4208.58974352	3832.30769141	
4216.79487173	4250.76923077	4216.79487173	4225.12820506	4232.82051275	4229.99999993	4167.17948697	4172.56410243	4209.48717942	4214.10256404	4192.17948704	4203.07692301	4215.12820506	3842.69230686	
4211.02564096	4249.61538462	4218.4615384	4219.99999993	4238.33333334	4235.12820513	4174.35897422	4179.48717935	4219.10256404	4222.30769224	4193.58974345	4211.6666666	4220.64102558	3847.43589661	
4206.15384609	4255.12820513	4225.12820506	4225.89743583	4244.48717949	4238.84615385	4174.74358961	4182.30769217	4220.12820506	4223.84615378	4198.07692294	4217.43589737	4223.58974352	3854.74358891	
4212.05128199	4249.23076923	4218.07692301	4222.43589737	4230.25641019	4229.99999993	4163.84615364	4164.48717928	4200.89743576	4203.97435891	4182.4358973	4203.84615378	4207.69230763	3834.1025632	
4216.28205122	4235.38461539	4205.25641019	4208.07692301	4214.99999993	4216.41025634	4157.56410236	4142.3076921	4181.66666653	4190.12820499	4166.15384595	4185.64102551	4191.28205115	3798.71794775	
4210.64102558	4223.58974352	4197.56410243	4194.99999986	4207.94871788	4200.51282038	4153.71794851	4136.79487159	4176.02564089	4188.71794858	4163.71794851	4180.51282038	4183.71794858	3786.92307595	
4210.51282045	4210.7692307	4189.74358961	4182.69230756	4194.61538448	4187.94871781	4146.41025621	4132.17948691	4168.97435884	4181.15384602	4154.61538441	4176.02564089	4173.3333332	3771.02563999	
4214.48717942	4203.20512814	4182.17948704	4174.99999986	4181.5384614	4186.41025628	4144.74358954	4126.41025614	4167.82051262	4176.92307679	4143.33333313	4167.05128185	4166.02564082	3755.6410246	
4216.92307686	4196.41025628	4171.41025628	4166.15384595	4167.94871774	4180.25641012	4145.64102544	4119.10256383	4166.92307672	4173.20512807	4137.56410236	4153.46153826	4154.87179467	3741.5384605	
4216.15384609	4189.2307691	4163.97435877	4157.3076921	4163.84615364	4173.84615371	4144.35897415	4109.10256383	4157.82051262	4164.87179467	4131.15384588	4142.82051262	4143.33333313	3715.64102453	
4208.84615378	4182.4358973	4160.89743569	4153.84615364	4168.3333332	4174.35897422	4140.64102544	4099.99999966	4144.9999998	4158.97435877	4125.12820485	4140.25641005	4139.61538441	3697.82051164	
4202.30769224	4172.4358973	4149.61538441	4145.25641005	4159.1025639	4166.79487159	4134.74358947	4078.97435863	4128.0769228	4148.97435877	4115.89743562	4135.38461518	4130.25640998	3664.23076798	
4204.74358968	4166.92307672	4140.51282031	4136.92307672	4147.05128185	4156.28205108	4132.17948691	4065.5128201	4116.66666639	4135.89743569	4105.64102537	4128.20512793	4116.79487152	3643.46153721	
4209.87179481	4168.58974345	4144.61538441	4141.02564082	4148.97435877	4156.02564082	4133.46153819	4078.20512786	4118.0769228	4135.38461518	4106.53846126	4127.69230742	4117.17948691	3678.58974241	
4205.64102558	4166.79487159	4144.35897415	4141.53846133	4147.82051262	4151.02564082	4131.02564075	4081.41025607	4115.12820485	4135.64102544	4107.05128178	4124.23076896	4118.84615357	3697.30769113	
4200.25641012	4163.46153826	4141.41025621	4135.64102544	4141.41025621	4147.3076921	4132.05128178	4077.05128171	4112.82051255	4133.20512793	4105.51282024	4121.79487152	4117.56410229	3693.84615267	
4199.2307691	4168.84615371	4147.56410236	4139.9999998	4145.64102544	4154.48717928	4139.35897415	4088.58974325	4127.69230742	4143.58974339	4117.94871767	4131.53846126	4127.17948691	3710.25640915	
4198.3333332	4175.38461525	4155.51282031	4149.1025639	4151.41025621	4155.51282031	4141.66666646	4097.94871761	4138.205128	4155.89743569	4130.89743562	4141.15384595	4137.82051262	3731.66666556	
4197.56410243	4181.79487166	4161.53846133	4156.28205108	4157.69230749	4159.61538441	4142.82051262	4099.87179453	4140.25641005	4159.23076903	4131.79487152	4143.84615364	4141.79487159	3746.79487076	
4198.3333332	4185.89743576	4164.23076903	4159.23076903	4167.82051262	4170.64102551	4147.17948697	4102.17948684	4140.76923056	4156.92307672	4128.20512793	4143.46153826	4141.28205108	3756.79487076	
4196.92307679	4180.38461525	4159.61538441	4153.07692287	4164.9999998	4165.89743569	4143.97435877	4097.56410222	4133.9743587	4152.69230749	4126.53846126	4142.43589723	4138.46153826	3759.99999896	
4192.69230756	4178.84615371	4158.33333313	4151.79487159	4156.79487159	4157.43589723	4136.15384595	4087.82051248	4130.89743562	4151.02564082	4126.66666639	4142.43589723	4137.69230749	3745.89743486	
4194.35897422	4184.35897422	4162.05128185	4160.76923056	4162.05128185	4165.64102544	4137.43589723	4091.28205094	4134.99999973	4150.64102544	4126.15384588	4141.53846133	4136.15384595	3751.66666563	
4200.25641012	4187.69230756	4164.9999998	4165.25641005	4173.46153833	4174.99999986	4146.41025621	4110.25640998	4138.97435877	4154.74358954	4132.05128178	4146.92307672	4141.66666646	3788.33333236	
4200.12820499	4184.99999986	4163.71794851	4159.23076903	4170.89743576	4167.69230749	4146.41025621	4115.38461511	4138.33333313	4156.53846133	4135.64102544	4151.92307672	4149.23076903	3794.74358877	
4198.07692294	4182.05128192	4155.12820492	4153.46153826	4162.17948697	4161.92307672	4140.38461518	4103.58974332	4130.25640998	4143.84615364	4119.35897408	4139.74358954	4134.74358947	3771.02563999	
4200.76923063	4185.89743576	4154.61538441	4157.17948697	4165.25641005	4168.07692287	4147.82051262	4103.84615357	4126.79487152	4137.3076921	4113.84615357	4133.84615357	4123.0769228	3768.33333229	
4201.15384609	4187.05128192	4164.35897415	4157.69230749	4171.02564089	4173.3333332	4158.58974339	4121.02564075	4142.05128185	4153.33333313	4133.9743587	4147.3076921	4140.89743569	3808.33333243	
4197.17948704	4181.66666653	4164.1025639	4151.66666646	4166.41025621	4171.41025628	4156.92307672	4130.12820485	4156.79487159	4166.66666646	4143.205128	4152.17948697	4156.79487159	3831.66666577	
4194.48717935	4181.15384602	4159.23076903	4152.56410236	4161.28205108	4169.2307691	4152.05128185	4119.23076896	4151.66666646	4161.15384595	4135.25640998	4146.15384595	4151.15384595	3802.69230672	
4191.66666653	4181.79487166	4155.76923056	4152.94871774	4159.9999998	4164.23076903	4148.58974339	4106.28205101	4140.64102544	4147.3076921	4126.66666639	4142.82051262	4138.84615364	3786.41025544	
4188.46153833	4175.89743576	4154.35897415	4147.69230749	4153.46153826	4153.84615364	4145.25641005	4093.33333299	4136.28205108	4138.46153826	4121.15384588	4140.64102544	4130.7692305	3757.82051178	
4186.41025628	4179.87179474	4163.33333313	4152.94871774	4155.51282031	4156.28205108	4150.12820492	4096.53846119	4148.84615364	4148.33333313	4131.02564075	4148.97435877	4139.1025639	3774.23076819	
4188.20512807	4188.84615371	4169.87179474	4161.15384595	4166.66666646	4166.66666646	4154.9999998	4126.92307665	4167.94871774	4162.3076921	4144.74358954	4159.87179467	4156.02564082	3942.30769169	
4189.99999986	4184.87179474	4164.23076903	4156.53846133	4166.15384595	4165.89743569	4152.05128185	4143.97435877	4169.87179474	4161.15384595	4140.25641005	4156.28205108	4156.15384595	4081.28205094	
4186.79487166	4182.69230756	4165.76923056	4155.89743569	4161.66666646	4163.97435877	4155.25641005	4144.61538441	4172.4358973	4163.97435877	4142.3076921	4159.61538441	4157.69230749	4078.20512786	
4185.64102551	4184.10256397	4168.3333332	4157.69230749	4161.41025621	4166.66666646	4162.3076921	4153.07692287	4182.94871781	4169.99999986	4147.94871774	4165.12820492	4165.12820492	4069.35897395	
4179.2307691	4194.48717935	4174.48717935	4168.07692287	4178.84615371	4186.15384602	4169.74358961	4175.64102551	4199.35897422	4179.99999986	4156.79487159	4170.51282038	4176.66666653	4114.48717921	
4179.87179474	4185.25641012	4165.64102544	4155.38461518	4169.10256397	4178.97435884	4158.46153826	4167.56410236	4188.58974345	4168.46153833	4147.17948697	4159.1025639	4164.87179467	4114.10256383	
4192.69230756	4153.33333313	4140.12820492	4120.12820485	4130.51282024	4146.15384595	4150.76923056	4120.64102537	4147.3076921	4132.30769203	4112.69230742	4128.84615357	4125.7692305	4030.76923029	
4140.64102544	4251.53846154	4231.53846147	4232.94871788	4248.20512821	4252.6923077	4217.69230763	4249.74358975	4277.05128212	4255.0	4231.15384609	4245.38461539	4254.61538462	4194.10256397	
4218.58974352	4132.56410229	4114.10256383	4100.89743555	4108.9743587	4119.8717946	4110.89743562	4125.25640998	4149.61538441	4135.25640998	4100.89743555	4113.71794844	4120.7692305	4110.7692305	
4289.2307693	3996.66666611	3988.71794817	3949.48717887	3946.28205066	3974.61538406	4065.25640984	3893.97435821	3927.94871726	3940.64102502	3920.38461469	3934.4871788	3913.07692239	3734.74358864	
4146.79487159	4242.43589744	4218.58974352	4225.7692307	4228.58974352	4226.79487173	4225.51282045	4187.4358973	4215.51282045	4218.4615384	4197.17948704	4209.35897429	4211.28205122	4053.97435856	
4212.82051275	4133.46153819	4114.10256383	4108.9743587	4097.56410222	4101.15384581	4105.51282024	4093.20512786	4111.28205101	4117.05128178	4085.6410253	4103.33333306	4103.0769228	4109.99999973	
4233.97435898	4083.97435863	4072.56410222	4050.12820472	4041.15384574	4052.94871754	4118.0769228	3986.66666611	4007.43589695	4027.82051234	4016.53846106	4034.87179439	4014.487179	3944.74358912	
4123.20512793	4284.48717956	4257.56410257	4266.79487187	4275.51282059	4258.84615385	4236.28205129	4258.46153847	4272.05128212	4268.84615392	4256.7948718	4272.30769238	4279.48717956	4149.1025639	
4195.38461525	4159.23076903	4138.33333313	4130.38461511	4125.38461511	4121.02564075	4127.43589716	4122.17948691	4136.79487159	4132.82051255	4121.79487152	4138.71794851	4139.87179467	3967.94871733	
4184.61538448	4178.58974345	4160.12820492	4153.71794851	4148.58974339	4147.17948697	4165.76923056	4123.20512793	4139.35897415	4143.58974339	4138.84615364	4151.53846133	4146.53846133	4037.43589702	
4163.205128	4221.28205122	4197.82051269	4201.53846147	4199.74358961	4197.05128192	4182.05128192	4202.5641025	4214.48717942	4214.35897429	4198.84615371	4208.58974352	4214.74358968	4243.33333334	
4184.48717935	4164.9999998	4139.23076903	4137.69230749	4132.30769203	4141.66666646	4147.3076921	4116.66666639	4137.69230749	4144.1025639	4127.43589716	4137.69230749	4137.05128185	4109.61538434	
4168.46153833	4193.58974345	4166.02564082	4168.84615371	4170.51282038	4174.2307691	4170.76923063	4145.89743569	4165.76923056	4172.05128192	4154.9999998	4164.1025639	4166.15384595	4078.58974325	
4183.3333332	4182.30769217	4160.64102544	4161.28205108	4165.51282031	4168.46153833	4165.64102544	4156.28205108	4166.92307672	4168.58974345	4151.79487159	4160.76923056	4163.97435877	4086.92307658	
4180.76923063	4185.89743576	4161.28205108	4162.94871774	4168.46153833	4176.41025628	4173.97435884	4161.02564082	4170.76923063	4175.38461525	4154.61538441	4167.05128185	4166.53846133	4092.43589709	
4172.17948704	4186.28205115	4157.94871774	4159.74358954	4165.64102544	4174.48717935	4171.92307679	4149.61538441	4167.17948697	4170.76923063	4147.17948697	4162.3076921	4161.02564082	4068.33333292	
4173.07692294	4176.79487166	4152.05128185	4155.38461518	4157.17948697	4159.23076903	4162.43589723	4136.41025621	4158.46153826	4156.53846133	4140.12820492	4151.92307672	4151.66666646	4049.74358933	
4172.69230756	4187.05128192	4163.84615364	4168.97435884	4165.25641005	4160.89743569	4161.28205108	4154.35897415	4166.66666646	4167.94871774	4161.53846133	4169.74358961	4169.35897422	4123.71794844	
4175.76923063	4188.3333332	4166.15384595	4168.84615371	4158.58974339	4153.71794851	4156.41025621	4148.07692287	4155.76923056	4162.3076921	4162.82051262	4173.84615371	4169.2307691	4189.61538448	
4175.64102551	4184.10256397	4162.94871774	4167.56410236	4145.64102544	4141.79487159	4154.35897415	4127.69230742	4141.15384595	4147.94871774	4150.89743569	4163.46153826	4156.41025621	4117.82051255	
4170.89743576	4191.02564089	4170.89743576	4177.05128192	4141.92307672	4138.33333313	4152.17948697	4125.89743562	4138.33333313	4149.35897415	4157.43589723	4167.82051262	4158.46153826	3982.43589688	
4174.99999986	4191.41025628	4175.38461525	4178.84615371	4133.84615357	4128.84615357	4140.25641005	4113.46153819	4123.58974332	4138.97435877	4154.35897415	4169.35897422	4151.02564082	3939.74358912	
4177.05128192	4197.05128192	4181.79487166	4190.51282038	4130.12820485	4124.61538434	4135.89743569	4105.25640998	4111.92307665	4125.25640998	4148.46153826	4171.79487166	4143.58974339	4053.7179483	
4176.02564089	4208.58974352	4188.20512807	4204.99999993	4128.46153819	4121.02564075	4132.56410229	4102.69230742	4104.74358947	4114.23076896	4144.48717928	4171.79487166	4138.58974339	4170.89743576	
4180.38461525	4202.94871788	4180.76923063	4199.48717935	4122.05128178	4107.94871767	4123.71794844	4087.43589709	4093.07692273	4102.30769196	4129.74358947	4156.66666646	4123.9743587	4105.12820485	
4175.25641012	4204.87179481	4182.94871781	4204.10256404	4133.84615357	4117.30769203	4129.35897408	4097.56410222	4105.38461511	4118.58974332	4138.33333313	4162.69230749	4133.9743587	3970.25640963	
4174.2307691	4202.17948711	4176.41025628	4198.84615371	4127.69230742	4120.25640998	4130.12820485	4100.89743555	4104.99999973	4123.71794844	4142.05128185	4162.05128185	4135.51282031	3917.30769162	
4174.74358961	4193.84615371	4167.69230749	4185.25641012	4120.12820485	4116.15384588	4132.56410229	4101.53846119	4104.99999973	4119.61538434	4137.94871774	4154.23076903	4131.92307665	4028.97435849	
4169.99999986	4199.87179474	4177.30769217	4190.25641012	4144.87179467	4132.05128178	4143.07692287	4124.48717921	4132.82051255	4137.69230749	4150.51282031	4165.51282031	4152.43589723	4170.64102551	
4179.35897422	4193.71794858	4175.38461525	4186.15384602	4147.43589723	4136.28205108	4139.9999998	4123.58974332	4133.20512793	4137.05128185	4146.92307672	4159.61538441	4149.1025639	4147.17948697	
4178.97435884	4198.3333332	4179.74358961	4189.87179474	4154.1025639	4151.41025621	4153.46153826	4141.92307672	4145.25641005	4151.41025621	4160.51282031	4166.02564082	4160.38461518	4087.30769196	
4177.69230756	4193.71794858	4172.56410243	4176.79487166	4152.17948697	4150.38461518	4162.3076921	4153.205128	4152.43589723	4159.1025639	4162.94871774	4166.53846133	4169.74358961	4061.66666625	
4179.35897422	4181.92307679	4161.41025621	4164.35897415	4144.48717928	4141.41025621	4160.76923056	4138.71794851	4140.76923056	4145.64102544	4148.46153826	4156.15384595	4157.3076921	4077.43589709	
4164.9999998	4200.64102551	4181.02564089	4190.25641012	4173.71794858	4171.15384602	4171.5384614	4165.25641005	4172.4358973	4174.87179474	4172.69230756	4179.87179474	4180.12820499	4132.17948691	
4178.20512807	4166.66666646	4152.05128185	4149.1025639	4140.51282031	4144.9999998	4154.87179467	4134.99999973	4144.61538441	4152.56410236	4143.58974339	4146.53846133	4151.15384595	4086.53846119	
4175.25641012	4174.61538448	4155.89743569	4151.92307672	4150.25641005	4154.35897415	4172.17948704	4136.79487159	4145.51282031	4153.07692287	4144.74358954	4146.92307672	4155.64102544	4089.48717914	
4161.28205108	4215.51282045	4186.66666653	4196.5384614	4194.48717935	4191.41025628	4186.79487166	4184.87179474	4193.97435884	4194.61538448	4180.38461525	4185.12820499	4194.61538448	4165.38461518	
4185.12820499	4164.61538441	4142.05128185	4142.17948697	4137.56410236	4137.56410236	4150.51282031	4121.41025614	4134.23076896	4139.48717928	4122.30769203	4131.02564075	4131.41025614	4071.15384581	
4163.58974339	4190.64102551	4172.69230756	4170.89743576	4170.12820499	4168.58974345	4177.56410243	4149.23076903	4162.82051262	4164.74358954	4151.28205108	4161.66666646	4162.56410236	4038.20512779	
4160.25641005	4210.51282045	4187.05128192	4188.71794858	4187.94871781	4184.74358961	4174.61538448	4174.74358961	4186.41025628	4183.3333332	4170.12820499	4179.74358961	4185.51282038	4074.23076889	
4176.41025628	4181.41025628	4152.43589723	4153.97435877	4151.92307672	4148.71794851	4156.02564082	4121.41025614	4132.05128178	4138.46153826	4130.38461511	4139.48717928	4140.89743569	4069.87179453	
4152.69230749	4214.35897429	4185.38461525	4193.07692294	4191.79487166	4184.35897422	4180.76923063	4168.3333332	4179.87179474	4183.46153833	4175.51282038	4183.58974345	4189.48717935	4162.94871774	
4195.12820499	4145.51282031	4129.74358947	4120.7692305	4108.33333306	4120.38461511	4141.79487159	4101.66666632	4117.56410229	4117.82051255	4105.7692305	4117.05128178	4116.28205101	4059.48717907	
4149.61538441	4228.33333327	4212.05128199	4212.82051275	4207.43589737	4217.43589737	4221.15384609	4206.6666666	4214.10256404	4211.6666666	4199.74358961	4211.28205122	4215.51282045	4116.92307665	
4132.82051255	4260.8974359	4237.82051282	4247.05128206	4253.07692308	4248.97435898	4209.74358968	4290.51282059	4288.20512828	4279.74358982	4252.05128206	4263.07692308	4285.38461546	4254.23076923	
4294.87179495	3963.20512758	3961.41025579	3918.5897429	3907.05128136	3939.99999938	4036.66666618	3902.82051206	3916.92307623	3930.64102495	3907.94871726	3919.4871788	3907.56410187	3801.53846057	
4205.7692307	4115.7692305	4105.12820485	4084.7435894	4082.43589709	4110.64102537	4199.74358961	4043.84615343	4059.48717907	4074.87179453	4069.6153842	4069.35897395	4059.6153842	3900.64102488	
4093.71794837	4330.89743604	4299.35897443	4321.1538463	4332.56410278	4331.53846168	4286.53846161	4366.53846182	4368.07692336	4357.94871816	4336.02564124	4331.66666681	4366.41025669	4344.35897457	
4192.05128192	4152.17948697	4134.61538434	4127.69230742	4121.79487152	4140.51282031	4149.1025639	4151.79487159	4162.82051262	4156.15384595	4132.17948691	4134.48717921	4156.28205108	4124.74358947	
4170.25641012	4188.58974345	4170.12820499	4165.76923056	4157.17948697	4173.97435884	4200.12820499	4160.64102544	4176.5384614	4174.87179474	4159.23076903	4160.38461518	4171.92307679	4097.30769196	
4145.51282031	4240.12820513	4211.79487173	4219.35897429	4215.51282045	4216.79487173	4213.58974352	4232.05128199	4241.53846154	4238.58974359	4219.99999993	4219.74358968	4239.87179488	4205.38461532	
4170.25641012	4190.64102551	4164.23076903	4169.48717935	4164.9999998	4164.48717928	4179.48717935	4163.205128	4175.25641012	4176.66666653	4160.64102544	4163.58974339	4179.2307691	4134.23076896	
4156.92307672	4212.30769224	4188.20512807	4195.64102551	4191.41025628	4192.56410243	4198.3333332	4189.99999986	4203.4615384	4204.35897429	4183.07692294	4187.94871781	4201.02564096	4156.41025621	
4160.76923056	4197.69230756	4175.25641012	4174.61538448	4173.20512807	4179.35897422	4186.92307679	4179.74358961	4190.64102551	4191.15384602	4166.41025621	4172.56410243	4184.10256397	4142.05128185	
4160.12820492	4182.82051269	4159.61538441	4156.79487159	4158.07692287	4163.205128	4181.79487166	4152.3076921	4163.97435877	4167.43589723	4147.82051262	4152.82051262	4167.69230749	4095.6410253	
4130.38461511	4227.05128199	4202.69230763	4209.10256404	4208.84615378	4209.74358968	4207.43589737	4199.61538448	4215.12820506	4218.20512814	4200.76923063	4199.61538448	4221.02564096	4147.56410236	
4141.66666646	4197.4358973	4179.74358961	4182.30769217	4176.92307679	4183.58974345	4181.92307679	4175.12820499	4192.30769217	4198.07692294	4176.15384602	4175.51282038	4191.66666653	4131.41025614	
4150.12820492	4160.51282031	4147.3076921	4142.56410236	4139.48717928	4149.9999998	4171.02564089	4120.64102537	4140.12820492	4153.33333313	4134.10256383	4136.79487159	4144.48717928	4038.97435856	
4097.82051248	4247.56410257	4222.94871788	4232.5641025	4237.17948718	4236.7948718	4218.84615378	4226.41025634	4244.10256411	4252.05128206	4233.58974352	4231.02564096	4250.51282052	4161.92307672	
4129.8717946	4194.48717935	4172.17948704	4175.38461525	4171.28205115	4179.87179474	4167.82051262	4172.30769217	4193.46153833	4200.76923063	4177.94871781	4173.20512807	4190.38461525	4119.23076896	
4143.84615364	4154.1025639	4135.64102544	4133.46153819	4125.89743562	4141.28205108	4158.58974339	4105.12820485	4133.33333306	4147.43589723	4128.0769228	4123.9743587	4132.43589716	4016.02564054	
4106.15384588	4207.05128199	4180.38461525	4187.69230756	4187.4358973	4190.12820499	4185.76923063	4173.97435884	4199.87179474	4212.43589737	4192.30769217	4184.61538448	4203.07692301	4100.89743555	
4128.33333306	4157.17948697	4130.51282024	4133.58974332	4129.23076896	4133.84615357	4146.79487159	4108.71794844	4138.71794851	4152.56410236	4135.64102544	4123.58974332	4142.56410236	4013.20512772	
4117.69230742	4161.41025621	4134.74358947	4142.17948697	4133.20512793	4143.205128	4159.87179467	4102.05128171	4137.82051262	4152.43589723	4135.89743569	4123.0769228	4141.92307672	3984.74358919	
4110.89743562	4164.23076903	4139.48717928	4144.23076903	4132.17948691	4144.74358954	4155.12820492	4110.25640998	4143.205128	4162.94871774	4138.205128	4127.82051255	4145.64102544	3996.1538456	
4118.46153819	4146.15384595	4123.0769228	4124.10256383	4112.94871767	4121.66666639	4149.1025639	4081.15384581	4109.74358947	4132.94871767	4111.15384588	4102.82051255	4113.58974332	3941.9230763	
4105.38461511	4162.56410236	4137.3076921	4143.205128	4135.76923056	4139.9999998	4164.48717928	4108.84615357	4134.8717946	4148.205128	4129.10256383	4125.64102537	4134.48717921	3965.64102502	
4109.35897408	4145.89743569	4122.82051255	4123.58974332	4112.69230742	4123.33333306	4147.05128185	4084.99999966	4116.79487152	4131.15384588	4107.17948691	4106.53846126	4111.66666639	3929.87179418	
4106.41025614	4151.53846133	4129.35897408	4131.28205101	4117.94871767	4126.15384588	4152.69230749	4081.79487145	4111.92307665	4133.46153819	4107.05128178	4103.46153819	4108.58974332	3916.92307623	
4104.35897408	4161.15384595	4136.15384595	4141.28205108	4134.35897408	4133.84615357	4161.66666646	4108.46153819	4129.99999973	4147.94871774	4121.79487152	4117.94871767	4127.05128178	3955.25640963	
4113.20512793	4129.35897408	4104.99999973	4102.05128171	4098.46153812	4104.74358947	4144.1025639	4072.43589709	4098.20512786	4117.43589716	4093.46153812	4089.7435894	4096.53846119	3914.74358905	
4081.53846119	4157.56410236	4135.76923056	4135.12820485	4133.46153819	4144.9999998	4169.35897422	4098.33333299	4129.8717946	4151.41025621	4128.71794844	4121.28205101	4132.05128178	3938.46153784	
4069.87179453	4173.20512807	4152.43589723	4155.89743569	4155.12820492	4163.07692287	4165.38461518	4131.53846126	4160.12820492	4179.10256397	4149.35897415	4142.43589723	4161.15384595	3985.64102509	
4130.38461511	4063.84615343	4044.87179446	4030.89743541	4023.46153798	4040.5128201	4096.02564068	3982.82051227	4012.05128157	4042.56410215	4017.05128157	4009.10256362	4013.33333285	3786.79487083	
4052.30769189	4190.51282038	4156.02564082	4166.92307672	4171.28205115	4174.2307691	4199.61538448	4109.8717946	4143.205128	4170.64102551	4153.71794851	4135.38461518	4147.3076921	3903.4615377	
3990.76923022	4301.53846168	4256.28205129	4292.94871802	4306.28205142	4295.64102571	4232.82051275	4288.07692315	4321.28205142	4332.30769252	4298.84615392	4279.87179495	4316.28205142	4172.69230756	
4109.8717946	4084.61538427	4056.66666625	4055.12820472	4052.94871754	4068.07692266	4081.79487145	4020.25640977	4054.10256369	4081.79487145	4048.7179483	4041.28205087	4053.33333292	3862.43589661	
4100.12820478	4096.66666632	4072.17948684	4066.28205087	4066.92307651	4077.82051248	4129.99999973	3998.71794817	4027.56410208	4063.97435856	4045.76923036	4037.17948677	4038.97435856	3773.58974255	
4056.410256	4184.10256397	4156.53846133	4164.9999998	4171.92307679	4168.71794858	4178.71794858	4142.94871774	4166.92307672	4184.61538448	4157.94871774	4144.74358954	4165.64102544	3962.05128143	
4092.82051248	4114.10256383	4094.10256376	4089.48717914	4092.05128171	4102.30769196	4133.33333306	4072.69230735	4101.02564068	4117.05128178	4087.43589709	4075.76923043	4092.30769196	3893.58974283	
4078.97435863	4135.25640998	4115.12820485	4112.17948691	4113.9743587	4127.56410229	4158.33333313	4089.99999966	4115.25640998	4137.43589723	4110.7692305	4101.02564068	4112.05128178	3897.94871719	
4081.66666632	4146.28205108	4124.99999973	4123.0769228	4120.64102537	4134.23076896	4160.51282031	4114.35897408	4136.28205108	4152.56410236	4119.35897408	4114.48717921	4128.33333306	3929.87179418	
4089.48717914	4145.38461518	4122.17948691	4117.43589716	4114.99999973	4129.61538434	4162.05128185	4112.82051255	4140.25641005	4146.66666646	4108.84615357	4107.69230742	4122.56410229	3933.07692239	
4080.51282017	4156.53846133	4133.9743587	4131.53846126	4132.82051255	4145.38461518	4171.28205115	4122.94871767	4152.69230749	4156.53846133	4123.46153819	4119.99999973	4129.99999973	3952.94871733	
4079.61538427	4149.1025639	4127.69230742	4127.43589716	4129.61538434	4143.205128	4168.20512807	4114.23076896	4138.46153826	4146.41025621	4121.66666639	4112.30769203	4121.79487152	3947.30769169	
4077.17948684	4152.69230749	4123.71794844	4127.30769203	4134.35897408	4142.17948697	4167.94871774	4114.23076896	4136.79487159	4151.15384595	4122.56410229	4113.58974332	4127.30769203	3941.53846092	
4072.05128171	4154.48717928	4123.33333306	4129.48717921	4136.53846133	4139.61538441	4162.56410236	4110.89743562	4133.84615357	4153.46153826	4119.61538434	4118.20512793	4125.12820485	3934.35897367	
4073.71794837	4147.56410236	4123.46153819	4129.35897408	4124.10256383	4133.0769228	4157.56410236	4098.58974325	4119.8717946	4140.12820492	4110.89743562	4109.8717946	4114.48717921	3920.38461469	
4071.92307658	4160.51282031	4137.94871774	4143.84615364	4134.23076896	4144.61538441	4168.3333332	4111.79487152	4135.64102544	4152.17948697	4124.61538434	4119.48717921	4133.46153819	3936.92307623	
4070.76923043	4166.15384595	4141.15384595	4144.9999998	4142.82051262	4145.76923056	4167.43589723	4129.10256383	4151.28205108	4165.64102544	4136.28205108	4129.35897408	4146.66666646	3980.76923022	
4076.41025607	4146.02564082	4123.84615357	4122.56410229	4118.71794844	4123.71794844	4156.02564082	4111.79487152	4130.51282024	4144.48717928	4123.46153819	4113.58974332	4127.56410229	3972.43589688	
4060.89743548	4164.35897415	4142.82051262	4143.46153826	4135.64102544	4144.87179467	4171.28205115	4133.71794844	4156.15384595	4166.53846133	4151.02564082	4137.69230749	4155.89743569	3995.12820458	
4061.02564061	4157.43589723	4137.43589723	4136.02564082	4133.20512793	4141.53846133	4162.05128185	4131.41025614	4153.84615364	4166.41025621	4144.87179467	4135.25640998	4150.12820492	3995.76923022	
4065.5128201	4136.41025621	4118.84615357	4114.61538434	4116.92307665	4125.12820485	4154.9999998	4099.87179453	4116.41025614	4137.17948697	4116.79487152	4111.92307665	4118.71794844	3946.9230763	
4050.25640984	4157.56410236	4137.43589723	4137.82051262	4141.41025621	4149.61538441	4171.66666653	4119.61538434	4134.48717921	4155.12820492	4138.71794851	4131.53846126	4141.02564082	3971.41025586	
4056.53846113	4147.82051262	4127.94871767	4124.48717921	4130.12820485	4138.07692287	4159.1025639	4106.15384588	4128.0769228	4145.51282031	4124.61538434	4118.46153819	4126.41025614	3958.46153784	
4056.53846113	4148.07692287	4129.23076896	4123.0769228	4132.69230742	4135.38461518	4159.48717928	4100.89743555	4124.8717946	4141.02564082	4116.53846126	4115.25640998	4118.84615357	3937.17948649	
4054.6153842	4156.41025621	4140.12820492	4136.79487159	4143.205128	4143.205128	4167.17948697	4115.89743562	4132.30769203	4145.64102544	4126.79487152	4127.43589716	4127.30769203	3960.64102502	
4065.38461497	4147.17948697	4134.23076896	4129.74358947	4129.10256383	4135.25640998	4164.48717928	4108.46153819	4121.92307665	4133.58974332	4115.64102537	4120.51282024	4115.12820485	3957.8205122	
4064.48717907	4158.46153826	4141.41025621	4138.07692287	4142.94871774	4148.33333313	4172.4358973	4127.05128178	4143.07692287	4150.25641005	4120.38461511	4130.89743562	4126.79487152	3978.97435842	
4067.82051241	4156.15384595	4138.71794851	4133.9743587	4144.48717928	4145.25641005	4167.56410236	4130.51282024	4146.53846133	4152.05128185	4119.74358947	4127.82051255	4127.56410229	3989.23076868	
4067.82051241	4149.87179467	4137.56410236	4129.99999973	4136.15384595	4134.23076896	4160.51282031	4119.99999973	4135.38461518	4146.41025621	4124.61538434	4126.02564075	4126.02564075	3982.30769176	
4060.38461497	4152.05128185	4138.84615364	4135.38461518	4131.53846126	4129.8717946	4156.66666646	4118.33333306	4133.71794844	4148.84615364	4131.15384588	4133.46153819	4131.15384588	3978.84615329	
4061.79487138	4145.12820492	4128.20512793	4128.33333306	4116.53846126	4117.05128178	4145.89743569	4097.43589709	4118.0769228	4132.43589716	4119.10256383	4122.56410229	4116.28205101	3939.48717887	
4060.76923036	4142.69230749	4127.30769203	4125.12820485	4113.33333306	4113.20512793	4143.07692287	4088.71794837	4112.43589716	4128.20512793	4118.84615357	4117.05128178	4111.15384588	3921.28205059	
4058.33333292	4143.46153826	4127.69230742	4123.71794844	4113.0769228	4116.53846126	4146.53846133	4097.82051248	4116.53846126	4138.46153826	4120.64102537	4118.46153819	4116.53846126	3929.61538392	
4061.79487138	4140.25641005	4122.82051255	4118.20512793	4112.43589716	4119.74358947	4150.12820492	4099.99999966	4114.23076896	4137.94871774	4115.64102537	4117.69230742	4114.10256383	3930.12820444	
4060.12820472	4140.25641005	4126.15384588	4119.8717946	4118.20512793	4125.89743562	4155.38461518	4104.23076896	4118.9743587	4138.46153826	4122.43589716	4124.48717921	4118.9743587	3941.15384553	
4056.28205087	4137.94871774	4125.51282024	4119.48717921	4113.58974332	4125.38461511	4154.9999998	4101.28205094	4121.28205101	4137.05128185	4120.12820485	4119.48717921	4118.0769228	3931.53846085	
4057.30769189	4132.30769203	4116.15384588	4113.58974332	4106.66666639	4122.94871767	4151.53846133	4087.94871761	4111.15384588	4126.53846126	4103.20512793	4102.43589709	4105.12820485	3903.97435821	
4056.92307651	4140.89743569	4123.58974332	4121.92307665	4122.69230742	4134.61538434	4156.92307672	4094.7435894	4113.84615357	4132.56410229	4108.9743587	4111.41025614	4111.15384588	3915.38461469	
4061.410256	4152.05128185	4139.9999998	4134.8717946	4139.35897415	4143.205128	4163.97435877	4120.12820485	4130.7692305	4143.97435877	4126.41025614	4132.17948691	4129.10256383	3969.23076861	
4066.15384574	4156.66666646	4143.46153826	4139.35897415	4141.15384595	4144.74358954	4168.58974345	4139.1025639	4143.71794851	4144.87179467	4129.10256383	4136.53846133	4135.51282031	4013.07692259	
4063.7179483	4161.15384595	4139.74358954	4141.28205108	4142.69230749	4148.58974339	4169.61538448	4136.53846133	4144.35897415	4144.61538441	4121.41025614	4128.9743587	4126.02564075	4002.17948663	
4067.56410215	4157.05128185	4132.17948691	4134.99999973	4136.02564082	4141.15384595	4164.61538441	4119.10256383	4132.43589716	4138.46153826	4110.89743562	4117.43589716	4108.58974332	3981.79487124	
4069.48717907	4153.58974339	4131.15384588	4133.58974332	4129.48717921	4132.05128178	4165.76923056	4114.8717946	4128.33333306	4137.05128185	4113.0769228	4118.20512793	4109.61538434	3985.89743535	
4063.20512779	4152.82051262	4130.7692305	4137.43589723	4125.7692305	4129.61538434	4164.1025639	4114.23076896	4127.56410229	4140.25641005	4113.84615357	4118.0769228	4115.64102537	3973.20512765	
4061.15384574	4147.56410236	4123.71794844	4134.61538434	4120.25640998	4128.20512793	4156.15384595	4111.53846126	4123.9743587	4136.41025621	4108.0769228	4111.28205101	4108.9743587	3962.05128143	
4063.20512779	4145.38461518	4121.79487152	4131.28205101	4123.58974332	4129.74358947	4155.76923056	4110.25640998	4125.25640998	4136.28205108	4113.58974332	4111.79487152	4110.38461511	3965.76923015	
4063.07692266	4149.61538441	4124.99999973	4133.9743587	4128.58974332	4133.20512793	4159.9999998	4108.58974332	4128.0769228	4145.38461518	4124.8717946	4117.17948691	4120.38461511	3972.0512815	
4065.38461497	4156.41025621	4129.61538434	4139.23076903	4130.38461511	4135.64102544	4162.05128185	4116.28205101	4132.17948691	4150.25641005	4129.8717946	4120.7692305	4127.43589716	3987.56410201	
4069.35897395	4157.3076921	4132.43589716	4139.48717928	4133.84615357	4136.28205108	4163.46153826	4123.20512793	4134.23076896	4149.48717928	4132.69230742	4123.46153819	4131.66666639	3995.64102509	
4063.97435856	4154.9999998	4133.84615357	4141.53846133	4139.87179467	4138.33333313	4166.02564082	4129.61538434	4137.94871774	4156.66666646	4141.79487159	4131.28205101	4138.97435877	4007.30769183	
4064.10256369	4157.82051262	4137.05128185	4146.28205108	4140.51282031	4141.02564082	4167.82051262	4138.205128	4145.76923056	4163.71794851	4146.02564082	4137.17948697	4143.205128	4023.20512772	
4071.79487145	4166.79487159	4147.3076921	4150.76923056	4142.94871774	4147.94871774	4178.20512807	4152.69230749	4157.56410236	4171.79487166	4150.38461518	4145.25641005	4151.15384595	4048.97435856	
4072.43589709	4172.82051269	4156.41025621	4154.35897415	4155.51282031	4157.82051262	4189.35897422	4173.97435884	4169.61538448	4181.5384614	4164.35897415	4158.07692287	4165.76923056	4085.6410253	
4075.51282017	4169.99999986	4152.56410236	4153.71794851	4157.3076921	4157.94871774	4183.71794858	4170.51282038	4166.28205108	4175.76923063	4164.48717928	4156.92307672	4162.43589723	4073.97435863	
4079.87179453	4174.87179474	4154.61538441	4157.69230749	4156.92307672	4159.48717928	4179.87179474	4161.28205108	4164.61538441	4173.07692294	4159.61538441	4156.28205108	4160.64102544	4066.66666625	
4081.66666632	4179.87179474	4162.3076921	4162.43589723	4159.1025639	4164.87179467	4184.74358961	4170.76923063	4171.92307679	4181.41025628	4164.61538441	4161.79487159	4169.48717935	4099.35897402	
4082.17948684	4176.02564089	4160.25641005	4162.69230749	4155.38461518	4161.41025621	4183.07692294	4167.3076921	4165.51282031	4174.48717935	4162.69230749	4158.71794851	4163.205128	4091.66666632	
4081.02564068	4176.92307679	4158.205128	4163.84615364	4152.82051262	4156.02564082	4177.82051269	4152.56410236	4155.12820492	4159.48717928	4152.05128185	4152.69230749	4153.84615364	4065.89743548	
4081.15384581	4181.41025628	4164.9999998	4165.25641005	4153.33333313	4158.07692287	4181.41025628	4157.3076921	4160.64102544	4166.28205108	4153.84615364	4157.3076921	4160.38461518	4076.02564068	
4081.53846119	4188.46153833	4175.38461525	4172.17948704	4158.84615364	4165.76923056	4190.89743576	4178.3333332	4177.17948704	4184.87179474	4169.61538448	4172.56410243	4173.71794858	4114.61538434	
4084.23076889	4192.56410243	4176.41025628	4179.87179474	4162.17948697	4165.38461518	4192.56410243	4183.71794858	4183.58974345	4185.64102551	4170.25641012	4178.07692294	4174.87179474	4136.79487159	
4085.12820478	4191.5384614	4174.35897422	4180.12820499	4165.64102544	4164.23076903	4190.64102551	4176.79487166	4179.74358961	4181.28205115	4162.94871774	4172.56410243	4173.07692294	4127.30769203	
4083.07692273	4193.46153833	4175.25641012	4178.58974345	4169.99999986	4171.15384602	4191.15384602	4182.56410243	4182.05128192	4187.82051269	4167.56410236	4169.99999986	4177.69230756	4130.89743562	
4080.89743555	4190.25641012	4171.41025628	4174.48717935	4164.48717928	4169.35897422	4187.17948704	4179.87179474	4178.71794858	4185.38461525	4167.43589723	4165.89743569	4173.07692294	4129.99999973	
4075.76923043	4189.2307691	4171.79487166	4177.56410243	4163.07692287	4164.9999998	4184.99999986	4166.41025621	4168.07692287	4178.71794858	4162.56410236	4167.17948697	4168.3333332	4116.15384588	
4075.89743555	4192.94871781	4173.07692294	4181.28205115	4163.97435877	4163.46153826	4185.76923063	4159.87179467	4160.89743569	4176.15384602	4162.17948697	4169.87179474	4168.58974345	4114.23076896	
4076.28205094	4191.02564089	4168.3333332	4174.99999986	4160.89743569	4158.33333313	4182.82051269	4160.25641005	4162.69230749	4173.71794858	4161.02564082	4164.48717928	4166.66666646	4105.64102537	
4068.20512779	4185.64102551	4167.05128185	4171.15384602	4157.3076921	4154.23076903	4178.07692294	4160.12820492	4164.61538441	4174.74358961	4157.82051262	4161.92307672	4166.15384595	4094.35897402	
4064.87179446	4179.2307691	4162.43589723	4168.20512807	4148.97435877	4148.07692287	4173.71794858	4144.48717928	4151.92307672	4166.41025621	4151.02564082	4158.71794851	4158.33333313	4077.30769196	
4066.66666625	4181.28205115	4161.41025621	4168.97435884	4146.66666646	4147.17948697	4177.56410243	4144.74358954	4153.07692287	4163.33333313	4152.69230749	4159.87179467	4157.69230749	4073.71794837	
4063.46153805	4183.07692294	4164.74358954	4168.71794858	4146.15384595	4150.89743569	4178.71794858	4162.94871774	4166.41025621	4171.5384614	4157.94871774	4163.33333313	4164.9999998	4088.71794837	
4061.410256	4170.38461525	4156.15384595	4157.3076921	4140.51282031	4145.89743569	4170.89743576	4149.23076903	4155.64102544	4165.51282031	4148.58974339	4153.46153826	4153.97435877	4068.58974318	
4062.43589702	4169.10256397	4153.84615364	4156.02564082	4147.05128185	4148.33333313	4174.61538448	4141.92307672	4152.05128185	4163.46153826	4150.12820492	4151.28205108	4150.25641005	4064.23076882	
4061.410256	4173.84615371	4158.46153826	4161.02564082	4148.07692287	4156.66666646	4182.4358973	4158.33333313	4165.64102544	4169.74358961	4160.25641005	4158.33333313	4159.23076903	4081.02564068	
4057.43589702	4165.89743569	4152.3076921	4154.9999998	4133.9743587	4154.35897415	4177.82051269	4145.64102544	4156.92307672	4162.43589723	4150.25641005	4151.28205108	4151.02564082	4053.46153805	
4054.99999959	4166.15384595	4149.1025639	4152.3076921	4140.76923056	4150.25641005	4170.51282038	4129.48717921	4145.89743569	4157.94871774	4143.205128	4147.3076921	4143.205128	4041.66666625	
4057.30769189	4173.97435884	4153.46153826	4157.43589723	4155.38461518	4149.74358954	4167.82051262	4135.25640998	4151.41025621	4164.1025639	4150.89743569	4153.58974339	4146.92307672	4056.15384574	
4057.56410215	4174.10256397	4154.48717928	4162.56410236	4153.58974339	4152.82051262	4169.2307691	4140.64102544	4154.74358954	4166.79487159	4153.84615364	4154.61538441	4148.58974339	4060.12820472	
4056.79487138	4172.94871781	4152.94871774	4163.58974339	4151.41025621	4153.71794851	4174.2307691	4140.25641005	4150.25641005	4162.3076921	4149.1025639	4151.15384595	4147.94871774	4058.97435856	
4059.48717907	4173.20512807	4155.38461518	4161.02564082	4151.15384595	4149.74358954	4176.79487166	4139.9999998	4148.58974339	4162.17948697	4150.12820492	4153.46153826	4152.05128185	4063.20512779	
4059.6153842	4173.58974345	4158.46153826	4158.58974339	4153.07692287	4150.12820492	4178.71794858	4147.69230749	4159.1025639	4173.58974345	4161.66666646	4162.17948697	4161.53846133	4083.58974325	
4059.87179446	4174.61538448	4157.17948697	4155.25641005	4152.05128185	4151.53846133	4180.76923063	4153.71794851	4163.71794851	4175.89743576	4161.92307672	4162.82051262	4162.69230749	4088.20512786	
4061.79487138	4175.38461525	4160.51282031	4157.05128185	4146.41025621	4152.56410236	4180.38461525	4156.53846133	4159.9999998	4167.69230749	4152.94871774	4158.46153826	4158.46153826	4080.38461504	
4062.56410215	4174.87179474	4163.58974339	4156.92307672	4147.43589723	4155.12820492	4177.17948704	4156.41025621	4158.46153826	4167.56410236	4155.64102544	4159.87179467	4158.71794851	4085.12820478	
4061.02564061	4174.10256397	4160.76923056	4149.23076903	4150.76923056	4156.28205108	4177.05128192	4156.41025621	4161.66666646	4177.56410243	4164.87179467	4163.07692287	4164.48717928	4094.7435894	
4054.87179446	4173.97435884	4167.94871774	4156.02564082	4157.94871774	4167.43589723	4188.3333332	4179.99999986	4182.82051269	4197.05128192	4179.87179474	4175.51282038	4181.41025628	4131.66666639	
4058.46153805	4157.69230749	4169.99999986	4154.87179467	4159.23076903	4173.3333332	4194.10256397	4190.64102551	4191.02564089	4198.97435884	4180.25641012	4176.66666653	4183.71794858	4151.02564082	
4062.43589702	4141.92307672	4164.23076903	4139.74358954	4156.53846133	4170.64102551	4193.97435884	4175.89743576	4179.99999986	4185.89743576	4170.64102551	4166.28205108	4172.17948704	4130.7692305	
4041.92307651	4159.61538441	4181.15384602	4159.23076903	4177.94871781	4188.3333332	4204.10256404	4189.10256397	4194.35897422	4203.20512814	4188.3333332	4184.2307691	4189.2307691	4141.92307672	
4038.97435856	4151.53846133	4172.82051269	4157.43589723	4173.71794858	4175.64102551	4189.2307691	4172.4358973	4181.02564089	4194.10256397	4177.4358973	4174.2307691	4177.05128192	4125.7692305	
4060.64102523	4122.94871767	4146.66666646	4127.43589716	4146.53846133	4143.205128	4175.76923063	4131.02564075	4143.07692287	4155.51282031	4143.58974339	4138.46153826	4139.61538441	4081.66666632	
4043.97435856	4160.76923056	4182.94871781	4167.94871774	4184.61538448	4181.92307679	4203.33333327	4180.38461525	4188.58974345	4197.94871781	4185.76923063	4179.2307691	4185.12820499	4133.58974332	
4035.3846149	4168.58974345	4190.51282038	4176.92307679	4188.3333332	4186.5384614	4192.69230756	4191.92307679	4202.05128199	4213.20512814	4195.89743576	4189.10256397	4194.87179474	4137.17948697	
4050.25640984	4138.84615364	4163.07692287	4141.79487159	4154.1025639	4151.66666646	4173.58974345	4148.46153826	4161.79487159	4173.20512807	4158.97435877	4150.64102544	4154.87179467	4089.87179453	
4040.25640984	4163.205128	4186.66666653	4165.38461518	4178.58974345	4178.3333332	4197.94871781	4184.61538448	4191.5384614	4195.25641012	4183.84615371	4177.69230756	4187.17948704	4145.12820492	
4044.23076882	4165.38461518	4190.89743576	4170.89743576	4178.71794858	4182.82051269	4199.35897422	4197.30769217	4198.97435884	4198.97435884	4187.94871781	4185.51282038	4192.30769217	4161.92307672	
4053.84615343	4159.35897415	4186.66666653	4166.66666646	4173.58974345	4176.66666653	4200.51282038	4190.76923063	4193.46153833	4194.2307691	4185.51282038	4179.99999986	4183.20512807	4154.1025639	
4048.58974318	4170.64102551	4196.5384614	4175.64102551	4189.2307691	4192.94871781	4213.20512814	4217.43589737	4220.51282045	4216.15384609	4205.7692307	4195.64102551	4205.25641019	4198.46153833	
4049.10256369	4166.28205108	4190.76923063	4166.53846133	4185.12820499	4195.12820499	4215.25641019	4222.30769224	4226.28205122	4217.5641025	4203.58974352	4193.20512807	4207.5641025	4216.15384609	
4050.89743548	4169.74358961	4194.61538448	4171.79487166	4187.82051269	4199.10256397	4219.99999993	4221.02564096	4229.48717942	4224.23076917	4209.87179481	4202.5641025	4212.94871788	4221.15384609	
4055.38461497	4168.71794858	4197.56410243	4174.74358961	4190.38461525	4198.3333332	4218.58974352	4223.58974352	4231.15384609	4227.30769224	4214.61538455	4209.74358968	4217.30769224	4232.69230763	
4056.02564061	4170.89743576	4201.02564096	4175.25641012	4198.97435884	4201.28205122	4217.82051275	4234.61538462	4236.41025641	4229.99999993	4217.5641025	4209.10256404	4223.58974352	4250.8974359	
4054.99999959	4176.66666653	4203.84615378	4180.89743576	4206.15384609	4202.43589737	4216.28205122	4234.10256411	4233.07692301	4232.5641025	4220.25641019	4207.43589737	4228.20512814	4248.84615385	
4055.76923036	4170.89743576	4198.46153833	4178.20512807	4200.51282038	4196.28205115	4212.05128199	4218.07692301	4218.58974352	4222.94871788	4213.20512814	4201.41025634	4218.71794865	4230.25641019	
4055.76923036	4170.25641012	4198.46153833	4176.92307679	4201.92307686	4197.56410243	4214.10256404	4216.79487173	4217.43589737	4218.84615378	4210.12820506	4196.15384602	4213.33333327	4223.4615384	
4053.97435856	4174.87179474	4197.69230756	4178.20512807	4208.58974352	4201.41025634	4214.87179481	4215.7692307	4216.41025634	4216.92307686	4207.94871788	4188.71794858	4211.53846147	4215.64102558	
4053.46153805	4170.25641012	4190.64102551	4171.79487166	4207.30769224	4200.64102551	4212.69230763	4208.4615384	4213.07692301	4212.05128199	4201.92307686	4180.25641012	4204.48717942	4209.61538455	
4058.46153805	4166.92307672	4190.64102551	4169.2307691	4202.30769224	4199.10256397	4214.23076917	4209.23076917	4218.97435891	4212.82051275	4200.89743576	4177.17948704	4203.58974352	4209.23076917	
4055.89743548	4172.94871781	4194.99999986	4176.66666653	4202.05128199	4200.12820499	4213.71794865	4211.41025634	4217.43589737	4215.64102558	4204.99999993	4180.12820499	4211.79487173	4207.05128199	
4054.99999959	4169.87179474	4190.64102551	4175.38461525	4195.51282038	4196.5384614	4206.79487173	4199.74358961	4199.61538448	4205.12820506	4200.25641012	4175.38461525	4206.15384609	4188.46153833	
4061.02564061	4171.15384602	4194.87179474	4175.76923063	4196.92307679	4201.41025634	4211.28205122	4204.23076917	4206.28205122	4205.7692307	4203.97435891	4176.15384602	4207.05128199	4198.3333332	
4061.15384574	4181.92307679	4204.35897429	4184.48717935	4207.82051275	4207.69230763	4221.79487173	4227.17948711	4233.33333327	4222.94871788	4216.79487173	4184.87179474	4222.05128199	4240.64102564	
4059.35897395	4178.58974345	4196.92307679	4179.48717935	4202.94871788	4198.58974345	4216.53846147	4217.5641025	4228.4615384	4221.15384609	4210.25641019	4176.41025628	4214.99999993	4223.84615378	
4057.30769189	4169.48717935	4187.56410243	4171.79487166	4193.20512807	4190.89743576	4204.48717942	4191.79487166	4203.58974352	4207.5641025	4198.3333332	4164.35897415	4199.2307691	4181.41025628	
4056.79487138	4166.02564082	4186.92307679	4172.17948704	4192.82051269	4190.25641012	4199.2307691	4186.15384602	4196.28205115	4205.25641019	4195.64102551	4162.05128185	4196.15384602	4169.74358961	
4058.84615343	4166.79487159	4185.25641012	4168.58974345	4196.79487166	4189.48717935	4203.71794865	4188.46153833	4203.20512814	4208.07692301	4195.25641012	4160.25641005	4196.15384602	4159.61538441	
4059.35897395	4170.64102551	4184.2307691	4168.3333332	4196.92307679	4189.2307691	4204.61538455	4184.99999986	4199.35897422	4203.58974352	4196.5384614	4161.92307672	4197.17948704	4155.76923056	
4057.82051241	4168.46153833	4184.10256397	4170.38461525	4190.76923063	4185.38461525	4192.94871781	4173.07692294	4179.87179474	4193.71794858	4193.3333332	4162.56410236	4194.10256397	4151.79487159	
4057.17948677	4162.17948697	4179.35897422	4165.25641005	4182.69230756	4178.20512807	4186.41025628	4166.28205108	4171.79487166	4187.05128192	4185.12820499	4152.3076921	4184.48717935	4137.05128185	
4057.94871754	4164.23076903	4179.10256397	4165.64102544	4185.51282038	4181.66666653	4194.10256397	4174.99999986	4184.61538448	4192.05128192	4186.02564089	4151.28205108	4186.92307679	4130.12820485	
4058.07692266	4167.05128185	4182.56410243	4170.25641012	4192.56410243	4188.58974345	4200.64102551	4182.4358973	4193.07692294	4201.15384609	4192.56410243	4159.35897415	4194.74358961	4139.35897415	
4057.30769189	4162.05128185	4178.71794858	4163.46153826	4188.07692294	4182.30769217	4197.17948704	4182.05128192	4191.15384602	4201.53846147	4187.30769217	4156.02564082	4188.20512807	4149.9999998	
4051.28205087	4156.15384595	4173.3333332	4153.84615364	4175.38461525	4170.76923063	4186.5384614	4167.94871774	4179.99999986	4192.05128192	4170.12820499	4146.53846133	4171.92307679	4113.46153819	
4046.02564061	4150.89743569	4169.10256397	4148.71794851	4161.53846133	4159.1025639	4174.87179474	4138.07692287	4153.71794851	4170.64102551	4154.87179467	4136.28205108	4155.12820492	4054.48717907	
4045.25640984	4146.28205108	4162.05128185	4144.9999998	4154.1025639	4149.9999998	4170.64102551	4121.79487152	4135.12820485	4154.87179467	4151.53846133	4127.05128178	4147.17948697	4034.61538413	
4044.6153842	4143.205128	4156.28205108	4143.205128	4152.43589723	4148.97435877	4170.89743576	4125.25640998	4136.53846133	4159.87179467	4156.41025621	4125.64102537	4150.38461518	4032.30769183	
4045.12820472	4136.66666646	4155.38461518	4136.28205108	4147.94871774	4148.46153826	4169.35897422	4127.17948691	4137.3076921	4162.43589723	4155.12820492	4129.23076896	4150.51282031	4024.99999952	
4047.30769189	4126.66666639	4148.71794851	4123.71794844	4140.64102544	4140.12820492	4166.92307672	4115.7692305	4125.51282024	4147.94871774	4144.9999998	4121.53846126	4140.51282031	4001.41025586	
4044.99999959	4125.38461511	4143.33333313	4126.15384588	4141.66666646	4139.9999998	4169.48717935	4112.43589716	4119.8717946	4143.84615364	4142.82051262	4113.33333306	4137.43589723	3989.74358919	
4046.28205087	4122.30769203	4139.9999998	4127.30769203	4137.05128185	4137.69230749	4167.82051262	4114.99999973	4115.89743562	4142.82051262	4139.87179467	4110.25640998	4133.0769228	4001.28205073	
4055.25640984	4111.02564075	4130.51282024	4110.64102537	4122.82051255	4121.15384588	4159.23076903	4095.51282017	4100.6410253	4125.64102537	4122.82051255	4097.69230735	4115.38461511	3983.58974304	
4053.20512779	4114.61538434	4131.92307665	4109.99999973	4125.7692305	4122.05128178	4161.28205108	4094.7435894	4105.12820485	4128.71794844	4124.74358947	4096.41025607	4118.71794844	3990.12820458	
4051.66666625	4111.79487152	4130.25640998	4109.99999973	4122.05128178	4122.56410229	4162.94871774	4106.41025614	4108.58974332	4132.43589716	4127.82051255	4093.07692273	4120.25640998	4014.23076875	
4066.28205087	4091.15384581	4112.05128178	4089.10256376	4100.76923043	4107.30769203	4155.51282031	4088.71794837	4085.38461504	4106.92307665	4101.41025607	4069.7435894	4092.56410222	3989.35897381	
4074.7435894	4086.53846119	4101.15384581	4079.7435894	4093.20512786	4106.15384588	4155.64102544	4075.76923043	4074.10256376	4092.69230735	4086.66666632	4059.10256369	4079.23076889	3985.64102509	
4072.69230735	4083.46153812	4093.33333299	4075.38461504	4084.99999966	4102.94871767	4153.97435877	4070.25640991	4069.99999966	4091.28205094	4087.69230735	4056.02564061	4076.66666632	3958.7179481	
4077.56410222	4062.69230728	4073.46153812	4052.82051241	4059.48717907	4078.33333299	4141.79487159	4039.10256369	4042.82051241	4068.07692266	4065.64102523	4033.58974311	4045.5128201	3823.07692218	
4084.7435894	4053.33333292	4063.84615343	4034.99999952	4047.69230728	4062.82051241	4136.28205108	4010.76923029	4021.2820508	4045.76923036	4039.35897395	4017.05128157	4018.84615336	3710.38461428	
4093.07692273	4039.48717907	4049.10256369	4016.79487131	4026.2820508	4041.02564061	4123.46153819	3992.82051227	4002.69230714	4026.53846106	4017.56410208	4002.9487174	4001.02564047	3697.69230651	
4109.35897408	3988.97435842	3999.87179432	3965.89743528	3963.07692246	3985.89743535	4091.02564068	3951.0256404	3948.84615322	3975.89743535	3975.12820458	3955.76923015	3947.30769169	3680.51281934	
4121.02564075	3949.23076861	3962.69230707	3921.02564033	3915.25640957	3946.53846092	4078.46153812	3912.692307	3895.89743514	3927.30769162	3936.15384546	3913.20512751	3897.30769155	3640.89743458	
4128.0769228	3948.33333271	3961.28205066	3915.25640957	3911.15384546	3941.41025579	4095.12820478	3914.35897367	3884.99999924	3916.92307623	3926.53846085	3908.46153777	3892.5641018	3661.02563978	
4125.89743562	3961.41025579	3971.66666611	3930.89743521	3926.02564033	3952.69230707	4112.56410229	3936.92307623	3906.7948711	3932.692307	3942.43589681	3923.33333264	3911.15384546	3691.92307575	
4110.89743562	3978.58974304	3988.97435842	3951.41025579	3944.61538399	3972.69230714	4121.28205101	3954.23076861	3934.35897367	3958.07692246	3968.58974297	3946.0256404	3932.30769162	3677.56410139	
4107.43589716	3989.10256355	4003.58974304	3961.28205066	3950.51281989	3980.51281996	4124.8717946	3966.9230763	3943.07692246	3972.0512815	3977.17948663	3959.48717887	3943.33333271	3699.61538344	
4123.9743587	3978.58974304	3992.30769176	3948.20512758	3936.7948711	3967.17948656	4122.56410229	3970.25640963	3930.89743521	3962.56410194	3964.10256348	3947.56410194	3933.71794803	3748.71794768	
4132.69230742	3961.79487117	3972.69230714	3930.89743521	3923.71794803	3955.12820451	4122.69230742	3960.64102502	3918.84615316	3945.89743528	3952.69230707	3926.66666598	3917.56410187	3751.02563999	
4124.61538434	3973.84615329	3982.56410201	3943.7179481	3934.74358905	3968.07692246	4133.71794844	3961.9230763	3924.61538392	3949.61538399	3958.84615322	3931.28205059	3926.02564033	3728.46153735	
4120.89743562	4002.82051227	4007.43589695	3968.20512758	3961.9230763	3992.0512815	4143.97435877	3979.10256355	3943.46153784	3969.10256348	3976.28205073	3955.89743528	3950.76923015	3731.66666556	
4115.7692305	4021.41025593	4023.71794824	3987.30769176	3992.0512815	4013.58974311	4152.69230749	4009.35897388	3972.30769176	3996.28205073	4002.69230714	3982.30769176	3978.07692252	3786.6666657	
4099.23076889	4033.97435849	4036.66666618	4009.74358926	4010.25640977	4028.07692259	4160.38461518	4030.51282003	3996.02564047	4020.89743541	4023.97435849	4003.46153791	4002.69230714	3846.53846071	
4083.8461535	4054.74358933	4057.69230728	4029.87179439	4024.10256362	4040.25640984	4162.94871774	4042.94871754	4015.51282003	4041.53846113	4043.07692266	4025.64102516	4026.53846106	3886.41025565	
4072.94871761	4076.92307658	4082.05128171	4049.10256369	4053.58974318	4065.12820472	4166.66666646	4069.23076882	4049.35897395	4072.94871761	4073.58974325	4053.46153805	4056.79487138	3912.94871726	
4065.12820472	4086.79487145	4092.56410222	4066.92307651	4076.79487145	4087.43589709	4172.4358973	4086.79487145	4073.8461535	4098.46153812	4092.94871761	4070.12820478	4077.30769196	3914.99999931	
4060.89743548	4102.30769196	4105.25640998	4086.53846119	4088.71794837	4100.89743555	4177.94871781	4101.53846119	4091.15384581	4112.43589716	4105.89743562	4085.51282017	4096.79487145	3946.28205066	
4059.35897395	4126.66666639	4128.20512793	4108.33333306	4107.82051255	4117.05128178	4181.15384602	4126.02564075	4117.69230742	4131.28205101	4130.38461511	4109.74358947	4124.35897408	3997.0512815	
4058.20512779	4133.46153819	4132.43589716	4116.41025614	4120.51282024	4125.64102537	4176.66666653	4127.56410229	4121.79487152	4138.46153826	4136.53846133	4113.33333306	4128.46153819	4007.30769183	
4059.6153842	4134.23076896	4127.17948691	4119.35897408	4128.20512793	4135.12820485	4178.58974345	4129.48717921	4119.10256383	4138.97435877	4135.38461518	4111.92307665	4127.56410229	4023.07692259	
4056.02564061	4146.79487159	4137.94871774	4131.66666639	4146.79487159	4153.97435877	4188.46153833	4154.35897415	4142.43589723	4155.89743569	4151.92307672	4126.92307665	4147.82051262	4056.28205087	
4045.12820472	4152.05128185	4148.84615364	4137.82051262	4159.1025639	4161.53846133	4187.05128192	4160.64102544	4155.38461518	4169.2307691	4158.84615364	4130.38461511	4155.12820492	4056.53846113	
4039.10256369	4159.23076903	4157.17948697	4145.12820492	4167.94871774	4167.82051262	4183.07692294	4156.92307672	4157.43589723	4178.71794858	4166.79487159	4135.38461518	4160.51282031	4051.02564061	
4040.64102523	4169.61538448	4163.46153826	4157.56410236	4175.76923063	4174.35897422	4179.74358961	4160.64102544	4167.56410236	4187.05128192	4180.38461525	4150.38461518	4174.61538448	4061.02564061	
4039.48717907	4163.46153826	4157.56410236	4156.28205108	4169.10256397	4164.1025639	4171.41025628	4151.15384595	4164.48717928	4178.07692294	4171.79487166	4149.35897415	4168.71794858	4041.28205087	
4038.07692266	4162.3076921	4159.35897415	4153.07692287	4164.1025639	4160.76923056	4171.02564089	4146.66666646	4160.64102544	4174.48717935	4165.76923056	4147.3076921	4163.71794851	4022.56410208	
4041.66666625	4170.38461525	4168.3333332	4155.76923056	4167.82051262	4171.5384614	4176.92307679	4160.12820492	4172.94871781	4183.97435884	4176.15384602	4157.17948697	4173.97435884	4059.99999959	
4037.69230728	4167.94871774	4165.64102544	4152.3076921	4167.3076921	4168.97435884	4173.58974345	4154.48717928	4170.76923063	4182.82051269	4174.2307691	4157.94871774	4170.64102551	4032.05128157	
4030.25640977	4161.53846133	4160.25641005	4146.66666646	4165.51282031	4158.97435877	4165.25641005	4128.84615357	4152.43589723	4172.82051269	4163.205128	4149.9999998	4155.89743569	3892.94871719	
4029.487179	4161.02564082	4158.58974339	4148.33333313	4164.61538441	4163.71794851	4165.76923056	4127.30769203	4152.3076921	4173.97435884	4163.205128	4148.71794851	4154.87179467	3829.61538372	
4029.87179439	4157.05128185	4153.46153826	4145.38461518	4156.02564082	4165.89743569	4165.25641005	4130.38461511	4156.28205108	4174.61538448	4158.205128	4142.82051262	4156.41025621	3851.79487096	
4027.05128157	4151.92307672	4150.12820492	4138.205128	4152.05128185	4155.25641005	4156.02564082	4117.43589716	4146.79487159	4167.94871774	4150.25641005	4137.94871774	4151.66666646	3837.05128115	
4024.10256362	4152.43589723	4150.25641005	4138.58974339	4158.46153826	4149.9999998	4149.23076903	4108.46153819	4136.66666646	4163.33333313	4147.94871774	4138.71794851	4143.46153826	3813.97435807	
4027.94871747	4153.97435877	4149.87179467	4143.97435877	4160.64102544	4156.41025621	4152.43589723	4108.20512793	4135.51282031	4162.82051262	4144.61538441	4136.92307672	4137.94871774	3823.20512731	
4031.41025593	4159.9999998	4153.97435877	4152.3076921	4166.02564082	4168.3333332	4159.1025639	4125.51282024	4153.84615364	4175.64102551	4152.3076921	4143.33333313	4150.76923056	3862.56410173	
4028.46153798	4160.25641005	4151.41025621	4149.61538441	4166.53846133	4168.58974345	4154.9999998	4133.84615357	4166.15384595	4183.97435884	4157.3076921	4144.87179467	4154.9999998	3872.56410173	
4027.94871747	4157.05128185	4147.69230749	4143.46153826	4160.76923056	4163.07692287	4149.61538441	4123.84615357	4160.64102544	4178.46153833	4152.43589723	4142.05128185	4147.3076921	3844.35897353	
4030.76923029	4170.64102551	4164.61538441	4158.84615364	4170.25641012	4175.64102551	4160.38461518	4144.35897415	4174.87179474	4189.61538448	4166.15384595	4160.12820492	4168.07692287	3884.3589736	
4033.84615336	4180.76923063	4179.48717935	4174.35897422	4182.94871781	4186.66666653	4167.94871774	4167.94871774	4192.69230756	4208.71794865	4187.05128192	4174.48717935	4191.28205115	3923.97435828	
4040.38461497	4172.56410243	4170.25641012	4167.43589723	4176.79487166	4172.69230756	4158.58974339	4149.74358954	4177.69230756	4204.48717942	4185.25641012	4163.71794851	4179.10256397	3853.71794789	
4046.02564061	4173.20512807	4166.41025621	4161.28205108	4173.07692294	4164.74358954	4153.84615364	4138.205128	4166.53846133	4195.25641012	4180.12820499	4162.17948697	4171.41025628	3784.10256313	
4044.87179446	4179.61538448	4175.51282038	4165.12820492	4175.38461525	4174.35897422	4157.69230749	4148.33333313	4176.66666653	4198.58974345	4181.79487166	4169.74358961	4183.07692294	3787.82051185	
4043.20512779	4172.56410243	4174.2307691	4162.3076921	4173.07692294	4172.56410243	4158.205128	4146.53846133	4174.10256397	4197.4358973	4178.3333332	4164.48717928	4179.99999986	3800.38461442	
4043.20512779	4169.74358961	4168.46153833	4162.05128185	4174.2307691	4166.02564082	4153.33333313	4143.07692287	4166.02564082	4192.82051269	4179.61538448	4163.84615364	4172.82051269	3790.51281954	
4041.92307651	4172.82051269	4166.92307672	4163.46153826	4170.38461525	4165.12820492	4147.05128185	4141.28205108	4166.02564082	4189.48717935	4181.02564089	4166.79487159	4172.82051269	3777.30769134	
4042.94871754	4167.05128185	4164.48717928	4157.3076921	4160.12820492	4158.46153826	4144.9999998	4130.25640998	4159.9999998	4181.66666653	4173.58974345	4161.41025621	4167.05128185	3765.89743486	
4047.94871754	4163.58974339	4161.15384595	4155.64102544	4162.3076921	4158.97435877	4149.9999998	4127.30769203	4154.74358954	4176.92307679	4167.43589723	4159.74358954	4162.69230749	3761.66666563	
4048.33333292	4167.69230749	4160.89743569	4160.38461518	4168.71794858	4168.46153833	4153.07692287	4136.41025621	4158.205128	4175.76923063	4166.02564082	4160.64102544	4163.33333313	3771.15384512	
4046.28205087	4167.94871774	4160.76923056	4160.64102544	4164.23076903	4166.28205108	4149.1025639	4127.17948691	4156.02564082	4166.02564082	4156.79487159	4149.9999998	4153.84615364	3749.10256306	
4045.76923036	4164.9999998	4159.87179467	4157.3076921	4162.05128185	4161.28205108	4147.69230749	4114.10256383	4150.89743569	4157.43589723	4150.64102544	4143.71794851	4147.43589723	3722.3076912	
4050.76923036	4158.71794851	4154.61538441	4149.35897415	4163.97435877	4161.92307672	4149.9999998	4124.10256383	4151.02564082	4158.46153826	4153.71794851	4148.33333313	4151.41025621	3753.46153742	
4063.58974318	4148.205128	4145.25641005	4139.1025639	4155.51282031	4158.46153826	4150.89743569	4127.69230742	4146.92307672	4153.97435877	4148.58974339	4141.79487159	4144.1025639	3785.12820416	
4071.79487145	4144.74358954	4140.89743569	4137.69230749	4149.48717928	4152.69230749	4147.69230749	4123.33333306	4142.69230749	4145.25641005	4140.64102544	4130.12820485	4134.35897408	3795.38461442	
4077.17948684	4142.69230749	4138.46153826	4133.71794844	4149.1025639	4147.3076921	4146.66666646	4131.66666639	4145.89743569	4145.38461518	4140.51282031	4126.53846126	4133.33333306	3821.66666577	
4084.10256376	4139.61538441	4137.3076921	4131.53846126	4147.3076921	4144.23076903	4151.92307672	4136.28205108	4146.28205108	4148.71794851	4144.35897415	4128.46153819	4134.61538434	3840.38461455	
4085.12820478	4145.12820492	4140.89743569	4141.41025621	4148.205128	4147.3076921	4153.205128	4133.9743587	4145.51282031	4148.46153826	4147.82051262	4130.89743562	4138.71794851	3840.64102481	
4078.97435863	4151.92307672	4144.9999998	4145.51282031	4156.92307672	4152.94871774	4153.97435877	4138.84615364	4150.51282031	4152.56410236	4154.87179467	4135.64102544	4145.76923056	3833.46153756	
4073.07692273	4157.05128185	4152.56410236	4146.28205108	4169.87179474	4163.33333313	4162.94871774	4151.53846133	4162.94871774	4164.9999998	4168.07692287	4148.97435877	4159.74358954	3845.38461455	
4073.8461535	4163.33333313	4161.15384595	4154.9999998	4176.66666653	4173.20512807	4168.3333332	4160.12820492	4176.28205115	4175.38461525	4176.79487166	4160.76923056	4171.28205115	3865.76922994	
4074.23076889	4169.2307691	4164.74358954	4165.38461518	4179.10256397	4175.51282038	4164.35897415	4159.48717928	4179.74358961	4177.82051269	4174.99999986	4163.71794851	4169.61538448	3862.82051199	
4068.07692266	4177.30769217	4166.92307672	4169.74358961	4183.07692294	4179.61538448	4167.56410236	4161.02564082	4178.07692294	4177.17948704	4178.07692294	4168.84615371	4170.89743576	3864.48717866	
4063.84615343	4185.51282038	4176.15384602	4175.76923063	4190.51282038	4186.02564089	4174.99999986	4168.46153833	4182.4358973	4179.35897422	4187.82051269	4175.76923063	4182.30769217	3873.97435821	
4065.12820472	4188.3333332	4184.35897422	4183.71794858	4195.51282038	4184.35897422	4173.71794858	4173.97435884	4188.71794858	4183.3333332	4185.12820499	4177.05128192	4185.25641012	3881.66666591	
4063.58974318	4190.89743576	4184.61538448	4188.97435884	4194.35897422	4183.84615371	4172.4358973	4175.64102551	4188.46153833	4184.74358961	4180.12820499	4182.4358973	4179.87179474	3884.99999924	
4058.33333292	4199.48717935	4188.20512807	4196.28205115	4197.05128192	4192.17948704	4173.3333332	4177.56410243	4188.58974345	4188.3333332	4189.74358961	4189.61538448	4184.2307691	3881.28205052	
4057.17948677	4201.79487173	4188.97435884	4199.74358961	4196.79487166	4187.4358973	4164.23076903	4172.30769217	4187.17948704	4188.46153833	4194.2307691	4184.10256397	4187.69230756	3873.97435821	
4053.46153805	4199.2307691	4182.94871781	4203.33333327	4185.25641012	4172.17948704	4147.94871774	4146.92307672	4170.25641012	4174.2307691	4182.94871781	4176.79487166	4177.05128192	3832.17948628	
4039.6153842	4213.4615384	4194.35897422	4222.43589737	4183.20512807	4175.64102551	4141.02564082	4132.69230742	4159.87179467	4170.64102551	4186.5384614	4190.25641012	4177.05128192	3799.23076826	
4034.99999952	4223.97435891	4208.4615384	4233.58974352	4182.82051269	4168.84615371	4134.35897408	4129.10256383	4154.48717928	4169.99999986	4196.41025628	4202.82051275	4181.02564089	3804.61538365	
4041.02564061	4215.25641019	4201.02564096	4225.7692307	4163.84615364	4139.35897415	4117.05128178	4104.74358947	4129.61538434	4144.9999998	4182.69230756	4189.2307691	4162.43589723	3788.97435801	
4038.58974318	4213.97435891	4195.89743576	4229.48717942	4152.94871774	4134.35897408	4110.51282024	4093.71794837	4116.02564075	4130.12820485	4171.79487166	4182.30769217	4150.51282031	3777.30769134	
4034.35897388	4217.5641025	4202.17948711	4236.28205129	4159.9999998	4146.28205108	4114.8717946	4102.05128171	4122.17948691	4140.38461518	4180.38461525	4192.94871781	4160.12820492	3780.89743493	
4030.3846149	4223.07692301	4209.10256404	4237.43589744	4169.74358961	4151.02564082	4120.89743562	4112.17948691	4134.8717946	4157.17948697	4199.10256397	4203.71794865	4175.89743576	3781.28205031	
4024.23076875	4237.82051282	4217.5641025	4250.76923077	4183.97435884	4164.74358954	4129.74358947	4133.9743587	4152.82051262	4176.5384614	4213.20512814	4214.35897429	4192.94871781	3809.1025632	
4022.94871747	4245.8974359	4226.41025634	4259.23076923	4198.07692294	4181.28205115	4135.64102544	4147.69230749	4164.74358954	4191.02564089	4217.5641025	4225.12820506	4204.99999993	3827.17948628	
4022.30769183	4243.58974359	4233.07692301	4254.48717949	4205.25641019	4188.3333332	4141.15384595	4152.3076921	4178.46153833	4199.74358961	4226.6666666	4234.61538462	4214.87179481	3832.17948628	
4009.10256362	4261.41025641	4248.71794872	4270.38461546	4225.64102558	4211.02564096	4156.28205108	4176.02564089	4207.94871788	4223.58974352	4250.25641026	4255.0	4242.30769231	3842.30769148	
3988.97435842	4293.46153853	4276.15384623	4302.56410271	4267.05128212	4250.0	4169.35897422	4205.64102558	4243.46153847	4266.79487187	4283.46153853	4289.87179495	4284.35897443	3848.07692225	
4000.38461483	4265.38461539	4255.76923077	4270.76923084	4249.74358975	4231.6666666	4146.41025621	4191.79487166	4228.84615378	4254.35897436	4266.02564103	4271.41025648	4268.46153853	3875.51281975	
4038.33333292	4188.58974345	4182.94871781	4189.35897422	4159.74358954	4155.51282031	4106.92307665	4132.94871767	4154.1025639	4169.35897422	4183.20512807	4189.99999986	4179.61538448	3870.1282043	
4045.64102523	4171.28205115	4159.35897415	4171.41025628	4136.28205108	4138.58974339	4111.15384588	4108.9743587	4125.51282024	4135.12820485	4149.35897415	4160.38461518	4139.61538441	3822.69230679	
4037.05128164	4178.97435884	4170.12820499	4176.5384614	4162.94871774	4159.87179467	4124.23076896	4119.48717921	4142.17948697	4153.205128	4165.89743569	4173.3333332	4152.69230749	3819.1025632	
4063.46153805	4122.94871767	4122.56410229	4111.15384588	4108.46153819	4114.61538434	4096.92307658	4086.41025607	4098.71794837	4108.9743587	4122.94871767	4124.61538434	4105.38461511	3831.7948709	
4102.05128171	4055.5128201	4054.99999959	4036.15384567	4020.25640977	4041.66666625	4067.56410215	4026.41025593	4016.92307644	4023.58974311	4042.82051241	4046.92307651	4018.33333285	3801.79487083	
4118.58974332	4027.82051234	4027.43589695	4006.92307644	3987.43589688	4009.23076875	4070.51282017	3994.61538406	3978.07692252	3983.58974304	4005.12820465	4011.41025593	3974.99999945	3756.41025537	
4119.74358947	4019.74358926	4020.51282003	3997.0512815	3989.10256355	4007.69230721	4083.20512786	3992.9487174	3977.82051227	3988.58974304	4000.64102509	4004.10256362	3970.38461476	3739.10256299	
4123.58974332	4007.1794867	4006.79487131	3983.58974304	3974.48717894	3996.28205073	4080.51282017	3986.41025586	3966.79487117	3985.51281996	3988.97435842	3989.10256355	3957.56410194	3724.74358864	
4119.61538434	4004.23076875	4004.10256362	3979.99999945	3968.20512758	3991.79487124	4085.12820478	3977.9487174	3957.43589681	3979.99999945	3987.17948663	3985.2564097	3952.56410194	3684.74358857	
4096.02564068	4030.64102516	4029.74358926	4006.02564054	4003.84615329	4022.30769183	4108.20512793	4000.89743535	3987.30769176	4008.20512772	4016.92307644	4016.53846106	3986.28205073	3669.87179362	
4084.87179453	4047.43589702	4046.28205087	4025.51282003	4025.89743541	4036.79487131	4111.53846126	4020.12820465	4013.58974311	4033.07692259	4035.76923029	4038.84615343	4011.79487131	3687.05128087	
4088.33333299	4042.17948677	4043.20512779	4023.33333285	4015.51282003	4026.92307644	4103.33333306	4017.82051234	4011.79487131	4030.64102516	4034.61538413	4034.487179	4010.76923029	3695.38461421	
4073.97435863	4061.66666625	4059.74358933	4046.15384574	4035.25640977	4047.82051241	4120.51282024	4038.07692266	4030.51282003	4048.46153805	4056.92307651	4051.66666625	4031.41025593	3697.30769113	
4054.99999959	4100.89743555	4094.99999966	4085.51282017	4084.48717914	4087.94871761	4143.07692287	4069.99999966	4067.94871754	4088.97435863	4092.05128171	4091.79487145	4070.76923043	3703.33333216	
4053.97435856	4110.38461511	4107.05128178	4094.61538427	4101.15384581	4099.23076889	4139.23076903	4079.23076889	4081.02564068	4100.6410253	4100.6410253	4104.74358947	4083.71794837	3731.02563992	
4054.10256369	4096.92307658	4089.7435894	4081.41025607	4085.38461504	4090.51282017	4126.15384588	4064.99999959	4069.7435894	4081.02564068	4087.69230735	4082.82051248	4066.66666625	3724.74358864	
4039.87179446	4105.89743562	4096.02564068	4093.97435863	4098.71794837	4104.48717921	4133.71794844	4066.92307651	4081.15384581	4098.07692273	4101.92307658	4093.8461535	4081.02564068	3697.43589626	
4032.82051234	4136.92307672	4132.69230742	4127.17948691	4138.07692287	4137.94871774	4151.15384595	4105.89743562	4123.33333306	4147.56410236	4141.53846133	4140.25641005	4130.51282024	3749.10256306	
4033.71794824	4168.3333332	4161.41025621	4156.53846133	4172.17948704	4170.64102551	4164.61538441	4145.76923056	4164.35897415	4180.38461525	4168.97435884	4167.94871774	4165.38461518	3811.53846064	
4033.46153798	4174.87179474	4159.23076903	4163.07692287	4181.79487166	4175.64102551	4159.87179467	4157.69230749	4177.94871781	4186.15384602	4174.10256397	4166.28205108	4168.3333332	3842.05128122	
4055.25640984	4131.02564075	4118.33333306	4120.25640998	4129.99999973	4126.02564075	4130.51282024	4125.64102537	4131.28205101	4138.71794851	4134.8717946	4126.79487152	4123.58974332	3872.43589661	
4082.17948684	4088.46153812	4083.97435863	4074.87179453	4072.82051248	4078.97435863	4115.12820485	4085.12820478	4072.69230735	4078.46153812	4085.89743555	4081.92307658	4070.51282017	3865.51281968	
4092.69230735	4078.97435863	4076.66666632	4059.87179446	4065.25640984	4071.15384581	4119.48717921	4078.97435863	4061.92307651	4063.46153805	4073.33333299	4067.56410215	4052.94871754	3860.64102481	
4103.46153819	4071.02564068	4068.84615343	4048.97435856	4066.410256	4067.82051241	4122.30769203	4079.61538427	4062.94871754	4062.94871754	4073.20512786	4059.6153842	4046.92307651	3873.4615377	
4102.94871767	4090.12820478	4083.8461535	4069.10256369	4081.15384581	4083.20512786	4139.87179467	4089.35897402	4072.82051248	4075.12820478	4089.35897402	4072.05128171	4063.7179483	3872.05128122	
4091.41025607	4134.8717946	4125.64102537	4117.17948691	4123.0769228	4124.61538434	4167.3076921	4128.33333306	4112.17948691	4114.48717921	4129.23076896	4112.30769203	4108.0769228	3894.3589736	
4088.20512786	4160.76923056	4151.41025621	4145.76923056	4156.41025621	4153.07692287	4176.5384614	4164.35897415	4153.07692287	4150.51282031	4163.46153826	4143.07692287	4141.66666646	3938.07692239	
4087.30769196	4173.07692294	4160.12820492	4159.23076903	4169.87179474	4164.35897415	4178.3333332	4184.99999986	4176.02564089	4169.2307691	4181.79487166	4156.02564082	4161.53846133	3978.84615329	
4087.17948684	4183.71794858	4172.17948704	4175.38461525	4180.25641012	4176.79487166	4186.92307679	4204.74358968	4189.87179474	4182.56410243	4196.02564089	4170.51282038	4182.94871781	4017.82051234	
4092.69230735	4189.10256397	4182.17948704	4183.3333332	4187.94871781	4186.02564089	4191.92307679	4219.61538455	4202.05128199	4191.28205115	4206.79487173	4185.64102551	4196.79487166	4059.35897395	
4099.87179453	4186.5384614	4175.89743576	4174.35897422	4176.02564089	4177.05128192	4183.07692294	4214.48717942	4197.94871781	4185.25641012	4202.17948711	4183.97435884	4189.74358961	4086.79487145	
4105.25640998	4173.07692294	4159.1025639	4160.89743569	4153.97435877	4157.56410236	4170.64102551	4192.17948704	4175.12820499	4160.89743569	4180.25641012	4162.94871774	4164.35897415	4072.05128171	
4109.74358947	4161.53846133	4151.15384595	4156.15384595	4150.64102544	4151.92307672	4173.58974345	4184.87179474	4165.51282031	4149.23076903	4168.07692287	4153.07692287	4154.35897415	4060.5128201	
4112.56410229	4159.23076903	4150.64102544	4150.89743569	4149.9999998	4152.43589723	4174.99999986	4186.92307679	4167.94871774	4157.43589723	4170.76923063	4157.94871774	4160.25641005	4066.92307651	
4114.35897408	4155.76923056	4144.87179467	4142.43589723	4133.0769228	4141.92307672	4164.48717928	4175.51282038	4158.97435877	4151.02564082	4163.71794851	4149.87179467	4150.12820492	4067.94871754	
4118.58974332	4143.46153826	4133.20512793	4132.05128178	4121.79487152	4131.02564075	4158.97435877	4163.58974339	4143.205128	4130.12820485	4143.07692287	4131.79487152	4130.51282024	4062.17948677	
4120.12820485	4130.25640998	4122.56410229	4119.23076896	4121.02564075	4126.53846126	4159.74358954	4150.89743569	4128.20512793	4118.58974332	4127.94871767	4120.25640998	4119.10256383	4035.12820465	
4118.20512793	4122.82051255	4115.89743562	4111.28205101	4110.38461511	4117.82051255	4155.51282031	4141.02564082	4121.15384588	4115.7692305	4129.23076896	4114.99999973	4114.23076896	4026.02564054	
4129.48717921	4112.69230742	4105.7692305	4100.6410253	4090.25640991	4099.35897402	4149.48717928	4139.1025639	4112.30769203	4105.38461511	4124.99999973	4105.64102537	4104.35897408	4049.35897395	
4151.79487159	4090.12820478	4083.07692273	4073.20512786	4063.07692266	4071.92307658	4142.43589723	4120.89743562	4080.51282017	4072.30769196	4093.07692273	4079.23076889	4075.12820478	4047.17948677	
4162.69230749	4062.17948677	4055.25640984	4042.56410215	4030.12820465	4043.84615343	4131.02564075	4090.76923043	4042.43589702	4032.69230721	4059.99999959	4048.97435856	4039.23076882	4021.53846106	
4172.4358973	4034.87179439	4028.71794824	4014.35897388	3994.48717894	4015.12820465	4118.46153819	4065.12820472	4011.02564054	4001.1538456	4037.17948677	4020.89743541	4006.79487131	4001.79487124	
4186.79487166	4010.3846149	4005.64102516	3983.58974304	3965.38461476	3990.2564097	4113.0769228	4041.02564061	3978.58974304	3970.51281989	4006.92307644	3991.53846099	3974.74358919	3982.30769176	
4184.48717935	4003.58974304	3999.99999945	3975.89743535	3966.28205066	3991.1538456	4121.02564075	4030.89743541	3971.92307637	3961.0256404	3990.2564097	3983.20512765	3962.94871733	3949.35897374	
4180.51282038	4013.46153798	4007.94871747	3992.9487174	3981.02564047	4004.61538413	4129.74358947	4039.99999959	3988.97435842	3979.87179432	4002.56410201	3993.20512765	3973.71794817	3940.64102502	
4172.94871781	4047.69230728	4035.89743541	4026.53846106	4013.71794824	4034.61538413	4148.84615364	4076.02564068	4023.97435849	4021.41025593	4041.02564061	4024.61538413	4011.41025593	3975.2564097	
4134.99999973	4110.51282024	4093.20512786	4090.12820478	4084.48717914	4096.28205094	4183.71794858	4123.0769228	4088.46153812	4089.23076889	4103.0769228	4089.61538427	4084.7435894	3965.89743528	
4089.87179453	4170.38461525	4152.56410236	4162.82051262	4160.64102544	4159.87179467	4208.58974352	4164.87179467	4156.79487159	4160.38461518	4170.38461525	4156.02564082	4159.87179467	3941.0256404	
4077.05128171	4197.94871781	4177.82051269	4200.12820499	4190.89743576	4186.66666653	4206.92307686	4198.3333332	4192.17948704	4192.69230756	4200.12820499	4183.58974345	4192.94871781	3989.10256355	
4100.76923043	4162.94871774	4141.41025621	4159.35897415	4139.1025639	4145.38461518	4170.64102551	4175.89743576	4153.84615364	4149.1025639	4155.38461518	4144.61538441	4148.58974339	4039.23076882	
4130.38461511	4093.07692273	4078.46153812	4078.8461535	4061.66666625	4073.97435863	4134.35897408	4116.41025614	4076.02564068	4068.7179483	4086.15384581	4076.02564068	4069.87179453	4039.35897395	
4131.66666639	4080.12820478	4068.46153805	4063.84615343	4056.53846113	4062.30769189	4141.53846133	4103.0769228	4062.17948677	4053.97435856	4079.10256376	4062.17948677	4056.53846113	4013.20512772	
4112.30769203	4115.89743562	4098.58974325	4106.15384588	4094.35897402	4098.20512786	4162.56410236	4124.48717921	4101.92307658	4097.05128171	4109.74358947	4094.10256376	4092.30769196	3994.99999945	
4100.6410253	4135.25640998	4117.05128178	4127.05128178	4115.38461511	4118.71794844	4169.2307691	4137.56410236	4125.7692305	4126.02564075	4129.23076896	4118.20512793	4113.46153819	4012.56410208	
4101.53846119	4137.3076921	4124.10256383	4126.28205101	4128.46153819	4124.99999973	4174.87179474	4154.74358954	4137.17948697	4136.53846133	4152.05128185	4131.66666639	4128.20512793	4054.23076882	
4105.89743562	4143.97435877	4130.25640998	4137.43589723	4129.61538434	4125.51282024	4176.66666653	4169.10256397	4144.9999998	4142.69230749	4155.89743569	4136.15384595	4139.35897415	4079.87179453	
4107.69230742	4159.9999998	4143.97435877	4155.12820492	4134.99999973	4134.23076896	4180.38461525	4177.94871781	4154.74358954	4157.94871774	4148.71794851	4148.33333313	4155.64102544	4090.6410253	
4101.28205094	4173.71794858	4159.87179467	4165.38461518	4161.15384595	4155.89743569	4191.79487166	4198.71794858	4175.25641012	4180.12820499	4184.74358961	4172.4358973	4179.61538448	4116.15384588	
4087.05128171	4185.89743576	4173.20512807	4182.4358973	4180.76923063	4173.3333332	4196.66666653	4212.30769224	4187.94871781	4189.35897422	4212.30769224	4189.10256397	4190.38461525	4117.43589716	
4075.76923043	4209.23076917	4196.79487166	4211.02564096	4201.41025634	4193.84615371	4202.43589737	4220.12820506	4203.58974352	4206.41025634	4210.25641019	4211.02564096	4210.25641019	4102.82051255	
4045.64102523	4233.4615384	4218.07692301	4235.8974359	4234.10256411	4220.25641019	4210.51282045	4231.92307686	4231.28205122	4239.35897436	4245.25641026	4239.23076923	4247.56410257	4082.94871761	
3986.41025586	4233.97435898	4214.10256404	4238.84615385	4243.33333334	4226.02564096	4193.97435884	4206.6666666	4232.05128199	4247.56410257	4280.64102571	4236.15384616	4249.87179488	3984.99999945	
3965.38461476	4198.20512807	4183.71794858	4202.43589737	4212.82051275	4198.46153833	4160.89743569	4152.3076921	4190.12820499	4211.02564096	4238.97435898	4197.94871781	4201.79487173	3891.53846078	
3993.20512765	4162.05128185	4155.76923056	4162.17948697	4177.17948704	4170.76923063	4149.9999998	4139.87179467	4158.205128	4176.79487166	4183.71794858	4174.74358961	4172.4358973	3920.51281982	
4004.61538413	4153.58974339	4146.66666646	4150.76923056	4159.87179467	4163.205128	4153.33333313	4149.87179467	4154.9999998	4170.51282038	4186.5384614	4166.53846133	4168.46153833	3940.25640963	
4003.33333278	4148.33333313	4140.51282031	4142.43589723	4154.74358954	4156.66666646	4145.89743569	4141.15384595	4149.74358954	4164.9999998	4199.61538448	4148.46153826	4151.02564082	3908.33333264	
4018.71794824	4140.12820492	4136.28205108	4136.92307672	4149.35897415	4145.25641005	4136.79487159	4139.48717928	4137.56410236	4154.35897415	4183.3333332	4147.05128185	4144.9999998	3927.94871726	
4032.69230721	4140.76923056	4136.92307672	4139.35897415	4141.53846133	4140.76923056	4139.9999998	4149.9999998	4138.33333313	4156.15384595	4169.99999986	4156.28205108	4156.02564082	3961.28205066	
4036.53846106	4149.9999998	4141.79487159	4142.3076921	4153.46153826	4153.33333313	4156.28205108	4171.92307679	4162.05128185	4175.76923063	4195.38461525	4158.71794851	4166.41025621	3989.23076868	
4040.64102523	4163.33333313	4152.56410236	4155.38461518	4176.41025628	4171.28205115	4168.46153833	4196.79487166	4180.51282038	4191.92307679	4242.43589744	4166.79487159	4177.82051269	4020.76923029	
4048.33333292	4169.87179474	4159.23076903	4164.1025639	4180.64102551	4180.64102551	4167.3076921	4207.05128199	4185.25641012	4195.25641012	4254.35897436	4176.92307679	4190.12820499	4044.10256369	
4057.94871754	4172.94871781	4165.64102544	4161.28205108	4184.99999986	4188.58974345	4173.71794858	4225.12820506	4203.58974352	4205.64102558	4245.8974359	4188.3333332	4203.33333327	4096.92307658	
4057.94871754	4172.94871781	4165.64102544	4161.28205108	4184.99999986	4188.58974345	4173.71794858	4225.12820506	4203.58974352	4205.64102558	4245.8974359	4188.3333332	4203.33333327	4096.92307658	
4060.76923036	4182.05128192	4178.07692294	4171.28205115	4195.25641012	4192.69230756	4182.17948704	4242.17948718	4219.74358968	4214.87179481	4256.92307693	4205.64102558	4213.58974352	4124.48717921	
4061.410256	4193.71794858	4187.30769217	4188.07692294	4198.97435884	4194.74358961	4182.30769217	4242.30769231	4220.51282045	4213.71794865	4275.89743597	4215.64102558	4217.17948711	4113.9743587	
4066.02564061	4208.71794865	4194.2307691	4198.58974345	4213.84615378	4209.35897429	4187.82051269	4251.66666667	4231.41025634	4224.99999993	4285.51282059	4219.99999993	4229.87179481	4127.69230742	
4066.92307651	4223.84615378	4208.4615384	4212.43589737	4233.07692301	4229.35897429	4195.38461525	4268.97435905	4250.64102564	4243.97435898	4298.58974366	4234.35897436	4251.92307693	4151.92307672	
4060.89743548	4242.6923077	4234.87179488	4236.41025641	4252.56410257	4253.71794872	4207.05128199	4295.25641033	4278.71794879	4267.17948725	4321.02564117	4262.6923077	4280.51282059	4183.58974345	
4054.10256369	4268.46153853	4260.0	4262.17948718	4279.10256418	4279.2307693	4217.69230763	4319.23076937	4308.97435912	4296.923077	4325.64102578	4290.51282059	4310.76923091	4207.82051275	
4050.89743548	4292.43589751	4276.79487187	4281.28205136	4305.2564104	4300.76923091	4219.10256404	4329.48717963	4325.38461553	4319.10256425	4330.89743604	4307.17948732	4326.53846168	4219.35897429	
4040.89743548	4323.20512835	4304.3589745	4310.00000014	4341.66666688	4331.92307707	4230.38461532	4359.74358996	4358.5897438	4350.89743611	4385.25641054	4334.23076944	4352.43589765	4256.15384616	
4024.61538413	4357.94871816	4339.23076944	4346.15384637	4382.69230797	4368.20512849	4248.20512821	4399.87179522	4409.48717984	4400.00000035	4433.71794914	4376.79487208	4402.17948753	4284.74358982	
4018.58974311	4368.07692336	4351.15384637	4355.00000021	4394.23076951	4377.69230797	4243.97435898	4411.28205163	4429.87179522	4424.48717984	4440.89743632	4398.46153881	4430.64102599	4305.00000014	
4032.05128157	4353.71794893	4340.00000021	4340.25641047	4378.97435926	4358.33333355	4225.64102558	4401.15384651	4413.20512856	4407.17948753	4440.00000042	4388.97435926	4417.69230804	4337.43589765	
4052.30769189	4336.02564124	4325.76923091	4325.00000014	4358.07692329	4339.74358996	4218.97435891	4389.48717977	4393.20512849	4379.87179515	4415.51282086	4375.00000028	4393.97435926	4353.33333355	
4064.74358933	4316.1538463	4309.23076937	4304.10256425	4332.43589765	4322.69230784	4211.28205122	4375.12820541	4374.87179515	4357.56410278	4381.28205156	4356.53846175	4374.35897464	4360.51282073	
4074.48717914	4291.0256411	4286.79487187	4274.74358982	4308.20512835	4297.69230777	4197.69230756	4351.53846175	4343.07692329	4328.58974373	4366.02564131	4326.66666681	4346.41025662	4359.61538483	
4088.8461535	4268.97435905	4264.87179488	4251.92307693	4290.64102571	4276.66666674	4196.92307679	4332.6923079	4313.84615399	4298.58974366	4340.00000021	4300.12820527	4313.07692322	4349.23076944	
4104.23076896	4249.48717949	4244.35897436	4228.84615378	4265.0	4261.92307693	4194.10256397	4315.89743604	4295.00000007	4271.53846161	4292.43589751	4278.20512828	4281.0256411	4335.25641047	
4108.20512793	4176.28205115	4184.87179474	4154.35897415	4185.76923063	4180.38461525	4171.79487166	4216.53846147	4197.17948704	4200.51282038	4231.28205122	4201.6666666	4192.05128192	4135.38461518	
4099.99999966	4177.30769217	4184.2307691	4155.51282031	4187.69230756	4183.20512807	4175.38461525	4211.02564096	4195.89743576	4202.30769224	4216.02564096	4200.51282038	4192.4358973	4107.94871767	
4093.8461535	4179.87179474	4181.28205115	4158.97435877	4202.5641025	4196.92307679	4183.46153833	4211.92307686	4196.28205115	4199.10256397	4201.92307686	4198.46153833	4193.71794858	4096.79487145	
4091.41025607	4182.82051269	4178.84615371	4164.74358954	4209.61538455	4205.89743583	4186.92307679	4217.30769224	4201.41025634	4205.25641019	4210.12820506	4189.74358961	4190.12820499	4086.53846119	
4083.20512786	4177.30769217	4177.69230756	4163.84615364	4198.20512807	4197.82051269	4179.74358961	4214.48717942	4201.41025634	4206.02564096	4209.23076917	4187.56410243	4187.05128192	4080.89743555	
4074.61538427	4172.4358973	4182.17948704	4160.12820492	4198.46153833	4198.71794858	4179.87179474	4219.74358968	4213.20512814	4216.15384609	4202.69230763	4204.48717942	4199.99999986	4092.56410222	
4079.23076889	4170.64102551	4178.3333332	4154.23076903	4200.38461525	4199.2307691	4180.12820499	4214.87179481	4208.58974352	4213.20512814	4182.56410243	4204.87179481	4197.17948704	4087.56410222	
4081.53846119	4171.92307679	4173.71794858	4153.46153826	4199.87179474	4197.30769217	4178.97435884	4207.17948711	4192.82051269	4201.28205122	4186.41025628	4188.20512807	4187.4358973	4084.10256376	
4079.87179453	4169.35897422	4175.12820499	4153.33333313	4204.35897429	4197.69230756	4179.87179474	4218.71794865	4203.71794865	4213.33333327	4214.74358968	4185.64102551	4191.15384602	4103.84615357	
4081.41025607	4163.84615364	4168.46153833	4148.71794851	4204.23076917	4194.48717935	4182.30769217	4224.35897429	4213.07692301	4222.30769224	4202.82051275	4186.5384614	4188.46153833	4106.53846126	
4079.48717914	4171.66666653	4169.99999986	4156.28205108	4208.4615384	4198.3333332	4188.84615371	4220.7692307	4209.10256404	4218.97435891	4185.64102551	4185.76923063	4191.15384602	4091.79487145	
4082.69230735	4176.66666653	4177.30769217	4164.87179467	4212.30769224	4205.51282045	4191.15384602	4223.58974352	4211.41025634	4221.28205122	4194.35897422	4188.71794858	4197.69230756	4100.76923043	
4086.66666632	4182.30769217	4184.10256397	4172.30769217	4223.84615378	4219.48717942	4198.97435884	4246.28205129	4234.61538462	4239.23076923	4201.28205122	4202.05128199	4207.43589737	4143.84615364	
4082.30769196	4198.07692294	4194.99999986	4182.82051269	4245.12820513	4236.41025641	4209.48717942	4261.15384616	4247.94871795	4250.76923077	4210.64102558	4217.69230763	4224.74358968	4159.87179467	
4084.23076889	4203.71794865	4204.35897429	4182.4358973	4249.35897436	4240.38461539	4211.15384609	4261.92307693	4247.43589744	4250.8974359	4216.15384609	4224.48717942	4236.28205129	4160.76923056	
4087.82051248	4206.15384609	4216.15384609	4187.82051269	4252.30769231	4244.87179488	4217.82051275	4285.76923084	4273.97435905	4271.41025648	4218.97435891	4239.35897436	4252.05128206	4205.38461532	
4087.69230735	4208.33333327	4220.7692307	4190.89743576	4258.58974359	4251.28205129	4222.5641025	4303.20512835	4290.89743597	4286.53846161	4231.92307686	4246.66666667	4260.76923077	4238.58974359	
4098.46153812	4210.64102558	4220.38461532	4189.2307691	4257.82051282	4253.71794872	4221.02564096	4304.10256425	4281.923077	4279.74358982	4243.20512821	4244.87179488	4259.35897436	4254.48717949	
4108.9743587	4212.17948711	4221.41025634	4192.82051269	4256.15384616	4254.35897436	4224.61538455	4310.76923091	4285.64102571	4278.58974366	4235.12820513	4247.43589744	4261.28205129	4277.30769238	
4109.35897408	4201.6666666	4212.82051275	4184.35897422	4245.12820513	4242.6923077	4224.10256404	4302.43589758	4281.41025648	4273.58974366	4218.71794865	4236.28205129	4249.48717949	4274.48717956	
4112.56410229	4193.97435884	4204.10256404	4173.58974345	4231.53846147	4229.23076917	4214.23076917	4284.61538469	4258.46153847	4254.35897436	4213.33333327	4225.7692307	4234.61538462	4262.30769231	
4119.74358947	4194.99999986	4203.58974352	4173.20512807	4229.48717942	4229.10256404	4211.02564096	4283.33333341	4252.82051282	4246.92307693	4207.82051275	4231.02564096	4235.25641026	4267.43589751	
4122.17948691	4190.25641012	4202.69230763	4169.48717935	4229.23076917	4230.25641019	4216.53846147	4286.66666674	4260.76923077	4250.8974359	4199.74358961	4227.69230763	4231.79487173	4280.1282052	
4124.99999973	4186.66666653	4201.15384609	4164.1025639	4223.58974352	4226.6666666	4220.51282045	4280.89743597	4259.35897436	4249.35897436	4200.25641012	4219.61538455	4223.20512814	4281.15384623	
4135.38461518	4193.3333332	4204.48717942	4172.30769217	4225.64102558	4225.7692307	4221.41025634	4285.38461546	4258.84615385	4251.15384616	4207.43589737	4226.79487173	4229.61538455	4298.71794879	
4142.17948697	4202.17948711	4211.53846147	4185.12820499	4236.02564103	4229.61538455	4224.48717942	4299.61538476	4263.71794872	4257.17948718	4219.23076917	4236.02564103	4240.8974359	4329.87179501	
4141.15384595	4201.79487173	4213.58974352	4184.74358961	4235.51282052	4228.97435891	4226.15384609	4298.46153853	4263.33333334	4253.46153847	4226.02564096	4233.07692301	4239.23076923	4328.58974373	
4141.41025621	4196.15384602	4206.28205122	4178.20512807	4226.6666666	4222.05128199	4222.30769224	4287.94871802	4254.10256411	4245.64102564	4224.74358968	4228.84615378	4235.51282052	4323.20512835	
4142.94871774	4194.61538448	4203.71794865	4177.82051269	4226.6666666	4221.02564096	4219.87179481	4282.17948725	4244.35897436	4242.30769231	4219.10256404	4228.58974352	4235.12820513	4316.41025655	
4140.51282031	4192.05128192	4207.05128199	4177.69230756	4229.87179481	4223.33333327	4223.84615378	4277.69230777	4239.61538462	4235.76923077	4214.35897429	4226.53846147	4228.4615384	4293.46153853	
4138.33333313	4188.58974345	4203.84615378	4174.10256397	4227.69230763	4223.07692301	4229.87179481	4277.69230777	4240.64102564	4233.84615385	4213.33333327	4225.38461532	4222.69230763	4285.64102571	
4142.43589723	4190.12820499	4202.5641025	4173.84615371	4222.69230763	4220.12820506	4229.10256404	4275.51282059	4239.61538462	4235.76923077	4208.71794865	4225.38461532	4222.43589737	4282.05128212	
4144.61538441	4188.20512807	4204.87179481	4171.92307679	4217.30769224	4217.5641025	4222.94871788	4267.94871802	4231.53846147	4228.07692301	4205.12820506	4222.43589737	4220.89743583	4273.71794879	
4140.25641005	4180.76923063	4201.15384609	4166.28205108	4217.17948711	4214.23076917	4220.25641019	4261.41025641	4227.30769224	4223.97435891	4205.7692307	4219.87179481	4217.17948711	4267.30769238	
4138.07692287	4177.82051269	4196.28205115	4163.71794851	4214.74358968	4207.82051275	4216.6666666	4257.30769231	4226.92307686	4227.43589737	4206.6666666	4218.97435891	4215.12820506	4261.7948718	
4140.12820492	4174.48717935	4193.71794858	4161.53846133	4202.17948711	4199.99999986	4209.48717942	4252.6923077	4217.5641025	4217.30769224	4206.15384609	4213.4615384	4210.25641019	4244.87179488	
4139.48717928	4167.94871774	4189.2307691	4157.05128185	4196.02564089	4193.07692294	4206.15384609	4240.51282052	4207.43589737	4203.20512814	4199.87179474	4202.69230763	4199.10256397	4207.94871788	
4136.41025621	4165.12820492	4180.89743576	4153.84615364	4196.15384602	4188.58974345	4207.05128199	4224.74358968	4202.82051275	4202.94871788	4187.05128192	4194.10256397	4189.10256397	4183.20512807	
4137.56410236	4159.48717928	4172.82051269	4149.23076903	4188.71794858	4183.20512807	4202.69230763	4211.15384609	4192.17948704	4197.4358973	4179.74358961	4187.30769217	4181.5384614	4159.35897415	
4135.64102544	4156.02564082	4174.48717935	4146.92307672	4184.48717935	4182.17948704	4198.71794858	4207.82051275	4185.89743576	4191.41025628	4182.94871781	4184.35897422	4180.64102551	4130.64102537	
4129.74358947	4158.07692287	4176.66666653	4146.28205108	4184.2307691	4179.74358961	4196.5384614	4210.64102558	4188.07692294	4193.97435884	4178.71794858	4185.38461525	4180.38461525	4131.15384588	
4129.23076896	4143.07692287	4165.76923056	4138.71794851	4175.12820499	4167.82051262	4184.61538448	4192.4358973	4174.2307691	4188.71794858	4163.84615364	4175.89743576	4168.58974345	4100.38461504	
4128.0769228	4155.64102544	4171.92307679	4145.89743569	4187.17948704	4178.3333332	4189.99999986	4199.2307691	4181.28205115	4198.46153833	4170.76923063	4180.51282038	4178.97435884	4098.46153812	
4126.66666639	4246.7948718	4208.71794865	4181.92307679	4226.15384609	4214.48717942	4220.89743583	4263.84615385	4231.79487173	4233.4615384	4201.79487173	4219.74358968	4222.43589737	4232.43589737	
4117.17948691	4365.51282079	4258.97435898	4238.46153847	4277.43589751	4261.53846154	4255.51282052	4351.92307714	4297.17948725	4285.51282059	4256.53846154	4281.0256411	4285.64102571	4426.41025676	
4109.10256383	4413.20512856	4287.30769238	4265.51282052	4307.94871809	4285.38461546	4269.10256418	4409.87179522	4341.28205149	4321.53846168	4298.07692315	4317.94871809	4331.28205142	4547.69230832	
4116.92307665	4400.64102599	4276.923077	4250.76923077	4293.71794879	4269.35897443	4261.66666667	4397.69230797	4334.10256431	4310.38461553	4283.71794879	4305.64102578	4322.56410271	4542.94871858	
4114.48717921	4425.51282086	4284.87179495	4268.07692315	4303.71794886	4276.79487187	4266.923077	4392.69230797	4337.30769252	4314.23076937	4285.89743597	4315.76923091	4325.38461553	4551.92307755	
4112.82051255	4449.74359016	4299.48717963	4288.84615392	4321.92307707	4290.89743597	4267.94871802	4407.82051317	4350.3846156	4327.05128219	4303.97435912	4332.43589765	4341.53846175	4595.51282128	
4122.05128178	4436.79487222	4292.94871802	4278.46153853	4311.53846168	4281.79487187	4261.41025641	4396.9230772	4339.87179508	4316.41025655	4297.56410264	4319.3589745	4335.64102585	4581.28205198	
4118.84615357	4437.69230811	4295.76923084	4280.89743597	4314.61538476	4283.58974366	4264.10256411	4397.56410285	4346.15384637	4322.30769245	4301.1538463	4321.1538463	4341.15384637	4577.17948788	
4120.64102537	4433.84615427	4290.64102571	4273.58974366	4311.02564117	4280.89743597	4258.33333334	4391.9230772	4342.43589765	4321.1538463	4293.71794879	4317.05128219	4332.05128219	4569.61538531	
4128.71794844	4430.64102599	4287.17948725	4267.05128212	4304.48717963	4279.48717956	4258.20512821	4383.84615413	4332.94871816	4312.82051296	4285.1282052	4311.53846168	4319.48717963	4561.53846217	
4132.17948691	4434.10256452	4293.46153853	4275.25641033	4306.41025655	4281.15384623	4261.53846154	4390.64102592	4336.66666688	4316.1538463	4290.64102571	4318.84615399	4330.12820527	4588.33333403	
4138.97435877	4428.97435933	4287.94871802	4269.61538469	4299.74358989	4272.05128212	4259.61538462	4388.84615413	4334.61538483	4313.4615386	4288.33333341	4314.48717963	4333.20512842	4597.05128282	
4141.28205108	4428.46153881	4282.82051289	4267.94871802	4302.05128219	4274.2307693	4261.92307693	4389.35897464	4335.76923098	4313.97435912	4287.30769238	4309.10256425	4330.38461553	4598.46153923	
4141.41025621	4429.23076958	4283.97435905	4272.30769238	4309.23076937	4280.51282059	4262.43589744	4388.84615413	4333.84615406	4314.74358989	4286.923077	4308.07692322	4327.94871809	4597.4358982	
4146.28205108	4427.69230804	4285.1282052	4270.51282059	4304.61538476	4277.94871802	4263.97435898	4383.58974387	4330.51282066	4311.1538463	4285.38461546	4308.33333348	4326.41025655	4584.35897506	
4150.51282031	4428.46153881	4285.25641033	4271.41025648	4298.07692315	4277.30769238	4267.69230777	4383.717949	4331.92307707	4312.56410271	4289.2307693	4308.58974373	4325.89743604	4585.12820583	
4153.84615364	4427.0512824	4283.71794879	4273.58974366	4298.20512828	4277.56410264	4267.05128212	4378.58974387	4325.51282066	4309.74358989	4284.87179495	4305.38461553	4320.00000014	4573.71794942	
4150.12820492	4425.25641061	4282.17948725	4272.69230777	4302.94871809	4279.10256418	4268.58974366	4375.64102592	4323.58974373	4306.53846168	4276.15384623	4304.74358989	4318.33333348	4557.30769294	
4149.87179467	4416.28205163	4273.07692315	4261.02564103	4295.38461546	4275.64102571	4266.923077	4369.48717977	4324.61538476	4302.82051296	4267.69230777	4296.53846161	4311.53846168	4552.82051345	
4155.38461518	4409.74359009	4272.05128212	4258.84615385	4291.79487187	4275.51282059	4263.84615385	4363.97435919	4321.92307707	4303.84615399	4266.79487187	4292.69230777	4309.87179501	4551.02564165	
4151.79487159	4419.74359009	4283.46153853	4275.1282052	4308.07692322	4287.94871802	4273.20512828	4384.87179515	4337.17948739	4320.51282066	4284.74358982	4307.43589758	4329.10256425	4577.82051352	
4153.97435877	4418.58974394	4280.38461546	4271.79487187	4307.30769245	4285.25641033	4277.43589751	4391.9230772	4347.30769252	4322.94871809	4288.71794879	4307.69230784	4330.38461553	4588.58974429	
4162.82051262	4408.07692343	4274.48717956	4257.94871795	4293.84615392	4275.1282052	4269.74358982	4371.66666695	4331.92307707	4308.58974373	4274.10256418	4298.46153853	4313.20512835	4564.87179557	
4158.205128	4418.71794907	4286.53846161	4270.51282059	4303.4615386	4284.48717956	4273.33333341	4376.28205156	4330.51282066	4314.74358989	4278.84615392	4312.30769245	4322.17948732	4571.66666737	
4159.23076903	4417.56410292	4285.64102571	4275.25641033	4301.92307707	4281.41025648	4272.82051289	4378.20512849	4330.89743604	4316.53846168	4279.74358982	4312.56410271	4325.89743604	4573.46153916	
4174.10256397	4397.05128233	4269.48717956	4255.64102564	4280.64102571	4260.12820513	4264.48717949	4348.07692329	4307.05128219	4287.43589751	4257.6923077	4291.41025648	4299.2307693	4535.00000063	
4166.79487159	4408.58974394	4282.17948725	4265.25641026	4295.64102571	4271.15384623	4272.05128212	4351.02564124	4311.79487194	4290.76923084	4267.43589751	4306.66666681	4305.51282066	4525.51282107	
4158.46153826	4411.15384651	4286.53846161	4270.25641033	4298.58974366	4274.2307693	4265.64102564	4357.6923079	4320.89743604	4305.64102578	4275.1282052	4312.69230784	4314.74358989	4518.46153902	
4165.38461518	4386.79487208	4271.53846161	4251.53846154	4269.87179495	4253.97435898	4251.41025641	4329.23076937	4295.76923084	4284.10256418	4251.53846154	4287.43589751	4292.05128212	4472.43589793	
4161.15384595	4387.8205131	4274.10256418	4256.02564103	4274.35897443	4259.74358975	4260.25641026	4317.82051296	4284.48717956	4271.53846161	4244.87179488	4287.05128212	4286.66666674	4440.38461581	
4159.87179467	4386.53846182	4268.58974366	4254.87179488	4281.66666674	4262.56410257	4260.8974359	4317.69230784	4283.71794879	4272.56410264	4243.20512821	4286.79487187	4283.46153853	4435.00000042	
4163.33333313	4377.56410285	4263.33333334	4248.20512821	4280.00000007	4258.46153847	4255.38461539	4317.56410271	4280.76923084	4276.0256411	4241.66666667	4283.20512828	4280.00000007	4431.66666709	
4161.92307672	4375.89743618	4264.87179488	4247.6923077	4280.89743597	4257.43589744	4258.07692308	4314.23076937	4278.20512828	4273.84615392	4239.61538462	4285.38461546	4280.1282052	4412.0512824	
4160.12820492	4367.69230797	4258.33333334	4239.23076923	4271.15384623	4249.61538462	4257.6923077	4309.23076937	4277.43589751	4270.76923084	4232.43589737	4281.923077	4273.58974366	4398.8461542	
4153.33333313	4363.71794893	4256.53846154	4236.92307693	4266.66666674	4249.87179488	4254.87179488	4310.00000014	4283.58974366	4280.38461546	4235.51282052	4282.05128212	4274.10256418	4392.56410285	
4144.1025639	4362.94871816	4254.61538462	4238.33333334	4264.35897436	4246.92307693	4249.48717949	4295.38461546	4271.53846161	4270.89743597	4231.02564096	4276.15384623	4268.33333341	4357.17948739	
