4253.84615385	4252.05128206	4252.43589744	4249.10256411	4265.25641026	4264.23076923	4249.48717949	4269.74358982	4274.87179495	4270.38461546	4253.84615385	4255.38461539	4271.15384623	4399.61538497	
4257.17948718	4241.15384616	4247.56410257	4243.71794872	4260.38461539	4250.64102564	4241.15384616	4263.07692308	4268.71794879	4261.02564103	4246.41025641	4248.07692308	4269.74358982	4398.58974394	
4261.41025641	4238.33333334	4242.30769231	4238.07692308	4250.25641026	4249.61538462	4242.94871795	4260.12820513	4265.51282052	4263.71794872	4244.23076923	4246.02564103	4272.43589751	4400.51282086	
4264.74358975	4239.61538462	4241.7948718	4236.41025641	4246.53846154	4247.43589744	4240.12820513	4256.53846154	4257.30769231	4265.38461539	4238.33333334	4244.74358975	4269.87179495	4393.97435926	
4264.61538462	4238.46153847	4244.48717949	4239.10256411	4245.8974359	4241.92307693	4232.94871788	4249.74358975	4248.84615385	4261.7948718	4238.71794872	4241.41025641	4263.20512821	4388.717949	
4261.92307693	4240.25641026	4244.10256411	4240.51282052	4241.02564103	4245.0	4236.41025641	4247.43589744	4250.25641026	4258.71794872	4245.8974359	4238.71794872	4258.84615385	4392.17948746	
4255.76923077	4236.15384616	4233.20512814	4235.0	4240.8974359	4241.53846154	4237.05128206	4242.43589744	4250.0	4253.58974359	4238.46153847	4232.17948711	4252.82051282	4378.84615413	
4241.41025641	4229.87179481	4224.48717942	4231.79487173	4241.66666667	4235.76923077	4232.82051275	4239.48717949	4249.74358975	4255.25641026	4228.84615378	4225.25641019	4251.92307693	4366.28205156	
4229.87179481	4232.82051275	4228.07692301	4234.87179488	4237.56410257	4238.97435898	4234.10256411	4241.66666667	4253.84615385	4259.23076923	4229.87179481	4222.82051275	4255.51282052	4368.58974387	
4228.4615384	4235.12820513	4226.02564096	4233.97435898	4240.25641026	4236.7948718	4234.48717949	4238.33333334	4251.41025641	4251.02564103	4229.48717942	4219.10256404	4248.97435898	4366.15384644	
4227.82051275	4229.23076917	4219.48717942	4227.5641025	4243.33333334	4233.84615385	4233.33333327	4229.99999993	4241.66666667	4242.82051282	4225.25641019	4212.5641025	4238.46153847	4358.07692329	
4227.05128199	4220.7692307	4216.6666666	4219.87179481	4233.33333327	4233.4615384	4232.30769224	4220.25641019	4229.23076917	4241.92307693	4213.84615378	4208.20512814	4230.25641019	4346.53846175	
4228.20512814	4216.15384609	4214.10256404	4215.64102558	4230.12820506	4227.69230763	4228.4615384	4217.17948711	4221.28205122	4235.64102564	4205.25641019	4209.23076917	4225.89743583	4334.10256431	
4227.43589737	4216.6666666	4215.25641019	4219.10256404	4237.05128206	4224.61538455	4223.20512814	4216.53846147	4219.87179481	4229.74358968	4211.02564096	4213.20512814	4229.35897429	4325.89743604	
4226.28205122	4215.38461532	4215.12820506	4218.84615378	4227.30769224	4219.99999993	4216.53846147	4205.25641019	4213.07692301	4227.43589737	4211.41025634	4207.5641025	4225.89743583	4316.28205142	
4225.7692307	4210.12820506	4211.15384609	4211.02564096	4216.02564096	4209.87179481	4210.12820506	4190.89743576	4199.74358961	4220.12820506	4202.69230763	4200.89743576	4217.17948711	4304.10256425	
4228.07692301	4205.25641019	4209.99999993	4205.64102558	4216.41025634	4207.30769224	4209.23076917	4190.38461525	4193.20512807	4214.23076917	4207.05128199	4203.71794865	4220.51282045	4300.51282066	
4229.35897429	4203.71794865	4210.38461532	4204.74358968	4214.61538455	4208.58974352	4212.05128199	4198.71794858	4196.5384614	4217.69230763	4216.53846147	4205.38461532	4223.58974352	4310.2564104	
4223.20512814	4205.51282045	4208.20512814	4206.28205122	4212.30769224	4206.15384609	4211.53846147	4197.94871781	4200.89743576	4224.87179481	4211.41025634	4203.58974352	4217.94871788	4308.4615386	
4219.99999993	4200.89743576	4203.71794865	4202.30769224	4211.02564096	4201.02564096	4206.02564096	4186.28205115	4195.12820499	4220.25641019	4198.58974345	4198.07692294	4212.43589737	4284.74358982	
4216.28205122	4198.84615371	4204.87179481	4200.89743576	4209.99999993	4203.20512814	4206.92307686	4189.99999986	4199.74358961	4219.10256404	4200.76923063	4196.66666653	4214.10256404	4275.38461546	
4201.15384609	4211.79487173	4212.94871788	4211.15384609	4218.84615378	4215.7692307	4216.53846147	4206.6666666	4221.02564096	4235.38461539	4217.05128199	4207.82051275	4222.82051275	4276.79487187	
4182.94871781	4219.48717942	4222.17948711	4218.97435891	4237.43589744	4228.71794865	4220.89743583	4207.17948711	4231.53846147	4247.17948718	4227.69230763	4219.35897429	4235.76923077	4248.58974359	
4173.46153833	4216.53846147	4227.05128199	4222.17948711	4248.46153847	4233.4615384	4218.33333327	4201.02564096	4232.94871788	4253.97435898	4230.64102558	4225.25641019	4246.66666667	4218.71794865	
4182.94871781	4216.02564096	4223.97435891	4221.02564096	4237.05128206	4231.41025634	4218.71794865	4208.33333327	4233.71794865	4257.94871795	4227.82051275	4223.58974352	4245.12820513	4247.05128206	
4205.89743583	4213.71794865	4214.48717942	4211.92307686	4222.69230763	4223.71794865	4217.69230763	4214.87179481	4222.94871788	4246.15384616	4222.17948711	4215.12820506	4233.20512814	4301.28205142	
4225.51282045	4204.48717942	4206.92307686	4203.20512814	4221.02564096	4213.84615378	4213.33333327	4212.5641025	4209.87179481	4228.97435891	4218.33333327	4206.79487173	4223.20512814	4322.05128219	
4236.41025641	4202.17948711	4209.87179481	4205.25641019	4218.07692301	4213.97435891	4216.79487173	4216.79487173	4212.30769224	4226.28205122	4212.43589737	4207.94871788	4222.69230763	4340.3846156	
4243.97435898	4208.97435891	4218.07692301	4209.87179481	4216.02564096	4217.43589737	4221.15384609	4221.41025634	4214.10256404	4227.82051275	4207.05128199	4214.35897429	4224.74358968	4358.71794893	
4252.56410257	4214.10256404	4226.53846147	4212.17948711	4220.38461532	4215.12820506	4217.94871788	4218.97435891	4213.07692301	4225.25641019	4219.61538455	4222.43589737	4229.35897429	4357.43589765	
4255.76923077	4226.28205122	4239.61538462	4225.51282045	4224.48717942	4222.43589737	4223.71794865	4231.79487173	4232.94871788	4242.30769231	4247.82051282	4239.87179488	4249.87179488	4382.43589772	
4258.20512821	4238.07692308	4246.02564103	4237.30769231	4232.82051275	4233.97435898	4234.74358975	4248.07692308	4249.48717949	4260.8974359	4257.43589744	4250.64102564	4264.87179488	4410.25641061	
4260.64102564	4238.46153847	4243.20512821	4236.66666667	4241.15384616	4236.66666667	4237.17948718	4248.33333334	4246.53846154	4258.46153847	4248.97435898	4247.94871795	4260.76923077	4399.74359009	
4259.61538462	4242.30769231	4247.17948718	4240.8974359	4239.23076923	4241.92307693	4238.07692308	4251.41025641	4253.84615385	4258.97435898	4250.76923077	4252.82051282	4266.66666674	4401.79487215	
4258.46153847	4248.33333334	4253.46153847	4249.61538462	4240.8974359	4246.15384616	4238.71794872	4257.94871795	4264.48717949	4265.51282052	4260.12820513	4261.15384616	4282.30769238	4418.58974394	
4252.17948718	4245.8974359	4253.07692308	4248.20512821	4251.15384616	4243.71794872	4239.10256411	4252.30769231	4256.92307693	4264.87179488	4266.53846154	4262.17948718	4283.20512828	4411.41025676	
4242.05128206	4244.87179488	4252.6923077	4243.20512821	4253.07692308	4247.94871795	4245.0	4243.84615385	4248.33333334	4261.66666667	4264.74358975	4258.97435898	4275.89743597	4400.89743625	
4242.05128206	4244.87179488	4252.6923077	4243.20512821	4253.07692308	4247.94871795	4245.0	4243.84615385	4248.33333334	4261.66666667	4264.74358975	4258.97435898	4275.89743597	4400.89743625	
4235.51282052	4249.74358975	4254.48717949	4247.43589744	4255.12820513	4254.87179488	4248.46153847	4247.05128206	4255.51282052	4265.0	4259.87179488	4256.66666667	4280.38461546	4402.82051317	
4233.58974352	4252.56410257	4259.35897436	4254.48717949	4262.56410257	4256.41025641	4246.66666667	4257.30769231	4265.38461539	4272.56410264	4264.48717949	4260.64102564	4291.15384623	4411.66666702	
4236.15384616	4251.53846154	4263.07692308	4253.71794872	4257.56410257	4258.71794872	4246.66666667	4256.15384616	4259.48717949	4273.97435905	4266.28205129	4262.43589744	4291.923077	4414.87179522	
4244.35897436	4252.43589744	4263.33333334	4253.33333334	4256.66666667	4263.20512821	4249.35897436	4253.58974359	4253.58974359	4269.74358982	4262.17948718	4259.87179488	4289.48717956	4416.53846189	
4256.53846154	4253.84615385	4259.87179488	4256.02564103	4265.64102564	4261.41025641	4249.61538462	4258.97435898	4257.94871795	4267.17948725	4261.15384616	4255.25641026	4290.76923084	4423.8461542	
4263.07692308	4255.0	4254.87179488	4255.76923077	4262.94871795	4253.20512821	4245.25641026	4256.15384616	4255.8974359	4268.20512828	4258.20512821	4249.48717949	4288.46153853	4421.28205163	
4264.87179488	4255.64102564	4256.15384616	4253.20512821	4252.6923077	4248.97435898	4243.33333334	4251.53846154	4250.8974359	4264.35897436	4255.38461539	4252.17948718	4285.51282059	4413.8461542	
4268.07692315	4249.10256411	4255.64102564	4246.66666667	4247.56410257	4245.25641026	4240.64102564	4249.35897436	4247.05128206	4255.0	4252.05128206	4254.48717949	4280.64102571	4404.48717984	
4271.41025648	4245.51282052	4249.74358975	4244.48717949	4245.64102564	4241.66666667	4238.58974359	4243.71794872	4243.07692308	4254.74358975	4249.23076923	4248.71794872	4275.00000007	4397.9487183	
4271.923077	4248.58974359	4250.0	4248.84615385	4247.56410257	4242.56410257	4243.97435898	4243.07692308	4244.48717949	4260.0	4254.10256411	4247.6923077	4275.38461546	4401.53846189	
4267.94871802	4245.64102564	4252.6923077	4246.28205129	4248.71794872	4243.84615385	4248.97435898	4247.17948718	4247.94871795	4257.56410257	4256.66666667	4250.51282052	4273.71794879	4402.82051317	
4256.7948718	4241.7948718	4249.61538462	4241.53846154	4249.35897436	4242.82051282	4248.58974359	4247.56410257	4245.8974359	4253.20512821	4250.25641026	4248.20512821	4269.61538469	4395.64102592	
4243.33333334	4240.51282052	4244.74358975	4240.25641026	4245.8974359	4238.46153847	4244.48717949	4237.82051282	4236.15384616	4250.8974359	4239.61538462	4243.46153847	4267.56410264	4377.30769259	
4228.58974352	4232.69230763	4242.05128206	4232.94871788	4235.38461539	4232.69230763	4238.33333334	4224.74358968	4225.89743583	4245.51282052	4231.53846147	4236.92307693	4263.58974359	4360.64102585	
4209.35897429	4228.33333327	4237.56410257	4225.89743583	4232.82051275	4228.71794865	4233.58974352	4219.35897429	4224.10256404	4239.48717949	4232.5641025	4229.99999993	4259.61538462	4352.43589765	
4195.64102551	4231.15384609	4230.51282045	4226.02564096	4236.02564103	4223.97435891	4231.15384609	4219.99999993	4226.79487173	4239.87179488	4233.4615384	4223.4615384	4255.76923077	4341.66666688	
4186.92307679	4228.71794865	4226.6666666	4226.41025634	4230.12820506	4223.97435891	4230.51282045	4221.53846147	4228.07692301	4244.48717949	4229.10256404	4217.82051275	4249.87179488	4335.64102585	
4180.64102551	4223.97435891	4228.71794865	4224.35897429	4224.23076917	4227.5641025	4232.5641025	4219.48717942	4227.17948711	4242.94871795	4228.07692301	4217.94871788	4248.33333334	4331.53846168	
4182.82051269	4218.71794865	4226.41025634	4217.69230763	4223.20512814	4219.99999993	4228.97435891	4211.15384609	4216.6666666	4231.41025634	4223.58974352	4217.94871788	4247.94871795	4320.12820527	
4184.87179474	4213.33333327	4217.5641025	4209.99999993	4221.28205122	4210.51282045	4221.41025634	4205.12820506	4206.41025634	4225.7692307	4215.51282045	4212.05128199	4243.46153847	4307.82051296	
4186.79487166	4210.89743583	4210.7692307	4206.53846147	4219.61538455	4214.61538455	4223.4615384	4204.74358968	4206.15384609	4228.33333327	4214.10256404	4204.61538455	4237.82051282	4298.58974366	
4195.38461525	4205.89743583	4210.25641019	4203.84615378	4222.69230763	4218.4615384	4229.35897429	4206.02564096	4208.4615384	4224.35897429	4214.61538455	4201.92307686	4234.61538462	4299.2307693	
4204.35897429	4202.30769224	4214.23076917	4200.89743576	4222.30769224	4216.15384609	4227.82051275	4204.74358968	4208.33333327	4219.74358968	4213.20512814	4204.35897429	4235.12820513	4301.41025655	
4212.43589737	4204.48717942	4212.94871788	4200.89743576	4214.35897429	4216.41025634	4222.69230763	4197.30769217	4201.79487173	4219.23076917	4208.20512814	4203.58974352	4232.43589737	4297.05128212	
4219.74358968	4204.48717942	4206.28205122	4202.94871788	4214.35897429	4214.48717942	4220.12820506	4190.38461525	4194.35897422	4217.69230763	4202.69230763	4198.84615371	4225.25641019	4294.10256418	
4225.38461532	4200.76923063	4202.43589737	4201.53846147	4221.92307686	4207.05128199	4217.5641025	4187.4358973	4189.87179474	4210.51282045	4198.46153833	4193.71794858	4218.84615378	4284.74358982	
4233.4615384	4201.41025634	4202.82051275	4199.61538448	4223.20512814	4206.02564096	4215.89743583	4187.17948704	4188.20512807	4202.05128199	4195.12820499	4191.02564089	4214.74358968	4277.17948725	
4239.87179488	4204.48717942	4206.79487173	4203.58974352	4220.89743583	4210.25641019	4215.89743583	4191.41025628	4191.79487166	4204.74358968	4199.74358961	4196.41025628	4213.97435891	4285.76923084	
4243.71794872	4205.12820506	4208.71794865	4205.64102558	4220.38461532	4208.20512814	4214.10256404	4193.07692294	4191.92307679	4205.12820506	4203.71794865	4201.15384609	4215.89743583	4287.69230777	
4249.48717949	4209.74358968	4209.10256404	4207.5641025	4219.10256404	4205.25641019	4212.30769224	4194.2307691	4191.15384602	4202.5641025	4203.4615384	4199.87179474	4223.20512814	4282.56410264	
4253.20512821	4218.84615378	4214.35897429	4213.20512814	4212.82051275	4207.82051275	4213.58974352	4200.64102551	4198.46153833	4208.84615378	4210.51282045	4204.48717942	4231.92307686	4292.05128212	
4252.56410257	4219.99999993	4217.17948711	4214.10256404	4211.41025634	4205.51282045	4216.6666666	4201.79487173	4205.25641019	4211.15384609	4210.89743583	4212.5641025	4231.92307686	4298.46153853	
4252.82051282	4218.07692301	4215.7692307	4214.99999993	4220.51282045	4202.43589737	4216.28205122	4201.15384609	4207.17948711	4211.6666666	4206.79487173	4213.58974352	4234.35897436	4294.35897443	
4254.10256411	4220.89743583	4215.64102558	4222.30769224	4225.64102558	4208.33333327	4216.15384609	4207.82051275	4210.64102558	4221.41025634	4217.43589737	4212.17948711	4240.64102564	4294.61538469	
4253.97435898	4227.05128199	4216.79487173	4229.61538455	4227.69230763	4220.25641019	4226.41025634	4219.74358968	4223.58974352	4233.97435898	4227.69230763	4214.87179481	4242.30769231	4306.02564117	
4260.76923077	4232.82051275	4219.74358968	4231.92307686	4233.71794865	4231.53846147	4237.82051282	4234.48717949	4242.30769231	4243.46153847	4225.51282045	4219.10256404	4247.6923077	4321.02564117	
4267.94871802	4237.56410257	4227.43589737	4235.64102564	4242.56410257	4238.20512821	4241.66666667	4245.12820513	4252.05128206	4250.38461539	4230.38461532	4225.89743583	4257.82051282	4333.97435919	
4266.28205129	4241.7948718	4235.8974359	4240.12820513	4245.0	4240.12820513	4244.74358975	4249.10256411	4257.30769231	4253.07692308	4238.58974359	4237.05128206	4265.38461539	4349.61538483	
4266.02564103	4238.97435898	4234.35897436	4235.38461539	4238.71794872	4238.07692308	4244.35897436	4248.07692308	4260.0	4253.20512821	4237.05128206	4238.84615385	4265.8974359	4349.61538483	
4267.94871802	4234.10256411	4231.02564096	4231.28205122	4237.17948718	4237.6923077	4239.74358975	4245.64102564	4255.64102564	4251.7948718	4237.94871795	4232.5641025	4263.07692308	4337.56410278	
4268.84615392	4235.25641026	4232.43589737	4235.76923077	4241.28205129	4239.48717949	4239.23076923	4242.30769231	4247.6923077	4243.58974359	4235.51282052	4232.17948711	4258.97435898	4334.35897457	
4269.74358982	4239.35897436	4235.0	4239.10256411	4243.71794872	4239.48717949	4243.58974359	4239.10256411	4247.82051282	4244.48717949	4231.02564096	4237.05128206	4258.71794872	4337.82051303	
4274.74358982	4240.38461539	4240.0	4237.6923077	4245.8974359	4240.51282052	4243.33333334	4243.84615385	4250.38461539	4254.35897436	4235.0	4240.76923077	4263.58974359	4351.92307714	
4278.97435905	4233.84615385	4238.46153847	4232.5641025	4241.92307693	4238.46153847	4236.53846154	4241.02564103	4238.20512821	4245.12820513	4229.87179481	4234.87179488	4256.92307693	4354.35897457	
4272.05128212	4225.51282045	4228.07692301	4222.82051275	4231.02564096	4232.17948711	4231.53846147	4229.48717942	4225.38461532	4229.61538455	4217.05128199	4224.10256404	4244.10256411	4335.64102585	
4273.33333341	4226.02564096	4220.7692307	4216.6666666	4232.30769224	4227.94871788	4232.05128199	4228.07692301	4227.82051275	4230.51282045	4216.79487173	4216.28205122	4241.02564103	4328.07692322	
4287.30769238	4232.69230763	4224.23076917	4223.4615384	4243.84615385	4230.7692307	4233.07692301	4234.74358975	4235.25641026	4238.46153847	4224.99999993	4216.15384609	4246.15384616	4339.74358996	
4290.1282052	4231.28205122	4225.25641019	4229.74358968	4241.28205129	4232.43589737	4229.87179481	4231.92307686	4232.5641025	4238.71794872	4221.28205122	4217.69230763	4242.6923077	4343.5897438	
4288.07692315	4224.99999993	4218.58974352	4224.74358968	4230.7692307	4224.48717942	4225.25641019	4221.15384609	4221.02564096	4232.17948711	4212.5641025	4212.82051275	4232.94871788	4328.20512835	
4295.1282052	4231.41025634	4221.79487173	4228.97435891	4232.17948711	4222.94871788	4225.51282045	4223.97435891	4221.6666666	4232.05128199	4220.7692307	4218.20512814	4237.82051282	4327.94871809	
4295.1282052	4231.41025634	4221.79487173	4228.97435891	4232.17948711	4222.94871788	4225.51282045	4223.97435891	4221.6666666	4232.05128199	4220.7692307	4218.20512814	4237.82051282	4327.94871809	
4299.61538476	4239.10256411	4228.4615384	4240.12820513	4231.28205122	4225.12820506	4225.7692307	4226.15384609	4224.23076917	4230.12820506	4229.10256404	4225.64102558	4240.76923077	4337.05128226	
4282.43589751	4238.07692308	4233.71794865	4247.6923077	4191.5384614	4183.58974345	4193.58974345	4176.66666653	4158.205128	4174.48717935	4207.43589737	4214.35897429	4204.10256404	4273.58974366	
4284.74358982	4232.94871788	4226.53846147	4239.61538462	4202.05128199	4188.20512807	4200.76923063	4185.76923063	4167.43589723	4188.07692294	4208.71794865	4214.48717942	4209.35897429	4276.53846161	
4286.79487187	4226.53846147	4219.10256404	4232.82051275	4211.15384609	4188.84615371	4201.15384609	4190.38461525	4174.10256397	4192.17948704	4204.10256404	4211.6666666	4211.02564096	4275.38461546	
4284.35897443	4215.25641019	4205.89743583	4219.48717942	4198.3333332	4181.92307679	4193.71794858	4178.3333332	4168.46153833	4185.38461525	4192.56410243	4196.41025628	4201.53846147	4254.23076923	
4281.79487187	4213.84615378	4202.30769224	4212.43589737	4193.07692294	4180.89743576	4192.17948704	4177.82051269	4171.79487166	4188.20512807	4196.66666653	4193.58974345	4201.92307686	4250.64102564	
4284.74358982	4212.17948711	4205.25641019	4207.05128199	4201.15384609	4183.84615371	4193.58974345	4184.10256397	4174.99999986	4192.05128192	4204.48717942	4198.71794858	4207.43589737	4258.33333334	
4280.76923084	4201.92307686	4200.76923063	4198.07692294	4197.30769217	4185.38461525	4194.87179474	4183.84615371	4171.66666653	4195.64102551	4202.17948711	4193.84615371	4206.02564096	4256.92307693	
4270.1282052	4198.71794858	4194.99999986	4193.97435884	4188.3333332	4187.69230756	4196.92307679	4183.07692294	4175.51282038	4202.82051275	4199.35897422	4189.99999986	4204.74358968	4253.33333334	
4262.30769231	4194.48717935	4187.94871781	4189.99999986	4189.99999986	4182.30769217	4189.74358961	4176.02564089	4171.15384602	4196.92307679	4191.41025628	4185.38461525	4199.10256397	4243.58974359	
4253.46153847	4186.79487166	4180.25641012	4181.79487166	4191.28205115	4175.38461525	4185.76923063	4169.48717935	4163.97435877	4187.69230756	4184.2307691	4179.48717935	4193.84615371	4230.89743583	
4246.66666667	4188.58974345	4180.76923063	4179.35897422	4191.79487166	4180.38461525	4193.46153833	4177.56410243	4175.25641012	4197.69230756	4191.79487166	4182.05128192	4201.53846147	4237.43589744	
4248.07692308	4197.4358973	4189.99999986	4187.30769217	4199.48717935	4192.94871781	4199.74358961	4190.89743576	4188.84615371	4215.7692307	4203.07692301	4190.25641012	4213.71794865	4260.8974359	
4248.07692308	4197.4358973	4189.99999986	4187.30769217	4199.48717935	4192.94871781	4199.74358961	4190.89743576	4188.84615371	4215.7692307	4203.07692301	4190.25641012	4213.71794865	4260.8974359	
4254.35897436	4207.94871788	4199.74358961	4197.69230756	4204.74358968	4204.99999993	4206.41025634	4197.94871781	4192.4358973	4224.48717942	4208.97435891	4199.61538448	4219.99999993	4277.56410264	
4260.25641026	4217.82051275	4203.97435891	4205.7692307	4208.07692301	4214.74358968	4217.43589737	4206.79487173	4205.7692307	4227.17948711	4216.92307686	4208.58974352	4229.10256404	4287.56410264	
4265.25641026	4221.53846147	4206.15384609	4206.28205122	4220.89743583	4220.12820506	4221.15384609	4218.84615378	4222.05128199	4233.97435898	4225.12820506	4215.7692307	4241.41025641	4298.97435905	
4270.25641033	4224.10256404	4214.35897429	4207.05128199	4236.53846154	4221.79487173	4218.4615384	4224.10256404	4223.20512814	4240.0	4228.20512814	4221.15384609	4245.64102564	4304.3589745	
4273.20512828	4233.07692301	4223.4615384	4218.33333327	4240.25641026	4225.7692307	4223.58974352	4228.71794865	4224.61538455	4238.97435898	4232.17948711	4226.92307686	4244.74358975	4310.64102578	
4278.84615392	4234.87179488	4224.74358968	4222.82051275	4234.10256411	4231.92307686	4232.05128199	4233.58974352	4232.30769224	4236.02564103	4230.7692307	4229.35897429	4245.64102564	4318.20512835	
4281.53846161	4232.17948711	4227.82051275	4216.6666666	4230.38461532	4234.48717949	4229.74358968	4234.74358975	4235.12820513	4241.15384616	4224.61538455	4231.53846147	4249.23076923	4314.48717963	
4281.41025648	4236.02564103	4235.12820513	4219.10256404	4234.61538462	4233.33333327	4226.15384609	4237.05128206	4236.41025641	4247.94871795	4226.6666666	4236.15384616	4251.53846154	4318.07692322	
4286.15384623	4237.05128206	4233.97435898	4226.28205122	4240.51282052	4232.82051275	4228.20512814	4238.58974359	4237.56410257	4242.56410257	4225.51282045	4235.38461539	4250.8974359	4324.23076937	
4286.15384623	4236.15384616	4232.17948711	4226.28205122	4241.66666667	4239.23076923	4231.15384609	4241.02564103	4241.28205129	4240.64102564	4223.07692301	4234.48717949	4254.10256411	4324.87179501	
4286.15384623	4236.15384616	4232.17948711	4226.28205122	4241.66666667	4239.23076923	4231.15384609	4241.02564103	4241.28205129	4240.64102564	4223.07692301	4234.48717949	4254.10256411	4324.87179501	
4287.05128212	4235.64102564	4233.71794865	4223.33333327	4239.35897436	4242.43589744	4229.61538455	4238.46153847	4242.6923077	4248.07692308	4226.41025634	4233.07692301	4252.43589744	4326.92307707	
4295.64102571	4237.30769231	4233.97435898	4224.48717942	4238.58974359	4238.58974359	4230.89743583	4229.74358968	4238.07692308	4244.61538462	4223.58974352	4231.6666666	4247.17948718	4330.00000014	
4301.28205142	4238.07692308	4234.10256411	4227.5641025	4237.6923077	4239.23076923	4235.12820513	4230.64102558	4236.28205129	4235.64102564	4218.58974352	4236.66666667	4252.30769231	4340.12820534	
4299.48717963	4229.48717942	4229.61538455	4223.07692301	4228.84615378	4233.71794865	4229.48717942	4230.38461532	4232.43589737	4235.64102564	4220.64102558	4237.05128206	4253.07692308	4336.15384637	
4301.66666681	4218.97435891	4214.10256404	4209.23076917	4227.69230763	4221.15384609	4216.53846147	4220.25641019	4221.41025634	4234.48717949	4184.74358961	4224.99999993	4239.10256411	4307.56410271	
4303.07692322	4216.6666666	4216.15384609	4212.43589737	4219.99999993	4222.82051275	4221.28205122	4223.58974352	4224.87179481	4240.64102564	4189.74358961	4225.12820506	4239.48717949	4312.82051296	
4302.30769245	4212.17948711	4213.20512814	4205.51282045	4218.71794865	4217.69230763	4220.25641019	4219.87179481	4215.51282045	4238.20512821	4179.2307691	4221.28205122	4234.61538462	4303.20512835	
4299.61538476	4209.87179481	4208.84615378	4198.97435884	4218.07692301	4215.25641019	4217.05128199	4214.48717942	4208.71794865	4228.33333327	4172.30769217	4213.84615378	4229.23076917	4291.15384623	
4295.51282059	4204.61538455	4201.6666666	4196.28205115	4208.20512814	4214.10256404	4216.15384609	4206.79487173	4204.99999993	4223.20512814	4174.61538448	4203.20512814	4225.25641019	4277.94871802	
4290.00000007	4197.69230756	4194.61538448	4190.12820499	4206.15384609	4210.38461532	4214.87179481	4200.51282038	4197.69230756	4219.10256404	4165.89743569	4191.92307679	4214.61538455	4264.74358975	
4286.41025648	4197.17948704	4194.87179474	4188.84615371	4214.23076917	4208.84615378	4212.05128199	4202.17948711	4197.82051269	4217.05128199	4162.3076921	4191.15384602	4208.84615378	4259.23076923	
4283.46153853	4197.17948704	4192.30769217	4189.61538448	4213.97435891	4208.71794865	4210.64102558	4198.46153833	4196.79487166	4213.4615384	4167.05128185	4192.4358973	4205.7692307	4253.07692308	
4268.33333341	4193.3333332	4186.28205115	4184.87179474	4208.33333327	4210.64102558	4212.05128199	4193.58974345	4189.2307691	4205.64102558	4160.38461518	4188.46153833	4200.64102551	4242.82051282	
4246.92307693	4189.35897422	4183.3333332	4179.87179474	4207.43589737	4205.7692307	4206.79487173	4189.61538448	4183.07692294	4203.20512814	4153.84615364	4179.99999986	4197.94871781	4228.97435891	
4237.17948718	4185.25641012	4183.3333332	4177.30769217	4200.25641012	4196.02564089	4198.20512807	4181.02564089	4178.3333332	4204.99999993	4158.84615364	4173.84615371	4193.46153833	4221.53846147	
4230.89743583	4184.35897422	4183.20512807	4174.61538448	4189.35897422	4195.64102551	4196.92307679	4175.64102551	4175.64102551	4202.30769224	4155.51282031	4177.69230756	4185.25641012	4215.7692307	
4224.99999993	4182.05128192	4175.25641012	4168.46153833	4189.99999986	4191.41025628	4191.15384602	4170.12820499	4168.3333332	4195.51282038	4140.89743569	4173.20512807	4175.89743576	4197.17948704	
4227.43589737	4178.07692294	4166.79487159	4166.92307672	4193.84615371	4178.3333332	4184.74358961	4166.15384595	4162.56410236	4192.30769217	4144.74358954	4165.38461518	4177.05128192	4189.99999986	
4230.64102558	4177.94871781	4169.48717935	4171.41025628	4187.17948704	4175.76923063	4188.46153833	4166.79487159	4164.74358954	4193.97435884	4154.61538441	4169.48717935	4182.82051269	4196.15384602	
4234.48717949	4180.89743576	4176.02564089	4172.30769217	4183.3333332	4183.84615371	4191.28205115	4170.51282038	4171.66666653	4196.5384614	4151.92307672	4177.30769217	4186.79487166	4199.99999986	
4242.30769231	4184.35897422	4177.4358973	4171.66666653	4192.30769217	4189.35897422	4192.17948704	4180.51282038	4182.17948704	4198.07692294	4157.56410236	4180.25641012	4194.35897422	4207.05128199	
4249.74358975	4187.82051269	4179.61538448	4175.89743576	4198.20512807	4192.94871781	4198.97435884	4192.69230756	4191.5384614	4204.61538455	4169.74358961	4182.4358973	4199.74358961	4219.48717942	
4255.0	4194.35897422	4190.64102551	4184.35897422	4199.74358961	4199.10256397	4204.61538455	4199.74358961	4195.76923063	4217.17948711	4170.51282038	4190.12820499	4203.4615384	4234.10256411	
4259.61538462	4202.17948711	4200.25641012	4192.4358973	4204.23076917	4202.82051275	4202.30769224	4197.69230756	4194.74358961	4218.33333327	4170.64102551	4197.4358973	4208.20512814	4236.28205129	
4261.28205129	4207.69230763	4202.43589737	4198.46153833	4212.05128199	4205.89743583	4204.87179481	4202.94871788	4198.97435884	4217.5641025	4181.15384602	4203.20512814	4216.28205122	4239.35897436	
4260.12820513	4211.02564096	4206.6666666	4201.15384609	4221.28205122	4213.4615384	4215.25641019	4215.51282045	4210.38461532	4230.25641019	4191.15384602	4208.84615378	4225.64102558	4259.74358975	
4262.94871795	4210.7692307	4210.7692307	4199.74358961	4221.15384609	4216.15384609	4216.6666666	4212.17948711	4210.38461532	4227.5641025	4193.71794858	4210.38461532	4224.48717942	4259.23076923	
4263.71794872	4211.79487173	4209.23076917	4200.64102551	4217.05128199	4214.61538455	4212.30769224	4207.30769224	4206.6666666	4214.48717942	4191.79487166	4213.20512814	4221.53846147	4246.7948718	
4263.20512821	4215.7692307	4209.10256404	4204.61538455	4216.28205122	4219.48717942	4213.20512814	4218.71794865	4214.23076917	4224.99999993	4193.46153833	4218.58974352	4228.4615384	4261.92307693	
4265.8974359	4218.07692301	4214.87179481	4209.74358968	4219.61538455	4224.61538455	4215.64102558	4223.71794865	4218.4615384	4242.56410257	4201.15384609	4220.64102558	4234.23076923	4274.2307693	
4267.69230777	4220.64102558	4220.38461532	4215.38461532	4228.20512814	4224.74358968	4214.35897429	4219.23076917	4216.6666666	4243.33333334	4206.53846147	4220.64102558	4233.58974352	4270.1282052	
4267.69230777	4220.64102558	4220.38461532	4215.38461532	4228.20512814	4224.74358968	4214.35897429	4219.23076917	4216.6666666	4243.33333334	4206.53846147	4220.64102558	4233.58974352	4270.1282052	
4268.97435905	4227.94871788	4222.69230763	4220.7692307	4238.07692308	4229.23076917	4215.89743583	4227.5641025	4228.58974352	4245.0	4212.30769224	4226.41025634	4239.61538462	4282.30769238	
4268.97435905	4227.94871788	4222.69230763	4220.7692307	4238.07692308	4229.23076917	4215.89743583	4227.5641025	4228.58974352	4245.0	4212.30769224	4226.41025634	4239.61538462	4282.30769238	
4268.97435905	4227.94871788	4222.69230763	4220.7692307	4238.07692308	4229.23076917	4215.89743583	4227.5641025	4228.58974352	4245.0	4212.30769224	4226.41025634	4239.61538462	4282.30769238	
4270.51282059	4232.43589737	4223.07692301	4224.48717942	4243.84615385	4240.8974359	4223.84615378	4237.82051282	4242.30769231	4250.12820513	4221.02564096	4229.61538455	4244.87179488	4303.07692322	
4270.51282059	4232.43589737	4223.07692301	4224.48717942	4243.84615385	4240.8974359	4223.84615378	4237.82051282	4242.30769231	4250.12820513	4221.02564096	4229.61538455	4244.87179488	4303.07692322	
4276.79487187	4226.6666666	4219.48717942	4220.38461532	4238.84615385	4240.12820513	4222.69230763	4228.71794865	4231.6666666	4240.76923077	4215.38461532	4219.48717942	4232.82051275	4298.84615392	
4281.66666674	4219.35897429	4214.35897429	4212.43589737	4226.02564096	4226.92307686	4210.51282045	4211.79487173	4211.92307686	4222.69230763	4197.69230756	4212.17948711	4220.51282045	4279.74358982	
4281.66666674	4219.35897429	4214.35897429	4212.43589737	4226.02564096	4226.92307686	4210.51282045	4211.79487173	4211.92307686	4222.69230763	4197.69230756	4212.17948711	4220.51282045	4279.74358982	
4281.66666674	4219.35897429	4214.35897429	4212.43589737	4226.02564096	4226.92307686	4210.51282045	4211.79487173	4211.92307686	4222.69230763	4197.69230756	4212.17948711	4220.51282045	4279.74358982	
4256.02564103	4194.74358961	4191.66666653	4185.76923063	4194.74358961	4201.41025634	4199.48717935	4189.35897422	4191.66666653	4204.10256404	4190.76923063	4194.10256397	4199.99999986	4236.28205129	
4256.53846154	4194.87179474	4195.12820499	4187.17948704	4194.48717935	4192.69230756	4193.20512807	4182.94871781	4182.4358973	4200.51282038	4195.89743576	4194.35897422	4193.84615371	4227.17948711	
4256.53846154	4194.87179474	4195.12820499	4187.17948704	4194.48717935	4192.69230756	4193.20512807	4182.94871781	4182.4358973	4200.51282038	4195.89743576	4194.35897422	4193.84615371	4227.17948711	
4257.05128206	4195.76923063	4194.74358961	4190.38461525	4191.5384614	4192.30769217	4188.46153833	4177.56410243	4175.76923063	4194.2307691	4189.35897422	4194.74358961	4192.30769217	4219.35897429	
4255.8974359	4190.76923063	4188.20512807	4186.5384614	4189.61538448	4190.25641012	4183.97435884	4173.07692294	4171.02564089	4189.35897422	4180.12820499	4189.48717935	4190.38461525	4208.58974352	
4254.74358975	4184.48717935	4182.82051269	4179.74358961	4192.4358973	4189.99999986	4181.28205115	4171.66666653	4166.79487159	4192.17948704	4179.61538448	4184.74358961	4184.2307691	4196.28205115	
4252.82051282	4180.64102551	4180.51282038	4174.10256397	4187.69230756	4190.38461525	4181.92307679	4170.89743576	4165.89743569	4189.10256397	4181.02564089	4182.56410243	4178.97435884	4189.61538448	
4251.92307693	4182.94871781	4180.38461525	4176.5384614	4181.41025628	4189.74358961	4182.69230756	4173.3333332	4168.97435884	4186.28205115	4185.12820499	4186.41025628	4183.97435884	4196.41025628	
4251.92307693	4182.94871781	4180.38461525	4176.5384614	4181.41025628	4189.74358961	4182.69230756	4173.3333332	4168.97435884	4186.28205115	4185.12820499	4186.41025628	4183.97435884	4196.41025628	
4252.82051282	4182.4358973	4175.76923063	4175.76923063	4184.2307691	4188.07692294	4181.28205115	4174.48717935	4169.48717935	4191.79487166	4187.30769217	4183.71794858	4182.69230756	4197.69230756	
4253.46153847	4173.97435884	4169.48717935	4166.15384595	4184.48717935	4184.35897422	4179.48717935	4171.41025628	4164.87179467	4190.12820499	4174.99999986	4169.10256397	4167.56410236	4185.76923063	
4250.12820513	4170.25641012	4168.71794858	4162.17948697	4179.2307691	4181.41025628	4176.66666653	4167.94871774	4160.64102544	4181.66666653	4167.43589723	4164.74358954	4163.07692287	4175.64102551	
4244.61538462	4169.35897422	4165.25641005	4161.41025621	4169.87179474	4174.35897422	4167.69230749	4160.38461518	4154.23076903	4172.05128192	4168.46153833	4162.43589723	4159.87179467	4168.3333332	
4244.61538462	4169.35897422	4165.25641005	4161.41025621	4169.87179474	4174.35897422	4167.69230749	4160.38461518	4154.23076903	4172.05128192	4168.46153833	4162.43589723	4159.87179467	4168.3333332	
4232.05128199	4164.35897415	4159.61538441	4155.76923056	4165.12820492	4166.53846133	4161.92307672	4153.46153826	4149.48717928	4168.3333332	4169.2307691	4155.25641005	4148.84615364	4163.07692287	
4215.89743583	4162.56410236	4160.38461518	4152.43589723	4168.07692287	4163.205128	4164.74358954	4146.41025621	4144.74358954	4169.2307691	4164.61538441	4154.9999998	4146.15384595	4156.15384595	
4205.51282045	4164.1025639	4162.05128185	4152.17948697	4164.1025639	4163.07692287	4168.3333332	4140.12820492	4134.23076896	4165.25641005	4156.15384595	4154.74358954	4146.41025621	4150.76923056	
4193.46153833	4162.82051262	4159.87179467	4151.02564082	4160.76923056	4161.53846133	4164.87179467	4136.41025621	4128.84615357	4156.53846133	4153.97435877	4149.1025639	4138.58974339	4142.43589723	
4186.15384602	4161.66666646	4157.43589723	4149.87179467	4160.25641005	4159.23076903	4159.61538441	4133.84615357	4128.20512793	4152.56410236	4156.66666646	4147.82051262	4135.25640998	4132.56410229	
4190.76923063	4164.23076903	4157.82051262	4150.25641005	4158.97435877	4163.58974339	4164.48717928	4141.41025621	4132.17948691	4158.71794851	4159.61538441	4150.25641005	4139.9999998	4139.61538441	
4196.15384602	4162.82051262	4156.02564082	4152.43589723	4159.23076903	4164.23076903	4167.05128185	4151.02564082	4141.28205108	4165.89743569	4157.82051262	4147.69230749	4138.205128	4145.12820492	
4199.48717935	4160.12820492	4152.3076921	4152.69230749	4162.05128185	4157.69230749	4158.84615364	4150.64102544	4146.66666646	4168.71794858	4158.97435877	4148.07692287	4137.05128185	4142.94871774	
4207.17948711	4164.1025639	4154.87179467	4152.94871774	4163.46153826	4159.87179467	4159.61538441	4147.82051262	4148.07692287	4170.51282038	4168.3333332	4154.48717928	4142.05128185	4148.07692287	
4219.10256404	4168.97435884	4160.25641005	4155.76923056	4162.43589723	4165.76923056	4165.89743569	4147.82051262	4147.17948697	4169.48717935	4171.66666653	4156.41025621	4145.89743569	4148.33333313	
4228.84615378	4173.20512807	4163.07692287	4163.97435877	4168.07692287	4166.92307672	4166.15384595	4152.94871774	4153.46153826	4171.79487166	4173.07692294	4159.74358954	4154.1025639	4152.94871774	
4238.84615385	4184.2307691	4173.58974345	4174.87179474	4176.66666653	4176.02564089	4172.69230756	4166.41025621	4170.12820499	4186.5384614	4187.82051269	4173.3333332	4167.05128185	4177.05128192	
4247.43589744	4191.41025628	4185.76923063	4179.99999986	4184.74358961	4188.71794858	4183.20512807	4179.61538448	4179.61538448	4197.94871781	4199.2307691	4181.41025628	4174.35897422	4196.28205115	
4251.28205129	4190.12820499	4185.25641012	4181.41025628	4192.69230756	4188.20512807	4182.30769217	4176.79487166	4173.07692294	4190.51282038	4190.12820499	4177.17948704	4174.2307691	4191.5384614	
4252.17948718	4191.41025628	4183.46153833	4185.89743576	4191.02564089	4184.74358961	4178.84615371	4170.38461525	4166.79487159	4183.46153833	4184.99999986	4176.5384614	4172.94871781	4183.84615371	
4252.43589744	4196.41025628	4194.2307691	4194.10256397	4187.4358973	4194.48717935	4185.51282038	4180.89743576	4179.48717935	4188.58974345	4194.35897422	4186.41025628	4179.10256397	4199.74358961	
4254.10256411	4198.97435884	4203.33333327	4198.71794858	4194.61538448	4203.84615378	4192.69230756	4194.61538448	4193.97435884	4198.46153833	4199.61538448	4193.84615371	4190.51282038	4220.38461532	
4253.84615385	4199.74358961	4200.12820499	4199.48717935	4201.28205122	4204.48717942	4191.28205115	4192.17948704	4192.17948704	4206.79487173	4197.05128192	4192.82051269	4190.89743576	4216.79487173	
4250.64102564	4202.30769224	4196.02564089	4201.28205122	4199.35897422	4207.5641025	4187.94871781	4186.02564089	4188.58974345	4207.82051275	4194.99999986	4190.25641012	4185.25641012	4211.02564096	
4252.17948718	4197.94871781	4189.87179474	4199.10256397	4201.92307686	4207.82051275	4187.17948704	4183.71794858	4188.07692294	4197.69230756	4188.3333332	4181.02564089	4180.38461525	4204.35897429	
4257.94871795	4191.5384614	4184.87179474	4196.41025628	4205.25641019	4201.02564096	4188.20512807	4180.76923063	4184.10256397	4191.5384614	4186.79487166	4173.58974345	4174.87179474	4194.87179474	
4266.53846154	4194.87179474	4187.82051269	4197.69230756	4194.35897422	4198.3333332	4187.69230756	4182.94871781	4183.20512807	4196.28205115	4199.99999986	4179.10256397	4178.3333332	4207.69230763	
4273.97435905	4198.71794858	4189.61538448	4200.25641012	4187.69230756	4197.82051269	4184.10256397	4185.38461525	4186.79487166	4192.05128192	4202.94871788	4183.46153833	4183.46153833	4216.53846147	
4273.07692315	4196.92307679	4188.84615371	4202.94871788	4188.07692294	4189.74358961	4180.12820499	4182.17948704	4185.89743576	4184.10256397	4194.87179474	4183.58974345	4182.4358973	4210.89743583	
4270.89743597	4197.17948704	4195.38461525	4207.05128199	4177.17948704	4180.64102551	4176.41025628	4175.51282038	4175.89743576	4183.71794858	4195.51282038	4189.61538448	4182.30769217	4211.53846147	
4269.2307693	4203.33333327	4205.51282045	4213.71794865	4171.41025628	4176.66666653	4173.20512807	4173.07692294	4168.46153833	4183.46153833	4206.15384609	4197.30769217	4186.02564089	4218.84615378	
4267.30769238	4205.64102558	4210.38461532	4220.12820506	4177.4358973	4169.99999986	4168.97435884	4174.48717935	4167.82051262	4177.56410243	4210.64102558	4198.58974345	4183.3333332	4224.23076917	
4269.74358982	4206.41025634	4212.5641025	4224.10256404	4170.64102551	4164.35897415	4167.94871774	4172.4358973	4165.89743569	4171.79487166	4212.82051275	4203.07692301	4181.28205115	4232.5641025	
4270.38461546	4212.69230763	4218.58974352	4230.7692307	4161.66666646	4165.25641005	4170.89743576	4173.84615371	4166.02564082	4172.05128192	4219.35897429	4212.05128199	4187.05128192	4248.33333334	
4269.35897443	4212.5641025	4221.15384609	4231.79487173	4161.92307672	4161.02564082	4166.28205108	4169.61538448	4160.76923056	4164.61538441	4206.53846147	4208.07692301	4183.07692294	4240.25641026	
4272.43589751	4208.97435891	4217.82051275	4228.20512814	4162.3076921	4156.41025621	4163.07692287	4161.66666646	4150.76923056	4154.9999998	4193.3333332	4201.28205122	4173.84615371	4224.61538455	
4278.84615392	4214.99999993	4219.48717942	4232.17948711	4170.12820499	4163.205128	4169.74358961	4171.28205115	4156.92307672	4164.1025639	4206.28205122	4207.17948711	4180.89743576	4238.33333334	
4282.56410264	4214.87179481	4220.7692307	4230.25641019	4175.38461525	4165.38461518	4171.5384614	4182.56410243	4168.71794858	4175.76923063	4210.7692307	4208.71794865	4186.5384614	4245.51282052	
4280.1282052	4203.84615378	4212.30769224	4217.69230763	4164.61538441	4161.66666646	4168.46153833	4178.3333332	4168.84615371	4172.82051269	4198.46153833	4199.35897422	4176.5384614	4230.25641019	
4279.61538469	4199.35897422	4202.82051275	4211.02564096	4161.41025621	4163.58974339	4167.82051262	4172.17948704	4166.41025621	4170.76923063	4190.89743576	4191.79487166	4172.82051269	4216.41025634	
4279.87179495	4195.12820499	4197.05128192	4205.12820506	4169.35897422	4167.17948697	4164.61538441	4169.35897422	4167.05128185	4169.35897422	4190.51282038	4186.66666653	4173.84615371	4213.84615378	
4275.00000007	4188.07692294	4192.17948704	4197.4358973	4173.46153833	4172.94871781	4168.3333332	4174.10256397	4171.92307679	4170.25641012	4189.87179474	4182.30769217	4170.76923063	4214.35897429	
4270.25641033	4187.82051269	4186.15384602	4194.48717935	4173.97435884	4178.58974345	4178.71794858	4184.74358961	4181.02564089	4183.84615371	4192.4358973	4179.87179474	4173.20512807	4213.07692301	
4270.25641033	4185.89743576	4183.3333332	4189.61538448	4178.07692294	4175.51282038	4175.89743576	4183.97435884	4182.30769217	4189.99999986	4191.66666653	4176.41025628	4174.99999986	4214.61538455	
4268.46153853	4179.2307691	4181.79487166	4180.89743576	4179.35897422	4172.30769217	4169.74358961	4173.58974345	4174.35897422	4179.99999986	4184.35897422	4174.2307691	4172.05128192	4208.71794865	
4266.28205129	4178.71794858	4178.07692294	4181.02564089	4177.30769217	4176.66666653	4175.64102551	4175.25641012	4176.79487166	4181.41025628	4183.3333332	4174.61538448	4172.69230756	4205.51282045	
4266.53846154	4184.99999986	4182.94871781	4188.97435884	4179.61538448	4182.05128192	4184.10256397	4192.56410243	4194.61538448	4197.82051269	4199.2307691	4180.51282038	4182.17948704	4227.94871788	
4265.8974359	4179.74358961	4185.76923063	4185.25641012	4179.99999986	4182.4358973	4183.07692294	4195.89743576	4198.97435884	4197.4358973	4209.10256404	4183.71794858	4186.79487166	4237.43589744	
4268.46153853	4171.28205115	4175.64102551	4173.84615371	4181.92307679	4179.35897422	4180.25641012	4183.58974345	4184.99999986	4183.58974345	4193.07692294	4172.56410243	4174.10256397	4221.92307686	
4272.82051289	4180.64102551	4176.66666653	4181.5384614	4190.89743576	4182.17948704	4184.48717935	4186.79487166	4186.5384614	4189.61538448	4188.07692294	4170.64102551	4173.84615371	4226.92307686	
4277.94871802	4189.87179474	4187.17948704	4191.92307679	4191.66666653	4186.41025628	4184.48717935	4196.92307679	4198.71794858	4205.12820506	4203.97435891	4183.71794858	4191.15384602	4245.12820513	
4281.41025648	4185.12820499	4187.4358973	4185.89743576	4186.66666653	4185.38461525	4184.99999986	4202.43589737	4201.53846147	4207.17948711	4211.28205122	4190.38461525	4194.61538448	4252.56410257	
4277.56410264	4183.58974345	4188.58974345	4184.35897422	4189.48717935	4187.56410243	4192.82051269	4209.87179481	4205.7692307	4202.94871788	4210.12820506	4192.30769217	4190.51282038	4256.41025641	
4272.69230777	4192.05128192	4194.74358961	4194.10256397	4195.25641012	4192.56410243	4195.38461525	4215.51282045	4212.82051275	4207.43589737	4209.23076917	4197.05128192	4201.02564096	4264.48717949	
4262.82051282	4196.5384614	4191.66666653	4195.38461525	4197.56410243	4193.84615371	4192.82051269	4215.25641019	4216.28205122	4209.61538455	4213.4615384	4196.15384602	4209.61538455	4265.8974359	
4247.30769231	4192.17948704	4187.69230756	4188.71794858	4191.79487166	4192.05128192	4196.66666653	4212.5641025	4215.12820506	4204.74358968	4212.69230763	4188.3333332	4197.94871781	4255.12820513	
4237.56410257	4192.17948704	4194.87179474	4189.87179474	4188.3333332	4196.15384602	4202.30769224	4214.99999993	4216.15384609	4213.97435891	4208.97435891	4194.35897422	4197.17948704	4257.05128206	
4235.25641026	4199.48717935	4202.17948711	4198.58974345	4198.84615371	4202.43589737	4202.17948711	4219.48717942	4224.48717942	4230.7692307	4225.25641019	4210.25641019	4220.12820506	4275.1282052	
4233.58974352	4205.51282045	4205.89743583	4205.38461532	4208.4615384	4205.25641019	4202.69230763	4220.64102558	4229.61538455	4229.61538455	4242.6923077	4214.87179481	4228.20512814	4282.17948725	
4233.33333327	4209.23076917	4210.25641019	4208.97435891	4210.7692307	4211.41025634	4207.43589737	4224.48717942	4232.30769224	4225.89743583	4235.25641026	4217.05128199	4222.43589737	4283.33333341	
4238.58974359	4214.74358968	4214.10256404	4214.35897429	4215.64102558	4221.02564096	4214.10256404	4233.20512814	4240.8974359	4235.51282052	4231.79487173	4226.53846147	4234.61538462	4295.64102571	
4244.35897436	4218.97435891	4218.20512814	4219.87179481	4221.28205122	4226.02564096	4217.94871788	4241.7948718	4246.53846154	4242.56410257	4247.94871795	4231.92307686	4251.28205129	4307.56410271	
4251.41025641	4216.41025634	4219.48717942	4217.94871788	4220.12820506	4222.5641025	4209.74358968	4236.41025641	4236.28205129	4239.74358975	4248.07692308	4225.51282045	4238.71794872	4297.82051289	
4257.05128206	4217.43589737	4221.15384609	4219.35897429	4218.97435891	4219.10256404	4204.23076917	4226.41025634	4229.48717942	4234.10256411	4240.64102564	4225.89743583	4227.69230763	4286.41025648	
4260.0	4223.4615384	4226.15384609	4224.99999993	4224.10256404	4225.12820506	4211.92307686	4234.48717949	4245.64102564	4234.61538462	4250.25641026	4237.82051282	4247.17948718	4303.84615399	
4271.15384623	4225.12820506	4224.99999993	4223.71794865	4226.28205122	4230.64102558	4216.6666666	4243.07692308	4253.20512821	4242.05128206	4246.53846154	4235.64102564	4252.05128206	4315.2564104	
4283.20512828	4225.12820506	4221.02564096	4223.84615378	4226.92307686	4229.10256404	4213.97435891	4239.10256411	4241.28205129	4246.66666667	4238.58974359	4224.99999993	4236.15384616	4312.43589758	
4289.10256418	4224.35897429	4222.5641025	4225.7692307	4225.51282045	4225.7692307	4213.84615378	4237.17948718	4238.20512821	4239.23076923	4248.07692308	4227.82051275	4237.43589744	4323.07692322	
4292.82051289	4220.64102558	4221.02564096	4220.25641019	4222.5641025	4227.05128199	4217.43589737	4243.71794872	4248.97435898	4228.4615384	4239.74358975	4233.20512814	4246.66666667	4327.05128219	
4296.53846161	4218.20512814	4215.89743583	4218.33333327	4225.51282045	4230.7692307	4222.17948711	4248.84615385	4255.12820513	4233.97435898	4226.28205122	4230.51282045	4244.61538462	4324.74358989	
4302.30769245	4221.53846147	4216.15384609	4220.51282045	4230.12820506	4230.89743583	4222.94871788	4247.43589744	4249.23076923	4244.48717949	4238.33333334	4228.84615378	4241.53846154	4329.74358989	
4305.12820527	4224.87179481	4220.7692307	4219.23076917	4225.25641019	4231.53846147	4222.94871788	4250.51282052	4252.30769231	4245.38461539	4251.66666667	4232.5641025	4245.25641026	4336.15384637	
4301.41025655	4223.33333327	4221.02564096	4219.99999993	4215.7692307	4230.38461532	4223.33333327	4251.02564103	4253.84615385	4237.94871795	4240.38461539	4228.20512814	4236.53846154	4330.00000014	
4294.10256418	4218.4615384	4214.23076917	4219.35897429	4215.51282045	4222.82051275	4217.5641025	4239.35897436	4242.17948718	4231.41025634	4223.84615378	4220.64102558	4228.71794865	4313.20512835	
4282.82051289	4216.6666666	4212.05128199	4213.71794865	4220.12820506	4220.89743583	4214.74358968	4238.97435898	4244.35897436	4234.61538462	4230.64102558	4225.7692307	4247.82051282	4317.69230784	
4271.66666674	4221.15384609	4219.74358968	4213.33333327	4217.43589737	4224.35897429	4218.33333327	4245.0	4248.58974359	4238.71794872	4250.64102564	4224.74358968	4248.97435898	4325.76923091	
4263.58974359	4220.64102558	4216.15384609	4215.38461532	4213.20512814	4222.17948711	4215.7692307	4231.02564096	4230.7692307	4227.30769224	4243.71794872	4208.20512814	4217.05128199	4303.58974373	
4254.87179488	4213.33333327	4203.20512814	4208.97435891	4213.07692301	4219.48717942	4209.99999993	4218.97435891	4218.33333327	4209.23076917	4216.92307686	4205.64102558	4211.53846147	4281.41025648	
4250.8974359	4207.43589737	4197.69230756	4197.82051269	4212.43589737	4217.5641025	4207.94871788	4219.87179481	4223.71794865	4209.87179481	4217.43589737	4207.05128199	4223.71794865	4276.53846161	
4255.12820513	4206.28205122	4193.07692294	4199.35897422	4210.25641019	4208.71794865	4203.71794865	4212.30769224	4218.20512814	4209.48717942	4231.41025634	4189.87179474	4204.23076917	4267.69230777	
4260.0	4207.69230763	4188.20512807	4208.71794865	4208.97435891	4203.71794865	4200.89743576	4203.07692301	4206.92307686	4196.5384614	4226.41025634	4181.66666653	4185.12820499	4254.23076923	
4263.33333334	4207.05128199	4190.51282038	4203.4615384	4205.12820506	4205.38461532	4202.05128199	4200.76923063	4207.43589737	4194.99999986	4218.84615378	4186.5384614	4191.92307679	4251.92307693	
4267.56410264	4204.35897429	4193.07692294	4195.38461525	4203.58974352	4206.15384609	4201.02564096	4203.71794865	4211.28205122	4197.69230756	4226.53846147	4187.30769217	4198.20512807	4258.84615385	
4268.84615392	4201.15384609	4186.02564089	4196.28205115	4204.87179481	4203.97435891	4200.51282038	4205.89743583	4209.74358968	4182.82051269	4234.61538462	4185.12820499	4191.79487166	4252.17948718	
4268.20512828	4197.56410243	4177.56410243	4191.02564089	4196.79487166	4198.46153833	4198.97435884	4194.99999986	4199.10256397	4164.1025639	4224.61538455	4178.46153833	4179.74358961	4232.17948711	
4268.33333341	4191.79487166	4177.94871781	4182.05128192	4190.51282038	4195.25641012	4195.12820499	4182.17948704	4189.74358961	4161.66666646	4214.23076917	4171.5384614	4180.76923063	4220.25641019	
4267.43589751	4191.02564089	4180.64102551	4180.89743576	4191.28205115	4194.48717935	4193.46153833	4185.38461525	4188.58974345	4166.53846133	4218.20512814	4173.71794858	4192.17948704	4227.30769224	
4268.07692315	4196.28205115	4182.56410243	4185.25641012	4192.17948704	4190.76923063	4191.79487166	4190.64102551	4186.5384614	4168.97435884	4225.38461532	4177.94871781	4188.84615371	4236.15384616	
4270.00000007	4195.12820499	4182.05128192	4188.46153833	4191.66666653	4190.25641012	4186.66666653	4185.51282038	4183.46153833	4166.79487159	4226.28205122	4175.25641012	4176.66666653	4226.15384609	
4270.51282059	4192.05128192	4184.61538448	4188.97435884	4190.51282038	4196.92307679	4188.58974345	4191.79487166	4193.07692294	4169.61538448	4228.20512814	4179.10256397	4183.46153833	4232.17948711	
4270.51282059	4194.61538448	4185.38461525	4187.69230756	4189.74358961	4198.20512807	4193.46153833	4200.38461525	4202.94871788	4183.58974345	4224.35897429	4185.38461525	4195.25641012	4246.53846154	
4273.20512828	4190.38461525	4175.89743576	4182.94871781	4184.99999986	4189.10256397	4186.92307679	4190.12820499	4194.74358961	4185.38461525	4222.30769224	4178.97435884	4187.17948704	4232.05128199	
4277.43589751	4185.89743576	4172.05128192	4179.99999986	4184.2307691	4187.05128192	4183.20512807	4186.41025628	4194.48717935	4176.02564089	4229.10256404	4176.15384602	4180.12820499	4224.99999993	
4281.41025648	4195.38461525	4181.15384602	4186.02564089	4186.79487166	4190.76923063	4189.10256397	4194.48717935	4203.07692301	4179.10256397	4221.15384609	4182.05128192	4181.92307679	4233.20512814	
4284.35897443	4202.82051275	4186.79487166	4196.15384602	4186.41025628	4191.41025628	4191.02564089	4193.58974345	4197.69230756	4183.97435884	4214.48717942	4179.74358961	4179.35897422	4230.64102558	
4283.71794879	4201.28205122	4183.46153833	4196.66666653	4189.35897422	4193.71794858	4191.79487166	4189.48717935	4191.5384614	4177.94871781	4223.58974352	4176.66666653	4180.64102551	4226.53846147	
4283.97435905	4201.02564096	4187.30769217	4191.92307679	4195.89743576	4198.3333332	4196.28205115	4191.5384614	4195.89743576	4175.25641012	4216.79487173	4189.61538448	4190.51282038	4229.35897429	
4283.20512828	4202.69230763	4192.56410243	4196.28205115	4194.99999986	4196.41025628	4195.25641012	4190.64102551	4197.05128192	4179.35897422	4199.74358961	4193.46153833	4186.66666653	4225.12820506	
4282.05128212	4201.53846147	4187.94871781	4198.20512807	4184.48717935	4190.76923063	4189.35897422	4187.05128192	4193.46153833	4179.74358961	4207.30769224	4181.15384602	4173.71794858	4215.25641019	
4282.56410264	4199.99999986	4190.64102551	4192.69230756	4186.15384602	4193.46153833	4192.56410243	4192.4358973	4198.20512807	4180.12820499	4218.07692301	4187.4358973	4183.97435884	4217.30769224	
4283.20512828	4203.58974352	4197.56410243	4194.2307691	4195.25641012	4198.3333332	4196.15384602	4200.25641012	4205.64102558	4185.12820499	4212.69230763	4200.51282038	4197.69230756	4226.53846147	
4283.20512828	4207.5641025	4196.66666653	4201.41025634	4195.38461525	4200.51282038	4193.97435884	4199.48717935	4205.7692307	4186.02564089	4210.12820506	4195.51282038	4191.02564089	4224.10256404	
4282.17948725	4208.84615378	4196.02564089	4202.5641025	4196.15384602	4206.92307686	4194.35897422	4199.61538448	4203.07692301	4188.3333332	4214.99999993	4191.41025628	4192.05128192	4221.92307686	
4281.41025648	4210.12820506	4195.51282038	4201.92307686	4204.61538455	4211.41025634	4196.79487166	4204.35897429	4206.28205122	4194.74358961	4216.15384609	4194.61538448	4200.89743576	4230.51282045	
4274.2307693	4211.53846147	4192.17948704	4204.61538455	4207.5641025	4211.53846147	4199.74358961	4204.35897429	4214.99999993	4196.15384602	4215.38461532	4191.41025628	4193.46153833	4226.53846147	
4262.17948718	4204.99999993	4189.61538448	4199.35897422	4199.48717935	4208.33333327	4197.30769217	4198.58974345	4211.6666666	4190.89743576	4209.61538455	4185.25641012	4186.28205115	4214.48717942	
4260.8974359	4192.69230756	4182.82051269	4187.17948704	4190.25641012	4199.61538448	4186.5384614	4189.48717935	4198.46153833	4184.74358961	4198.97435884	4180.25641012	4186.02564089	4207.05128199	
4263.97435898	4190.64102551	4176.66666653	4186.28205115	4186.79487166	4193.71794858	4180.89743576	4181.02564089	4194.10256397	4182.56410243	4196.92307679	4176.15384602	4178.46153833	4202.05128199	
4267.30769238	4195.51282038	4183.58974345	4193.07692294	4186.92307679	4194.99999986	4185.64102551	4184.35897422	4198.20512807	4178.3333332	4197.82051269	4180.25641012	4176.28205115	4211.41025634	
4274.35897443	4195.64102551	4189.10256397	4193.20512807	4184.99999986	4195.76923063	4188.3333332	4192.30769217	4197.69230756	4177.94871781	4193.46153833	4184.10256397	4186.92307679	4219.23076917	
4277.82051289	4191.66666653	4182.56410243	4187.82051269	4183.71794858	4193.07692294	4186.15384602	4190.25641012	4194.61538448	4185.51282038	4198.20512807	4180.38461525	4187.69230756	4212.82051275	
4280.00000007	4189.35897422	4178.58974345	4188.07692294	4182.69230756	4188.3333332	4182.30769217	4182.30769217	4191.92307679	4184.35897422	4200.76923063	4175.38461525	4175.64102551	4204.61538455	
4285.38461546	4194.35897422	4184.2307691	4194.10256397	4178.3333332	4184.99999986	4179.61538448	4182.69230756	4190.38461525	4176.92307679	4191.02564089	4177.69230756	4170.64102551	4207.43589737	
4289.2307693	4199.35897422	4190.76923063	4195.51282038	4178.3333332	4186.66666653	4182.30769217	4189.87179474	4193.3333332	4178.71794858	4191.28205115	4186.66666653	4179.2307691	4220.12820506	
4287.69230777	4195.64102551	4193.71794858	4190.64102551	4180.25641012	4190.64102551	4186.66666653	4189.74358961	4197.30769217	4182.05128192	4197.69230756	4192.17948704	4189.87179474	4222.82051275	
4285.00000007	4192.4358973	4194.35897422	4188.84615371	4179.10256397	4191.92307679	4186.28205115	4187.94871781	4198.71794858	4180.76923063	4194.2307691	4190.12820499	4189.48717935	4219.10256404	
4287.94871802	4194.2307691	4189.48717935	4191.79487166	4179.61538448	4190.76923063	4181.28205115	4189.87179474	4197.30769217	4177.56410243	4192.69230756	4185.12820499	4179.35897422	4212.69230763	
4288.58974366	4192.17948704	4183.3333332	4190.76923063	4184.99999986	4190.89743576	4179.2307691	4188.71794858	4196.02564089	4175.38461525	4195.89743576	4182.69230756	4176.02564089	4207.82051275	
4284.10256418	4184.87179474	4179.2307691	4183.20512807	4181.66666653	4188.46153833	4181.5384614	4182.94871781	4193.58974345	4176.28205115	4189.87179474	4179.10256397	4178.46153833	4202.43589737	
4280.25641033	4180.12820499	4174.87179474	4175.76923063	4169.61538448	4180.89743576	4179.48717935	4176.28205115	4183.07692294	4169.48717935	4180.76923063	4169.10256397	4171.5384614	4184.35897422	
4278.33333341	4181.41025628	4176.15384602	4176.15384602	4169.48717935	4179.2307691	4178.3333332	4177.82051269	4182.30769217	4159.9999998	4181.41025628	4170.12820499	4172.05128192	4184.99999986	
4273.71794879	4179.35897422	4178.97435884	4175.38461525	4174.10256397	4178.71794858	4176.92307679	4177.05128192	4187.05128192	4162.05128185	4180.89743576	4177.05128192	4177.05128192	4188.71794858	
4264.23076923	4171.41025628	4173.97435884	4169.61538448	4167.17948697	4170.64102551	4169.74358961	4168.07692287	4176.28205115	4161.79487159	4182.17948704	4171.02564089	4167.17948697	4171.28205115	
4255.12820513	4173.07692294	4169.10256397	4174.2307691	4163.58974339	4168.46153833	4167.94871774	4170.76923063	4170.51282038	4153.07692287	4188.20512807	4167.94871774	4161.79487159	4169.87179474	
4250.64102564	4176.92307679	4168.84615371	4174.48717935	4167.05128185	4171.5384614	4171.28205115	4174.74358961	4176.28205115	4149.35897415	4179.35897422	4166.79487159	4164.1025639	4169.99999986	
4250.51282052	4170.51282038	4166.53846133	4165.25641005	4166.92307672	4169.87179474	4171.28205115	4169.35897422	4176.79487166	4152.3076921	4168.3333332	4159.74358954	4158.58974339	4160.64102544	
4252.05128206	4167.82051262	4165.25641005	4168.97435884	4163.33333313	4166.41025621	4168.3333332	4164.48717928	4170.38461525	4148.71794851	4171.79487166	4159.48717928	4152.69230749	4161.92307672	
4254.61538462	4168.97435884	4159.74358954	4172.30769217	4159.23076903	4157.94871774	4162.69230749	4151.41025621	4155.51282031	4132.69230742	4163.58974339	4155.12820492	4144.61538441	4149.35897415	
4256.41025641	4166.79487159	4153.71794851	4163.71794851	4155.51282031	4152.69230749	4157.94871774	4140.89743569	4146.02564082	4122.94871767	4145.38461518	4145.12820492	4137.05128185	4130.7692305	
4256.92307693	4164.74358954	4155.89743569	4162.05128185	4156.79487159	4158.33333313	4160.76923056	4145.51282031	4151.53846133	4132.30769203	4149.87179467	4146.15384595	4137.43589723	4134.99999973	
4257.43589744	4164.9999998	4157.17948697	4168.07692287	4162.43589723	4162.94871774	4164.74358954	4148.97435877	4154.35897415	4135.64102544	4154.87179467	4154.74358954	4142.43589723	4145.38461518	
4255.8974359	4164.48717928	4160.64102544	4167.69230749	4161.79487159	4159.9999998	4164.23076903	4151.79487159	4154.48717928	4131.28205101	4145.64102544	4163.33333313	4156.15384595	4151.41025621	
4248.71794872	4181.15384602	4173.84615371	4182.56410243	4169.10256397	4172.30769217	4170.51282038	4178.71794858	4182.69230756	4174.48717935	4155.25641005	4176.15384602	4167.82051262	4168.97435884	
4248.33333334	4186.41025628	4179.61538448	4188.46153833	4172.17948704	4177.69230756	4177.4358973	4178.20512807	4187.4358973	4167.56410236	4157.43589723	4179.99999986	4176.28205115	4167.94871774	
4250.76923077	4195.76923063	4190.25641012	4194.35897422	4182.69230756	4193.46153833	4187.30769217	4195.25641012	4204.74358968	4179.35897422	4182.17948704	4188.46153833	4187.94871781	4188.3333332	
4253.97435898	4200.38461525	4197.94871781	4198.46153833	4190.25641012	4198.07692294	4188.20512807	4207.43589737	4216.79487173	4188.3333332	4186.66666653	4195.12820499	4194.2307691	4205.7692307	
4254.23076923	4201.53846147	4199.74358961	4202.5641025	4188.84615371	4195.76923063	4186.02564089	4201.02564096	4211.6666666	4188.20512807	4173.07692294	4197.56410243	4189.74358961	4201.79487173	
4255.8974359	4203.71794865	4200.38461525	4204.48717942	4189.61538448	4199.2307691	4188.46153833	4195.12820499	4209.61538455	4191.92307679	4172.82051269	4202.5641025	4193.58974345	4204.74358968	
4257.94871795	4206.02564096	4202.43589737	4205.38461532	4192.69230756	4202.05128199	4190.51282038	4194.61538448	4211.6666666	4191.28205115	4180.51282038	4204.23076917	4203.07692301	4209.35897429	
4259.61538462	4207.5641025	4206.79487173	4211.92307686	4190.25641012	4200.64102551	4192.69230756	4203.4615384	4215.51282045	4193.84615371	4193.71794858	4207.17948711	4206.53846147	4220.64102558	
4265.25641026	4207.69230763	4208.84615378	4213.20512814	4190.64102551	4199.99999986	4192.82051269	4210.12820506	4216.53846147	4200.25641012	4185.76923063	4214.35897429	4205.12820506	4235.8974359	
4264.74358975	4205.64102558	4204.99999993	4207.05128199	4194.99999986	4198.3333332	4187.30769217	4200.89743576	4208.97435891	4192.4358973	4161.66666646	4211.15384609	4202.05128199	4230.64102558	
4256.92307693	4199.61538448	4196.28205115	4203.97435891	4188.07692294	4186.92307679	4179.99999986	4185.51282038	4194.74358961	4177.30769217	4161.66666646	4193.20512807	4191.92307679	4208.58974352	
4251.66666667	4190.64102551	4188.71794858	4198.20512807	4176.92307679	4181.28205115	4178.46153833	4179.99999986	4186.28205115	4182.56410243	4169.48717935	4186.79487166	4182.4358973	4196.02564089	
4251.66666667	4190.64102551	4188.71794858	4198.20512807	4176.92307679	4181.28205115	4178.46153833	4179.99999986	4186.28205115	4182.56410243	4169.48717935	4186.79487166	4182.4358973	4196.02564089	
4248.07692308	4186.79487166	4184.74358961	4190.51282038	4177.4358973	4189.48717935	4183.71794858	4185.38461525	4192.4358973	4194.10256397	4165.64102544	4191.15384602	4184.99999986	4201.02564096	
4248.07692308	4186.79487166	4184.74358961	4190.51282038	4177.4358973	4189.48717935	4183.71794858	4185.38461525	4192.4358973	4194.10256397	4165.64102544	4191.15384602	4184.99999986	4201.02564096	
4248.33333334	4187.56410243	4178.84615371	4187.82051269	4179.74358961	4194.2307691	4187.17948704	4184.35897422	4195.76923063	4186.15384602	4150.76923056	4180.12820499	4177.30769217	4190.76923063	
4251.53846154	4187.30769217	4175.12820499	4189.35897422	4181.5384614	4190.25641012	4186.79487166	4181.41025628	4192.17948704	4176.79487166	4146.28205108	4170.76923063	4167.17948697	4178.71794858	
4252.05128206	4186.92307679	4178.97435884	4187.94871781	4183.20512807	4188.46153833	4184.48717935	4182.94871781	4189.61538448	4178.84615371	4159.48717928	4176.41025628	4175.51282038	4188.46153833	
4251.41025641	4180.89743576	4180.51282038	4179.10256397	4175.64102551	4185.89743576	4181.79487166	4179.35897422	4185.76923063	4179.61538448	4168.20512807	4178.20512807	4184.48717935	4188.58974345	
4253.58974359	4176.28205115	4174.48717935	4175.12820499	4169.99999986	4177.82051269	4176.92307679	4174.99999986	4181.02564089	4175.12820499	4162.94871774	4174.99999986	4179.74358961	4178.97435884	
4252.56410257	4176.92307679	4169.10256397	4175.89743576	4173.20512807	4176.28205115	4173.3333332	4171.5384614	4178.3333332	4165.25641005	4154.35897415	4170.89743576	4171.28205115	4170.64102551	
4244.87179488	4169.99999986	4167.56410236	4169.48717935	4172.05128192	4175.38461525	4175.51282038	4168.3333332	4176.41025628	4159.74358954	4152.43589723	4162.94871774	4166.53846133	4159.9999998	
4235.64102564	4167.56410236	4169.10256397	4165.38461518	4163.58974339	4169.87179474	4176.41025628	4169.48717935	4176.02564089	4166.79487159	4155.38461518	4165.51282031	4168.20512807	4160.64102544	
4229.99999993	4172.30769217	4170.89743576	4168.84615371	4155.25641005	4163.71794851	4171.28205115	4167.94871774	4176.5384614	4170.12820499	4162.3076921	4172.05128192	4169.99999986	4162.94871774	
4225.12820506	4168.58974345	4168.46153833	4164.9999998	4155.38461518	4161.41025621	4166.92307672	4159.87179467	4172.56410243	4166.15384595	4161.28205108	4164.9999998	4164.61538441	4155.76923056	
4220.12820506	4160.38461518	4158.97435877	4156.66666646	4157.3076921	4163.205128	4167.43589723	4152.56410236	4167.17948697	4167.05128185	4157.56410236	4156.92307672	4160.64102544	4142.3076921	
4217.5641025	4157.05128185	4148.07692287	4154.35897415	4149.35897415	4158.205128	4163.46153826	4145.25641005	4161.41025621	4160.76923056	4149.61538441	4149.1025639	4154.1025639	4123.46153819	
4218.4615384	4156.15384595	4147.43589723	4152.82051262	4145.51282031	4151.02564082	4156.02564082	4142.82051262	4156.92307672	4152.56410236	4136.28205108	4144.87179467	4148.58974339	4116.02564075	
4221.79487173	4152.56410236	4148.33333313	4148.97435877	4148.33333313	4150.38461518	4154.48717928	4147.94871774	4158.84615364	4159.87179467	4144.61538441	4146.53846133	4150.38461518	4120.38461511	
4224.35897429	4149.9999998	4144.48717928	4147.82051262	4144.87179467	4153.46153826	4158.07692287	4152.43589723	4166.41025621	4167.82051262	4158.33333313	4146.28205108	4152.05128185	4126.79487152	
4226.41025634	4153.71794851	4147.17948697	4152.17948697	4146.28205108	4157.05128185	4162.82051262	4154.9999998	4171.79487166	4165.25641005	4157.17948697	4148.07692287	4155.25641005	4131.92307665	
4229.99999993	4159.35897415	4152.43589723	4158.33333313	4153.71794851	4158.97435877	4166.41025621	4156.79487159	4170.51282038	4163.33333313	4157.17948697	4155.12820492	4158.33333313	4135.89743569	
4229.87179481	4159.1025639	4153.205128	4158.58974339	4153.205128	4157.05128185	4164.74358954	4157.56410236	4168.3333332	4164.35897415	4160.76923056	4160.51282031	4159.35897415	4139.87179467	
4225.51282045	4154.9999998	4153.97435877	4153.58974339	4147.56410236	4151.79487159	4157.43589723	4151.53846133	4161.79487159	4158.97435877	4153.07692287	4155.25641005	4152.05128185	4129.61538434	
4218.71794865	4158.46153826	4154.87179467	4158.58974339	4147.05128185	4154.23076903	4158.58974339	4144.48717928	4149.23076903	4151.53846133	4143.97435877	4151.28205108	4142.69230749	4116.92307665	
4206.6666666	4162.43589723	4156.02564082	4164.9999998	4153.205128	4162.17948697	4166.15384595	4148.97435877	4148.84615364	4151.28205108	4145.38461518	4153.205128	4144.23076903	4120.38461511	
4199.99999986	4155.89743569	4151.92307672	4154.35897415	4154.48717928	4162.56410236	4165.25641005	4151.02564082	4154.61538441	4154.87179467	4142.94871774	4146.53846133	4144.23076903	4118.20512793	
4200.89743576	4153.205128	4147.56410236	4148.84615364	4152.17948697	4162.3076921	4163.84615364	4147.05128185	4151.41025621	4156.53846133	4135.76923056	4143.07692287	4140.38461518	4114.48717921	
4198.46153833	4159.1025639	4154.1025639	4158.71794851	4154.61538441	4165.25641005	4165.38461518	4148.58974339	4151.79487159	4159.1025639	4139.1025639	4153.58974339	4145.76923056	4124.61538434	
4197.82051269	4159.48717928	4158.205128	4161.02564082	4157.94871774	4164.87179467	4163.84615364	4152.17948697	4162.17948697	4168.3333332	4155.89743569	4158.84615364	4154.35897415	4133.58974332	
4201.15384609	4158.07692287	4155.38461518	4158.84615364	4161.15384595	4164.61538441	4166.92307672	4156.92307672	4172.17948704	4177.17948704	4170.89743576	4159.87179467	4159.23076903	4142.56410236	
4205.25641019	4165.89743569	4159.35897415	4166.79487159	4164.74358954	4171.79487166	4172.82051269	4163.58974339	4175.12820499	4178.71794858	4167.82051262	4167.94871774	4163.46153826	4150.38461518	
4211.02564096	4176.5384614	4169.48717935	4177.30769217	4170.25641012	4179.87179474	4171.02564089	4169.48717935	4176.92307679	4181.02564089	4162.3076921	4175.64102551	4167.94871774	4155.38461518	
4217.30769224	4175.89743576	4171.66666653	4178.07692294	4172.05128192	4178.97435884	4168.20512807	4172.69230756	4182.30769217	4187.56410243	4168.84615371	4178.46153833	4172.56410243	4162.69230749	
4215.89743583	4171.41025628	4171.41025628	4174.61538448	4167.82051262	4174.87179474	4168.97435884	4171.41025628	4181.15384602	4187.30769217	4173.20512807	4179.10256397	4176.28205115	4160.51282031	
4211.79487173	4175.51282038	4174.10256397	4175.51282038	4167.69230749	4174.48717935	4168.71794858	4167.3076921	4174.61538448	4178.58974345	4166.53846133	4174.35897422	4171.66666653	4151.53846133	
4212.94871788	4178.46153833	4174.87179474	4178.58974345	4174.10256397	4174.74358961	4169.2307691	4166.02564082	4171.66666653	4175.76923063	4164.61538441	4171.5384614	4168.20512807	4150.51282031	
4205.89743583	4174.87179474	4178.71794858	4180.89743576	4175.38461525	4177.05128192	4169.87179474	4167.3076921	4172.30769217	4179.87179474	4171.28205115	4177.17948704	4171.41025628	4158.205128	
4199.2307691	4174.61538448	4178.58974345	4178.46153833	4169.74358961	4180.51282038	4171.66666653	4166.79487159	4172.4358973	4177.17948704	4166.92307672	4175.38461525	4167.43589723	4160.25641005	
4201.41025634	4173.97435884	4171.79487166	4174.10256397	4169.10256397	4177.17948704	4171.79487166	4163.07692287	4173.58974345	4172.30769217	4158.33333313	4164.9999998	4160.25641005	4151.41025621	
4203.4615384	4168.07692287	4169.35897422	4173.46153833	4174.48717935	4174.74358961	4170.12820499	4164.9999998	4178.84615371	4180.38461525	4169.2307691	4167.05128185	4166.92307672	4155.38461518	
4209.99999993	4166.92307672	4171.92307679	4173.20512807	4174.2307691	4175.76923063	4169.48717935	4170.25641012	4178.97435884	4190.89743576	4179.74358961	4173.07692294	4174.61538448	4166.02564082	
4216.6666666	4173.3333332	4175.89743576	4173.07692294	4171.66666653	4173.07692294	4170.12820499	4169.2307691	4176.66666653	4188.46153833	4174.87179474	4172.4358973	4171.5384614	4167.94871774	
4217.82051275	4173.84615371	4179.99999986	4176.02564089	4170.25641012	4169.48717935	4170.38461525	4167.3076921	4175.64102551	4183.71794858	4172.69230756	4175.51282038	4169.87179474	4171.79487166	
4220.12820506	4171.5384614	4184.35897422	4179.61538448	4170.12820499	4170.38461525	4169.10256397	4170.51282038	4173.46153833	4186.28205115	4181.28205115	4184.10256397	4175.38461525	4176.28205115	
4226.6666666	4175.76923063	4185.25641012	4180.64102551	4172.30769217	4172.94871781	4168.20512807	4175.38461525	4176.79487166	4189.87179474	4188.58974345	4190.12820499	4181.66666653	4185.51282038	
4229.61538455	4177.69230756	4182.05128192	4178.71794858	4170.38461525	4172.69230756	4167.3076921	4173.84615371	4177.05128192	4183.46153833	4180.25641012	4187.69230756	4178.20512807	4186.28205115	
4226.79487173	4176.79487166	4183.97435884	4177.17948704	4172.82051269	4176.15384602	4173.58974345	4175.51282038	4174.74358961	4177.30769217	4172.30769217	4186.66666653	4173.3333332	4184.2307691	
4226.41025634	4181.28205115	4189.2307691	4183.46153833	4181.41025628	4181.41025628	4182.4358973	4184.99999986	4178.84615371	4179.35897422	4181.41025628	4191.41025628	4177.94871781	4195.76923063	
4225.25641019	4181.92307679	4184.48717935	4185.38461525	4179.99999986	4179.48717935	4176.92307679	4180.25641012	4175.76923063	4173.58974345	4180.38461525	4186.15384602	4174.2307691	4188.58974345	
4217.30769224	4177.69230756	4179.35897422	4178.71794858	4173.84615371	4173.97435884	4168.3333332	4168.84615371	4166.28205108	4165.51282031	4164.35897415	4175.51282038	4164.48717928	4168.58974345	
4210.7692307	4175.51282038	4180.38461525	4177.17948704	4173.97435884	4169.61538448	4166.92307672	4166.53846133	4165.25641005	4168.58974345	4163.07692287	4175.64102551	4164.35897415	4165.25641005	
4209.87179481	4171.41025628	4174.87179474	4175.38461525	4174.35897422	4167.82051262	4169.10256397	4171.28205115	4172.17948704	4173.20512807	4169.99999986	4179.48717935	4165.12820492	4170.64102551	
4208.07692301	4166.02564082	4166.28205108	4168.84615371	4171.15384602	4167.82051262	4169.61538448	4169.10256397	4169.2307691	4165.12820492	4160.12820492	4171.28205115	4155.12820492	4161.41025621	
4206.28205122	4166.41025621	4164.61538441	4166.41025621	4166.66666646	4165.38461518	4164.61538441	4152.56410236	4151.28205108	4152.94871774	4146.79487159	4158.71794851	4143.33333313	4138.71794851	
4207.05128199	4168.20512807	4166.15384595	4169.2307691	4163.97435877	4160.89743569	4160.64102544	4144.48717928	4141.53846133	4151.66666646	4151.15384595	4156.79487159	4142.05128185	4132.69230742	
4201.92307686	4164.1025639	4164.1025639	4164.87179467	4163.205128	4156.92307672	4158.97435877	4147.3076921	4144.48717928	4154.74358954	4155.89743569	4156.28205108	4141.92307672	4132.30769203	
4200.64102551	4160.12820492	4163.205128	4159.87179467	4161.15384595	4154.35897415	4156.53846133	4144.61538441	4144.35897415	4158.07692287	4154.23076903	4154.87179467	4139.1025639	4129.61538434	
4205.7692307	4164.61538441	4167.17948697	4167.56410236	4163.33333313	4157.3076921	4158.205128	4146.79487159	4148.97435877	4166.92307672	4160.25641005	4161.92307672	4144.23076903	4142.3076921	
4204.23076917	4167.3076921	4165.89743569	4170.51282038	4168.58974345	4159.61538441	4161.02564082	4150.64102544	4153.33333313	4171.79487166	4164.35897415	4165.64102544	4149.23076903	4146.66666646	
4200.76923063	4157.56410236	4159.87179467	4159.23076903	4163.46153826	4153.97435877	4156.28205108	4142.05128185	4142.43589723	4170.76923063	4160.51282031	4158.33333313	4144.23076903	4132.69230742	
4201.28205122	4146.79487159	4157.69230749	4149.48717928	4155.51282031	4146.28205108	4150.12820492	4133.71794844	4134.61538434	4173.97435884	4156.41025621	4152.94871774	4139.35897415	4122.69230742	
4198.97435884	4144.1025639	4149.87179467	4145.51282031	4152.43589723	4141.53846133	4148.46153826	4131.92307665	4131.92307665	4169.2307691	4148.46153826	4147.56410236	4134.23076896	4112.56410229	
4193.71794858	4144.74358954	4141.02564082	4142.43589723	4152.05128185	4142.69230749	4147.94871774	4133.33333306	4128.20512793	4163.07692287	4144.35897415	4141.28205108	4131.28205101	4106.53846126	
4194.10256397	4144.74358954	4142.69230749	4142.05128185	4152.3076921	4146.15384595	4150.38461518	4138.71794851	4129.35897408	4170.25641012	4147.69230749	4141.92307672	4134.35897408	4110.89743562	
4195.38461525	4146.92307672	4146.66666646	4144.9999998	4151.41025621	4145.38461518	4153.46153826	4138.84615364	4132.69230742	4169.74358961	4144.87179467	4140.76923056	4129.99999973	4111.92307665	
4194.74358961	4151.41025621	4145.12820492	4148.71794851	4153.46153826	4146.15384595	4154.23076903	4139.23076903	4137.43589723	4163.71794851	4140.64102544	4138.97435877	4124.8717946	4112.30769203	
4196.15384602	4150.12820492	4140.89743569	4149.61538441	4154.61538441	4147.94871774	4151.41025621	4137.43589723	4134.10256383	4166.66666646	4140.64102544	4138.205128	4126.41025614	4107.82051255	
4197.4358973	4151.53846133	4143.58974339	4152.43589723	4154.23076903	4152.43589723	4150.76923056	4135.51282031	4128.9743587	4172.30769217	4147.69230749	4141.41025621	4131.41025614	4110.25640998	
4199.99999986	4162.94871774	4153.84615364	4162.56410236	4162.56410236	4160.64102544	4157.3076921	4145.89743569	4139.9999998	4176.79487166	4162.17948697	4152.3076921	4141.53846133	4131.02564075	
4199.99999986	4162.94871774	4153.84615364	4162.56410236	4162.56410236	4160.64102544	4157.3076921	4145.89743569	4139.9999998	4176.79487166	4162.17948697	4152.3076921	4141.53846133	4131.02564075	
4192.56410243	4170.51282038	4158.71794851	4171.79487166	4173.71794858	4164.23076903	4163.58974339	4156.28205108	4153.46153826	4180.51282038	4168.20512807	4159.61538441	4148.07692287	4141.66666646	
4177.30769217	4173.46153833	4163.205128	4176.02564089	4173.07692294	4164.35897415	4164.35897415	4154.9999998	4152.17948697	4181.15384602	4171.66666653	4162.17948697	4150.25641005	4142.3076921	
4174.61538448	4181.66666653	4177.4358973	4184.74358961	4171.15384602	4167.56410236	4164.87179467	4156.41025621	4155.25641005	4183.71794858	4181.15384602	4172.30769217	4156.66666646	4152.94871774	
4182.17948704	4195.25641012	4191.5384614	4199.87179474	4179.48717935	4169.61538448	4167.69230749	4168.97435884	4171.41025628	4191.02564089	4190.38461525	4188.84615371	4170.76923063	4174.74358961	
4187.30769217	4203.33333327	4196.92307679	4211.28205122	4178.58974345	4163.71794851	4164.48717928	4172.69230756	4172.69230756	4191.66666653	4198.07692294	4195.51282038	4177.4358973	4183.20512807	
4186.5384614	4207.5641025	4204.87179481	4218.4615384	4169.99999986	4155.38461518	4157.05128185	4166.02564082	4165.76923056	4189.61538448	4210.7692307	4201.79487173	4179.48717935	4177.94871781	
4190.64102551	4210.38461532	4214.74358968	4223.20512814	4166.79487159	4152.43589723	4153.58974339	4166.41025621	4165.76923056	4191.5384614	4219.35897429	4215.38461532	4186.28205115	4187.17948704	
4201.92307686	4207.30769224	4210.51282045	4221.28205122	4162.17948697	4149.1025639	4148.84615364	4158.46153826	4152.05128185	4179.99999986	4206.92307686	4211.41025634	4177.05128192	4185.12820499	
4206.79487173	4204.48717942	4203.97435891	4219.10256404	4158.46153826	4146.79487159	4147.3076921	4149.1025639	4140.51282031	4166.28205108	4196.92307679	4200.38461525	4162.56410236	4170.76923063	
4210.7692307	4207.5641025	4210.12820506	4224.61538455	4160.76923056	4153.84615364	4154.1025639	4161.79487159	4154.48717928	4172.30769217	4203.71794865	4208.07692301	4169.61538448	4185.51282038	
4218.97435891	4211.53846147	4214.74358968	4228.58974352	4166.53846133	4162.05128185	4158.07692287	4169.61538448	4163.84615364	4179.48717935	4206.53846147	4214.35897429	4176.92307679	4200.38461525	
4220.89743583	4208.58974352	4208.33333327	4220.64102558	4169.87179474	4159.74358954	4154.61538441	4160.89743569	4158.97435877	4175.76923063	4198.46153833	4207.43589737	4167.3076921	4191.28205115	
4217.82051275	4201.02564096	4203.4615384	4212.94871788	4167.56410236	4158.71794851	4156.41025621	4162.3076921	4164.1025639	4177.05128192	4191.5384614	4201.28205122	4162.69230749	4187.4358973	
4217.82051275	4201.02564096	4203.4615384	4212.94871788	4167.56410236	4158.71794851	4156.41025621	4162.3076921	4164.1025639	4177.05128192	4191.5384614	4201.28205122	4162.69230749	4187.4358973	
4212.82051275	4199.87179474	4204.35897429	4215.25641019	4169.99999986	4169.74358961	4164.1025639	4173.97435884	4172.05128192	4185.51282038	4189.74358961	4196.66666653	4171.79487166	4194.48717935	
4201.41025634	4197.30769217	4195.89743576	4209.87179481	4173.97435884	4169.10256397	4163.58974339	4167.43589723	4161.92307672	4180.76923063	4180.12820499	4185.89743576	4167.56410236	4181.5384614	
4188.46153833	4186.66666653	4183.46153833	4192.94871781	4171.66666653	4158.46153826	4160.25641005	4152.82051262	4152.3076921	4170.89743576	4169.48717935	4173.84615371	4151.02564082	4159.48717928	
4179.74358961	4179.35897422	4181.15384602	4186.41025628	4172.56410243	4167.82051262	4165.12820492	4159.61538441	4161.92307672	4177.05128192	4168.3333332	4168.84615371	4147.05128185	4160.64102544	
4176.92307679	4175.76923063	4179.74358961	4183.71794858	4173.97435884	4177.69230756	4171.02564089	4168.97435884	4169.35897422	4185.76923063	4165.25641005	4168.71794858	4151.28205108	4163.46153826	
4179.74358961	4171.02564089	4175.51282038	4173.58974345	4171.79487166	4172.94871781	4173.71794858	4168.46153833	4168.07692287	4186.5384614	4161.66666646	4171.15384602	4152.17948697	4160.64102544	
4181.66666653	4173.97435884	4180.12820499	4173.3333332	4173.07692294	4174.61538448	4176.15384602	4173.20512807	4175.12820499	4189.35897422	4169.10256397	4176.15384602	4155.51282031	4171.15384602	
4183.07692294	4176.28205115	4181.79487166	4178.97435884	4173.97435884	4177.94871781	4174.74358961	4175.25641012	4179.99999986	4192.4358973	4169.74358961	4173.71794858	4158.84615364	4171.79487166	
4189.2307691	4174.99999986	4177.69230756	4178.46153833	4178.3333332	4178.07692294	4175.38461525	4177.56410243	4181.28205115	4197.30769217	4167.56410236	4171.92307679	4163.205128	4173.3333332	
4194.87179474	4176.79487166	4184.2307691	4173.97435884	4187.05128192	4186.15384602	4183.46153833	4189.87179474	4191.66666653	4207.5641025	4174.99999986	4181.92307679	4173.3333332	4192.82051269	
4192.56410243	4174.48717935	4187.17948704	4172.17948704	4178.71794858	4181.41025628	4180.89743576	4187.82051269	4187.30769217	4203.33333327	4171.02564089	4183.07692294	4172.69230756	4191.02564089	
4187.82051269	4171.66666653	4178.3333332	4175.76923063	4167.69230749	4166.28205108	4169.87179474	4169.74358961	4166.53846133	4184.99999986	4161.53846133	4170.38461525	4163.33333313	4169.2307691	
4189.2307691	4171.41025628	4172.17948704	4171.28205115	4172.94871781	4168.97435884	4169.61538448	4167.56410236	4163.07692287	4184.74358961	4163.71794851	4167.56410236	4159.87179467	4163.58974339	
4189.10256397	4165.38461518	4169.35897422	4158.97435877	4174.61538448	4172.30769217	4173.71794858	4175.38461525	4169.2307691	4192.30769217	4158.205128	4171.28205115	4157.69230749	4168.20512807	
4183.71794858	4161.53846133	4165.76923056	4158.71794851	4171.79487166	4169.61538448	4174.2307691	4170.64102551	4166.92307672	4186.02564089	4148.33333313	4165.38461518	4151.53846133	4160.51282031	
4182.4358973	4162.82051262	4162.56410236	4163.33333313	4174.2307691	4173.97435884	4173.84615371	4164.61538441	4164.48717928	4180.89743576	4156.02564082	4152.05128185	4147.05128185	4149.61538441	
4179.87179474	4154.9999998	4156.66666646	4152.3076921	4168.20512807	4173.07692294	4171.79487166	4168.84615371	4167.94871774	4183.3333332	4161.02564082	4141.66666646	4144.1025639	4147.82051262	
4175.12820499	4145.38461518	4150.64102544	4141.02564082	4154.23076903	4159.48717928	4164.87179467	4163.97435877	4165.89743569	4178.07692294	4141.02564082	4139.74358954	4140.64102544	4134.35897408	
4176.41025628	4149.35897415	4151.53846133	4145.51282031	4153.97435877	4156.28205108	4163.205128	4154.35897415	4158.71794851	4171.66666653	4129.99999973	4144.87179467	4140.51282031	4127.43589716	
4171.5384614	4153.07692287	4153.84615364	4149.23076903	4162.43589723	4162.17948697	4164.9999998	4156.02564082	4157.94871774	4174.61538448	4137.69230749	4144.48717928	4137.82051262	4133.20512793	
4157.05128185	4147.05128185	4149.61538441	4143.205128	4155.38461518	4153.97435877	4157.05128185	4147.17948697	4151.79487159	4172.05128192	4122.94871767	4134.74358947	4128.71794844	4115.12820485	
4147.94871774	4146.15384595	4145.76923056	4143.07692287	4147.43589723	4146.15384595	4150.12820492	4130.38461511	4136.92307672	4164.35897415	4086.41025607	4132.56410229	4126.41025614	4094.35897402	
4144.87179467	4154.1025639	4152.3076921	4150.25641005	4151.02564082	4149.74358954	4151.92307672	4133.84615357	4135.38461518	4165.64102544	4077.56410222	4144.48717928	4138.205128	4100.89743555	
4140.12820492	4155.25641005	4157.43589723	4148.33333313	4151.79487159	4150.64102544	4155.38461518	4143.205128	4143.46153826	4168.71794858	4097.94871761	4151.79487159	4145.76923056	4111.28205101	
4138.71794851	4152.82051262	4152.94871774	4144.23076903	4153.46153826	4156.15384595	4161.02564082	4144.35897415	4145.51282031	4172.17948704	4099.48717914	4146.15384595	4142.43589723	4112.56410229	
4147.05128185	4156.79487159	4153.07692287	4150.25641005	4161.53846133	4167.94871774	4167.82051262	4149.74358954	4149.9999998	4176.66666653	4083.33333299	4140.76923056	4143.07692287	4114.99999973	
4154.23076903	4162.3076921	4159.9999998	4158.97435877	4167.3076921	4169.48717935	4169.87179474	4155.38461518	4159.74358954	4178.84615371	4086.41025607	4146.53846133	4146.15384595	4121.15384588	
4159.61538441	4167.69230749	4165.38461518	4163.205128	4172.82051269	4171.79487166	4173.58974345	4156.92307672	4163.07692287	4185.12820499	4094.23076889	4161.41025621	4151.28205108	4133.46153819	
4169.74358961	4178.84615371	4173.97435884	4168.97435884	4189.10256397	4192.4358973	4186.79487166	4172.94871781	4174.2307691	4198.20512807	4097.17948684	4177.17948704	4170.12820499	4161.15384595	
4176.92307679	4192.05128192	4186.92307679	4183.71794858	4199.2307691	4204.61538455	4196.5384614	4193.71794858	4195.25641012	4208.97435891	4117.69230742	4184.99999986	4188.71794858	4187.30769217	
4180.89743576	4200.12820499	4194.61538448	4193.07692294	4195.25641012	4199.99999986	4193.58974345	4198.3333332	4207.17948711	4217.30769224	4130.12820485	4188.07692294	4193.84615371	4193.07692294	
4182.82051269	4202.43589737	4198.20512807	4192.4358973	4198.97435884	4204.48717942	4193.97435884	4204.23076917	4217.69230763	4232.05128199	4124.99999973	4198.3333332	4205.64102558	4204.10256404	
4187.4358973	4204.61538455	4202.5641025	4199.87179474	4205.51282045	4209.48717942	4196.5384614	4210.89743583	4220.89743583	4233.71794865	4132.56410229	4206.15384609	4214.87179481	4221.6666666	
4191.79487166	4207.5641025	4204.74358968	4208.07692301	4199.61538448	4201.53846147	4192.17948704	4201.41025634	4204.10256404	4219.87179481	4135.25640998	4204.35897429	4208.71794865	4216.92307686	
4192.94871781	4204.35897429	4201.79487173	4198.84615371	4193.58974345	4197.82051269	4189.61538448	4195.76923063	4197.56410243	4213.84615378	4119.74358947	4198.46153833	4203.20512814	4210.12820506	
4197.05128192	4196.79487166	4196.92307679	4186.92307679	4192.82051269	4200.51282038	4189.48717935	4200.25641012	4206.53846147	4211.15384609	4114.35897408	4193.07692294	4199.10256397	4215.38461532	
4195.76923063	4197.56410243	4197.4358973	4192.69230756	4191.02564089	4199.35897422	4190.64102551	4202.5641025	4205.64102558	4211.15384609	4120.12820485	4196.79487166	4200.38461525	4220.38461532	
4189.2307691	4203.33333327	4198.84615371	4199.2307691	4189.87179474	4194.48717935	4193.46153833	4197.17948704	4189.87179474	4207.5641025	4112.94871767	4199.48717935	4199.87179474	4215.89743583	
4183.97435884	4203.71794865	4196.66666653	4193.3333332	4193.97435884	4198.97435884	4199.61538448	4196.92307679	4189.35897422	4200.51282038	4110.89743562	4193.84615371	4192.4358973	4209.23076917	
4180.25641012	4204.48717942	4199.2307691	4191.66666653	4201.92307686	4212.5641025	4205.7692307	4210.25641019	4210.12820506	4209.10256404	4120.38461511	4195.89743576	4196.02564089	4225.12820506	
4180.76923063	4203.33333327	4198.97435884	4194.10256397	4204.35897429	4215.51282045	4205.89743583	4218.20512814	4218.4615384	4222.43589737	4117.43589716	4200.25641012	4205.38461532	4241.92307693	
4181.66666653	4200.76923063	4197.17948704	4194.99999986	4200.25641012	4209.74358968	4205.25641019	4221.02564096	4216.53846147	4223.58974352	4119.99999973	4196.79487166	4204.48717942	4238.71794872	
4182.30769217	4200.38461525	4199.35897422	4193.84615371	4198.71794858	4207.82051275	4200.76923063	4219.10256404	4213.33333327	4215.12820506	4128.0769228	4198.20512807	4201.15384609	4232.5641025	
4185.38461525	4193.58974345	4194.35897422	4187.69230756	4196.92307679	4203.4615384	4191.92307679	4204.35897429	4202.43589737	4206.92307686	4113.84615357	4197.05128192	4196.79487166	4221.28205122	
4187.56410243	4182.82051269	4185.64102551	4178.84615371	4193.71794858	4196.5384614	4186.79487166	4197.69230756	4198.20512807	4208.4615384	4099.10256376	4185.76923063	4187.05128192	4209.48717942	
4187.56410243	4182.82051269	4185.64102551	4178.84615371	4193.71794858	4196.5384614	4186.79487166	4197.69230756	4198.20512807	4208.4615384	4099.10256376	4185.76923063	4187.05128192	4209.48717942	
4187.17948704	4173.71794858	4178.3333332	4169.10256397	4186.02564089	4188.46153833	4182.94871781	4197.82051269	4196.66666653	4212.17948711	4104.99999973	4173.84615371	4178.71794858	4197.94871781	
4185.38461525	4165.89743569	4164.1025639	4164.1025639	4172.56410243	4176.92307679	4172.17948704	4180.51282038	4181.79487166	4198.20512807	4104.48717921	4160.51282031	4166.53846133	4172.30769217	
4181.41025628	4156.28205108	4149.87179467	4155.25641005	4165.38461518	4167.94871774	4165.51282031	4168.84615371	4174.48717935	4187.17948704	4088.33333299	4151.92307672	4156.92307672	4150.25641005	
4177.82051269	4146.41025621	4146.02564082	4140.12820492	4161.66666646	4166.66666646	4168.07692287	4172.17948704	4174.48717935	4190.64102551	4078.33333299	4150.51282031	4155.89743569	4141.41025621	
4178.84615371	4146.15384595	4147.94871774	4139.61538441	4155.38461518	4168.07692287	4169.48717935	4167.17948697	4162.43589723	4184.99999986	4085.6410253	4149.48717928	4156.79487159	4137.17948697	
4180.25641012	4147.43589723	4146.53846133	4145.76923056	4155.76923056	4168.97435884	4170.64102551	4164.35897415	4158.84615364	4175.76923063	4099.87179453	4145.25641005	4156.66666646	4133.58974332	
4173.97435884	4139.35897415	4142.43589723	4136.66666646	4158.46153826	4167.56410236	4169.35897422	4165.89743569	4160.25641005	4174.2307691	4092.43589709	4145.51282031	4154.9999998	4128.33333306	
4162.43589723	4133.84615357	4140.25641005	4127.82051255	4151.92307672	4159.74358954	4164.1025639	4158.07692287	4151.15384595	4173.84615371	4079.87179453	4149.23076903	4152.94871774	4121.53846126	
4157.82051262	4136.28205108	4142.43589723	4132.69230742	4146.79487159	4152.17948697	4162.17948697	4148.84615364	4147.17948697	4173.07692294	4090.12820478	4143.07692287	4147.05128185	4113.20512793	
4161.66666646	4138.33333313	4147.94871774	4140.38461518	4151.28205108	4153.205128	4162.43589723	4149.48717928	4150.38461518	4172.82051269	4091.92307658	4138.46153826	4143.58974339	4115.64102537	
4162.56410236	4136.92307672	4148.33333313	4139.23076903	4151.15384595	4154.87179467	4159.48717928	4152.82051262	4147.82051262	4170.51282038	4086.28205094	4142.56410236	4149.74358954	4118.9743587	
4162.82051262	4131.92307665	4137.94871774	4129.35897408	4142.94871774	4149.23076903	4154.61538441	4152.43589723	4144.87179467	4168.20512807	4093.97435863	4137.69230749	4147.69230749	4110.51282024	
4168.07692287	4129.48717921	4132.94871767	4125.38461511	4142.56410236	4145.76923056	4154.35897415	4151.41025621	4149.9999998	4168.3333332	4098.58974325	4128.58974332	4136.28205108	4112.05128178	
4176.02564089	4133.33333306	4139.23076903	4130.51282024	4146.41025621	4146.53846133	4154.61538441	4149.9999998	4151.53846133	4168.3333332	4105.89743562	4130.64102537	4135.76923056	4117.94871767	
4179.74358961	4133.58974332	4139.74358954	4129.35897408	4143.97435877	4146.53846133	4153.58974339	4152.43589723	4148.84615364	4164.9999998	4119.8717946	4136.15384595	4141.15384595	4119.8717946	
4178.84615371	4129.61538434	4134.10256383	4125.25640998	4142.17948697	4146.41025621	4155.25641005	4154.9999998	4146.66666646	4154.61538441	4120.64102537	4135.76923056	4137.3076921	4120.64102537	
4180.25641012	4127.94871767	4132.56410229	4125.51282024	4142.69230749	4146.28205108	4155.89743569	4152.43589723	4146.02564082	4152.94871774	4119.99999973	4128.9743587	4132.69230742	4115.89743562	
4180.76923063	4128.71794844	4130.25640998	4127.82051255	4144.35897415	4145.89743569	4154.1025639	4154.23076903	4150.89743569	4166.02564082	4134.74358947	4120.12820485	4135.76923056	4117.05128178	
4176.79487166	4128.33333306	4128.20512793	4127.69230742	4144.1025639	4147.17948697	4153.46153826	4159.23076903	4156.41025621	4172.94871781	4134.99999973	4121.53846126	4138.46153826	4120.12820485	
4175.25641012	4126.79487152	4134.61538434	4125.64102537	4141.53846133	4152.43589723	4158.97435877	4160.51282031	4159.61538441	4165.76923056	4126.02564075	4131.53846126	4139.1025639	4120.38461511	
4179.35897422	4133.84615357	4146.41025621	4134.99999973	4148.97435877	4163.58974339	4168.84615371	4171.92307679	4171.79487166	4173.20512807	4141.66666646	4143.58974339	4152.69230749	4143.58974339	
4185.51282038	4149.9999998	4157.94871774	4152.94871774	4166.92307672	4173.20512807	4173.58974345	4187.4358973	4184.99999986	4188.46153833	4154.87179467	4158.07692287	4168.71794858	4170.64102551	
4185.51282038	4149.9999998	4157.94871774	4152.94871774	4166.92307672	4173.20512807	4173.58974345	4187.4358973	4184.99999986	4188.46153833	4154.87179467	4158.07692287	4168.71794858	4170.64102551	
4188.46153833	4164.23076903	4170.76923063	4165.25641005	4178.58974345	4181.66666653	4175.64102551	4197.69230756	4192.30769217	4190.64102551	4160.76923056	4170.12820499	4175.25641012	4183.46153833	
4190.38461525	4172.30769217	4179.87179474	4172.17948704	4181.5384614	4191.66666653	4182.82051269	4209.23076917	4202.69230763	4199.2307691	4175.89743576	4179.48717935	4186.5384614	4199.48717935	
4190.12820499	4176.02564089	4182.05128192	4176.92307679	4186.02564089	4195.51282038	4188.20512807	4216.79487173	4211.02564096	4211.92307686	4180.51282038	4188.58974345	4200.25641012	4210.38461532	
4190.12820499	4178.58974345	4183.58974345	4179.2307691	4189.35897422	4194.61538448	4184.74358961	4219.99999993	4213.58974352	4213.97435891	4178.58974345	4193.46153833	4204.10256404	4215.25641019	
4192.82051269	4181.41025628	4187.30769217	4182.4358973	4191.79487166	4198.58974345	4185.12820499	4223.71794865	4221.53846147	4215.25641019	4190.76923063	4194.99999986	4207.5641025	4224.23076917	
4192.4358973	4184.61538448	4196.66666653	4189.10256397	4201.41025634	4207.82051275	4196.92307679	4230.7692307	4235.25641026	4227.30769224	4205.51282045	4204.99999993	4219.74358968	4239.61538462	
4189.87179474	4182.17948704	4197.94871781	4186.41025628	4204.61538455	4207.30769224	4198.07692294	4231.41025634	4234.23076923	4232.94871788	4202.30769224	4206.15384609	4216.15384609	4249.23076923	
4181.79487166	4181.02564089	4190.12820499	4183.07692294	4197.4358973	4201.6666666	4189.99999986	4225.64102558	4224.99999993	4224.74358968	4187.69230756	4195.89743576	4204.35897429	4245.25641026	
4170.51282038	4185.76923063	4191.92307679	4189.87179474	4197.30769217	4202.82051275	4191.79487166	4224.35897429	4227.17948711	4222.05128199	4183.97435884	4199.74358961	4212.94871788	4248.71794872	
4162.05128185	4181.79487166	4192.69230756	4187.30769217	4198.58974345	4199.87179474	4193.3333332	4218.58974352	4220.25641019	4216.92307686	4193.46153833	4198.97435884	4210.51282045	4244.48717949	
4148.07692287	4176.79487166	4184.10256397	4180.25641012	4193.07692294	4194.35897422	4189.10256397	4213.58974352	4206.53846147	4214.10256404	4205.25641019	4186.15384602	4194.61538448	4230.25641019	
4139.74358954	4183.58974345	4183.58974345	4185.76923063	4193.20512807	4199.35897422	4192.56410243	4215.89743583	4210.38461532	4217.94871788	4201.28205122	4185.25641012	4197.94871781	4233.58974352	
4138.84615364	4185.64102551	4187.17948704	4186.79487166	4196.66666653	4207.94871788	4198.07692294	4216.79487173	4217.43589737	4214.10256404	4186.41025628	4187.69230756	4202.30769224	4237.6923077	
4157.43589723	4163.07692287	4164.74358954	4163.33333313	4175.64102551	4179.10256397	4173.07692294	4192.05128192	4194.10256397	4188.71794858	4240.25641026	4166.92307672	4180.89743576	4215.38461532	
4160.64102544	4164.1025639	4165.12820492	4164.35897415	4179.48717935	4181.66666653	4172.56410243	4191.92307679	4193.71794858	4196.92307679	4239.61538462	4167.3076921	4179.99999986	4211.02564096	
4162.82051262	4165.76923056	4165.51282031	4165.64102544	4183.97435884	4183.20512807	4174.10256397	4193.46153833	4187.94871781	4192.30769217	4241.66666667	4168.58974345	4178.97435884	4210.51282045	
4158.58974339	4161.15384595	4161.53846133	4159.1025639	4179.74358961	4173.07692294	4171.28205115	4178.3333332	4175.64102551	4172.30769217	4229.61538455	4162.56410236	4172.17948704	4196.41025628	
4161.02564082	4160.76923056	4160.76923056	4157.43589723	4174.10256397	4167.17948697	4170.51282038	4176.66666653	4175.38461525	4174.10256397	4227.17948711	4162.69230749	4176.66666653	4192.82051269	
4161.41025621	4162.17948697	4155.89743569	4159.61538441	4167.69230749	4165.51282031	4168.07692287	4184.87179474	4173.3333332	4184.99999986	4234.87179488	4159.61538441	4173.07692294	4193.3333332	
4151.15384595	4148.07692287	4142.43589723	4146.41025621	4155.51282031	4152.69230749	4154.23076903	4164.74358954	4150.89743569	4169.99999986	4218.4615384	4141.41025621	4150.64102544	4159.61538441	
4149.74358954	4133.9743587	4132.30769203	4132.05128178	4144.74358954	4139.48717928	4144.35897415	4141.15384595	4134.35897408	4147.82051262	4200.25641012	4132.30769203	4138.205128	4132.94871767	
4153.205128	4138.58974339	4130.38461511	4135.89743569	4143.58974339	4139.74358954	4147.3076921	4143.84615364	4137.3076921	4144.61538441	4200.38461525	4134.8717946	4139.23076903	4136.41025621	
4149.48717928	4139.87179467	4128.33333306	4136.92307672	4142.3076921	4141.66666646	4148.46153826	4147.05128185	4138.58974339	4147.05128185	4199.87179474	4127.69230742	4135.12820485	4130.89743562	
4147.69230749	4133.46153819	4128.0769228	4130.64102537	4141.28205108	4142.69230749	4148.58974339	4145.25641005	4136.53846133	4149.74358954	4200.51282038	4123.20512793	4134.10256383	4126.79487152	
4151.02564082	4136.66666646	4132.56410229	4135.51282031	4147.17948697	4147.94871774	4151.53846133	4149.87179467	4143.07692287	4152.94871774	4205.51282045	4131.15384588	4140.64102544	4136.66666646	
4150.25641005	4139.48717928	4134.74358947	4138.84615364	4153.33333313	4151.28205108	4153.71794851	4153.71794851	4150.89743569	4154.87179467	4206.15384609	4136.02564082	4143.84615364	4143.33333313	
4147.05128185	4136.92307672	4135.76923056	4134.48717921	4155.76923056	4147.94871774	4153.33333313	4151.41025621	4146.02564082	4155.51282031	4201.15384609	4136.28205108	4143.97435877	4142.05128185	
4147.3076921	4139.61538441	4136.15384595	4137.05128185	4153.33333313	4145.76923056	4148.58974339	4143.97435877	4135.12820485	4150.25641005	4198.20512807	4134.23076896	4139.87179467	4132.43589716	
4147.3076921	4139.61538441	4136.15384595	4137.05128185	4153.33333313	4145.76923056	4148.58974339	4143.97435877	4135.12820485	4150.25641005	4198.20512807	4134.23076896	4139.87179467	4132.43589716	
4149.1025639	4146.92307672	4138.97435877	4144.23076903	4154.48717928	4151.15384595	4147.94871774	4143.205128	4136.79487159	4151.15384595	4203.97435891	4135.25640998	4141.15384595	4135.51282031	
4145.38461518	4147.69230749	4145.12820492	4144.74358954	4158.97435877	4155.25641005	4157.69230749	4153.71794851	4145.51282031	4158.46153826	4209.48717942	4142.82051262	4149.23076903	4150.12820492	
4132.17948691	4147.17948697	4148.205128	4143.07692287	4156.92307672	4154.1025639	4160.89743569	4158.33333313	4146.41025621	4158.58974339	4207.69230763	4147.43589723	4155.76923056	4149.9999998	
4122.69230742	4154.87179467	4155.38461518	4148.97435877	4157.69230749	4158.33333313	4157.05128185	4160.12820492	4150.51282031	4166.53846133	4216.15384609	4155.25641005	4168.58974345	4156.15384595	
4124.74358947	4166.41025621	4166.66666646	4160.51282031	4167.94871774	4166.02564082	4163.58974339	4169.48717935	4161.66666646	4180.64102551	4232.05128199	4168.71794858	4178.58974345	4176.15384602	
4127.43589716	4177.69230756	4174.99999986	4173.84615371	4178.84615371	4174.10256397	4175.89743576	4185.12820499	4173.84615371	4180.89743576	4231.02564096	4176.5384614	4179.48717935	4190.25641012	
