4177.56410243	4205.7692307	4211.02564096	4208.33333327	4189.87179474	4185.12820499	4189.10256397	4189.2307691	4189.99999986	4197.05128192	4211.02564096	4199.74358961	4200.76923063	4251.7948718	
4178.71794858	4208.97435891	4219.10256404	4214.61538455	4198.46153833	4191.66666653	4195.25641012	4199.74358961	4200.76923063	4210.89743583	4218.71794865	4207.5641025	4210.7692307	4268.97435905	
4182.94871781	4212.82051275	4224.99999993	4217.69230763	4204.74358968	4201.41025634	4204.48717942	4209.23076917	4208.07692301	4216.15384609	4227.17948711	4206.92307686	4216.79487173	4291.79487187	
4179.2307691	4211.41025634	4217.94871788	4215.64102558	4199.87179474	4198.58974345	4203.4615384	4204.23076917	4202.17948711	4204.74358968	4223.20512814	4198.71794858	4209.48717942	4279.10256418	
4174.99999986	4204.48717942	4208.4615384	4212.17948711	4198.71794858	4192.30769217	4196.79487166	4200.76923063	4197.05128192	4201.6666666	4217.82051275	4200.25641012	4206.92307686	4271.28205136	
4176.5384614	4201.28205122	4210.38461532	4209.10256404	4195.38461525	4189.2307691	4192.82051269	4195.76923063	4189.35897422	4198.46153833	4214.87179481	4203.84615378	4207.94871788	4266.41025641	
4175.38461525	4207.17948711	4217.69230763	4212.82051275	4191.92307679	4191.02564089	4192.82051269	4190.76923063	4184.99999986	4193.07692294	4214.74358968	4201.6666666	4205.51282045	4259.35897436	
4174.2307691	4204.35897429	4210.38461532	4211.02564096	4189.99999986	4186.28205115	4190.64102551	4186.79487166	4182.05128192	4187.05128192	4206.53846147	4190.89743576	4193.46153833	4240.64102564	
4173.3333332	4195.12820499	4200.38461525	4202.69230763	4189.48717935	4183.58974345	4192.82051269	4182.4358973	4178.3333332	4186.28205115	4199.10256397	4182.94871781	4185.64102551	4222.69230763	
4172.05128192	4193.97435884	4200.12820499	4202.05128199	4192.4358973	4191.15384602	4199.99999986	4189.61538448	4187.56410243	4196.28205115	4206.41025634	4190.38461525	4194.48717935	4239.74358975	
4173.46153833	4197.82051269	4201.79487173	4205.38461532	4192.17948704	4193.07692294	4202.30769224	4201.41025634	4199.87179474	4205.51282045	4212.82051275	4196.92307679	4203.33333327	4260.8974359	
4173.46153833	4202.30769224	4206.28205122	4209.74358968	4194.87179474	4194.74358961	4203.58974352	4210.7692307	4210.7692307	4213.33333327	4216.6666666	4200.12820499	4209.10256404	4276.79487187	
4172.82051269	4201.6666666	4210.38461532	4211.28205122	4199.2307691	4199.61538448	4205.25641019	4216.28205122	4222.69230763	4222.69230763	4221.28205122	4205.38461532	4216.28205122	4288.20512828	
4172.4358973	4194.10256397	4208.84615378	4204.35897429	4197.05128192	4195.89743576	4200.12820499	4213.58974352	4221.41025634	4223.84615378	4219.87179481	4207.17948711	4214.74358968	4280.64102571	
4171.15384602	4191.79487166	4207.94871788	4199.99999986	4193.07692294	4188.71794858	4191.41025628	4205.12820506	4208.20512814	4216.92307686	4218.07692301	4206.02564096	4210.7692307	4265.0	
4171.28205115	4195.51282038	4207.05128199	4202.05128199	4186.5384614	4180.51282038	4182.94871781	4190.12820499	4195.51282038	4208.4615384	4211.02564096	4200.64102551	4208.07692301	4244.61538462	
4170.76923063	4198.58974345	4209.99999993	4205.89743583	4180.64102551	4176.5384614	4181.5384614	4189.10256397	4197.05128192	4207.05128199	4203.58974352	4201.41025634	4204.74358968	4244.35897436	
4170.12820499	4197.69230756	4211.28205122	4202.94871788	4178.46153833	4178.20512807	4185.64102551	4195.25641012	4198.71794858	4210.51282045	4199.87179474	4203.4615384	4200.76923063	4247.6923077	
4171.92307679	4190.51282038	4199.61538448	4191.41025628	4179.99999986	4178.71794858	4189.87179474	4185.12820499	4189.48717935	4207.69230763	4191.92307679	4192.05128192	4195.76923063	4232.69230763	
4168.20512807	4186.15384602	4190.64102551	4187.30769217	4187.17948704	4185.12820499	4193.46153833	4179.61538448	4186.41025628	4203.4615384	4189.87179474	4184.74358961	4196.5384614	4225.7692307	
4165.25641005	4185.25641012	4189.74358961	4188.84615371	4189.74358961	4192.82051269	4192.05128192	4183.07692294	4185.51282038	4199.35897422	4187.82051269	4182.4358973	4190.89743576	4216.15384609	
4172.82051269	4188.71794858	4191.41025628	4191.92307679	4189.74358961	4196.5384614	4195.12820499	4189.48717935	4188.71794858	4198.84615371	4186.28205115	4183.20512807	4188.97435884	4222.17948711	
4174.87179474	4193.97435884	4193.46153833	4192.30769217	4191.79487166	4195.38461525	4198.71794858	4195.64102551	4196.5384614	4204.10256404	4189.2307691	4189.35897422	4197.82051269	4232.05128199	
4169.99999986	4188.71794858	4190.76923063	4186.92307679	4186.66666653	4188.84615371	4193.97435884	4192.30769217	4195.25641012	4204.10256404	4189.87179474	4189.10256397	4196.15384602	4225.7692307	
4175.25641012	4193.20512807	4199.74358961	4197.94871781	4187.94871781	4191.15384602	4197.17948704	4200.89743576	4201.53846147	4208.4615384	4199.61538448	4196.41025628	4202.30769224	4254.48717949	
4183.20512807	4203.4615384	4215.38461532	4212.05128199	4192.94871781	4195.76923063	4201.53846147	4214.10256404	4212.94871788	4214.10256404	4210.7692307	4209.23076917	4213.58974352	4287.30769238	
4178.46153833	4200.76923063	4213.71794865	4206.28205122	4186.41025628	4188.84615371	4195.51282038	4205.51282045	4207.43589737	4210.51282045	4205.51282045	4207.69230763	4206.79487173	4272.56410264	
4171.41025628	4200.25641012	4208.07692301	4201.41025634	4182.05128192	4183.20512807	4193.97435884	4198.20512807	4202.82051275	4211.53846147	4203.71794865	4204.23076917	4203.20512814	4255.38461539	
4173.84615371	4202.30769224	4213.97435891	4205.38461532	4186.79487166	4188.20512807	4199.74358961	4212.17948711	4213.84615378	4222.17948711	4216.53846147	4209.10256404	4216.02564096	4275.76923084	
4172.94871781	4199.35897422	4219.87179481	4206.53846147	4189.35897422	4191.28205115	4197.94871781	4223.58974352	4224.23076917	4231.28205122	4226.53846147	4214.23076917	4227.05128199	4299.35897443	
4167.82051262	4193.71794858	4209.48717942	4199.35897422	4181.15384602	4183.58974345	4191.41025628	4212.05128199	4216.53846147	4226.28205122	4219.74358968	4207.69230763	4220.89743583	4277.05128212	
4169.10256397	4191.41025628	4198.20512807	4192.4358973	4178.58974345	4182.17948704	4195.25641012	4201.79487173	4208.07692301	4218.58974352	4210.51282045	4198.58974345	4211.15384609	4253.20512821	
4173.46153833	4196.66666653	4204.48717942	4196.66666653	4188.46153833	4196.41025628	4203.4615384	4214.23076917	4218.07692301	4224.74358968	4214.23076917	4200.76923063	4216.15384609	4279.87179495	
4173.84615371	4198.71794858	4209.10256404	4200.25641012	4189.35897422	4202.5641025	4203.4615384	4213.84615378	4222.05128199	4224.87179481	4212.30769224	4200.51282038	4217.43589737	4290.76923084	
4169.61538448	4195.51282038	4205.51282045	4198.3333332	4187.30769217	4197.30769217	4201.41025634	4192.82051269	4210.12820506	4213.07692301	4200.38461525	4193.84615371	4204.87179481	4257.94871795	
4167.82051262	4193.97435884	4203.4615384	4195.51282038	4187.69230756	4194.35897422	4199.35897422	4182.56410243	4200.25641012	4207.30769224	4197.05128192	4191.02564089	4197.56410243	4239.74358975	
4167.69230749	4197.4358973	4204.23076917	4197.17948704	4185.89743576	4193.07692294	4195.25641012	4185.51282038	4198.20512807	4210.51282045	4203.4615384	4194.48717935	4200.89743576	4246.7948718	
4168.71794858	4204.35897429	4207.69230763	4203.97435891	4189.35897422	4191.41025628	4191.66666653	4186.92307679	4196.02564089	4211.28205122	4206.41025634	4200.12820499	4203.07692301	4257.56410257	
4173.58974345	4205.51282045	4211.02564096	4208.20512814	4191.15384602	4190.38461525	4189.99999986	4180.64102551	4186.02564089	4200.25641012	4199.2307691	4198.46153833	4197.94871781	4246.41025641	
4172.82051269	4206.53846147	4214.35897429	4211.79487173	4189.2307691	4189.99999986	4191.15384602	4179.10256397	4181.5384614	4193.20512807	4199.48717935	4197.17948704	4198.20512807	4238.71794872	
4169.87179474	4206.6666666	4212.82051275	4210.12820506	4187.17948704	4181.79487166	4186.92307679	4174.99999986	4177.69230756	4190.38461525	4200.12820499	4197.30769217	4195.38461525	4240.76923077	
4172.30769217	4204.99999993	4211.79487173	4206.41025634	4186.02564089	4175.12820499	4179.99999986	4162.17948697	4165.76923056	4182.05128192	4190.64102551	4192.94871781	4185.25641012	4221.15384609	
4174.48717935	4208.58974352	4217.82051275	4212.05128199	4187.94871781	4178.71794858	4180.64102551	4163.84615364	4165.89743569	4181.28205115	4192.69230756	4194.87179474	4187.94871781	4218.07692301	
4174.48717935	4208.33333327	4216.6666666	4214.61538455	4185.76923063	4179.10256397	4182.4358973	4169.35897422	4172.82051269	4186.66666653	4197.56410243	4197.30769217	4191.79487166	4226.92307686	
4170.51282038	4207.94871788	4213.33333327	4214.99999993	4186.41025628	4183.3333332	4184.87179474	4170.25641012	4176.15384602	4191.02564089	4197.94871781	4197.4358973	4193.84615371	4225.7692307	
4166.66666646	4206.15384609	4214.23076917	4211.41025634	4187.69230756	4187.94871781	4186.28205115	4173.3333332	4178.84615371	4191.92307679	4199.10256397	4197.05128192	4197.17948704	4231.79487173	
4167.05128185	4197.69230756	4210.38461532	4201.15384609	4183.07692294	4182.82051269	4181.41025628	4171.28205115	4178.58974345	4191.5384614	4194.74358961	4191.5384614	4191.79487166	4224.87179481	
4166.66666646	4196.66666653	4203.20512814	4200.89743576	4185.64102551	4181.66666653	4177.30769217	4163.97435877	4174.74358961	4191.02564089	4188.46153833	4187.30769217	4183.71794858	4210.25641019	
4165.76923056	4199.35897422	4198.07692294	4204.61538455	4187.94871781	4183.58974345	4179.2307691	4157.3076921	4167.3076921	4183.3333332	4185.38461525	4183.97435884	4178.3333332	4206.92307686	
4164.87179467	4199.61538448	4198.71794858	4204.10256404	4185.76923063	4183.3333332	4184.2307691	4163.58974339	4170.38461525	4180.64102551	4186.92307679	4186.02564089	4180.89743576	4211.79487173	
4162.17948697	4195.38461525	4195.12820499	4199.61538448	4182.4358973	4179.61538448	4179.74358961	4167.56410236	4173.3333332	4182.05128192	4181.41025628	4184.48717935	4177.82051269	4203.07692301	
4159.1025639	4189.99999986	4188.46153833	4194.48717935	4175.51282038	4170.38461525	4171.41025628	4151.41025621	4161.41025621	4174.35897422	4170.51282038	4172.94871781	4166.92307672	4177.4358973	
4157.94871774	4195.38461525	4196.5384614	4199.35897422	4173.71794858	4170.25641012	4173.07692294	4150.38461518	4162.43589723	4176.79487166	4178.3333332	4176.15384602	4172.56410243	4182.82051269	
4158.33333313	4195.64102551	4202.05128199	4200.25641012	4172.4358973	4172.82051269	4170.38461525	4158.46153826	4168.71794858	4182.17948704	4185.38461525	4181.79487166	4179.74358961	4194.2307691	
4158.46153826	4185.64102551	4192.4358973	4192.82051269	4168.07692287	4165.51282031	4163.71794851	4148.33333313	4161.53846133	4174.35897422	4176.28205115	4172.94871781	4171.5384614	4173.58974345	
4159.48717928	4184.87179474	4188.20512807	4193.58974345	4172.82051269	4167.43589723	4168.46153833	4148.84615364	4162.82051262	4175.25641012	4175.64102551	4171.66666653	4171.28205115	4173.20512807	
4161.53846133	4187.17948704	4189.74358961	4193.97435884	4178.58974345	4176.02564089	4174.35897422	4157.17948697	4168.71794858	4178.71794858	4176.41025628	4173.84615371	4175.12820499	4184.35897422	
4160.51282031	4185.25641012	4187.56410243	4189.74358961	4177.4358973	4176.28205115	4174.99999986	4154.23076903	4169.35897422	4177.17948704	4171.5384614	4169.61538448	4169.61538448	4178.71794858	
4157.82051262	4182.17948704	4181.15384602	4187.4358973	4174.2307691	4173.46153833	4175.76923063	4153.07692287	4172.4358973	4179.99999986	4171.41025628	4167.05128185	4165.38461518	4171.15384602	
4156.66666646	4177.30769217	4177.4358973	4183.3333332	4171.15384602	4174.99999986	4177.17948704	4160.89743569	4176.5384614	4184.10256397	4175.25641012	4169.48717935	4170.76923063	4176.02564089	
4158.33333313	4179.35897422	4185.51282038	4184.10256397	4173.46153833	4179.48717935	4181.92307679	4172.82051269	4182.56410243	4186.92307679	4180.89743576	4177.17948704	4181.5384614	4196.79487166	
4164.74358954	4186.02564089	4191.41025628	4190.89743576	4176.28205115	4178.71794858	4182.94871781	4173.3333332	4183.07692294	4184.48717935	4182.4358973	4180.64102551	4180.76923063	4202.17948711	
4169.48717935	4190.51282038	4190.76923063	4198.46153833	4181.02564089	4181.66666653	4180.89743576	4169.74358961	4183.20512807	4183.97435884	4181.28205115	4177.56410243	4176.66666653	4205.7692307	
4168.84615371	4191.92307679	4190.51282038	4199.48717935	4185.38461525	4187.82051269	4181.66666653	4175.12820499	4187.94871781	4191.28205115	4180.25641012	4176.15384602	4180.76923063	4213.84615378	
4169.87179474	4189.87179474	4188.58974345	4193.71794858	4180.76923063	4184.99999986	4181.79487166	4177.82051269	4185.12820499	4192.56410243	4180.89743576	4174.10256397	4181.02564089	4208.71794865	
4172.82051269	4194.74358961	4192.4358973	4198.97435884	4181.92307679	4183.20512807	4179.74358961	4174.48717935	4182.17948704	4188.20512807	4187.94871781	4175.25641012	4184.10256397	4216.02564096	
4172.30769217	4196.15384602	4191.79487166	4201.02564096	4181.79487166	4181.02564089	4173.07692294	4160.64102544	4174.61538448	4181.15384602	4182.05128192	4174.10256397	4181.92307679	4207.05128199	
4169.10256397	4188.84615371	4179.35897422	4190.89743576	4175.25641012	4175.64102551	4171.28205115	4149.74358954	4163.205128	4173.3333332	4167.56410236	4167.69230749	4167.17948697	4178.84615371	
4167.3076921	4187.82051269	4175.25641012	4191.41025628	4176.92307679	4174.87179474	4174.87179474	4153.97435877	4163.33333313	4172.17948704	4168.97435884	4164.9999998	4164.1025639	4168.71794858	
4168.20512807	4184.74358961	4180.25641012	4193.3333332	4175.64102551	4167.05128185	4167.05128185	4146.15384595	4155.51282031	4167.05128185	4169.74358961	4163.46153826	4168.20512807	4159.35897415	
4168.97435884	4183.3333332	4184.87179474	4191.41025628	4171.02564089	4160.25641005	4160.25641005	4135.64102544	4144.61538441	4158.205128	4166.02564082	4166.02564082	4166.41025621	4156.92307672	
4169.2307691	4188.20512807	4185.51282038	4195.25641012	4169.87179474	4163.71794851	4164.87179467	4140.25641005	4150.38461518	4157.3076921	4167.3076921	4166.02564082	4162.82051262	4158.84615364	
4170.76923063	4188.3333332	4181.5384614	4194.99999986	4173.3333332	4166.92307672	4167.43589723	4143.07692287	4154.9999998	4162.3076921	4165.51282031	4160.38461518	4161.66666646	4156.15384595	
4166.02564082	4181.5384614	4176.28205115	4185.12820499	4176.02564089	4169.10256397	4164.48717928	4138.46153826	4147.69230749	4161.28205108	4161.15384595	4158.07692287	4157.82051262	4148.33333313	
4160.25641005	4175.89743576	4170.76923063	4176.5384614	4170.64102551	4168.58974345	4164.87179467	4134.23076896	4140.89743569	4151.28205108	4156.41025621	4153.205128	4146.66666646	4129.61538434	
4162.43589723	4177.82051269	4173.46153833	4179.99999986	4167.82051262	4167.43589723	4167.82051262	4137.3076921	4144.48717928	4151.41025621	4154.74358954	4153.33333313	4147.17948697	4131.41025614	
4165.76923056	4178.46153833	4175.76923063	4181.79487166	4167.69230749	4164.35897415	4164.87179467	4133.71794844	4145.51282031	4157.82051262	4154.74358954	4158.205128	4154.87179467	4135.38461518	
4164.61538441	4178.3333332	4171.28205115	4180.76923063	4165.89743569	4164.23076903	4162.69230749	4133.9743587	4145.38461518	4158.58974339	4157.43589723	4158.07692287	4156.41025621	4130.25640998	
4165.12820492	4183.20512807	4176.15384602	4186.28205115	4170.38461525	4172.30769217	4168.71794858	4152.82051262	4157.69230749	4166.15384595	4166.41025621	4163.97435877	4162.43589723	4153.58974339	
4171.41025628	4184.87179474	4184.99999986	4188.71794858	4173.3333332	4173.46153833	4173.3333332	4159.74358954	4164.74358954	4172.17948704	4173.20512807	4174.87179474	4170.89743576	4178.20512807	
4173.84615371	4187.69230756	4189.2307691	4192.69230756	4176.92307679	4172.94871781	4175.89743576	4157.17948697	4163.84615364	4172.05128192	4173.97435884	4178.3333332	4178.20512807	4183.84615371	
4174.10256397	4193.46153833	4190.12820499	4197.05128192	4183.20512807	4176.66666653	4174.48717935	4157.05128185	4161.66666646	4169.61538448	4168.84615371	4173.20512807	4175.51282038	4183.58974345	
4177.17948704	4194.2307691	4189.74358961	4194.35897422	4184.35897422	4177.17948704	4172.17948704	4152.17948697	4159.35897415	4165.64102544	4167.94871774	4170.51282038	4167.43589723	4175.51282038	
4177.4358973	4193.07692294	4187.82051269	4196.15384602	4179.48717935	4174.2307691	4172.17948704	4154.87179467	4165.89743569	4169.87179474	4181.92307679	4177.30769217	4176.28205115	4181.92307679	
4175.51282038	4189.87179474	4181.92307679	4194.87179474	4176.92307679	4172.94871781	4171.41025628	4159.35897415	4168.84615371	4174.87179474	4186.02564089	4176.15384602	4185.51282038	4187.82051269	
4175.38461525	4189.35897422	4183.97435884	4190.64102551	4187.94871781	4180.64102551	4174.48717935	4157.17948697	4168.71794858	4176.15384602	4178.58974345	4168.84615371	4180.51282038	4180.76923063	
4176.15384602	4191.15384602	4183.58974345	4191.02564089	4191.79487166	4183.71794858	4172.4358973	4151.92307672	4165.38461518	4169.87179474	4172.56410243	4163.84615364	4170.76923063	4173.3333332	
4175.51282038	4189.35897422	4178.58974345	4191.02564089	4181.15384602	4178.20512807	4169.87179474	4147.94871774	4157.69230749	4162.56410236	4169.35897422	4162.82051262	4167.05128185	4164.9999998	
4175.38461525	4190.89743576	4184.87179474	4192.05128192	4183.71794858	4178.84615371	4176.15384602	4156.66666646	4167.43589723	4173.58974345	4178.07692294	4171.5384614	4178.07692294	4185.51282038	
4177.4358973	4189.35897422	4185.51282038	4188.46153833	4186.15384602	4178.20512807	4177.30769217	4163.33333313	4175.76923063	4179.10256397	4180.89743576	4172.56410243	4182.56410243	4203.20512814	
4172.94871781	4184.48717935	4178.71794858	4185.25641012	4176.66666653	4173.71794858	4173.20512807	4156.28205108	4170.25641012	4173.97435884	4176.02564089	4166.92307672	4177.94871781	4182.05128192	
4167.69230749	4181.92307679	4179.99999986	4185.12820499	4172.17948704	4171.92307679	4173.3333332	4152.3076921	4167.56410236	4174.2307691	4177.4358973	4167.82051262	4177.05128192	4167.17948697	
4171.41025628	4181.15384602	4181.41025628	4182.69230756	4174.87179474	4172.4358973	4172.82051269	4152.56410236	4164.61538441	4169.74358961	4172.56410243	4166.53846133	4171.02564089	4164.9999998	
4174.74358961	4184.35897422	4182.4358973	4184.61538448	4181.79487166	4180.51282038	4174.10256397	4158.71794851	4168.07692287	4168.20512807	4169.2307691	4170.25641012	4170.38461525	4174.2307691	
4179.10256397	4185.89743576	4185.38461525	4187.05128192	4187.17948704	4186.41025628	4178.46153833	4170.38461525	4180.89743576	4175.89743576	4174.48717935	4176.02564089	4175.76923063	4193.20512807	
4183.3333332	4185.76923063	4186.79487166	4189.87179474	4189.74358961	4186.28205115	4181.15384602	4178.97435884	4189.61538448	4182.30769217	4179.10256397	4177.05128192	4176.28205115	4203.97435891	
4179.35897422	4186.41025628	4186.15384602	4194.61538448	4189.87179474	4185.76923063	4179.87179474	4180.12820499	4187.17948704	4181.28205115	4176.92307679	4175.76923063	4174.2307691	4206.6666666	
4178.07692294	4186.15384602	4184.61538448	4192.4358973	4185.25641012	4182.05128192	4173.71794858	4172.94871781	4179.99999986	4175.25641012	4172.30769217	4170.89743576	4171.02564089	4200.76923063	
4181.02564089	4187.56410243	4187.05128192	4191.79487166	4185.51282038	4178.97435884	4171.41025628	4169.74358961	4180.76923063	4174.35897422	4176.79487166	4173.97435884	4175.12820499	4203.33333327	
4179.99999986	4184.99999986	4187.30769217	4194.2307691	4183.84615371	4171.66666653	4169.87179474	4166.92307672	4180.51282038	4175.76923063	4179.61538448	4176.79487166	4177.4358973	4202.94871788	
4175.64102551	4180.64102551	4184.74358961	4191.66666653	4174.35897422	4163.71794851	4163.84615364	4162.82051262	4173.3333332	4171.79487166	4173.97435884	4171.28205115	4168.84615371	4187.56410243	
4174.2307691	4184.87179474	4187.05128192	4192.94871781	4169.99999986	4164.87179467	4161.66666646	4162.43589723	4166.41025621	4164.23076903	4170.89743576	4170.76923063	4165.76923056	4182.94871781	
4174.35897422	4183.46153833	4183.71794858	4194.48717935	4163.97435877	4158.84615364	4159.48717928	4147.3076921	4151.41025621	4154.1025639	4168.71794858	4169.74358961	4163.84615364	4167.43589723	
4174.74358961	4182.82051269	4184.10256397	4196.02564089	4158.84615364	4152.82051262	4158.07692287	4139.61538441	4143.71794851	4152.17948697	4176.92307679	4174.48717935	4165.25641005	4164.48717928	
4180.38461525	4194.74358961	4197.05128192	4207.05128199	4161.79487159	4155.25641005	4155.51282031	4149.87179467	4150.12820492	4156.15384595	4189.10256397	4190.25641012	4175.12820499	4189.74358961	
4186.02564089	4199.2307691	4203.07692301	4216.79487173	4159.48717928	4147.3076921	4149.35897415	4143.46153826	4139.87179467	4145.76923056	4183.71794858	4193.97435884	4173.58974345	4188.84615371	
4186.41025628	4202.43589737	4207.69230763	4224.23076917	4159.35897415	4147.3076921	4153.58974339	4144.87179467	4135.38461518	4141.41025621	4186.41025628	4196.15384602	4173.84615371	4191.28205115	
4190.12820499	4209.61538455	4212.94871788	4228.97435891	4161.92307672	4154.87179467	4159.35897415	4157.82051262	4145.51282031	4147.82051262	4195.25641012	4202.30769224	4177.94871781	4200.12820499	
4192.56410243	4208.33333327	4207.94871788	4226.15384609	4154.1025639	4143.07692287	4149.61538441	4146.15384595	4135.89743569	4138.97435877	4180.12820499	4193.84615371	4166.66666646	4178.97435884	
4186.5384614	4204.61538455	4205.12820506	4224.99999993	4148.205128	4131.41025614	4139.9999998	4132.05128178	4123.58974332	4131.79487152	4168.46153833	4186.79487166	4158.46153826	4160.89743569	
4185.12820499	4199.61538448	4203.71794865	4224.99999993	4148.71794851	4131.28205101	4139.74358954	4130.25640998	4123.46153819	4133.46153819	4170.25641012	4187.94871781	4158.46153826	4151.79487159	
4189.99999986	4200.76923063	4202.5641025	4227.43589737	4154.61538441	4136.28205108	4144.87179467	4132.43589716	4127.17948691	4135.64102544	4172.94871781	4188.84615371	4160.38461518	4153.205128	
4189.99999986	4205.7692307	4201.15384609	4228.33333327	4158.97435877	4141.28205108	4147.56410236	4135.12820485	4130.64102537	4139.74358954	4174.74358961	4187.05128192	4163.84615364	4156.28205108	
4186.66666653	4195.76923063	4193.58974345	4216.41025634	4153.07692287	4141.15384595	4145.12820492	4138.46153826	4131.53846126	4142.82051262	4173.71794858	4183.20512807	4166.02564082	4155.64102544	
4179.87179474	4184.74358961	4191.79487166	4207.17948711	4152.05128185	4144.61538441	4148.205128	4147.05128185	4140.89743569	4153.46153826	4181.66666653	4187.82051269	4174.74358961	4167.05128185	
4175.76923063	4185.64102551	4192.94871781	4204.74358968	4155.51282031	4150.89743569	4153.46153826	4151.02564082	4151.53846133	4164.1025639	4188.20512807	4188.46153833	4179.99999986	4173.07692294	
4178.71794858	4184.2307691	4187.94871781	4197.05128192	4155.38461518	4154.23076903	4154.61538441	4150.64102544	4150.25641005	4163.33333313	4178.97435884	4177.56410243	4172.4358973	4169.87179474	
4176.28205115	4174.48717935	4181.02564089	4185.89743576	4158.07692287	4152.69230749	4151.66666646	4145.12820492	4142.56410236	4157.3076921	4167.05128185	4168.20512807	4163.07692287	4152.82051262	
4172.05128192	4171.41025628	4175.38461525	4182.17948704	4163.58974339	4150.51282031	4149.61538441	4135.51282031	4138.97435877	4153.97435877	4162.82051262	4164.74358954	4158.07692287	4133.46153819	
4176.79487166	4178.20512807	4175.38461525	4187.56410243	4168.84615371	4157.3076921	4155.38461518	4141.02564082	4145.51282031	4160.76923056	4165.76923056	4166.79487159	4161.15384595	4142.17948697	
4182.30769217	4180.12820499	4179.2307691	4186.79487166	4169.99999986	4164.9999998	4161.66666646	4152.17948697	4153.71794851	4171.02564089	4168.97435884	4167.69230749	4167.43589723	4159.74358954	
4181.92307679	4181.66666653	4184.48717935	4185.51282038	4173.46153833	4168.46153833	4165.12820492	4160.51282031	4165.89743569	4180.25641012	4174.99999986	4173.20512807	4175.25641012	4180.64102551	
4186.02564089	4187.94871781	4189.2307691	4194.10256397	4181.41025628	4175.38461525	4169.35897422	4173.3333332	4178.97435884	4187.56410243	4183.46153833	4185.51282038	4184.74358961	4208.58974352	
4191.92307679	4192.05128192	4194.61538448	4200.64102551	4184.99999986	4182.94871781	4171.28205115	4181.02564089	4182.4358973	4191.79487166	4190.89743576	4191.92307679	4191.92307679	4224.99999993	
4190.89743576	4196.28205115	4201.53846147	4200.64102551	4185.38461525	4181.28205115	4171.41025628	4185.51282038	4188.97435884	4199.35897422	4199.10256397	4194.87179474	4200.51282038	4233.58974352	
4190.76923063	4195.76923063	4199.48717935	4196.41025628	4179.99999986	4174.74358961	4172.05128192	4185.89743576	4191.92307679	4200.51282038	4197.17948704	4194.61538448	4201.02564096	4231.6666666	
4189.74358961	4192.4358973	4195.51282038	4196.41025628	4177.4358973	4177.82051269	4173.07692294	4182.56410243	4187.69230756	4197.56410243	4194.87179474	4196.15384602	4199.10256397	4229.35897429	
4186.5384614	4191.5384614	4197.05128192	4194.74358961	4181.79487166	4180.76923063	4171.79487166	4184.2307691	4187.94871781	4198.20512807	4198.07692294	4196.92307679	4201.15384609	4235.76923077	
4187.17948704	4186.92307679	4194.35897422	4186.92307679	4180.76923063	4174.2307691	4173.71794858	4186.02564089	4188.58974345	4196.28205115	4194.48717935	4190.38461525	4197.4358973	4225.64102558	
4189.2307691	4184.61538448	4189.99999986	4187.05128192	4180.64102551	4178.97435884	4182.69230756	4194.35897422	4195.51282038	4198.97435884	4194.2307691	4191.79487166	4199.35897422	4227.05128199	
4188.20512807	4186.66666653	4188.84615371	4188.3333332	4183.46153833	4189.99999986	4188.71794858	4203.71794865	4203.20512814	4204.61538455	4196.41025628	4194.74358961	4203.07692301	4245.25641026	
4186.41025628	4189.35897422	4191.15384602	4189.61538448	4186.79487166	4193.84615371	4190.76923063	4205.12820506	4205.89743583	4206.53846147	4195.38461525	4192.17948704	4201.02564096	4247.43589744	
4186.92307679	4188.3333332	4188.58974345	4192.4358973	4185.38461525	4190.12820499	4188.07692294	4200.64102551	4203.71794865	4203.4615384	4192.69230756	4189.35897422	4198.71794858	4242.94871795	
4186.5384614	4184.74358961	4180.76923063	4187.05128192	4180.38461525	4184.48717935	4180.76923063	4191.92307679	4196.5384614	4196.66666653	4187.4358973	4184.35897422	4193.84615371	4231.02564096	
4183.07692294	4187.56410243	4181.92307679	4187.94871781	4185.38461525	4189.87179474	4182.30769217	4190.51282038	4196.28205115	4200.12820499	4189.35897422	4186.28205115	4194.35897422	4231.15384609	
4184.10256397	4187.69230756	4184.87179474	4192.82051269	4188.07692294	4191.41025628	4181.66666653	4188.3333332	4197.30769217	4203.07692301	4192.30769217	4189.48717935	4198.97435884	4242.43589744	
4186.5384614	4188.84615371	4183.84615371	4193.07692294	4183.46153833	4182.56410243	4174.74358961	4180.89743576	4194.87179474	4197.56410243	4187.69230756	4187.82051269	4197.05128192	4235.8974359	
4183.84615371	4194.99999986	4185.38461525	4194.35897422	4181.5384614	4180.38461525	4173.97435884	4179.2307691	4190.64102551	4195.64102551	4181.28205115	4185.76923063	4190.25641012	4226.6666666	
4183.97435884	4189.2307691	4184.10256397	4190.76923063	4177.94871781	4179.2307691	4174.61538448	4173.20512807	4178.46153833	4192.05128192	4174.87179474	4180.25641012	4183.71794858	4212.05128199	
4183.20512807	4182.56410243	4180.12820499	4186.15384602	4176.02564089	4175.38461525	4171.41025628	4162.3076921	4168.3333332	4184.48717935	4169.87179474	4175.25641012	4178.20512807	4191.15384602	
4180.25641012	4183.3333332	4177.82051269	4184.2307691	4176.15384602	4174.35897422	4169.61538448	4160.89743569	4167.82051262	4180.89743576	4166.92307672	4173.97435884	4171.28205115	4181.92307679	
4181.41025628	4181.66666653	4178.58974345	4181.66666653	4174.10256397	4177.17948704	4173.07692294	4168.3333332	4171.15384602	4181.41025628	4168.20512807	4176.15384602	4171.02564089	4183.46153833	
4179.61538448	4178.20512807	4181.15384602	4181.41025628	4174.99999986	4178.07692294	4174.99999986	4168.3333332	4171.79487166	4180.25641012	4170.12820499	4176.5384614	4173.84615371	4187.05128192	
4174.35897422	4174.10256397	4175.38461525	4175.76923063	4173.46153833	4171.66666653	4168.3333332	4149.87179467	4158.205128	4168.84615371	4159.61538441	4165.12820492	4163.205128	4165.12820492	
4173.3333332	4173.3333332	4166.92307672	4170.38461525	4170.25641012	4168.71794858	4164.1025639	4140.12820492	4147.56410236	4164.87179467	4152.17948697	4156.41025621	4155.25641005	4142.82051262	
4174.10256397	4171.92307679	4165.51282031	4172.94871781	4171.66666653	4171.28205115	4167.56410236	4149.1025639	4158.46153826	4174.74358961	4157.94871774	4161.02564082	4160.25641005	4151.41025621	
4174.61538448	4170.12820499	4168.71794858	4175.89743576	4176.28205115	4171.92307679	4168.07692287	4150.38461518	4166.15384595	4178.84615371	4161.15384595	4162.56410236	4164.74358954	4168.84615371	
4176.66666653	4178.58974345	4177.30769217	4178.97435884	4183.84615371	4174.48717935	4166.28205108	4156.28205108	4167.43589723	4183.97435884	4171.02564089	4170.64102551	4174.61538448	4192.69230756	
4178.97435884	4181.79487166	4181.15384602	4180.38461525	4182.05128192	4173.84615371	4166.66666646	4167.43589723	4173.58974345	4191.5384614	4182.94871781	4181.15384602	4182.56410243	4204.10256404	
4179.87179474	4178.07692294	4176.02564089	4182.05128192	4175.89743576	4169.35897422	4164.35897415	4162.82051262	4172.30769217	4186.41025628	4176.66666653	4172.82051269	4175.89743576	4192.82051269	
4183.46153833	4184.35897422	4176.92307679	4189.74358961	4181.15384602	4171.5384614	4162.3076921	4161.02564082	4169.99999986	4181.5384614	4169.48717935	4166.79487159	4172.94871781	4188.46153833	
4185.89743576	4187.05128192	4177.69230756	4190.38461525	4179.61538448	4172.05128192	4164.35897415	4164.1025639	4173.46153833	4183.3333332	4171.66666653	4170.12820499	4175.12820499	4187.56410243	
4179.87179474	4179.87179474	4173.20512807	4183.58974345	4172.56410243	4167.17948697	4163.58974339	4154.9999998	4170.89743576	4179.74358961	4169.2307691	4170.51282038	4171.02564089	4177.56410243	
4177.05128192	4179.35897422	4170.12820499	4178.71794858	4171.41025628	4165.25641005	4158.97435877	4143.07692287	4156.66666646	4170.25641012	4162.43589723	4168.20512807	4163.97435877	4159.23076903	
4183.97435884	4184.74358961	4176.02564089	4180.25641012	4173.58974345	4168.46153833	4165.64102544	4152.69230749	4156.41025621	4173.58974345	4168.3333332	4171.5384614	4169.74358961	4171.28205115	
4186.28205115	4187.69230756	4186.92307679	4187.17948704	4179.10256397	4174.35897422	4177.30769217	4172.30769217	4177.56410243	4188.07692294	4183.84615371	4181.92307679	4187.69230756	4205.51282045	
4182.56410243	4183.3333332	4184.2307691	4184.61538448	4176.5384614	4172.17948704	4170.76923063	4167.56410236	4175.51282038	4183.46153833	4179.10256397	4184.10256397	4185.76923063	4196.15384602	
4180.89743576	4178.58974345	4177.94871781	4178.07692294	4171.5384614	4169.74358961	4162.17948697	4156.53846133	4159.9999998	4174.61538448	4168.20512807	4180.51282038	4173.71794858	4177.82051269	
4180.89743576	4179.61538448	4177.82051269	4177.69230756	4174.10256397	4171.79487166	4163.71794851	4155.76923056	4158.205128	4178.3333332	4169.2307691	4173.84615371	4172.69230756	4174.35897422	
4178.3333332	4175.51282038	4174.74358961	4173.58974345	4170.25641012	4167.3076921	4162.69230749	4150.76923056	4155.76923056	4170.76923063	4162.94871774	4168.71794858	4166.92307672	4160.38461518	
4173.46153833	4171.28205115	4174.10256397	4171.5384614	4163.205128	4165.12820492	4161.66666646	4149.87179467	4154.1025639	4164.61538441	4158.97435877	4174.2307691	4164.61538441	4154.61538441	
4173.07692294	4172.17948704	4174.87179474	4172.69230756	4163.97435877	4166.28205108	4162.56410236	4151.92307672	4157.3076921	4171.66666653	4166.28205108	4175.76923063	4171.92307679	4157.94871774	
4177.05128192	4173.58974345	4177.05128192	4171.15384602	4169.48717935	4170.25641012	4165.38461518	4157.69230749	4165.76923056	4178.84615371	4172.17948704	4175.64102551	4179.61538448	4177.17948704	
4176.02564089	4174.35897422	4179.61538448	4170.64102551	4170.38461525	4173.71794858	4168.84615371	4165.76923056	4172.82051269	4182.56410243	4172.56410243	4178.46153833	4182.05128192	4192.69230756	
4172.94871781	4175.38461525	4178.07692294	4173.84615371	4169.87179474	4170.25641012	4167.17948697	4162.43589723	4172.30769217	4184.48717935	4171.66666653	4175.25641012	4178.46153833	4185.51282038	
4173.07692294	4178.84615371	4178.46153833	4178.3333332	4172.69230756	4168.07692287	4163.71794851	4155.38461518	4169.99999986	4185.51282038	4174.74358961	4174.35897422	4178.07692294	4185.38461525	
4175.76923063	4175.12820499	4177.56410243	4177.30769217	4171.15384602	4166.15384595	4159.23076903	4149.1025639	4163.97435877	4181.28205115	4174.2307691	4176.41025628	4180.12820499	4178.84615371	
4177.56410243	4174.35897422	4177.30769217	4177.56410243	4173.71794858	4169.99999986	4161.28205108	4153.46153826	4165.12820492	4182.82051269	4176.5384614	4179.87179474	4186.15384602	4182.05128192	
4180.12820499	4184.48717935	4183.71794858	4183.58974345	4181.66666653	4178.3333332	4168.84615371	4167.43589723	4173.84615371	4189.74358961	4181.92307679	4186.02564089	4189.48717935	4209.61538455	
4184.2307691	4189.10256397	4189.74358961	4187.94871781	4182.82051269	4175.89743576	4168.97435884	4170.38461525	4172.05128192	4187.4358973	4184.10256397	4187.82051269	4185.51282038	4218.4615384	
4183.84615371	4192.05128192	4194.74358961	4194.2307691	4183.46153833	4173.97435884	4168.20512807	4175.64102551	4174.2307691	4188.71794858	4191.92307679	4192.30769217	4193.07692294	4225.64102558	
4184.2307691	4193.71794858	4193.3333332	4193.3333332	4183.71794858	4178.84615371	4170.89743576	4183.07692294	4182.17948704	4194.74358961	4191.5384614	4193.71794858	4197.69230756	4235.76923077	
4187.4358973	4193.46153833	4190.76923063	4189.87179474	4186.66666653	4183.71794858	4176.66666653	4185.51282038	4184.48717935	4196.41025628	4188.07692294	4191.41025628	4193.46153833	4235.8974359	
4189.10256397	4196.41025628	4196.02564089	4196.66666653	4194.87179474	4185.89743576	4180.12820499	4191.5384614	4188.97435884	4198.20512807	4192.94871781	4196.28205115	4199.99999986	4252.17948718	
4190.25641012	4196.41025628	4198.58974345	4198.97435884	4194.2307691	4184.74358961	4178.07692294	4187.56410243	4186.02564089	4195.64102551	4183.3333332	4197.30769217	4201.79487173	4247.43589744	
4190.51282038	4196.5384614	4194.48717935	4195.76923063	4191.5384614	4185.64102551	4177.82051269	4179.10256397	4178.58974345	4194.61538448	4168.84615371	4193.20512807	4195.12820499	4223.07692301	
4188.20512807	4193.97435884	4191.02564089	4193.71794858	4188.20512807	4184.74358961	4177.69230756	4177.56410243	4175.89743576	4192.17948704	4164.35897415	4190.38461525	4190.89743576	4222.17948711	
4180.51282038	4187.4358973	4188.46153833	4188.71794858	4183.07692294	4179.61538448	4174.87179474	4171.28205115	4172.05128192	4183.97435884	4160.12820492	4187.69230756	4185.38461525	4211.02564096	
4177.4358973	4183.46153833	4184.87179474	4182.17948704	4181.41025628	4175.89743576	4172.30769217	4166.53846133	4172.17948704	4183.71794858	4159.1025639	4185.51282038	4183.3333332	4193.71794858	
4181.28205115	4183.07692294	4185.51282038	4181.28205115	4179.48717935	4174.35897422	4170.38461525	4171.66666653	4178.97435884	4194.2307691	4164.48717928	4186.5384614	4187.82051269	4199.99999986	
4183.97435884	4190.89743576	4194.10256397	4192.17948704	4187.30769217	4179.35897422	4174.99999986	4182.30769217	4188.71794858	4202.05128199	4171.41025628	4194.48717935	4196.15384602	4223.20512814	
4186.5384614	4194.99999986	4195.89743576	4195.25641012	4191.92307679	4182.69230756	4180.38461525	4186.28205115	4189.10256397	4197.05128192	4171.92307679	4196.02564089	4196.79487166	4238.20512821	
4186.92307679	4192.56410243	4195.89743576	4191.41025628	4189.10256397	4185.51282038	4184.2307691	4189.35897422	4192.4358973	4199.10256397	4174.48717935	4198.58974345	4197.69230756	4242.05128206	
4187.82051269	4193.07692294	4202.43589737	4194.61538448	4195.64102551	4194.61538448	4189.61538448	4201.92307686	4207.69230763	4212.82051275	4183.84615371	4210.38461532	4210.25641019	4263.20512821	
4191.15384602	4192.69230756	4198.3333332	4193.97435884	4197.69230756	4193.84615371	4187.30769217	4197.94871781	4201.41025634	4206.79487173	4178.3333332	4205.64102558	4209.35897429	4260.25641026	
4187.69230756	4192.17948704	4192.94871781	4194.87179474	4191.41025628	4188.07692294	4180.51282038	4182.56410243	4185.25641012	4196.41025628	4170.76923063	4193.71794858	4196.79487166	4233.07692301	
4181.41025628	4188.84615371	4190.12820499	4192.4358973	4186.79487166	4180.76923063	4175.89743576	4177.17948704	4182.69230756	4196.5384614	4174.10256397	4191.66666653	4193.46153833	4226.28205122	
4181.02564089	4181.5384614	4180.51282038	4181.15384602	4187.82051269	4178.07692294	4175.12820499	4169.99999986	4176.92307679	4190.64102551	4168.97435884	4184.99999986	4189.10256397	4212.5641025	
4181.15384602	4179.61538448	4177.4358973	4177.56410243	4190.12820499	4188.3333332	4176.02564089	4164.1025639	4172.82051269	4187.82051269	4161.53846133	4176.15384602	4183.20512807	4197.05128192	
4178.97435884	4178.97435884	4176.02564089	4177.30769217	4185.25641012	4169.48717935	4172.56410243	4160.51282031	4169.61538448	4187.05128192	4158.58974339	4173.84615371	4178.3333332	4188.97435884	
4175.64102551	4175.25641012	4172.30769217	4177.56410243	4183.3333332	4123.9743587	4173.3333332	4158.07692287	4165.89743569	4184.2307691	4157.17948697	4175.38461525	4176.28205115	4175.25641012	
4176.41025628	4176.92307679	4176.66666653	4181.66666653	4192.69230756	4107.17948691	4178.20512807	4161.79487159	4172.17948704	4188.71794858	4158.71794851	4177.69230756	4180.38461525	4173.07692294	
4180.89743576	4182.94871781	4183.71794858	4180.25641012	4193.84615371	4113.33333306	4175.38461525	4164.61538441	4177.4358973	4191.5384614	4162.82051262	4181.41025628	4182.82051269	4184.87179474	
4181.02564089	4189.35897422	4190.64102551	4182.69230756	4191.5384614	4113.71794844	4171.15384602	4176.92307679	4182.56410243	4196.28205115	4173.58974345	4194.99999986	4191.66666653	4210.89743583	
4183.71794858	4192.4358973	4199.48717935	4192.69230756	4197.17948704	4114.61538434	4175.76923063	4193.58974345	4191.15384602	4205.25641019	4183.71794858	4207.05128199	4203.84615378	4235.25641026	
4188.84615371	4191.02564089	4204.23076917	4192.69230756	4201.6666666	4121.02564075	4182.56410243	4193.58974345	4191.5384614	4204.23076917	4183.3333332	4205.64102558	4204.48717942	4240.51282052	
4187.17948704	4192.30769217	4204.48717942	4187.69230756	4201.41025634	4125.64102537	4184.99999986	4186.79487166	4187.05128192	4197.30769217	4181.92307679	4205.7692307	4200.76923063	4234.74358975	
4187.56410243	4193.07692294	4201.79487173	4189.2307691	4199.35897422	4127.82051255	4186.28205115	4190.64102551	4189.2307691	4200.51282038	4185.64102551	4208.20512814	4204.10256404	4240.38461539	
4189.74358961	4195.38461525	4202.17948711	4193.58974345	4200.51282038	4130.51282024	4188.97435884	4207.94871788	4202.17948711	4214.35897429	4192.69230756	4210.38461532	4216.92307686	4273.84615392	
4185.76923063	4195.51282038	4203.97435891	4191.15384602	4199.99999986	4131.66666639	4187.56410243	4212.30769224	4210.64102558	4221.28205122	4193.71794858	4211.53846147	4218.97435891	4278.33333341	
4185.76923063	4189.2307691	4198.97435884	4184.74358961	4194.87179474	4129.10256383	4181.15384602	4198.58974345	4202.94871788	4212.82051275	4184.99999986	4202.5641025	4206.53846147	4251.41025641	
4191.02564089	4192.82051269	4197.94871781	4190.76923063	4198.07692294	4131.92307665	4182.17948704	4196.02564089	4198.46153833	4209.48717942	4185.76923063	4199.10256397	4207.69230763	4255.76923077	
4188.71794858	4194.87179474	4197.56410243	4195.12820499	4199.74358961	4134.35897408	4186.15384602	4197.17948704	4201.41025634	4216.02564096	4192.69230756	4203.33333327	4214.10256404	4264.48717949	
4183.46153833	4187.05128192	4191.5384614	4185.89743576	4194.87179474	4131.53846126	4181.79487166	4191.66666653	4200.25641012	4217.82051275	4191.28205115	4203.4615384	4207.17948711	4259.87179488	
4181.41025628	4186.79487166	4190.51282038	4185.25641012	4196.02564089	4129.61538434	4175.51282038	4186.41025628	4192.69230756	4212.5641025	4184.87179474	4199.74358961	4201.15384609	4250.8974359	
4186.02564089	4191.02564089	4194.2307691	4189.87179474	4194.99999986	4126.15384588	4174.35897422	4179.48717935	4181.5384614	4201.53846147	4177.82051269	4196.79487166	4197.4358973	4234.74358975	
4189.2307691	4188.97435884	4196.41025628	4188.20512807	4192.56410243	4127.56410229	4176.5384614	4178.71794858	4181.66666653	4196.92307679	4178.97435884	4201.15384609	4195.38461525	4228.58974352	
4186.15384602	4186.5384614	4193.07692294	4187.69230756	4194.74358961	4135.38461518	4179.99999986	4186.41025628	4190.25641012	4199.87179474	4185.38461525	4205.51282045	4201.53846147	4236.28205129	
4187.94871781	4193.71794858	4194.87179474	4193.84615371	4199.2307691	4141.41025621	4185.51282038	4197.30769217	4193.84615371	4202.30769224	4190.12820499	4209.23076917	4210.38461532	4260.8974359	
4192.94871781	4198.58974345	4207.30769224	4196.5384614	4204.87179481	4146.28205108	4189.35897422	4207.94871788	4199.2307691	4207.94871788	4193.84615371	4218.33333327	4216.41025634	4283.71794879	
4194.2307691	4193.97435884	4211.15384609	4192.05128192	4202.30769224	4145.38461518	4188.71794858	4208.58974352	4204.48717942	4213.07692301	4196.15384602	4223.84615378	4217.82051275	4280.38461546	
4196.41025628	4200.51282038	4210.7692307	4200.89743576	4200.51282038	4146.41025621	4192.4358973	4213.33333327	4210.7692307	4218.84615378	4201.53846147	4227.69230763	4223.71794865	4291.66666674	
4202.05128199	4211.28205122	4214.74358968	4210.7692307	4205.25641019	4152.94871774	4196.02564089	4224.87179481	4214.74358968	4221.41025634	4202.43589737	4229.10256404	4228.71794865	4313.33333348	
4202.17948711	4208.07692301	4211.6666666	4204.87179481	4205.89743583	4155.89743569	4194.99999986	4222.17948711	4210.7692307	4219.23076917	4198.58974345	4224.61538455	4227.17948711	4307.43589758	
4199.10256397	4205.38461532	4206.6666666	4202.05128199	4203.71794865	4153.205128	4190.76923063	4213.33333327	4209.74358968	4219.35897429	4201.53846147	4223.20512814	4228.71794865	4302.17948732	
4203.07692301	4210.25641019	4211.6666666	4209.87179481	4207.69230763	4153.33333313	4186.5384614	4213.97435891	4212.69230763	4218.4615384	4205.64102558	4225.25641019	4228.97435891	4310.12820527	
4206.28205122	4216.92307686	4221.53846147	4216.02564096	4217.05128199	4163.205128	4193.97435884	4226.6666666	4221.15384609	4223.4615384	4210.64102558	4231.28205122	4232.69230763	4329.74358989	
4204.61538455	4215.7692307	4216.79487173	4211.79487173	4213.84615378	4164.9999998	4197.94871781	4227.05128199	4220.89743583	4223.97435891	4207.82051275	4227.82051275	4229.74358968	4329.87179501	
4201.6666666	4212.30769224	4207.43589737	4209.23076917	4207.05128199	4158.205128	4192.56410243	4212.82051275	4208.58974352	4212.82051275	4199.61538448	4217.30769224	4220.38461532	4303.33333348	
4201.92307686	4216.53846147	4211.79487173	4213.07692301	4208.84615378	4158.84615364	4190.89743576	4214.23076917	4209.48717942	4209.74358968	4205.25641019	4221.6666666	4222.30769224	4305.51282066	
4203.20512814	4217.5641025	4217.5641025	4211.6666666	4205.51282045	4159.23076903	4189.74358961	4219.74358968	4215.64102558	4216.53846147	4211.41025634	4229.48717942	4225.64102558	4315.76923091	
4200.25641012	4216.92307686	4220.7692307	4214.35897429	4205.12820506	4161.02564082	4191.5384614	4223.71794865	4219.48717942	4224.10256404	4211.15384609	4233.58974352	4229.23076917	4315.76923091	
4203.07692301	4217.30769224	4222.17948711	4216.6666666	4208.58974352	4166.28205108	4198.97435884	4230.7692307	4223.58974352	4221.41025634	4210.25641019	4232.69230763	4231.92307686	4327.56410271	
4206.53846147	4216.79487173	4219.99999993	4211.79487173	4208.58974352	4169.87179474	4202.69230763	4229.74358968	4223.84615378	4216.15384609	4208.33333327	4228.20512814	4227.82051275	4328.20512835	
4202.43589737	4212.94871788	4215.25641019	4209.35897429	4209.23076917	4171.5384614	4199.10256397	4226.6666666	4222.17948711	4221.15384609	4205.89743583	4228.58974352	4225.25641019	4320.51282066	
4202.94871788	4206.28205122	4210.89743583	4204.48717942	4207.17948711	4170.89743576	4199.2307691	4224.48717942	4221.92307686	4224.99999993	4203.58974352	4228.58974352	4224.74358968	4319.48717963	
4204.74358968	4208.4615384	4214.35897429	4204.23076917	4208.84615378	4176.41025628	4204.74358968	4226.79487173	4228.97435891	4226.15384609	4206.15384609	4227.94871788	4228.4615384	4325.2564104	
4202.30769224	4210.25641019	4214.10256404	4207.43589737	4207.69230763	4175.25641012	4199.99999986	4223.97435891	4224.48717942	4221.53846147	4202.69230763	4223.97435891	4224.48717942	4318.84615399	
4199.35897422	4201.41025634	4205.7692307	4199.87179474	4201.28205122	4164.9999998	4190.51282038	4210.51282045	4209.10256404	4214.23076917	4191.5384614	4217.17948711	4211.15384609	4287.69230777	
4199.48717935	4201.28205122	4207.69230763	4198.71794858	4208.71794865	4170.89743576	4194.87179474	4216.6666666	4216.02564096	4221.79487173	4197.17948704	4222.94871788	4216.41025634	4296.41025648	
4202.17948711	4210.38461532	4211.6666666	4206.79487173	4212.69230763	4178.07692294	4200.38461525	4229.87179481	4224.87179481	4226.15384609	4207.17948711	4228.84615378	4226.79487173	4326.53846168	
4200.76923063	4210.38461532	4209.23076917	4208.97435891	4202.17948711	4167.69230749	4194.35897422	4220.38461532	4214.23076917	4218.97435891	4203.07692301	4223.07692301	4222.43589737	4312.05128219	
4198.20512807	4204.61538455	4209.35897429	4205.51282045	4196.66666653	4158.71794851	4187.05128192	4209.23076917	4208.20512814	4219.48717942	4201.53846147	4220.12820506	4217.17948711	4299.10256418	
4198.3333332	4204.87179481	4209.74358968	4202.5641025	4201.53846147	4162.05128185	4189.61538448	4212.5641025	4213.4615384	4221.15384609	4204.74358968	4221.02564096	4216.6666666	4310.76923091	
4199.2307691	4210.51282045	4212.30769224	4208.58974352	4209.99999993	4170.12820499	4200.25641012	4225.7692307	4222.43589737	4223.97435891	4207.5641025	4227.17948711	4224.23076917	4330.89743604	
4201.15384609	4210.51282045	4214.87179481	4211.41025634	4208.71794865	4170.51282038	4202.43589737	4230.38461532	4221.79487173	4226.28205122	4207.82051275	4231.41025634	4227.5641025	4332.17948732	
4199.61538448	4205.25641019	4211.15384609	4201.79487173	4200.38461525	4167.69230749	4197.82051269	4220.38461532	4211.6666666	4220.89743583	4204.61538455	4224.74358968	4218.97435891	4312.69230784	
4196.02564089	4204.61538455	4206.41025634	4197.82051269	4202.69230763	4170.64102551	4198.20512807	4215.38461532	4210.25641019	4218.07692301	4199.35897422	4218.58974352	4216.15384609	4303.97435912	
4199.48717935	4202.05128199	4204.10256404	4201.15384609	4208.97435891	4173.58974345	4197.82051269	4216.6666666	4212.43589737	4217.17948711	4196.28205115	4217.94871788	4218.20512814	4302.82051296	
4202.17948711	4203.58974352	4207.17948711	4204.23076917	4209.23076917	4176.5384614	4199.2307691	4219.10256404	4211.92307686	4218.07692301	4205.12820506	4222.43589737	4220.7692307	4310.00000014	
4200.89743576	4210.64102558	4212.05128199	4208.4615384	4210.89743583	4182.94871781	4203.07692301	4225.64102558	4217.94871788	4223.97435891	4211.92307686	4226.53846147	4225.64102558	4323.20512835	
4205.89743583	4211.41025634	4212.69230763	4208.71794865	4215.12820506	4184.2307691	4202.43589737	4228.4615384	4222.43589737	4223.97435891	4206.15384609	4225.64102558	4224.87179481	4329.48717963	
4206.92307686	4212.43589737	4216.28205122	4209.35897429	4219.87179481	4182.82051269	4199.35897422	4225.12820506	4218.33333327	4222.5641025	4207.30769224	4227.5641025	4225.12820506	4328.4615386	
4202.17948711	4213.71794865	4219.23076917	4212.94871788	4216.28205122	4179.2307691	4197.56410243	4219.35897429	4213.33333327	4224.23076917	4212.94871788	4228.20512814	4227.17948711	4320.51282066	
4209.74358968	4216.28205122	4221.15384609	4218.07692301	4208.33333327	4178.97435884	4199.87179474	4225.25641019	4218.4615384	4224.87179481	4215.51282045	4231.41025634	4228.07692301	4333.20512842	
4217.17948711	4222.43589737	4226.02564096	4222.43589737	4215.7692307	4185.51282038	4203.84615378	4237.05128206	4228.4615384	4226.6666666	4216.15384609	4238.07692308	4231.02564096	4349.61538483	
4214.10256404	4222.05128199	4224.99999993	4222.5641025	4224.99999993	4188.46153833	4204.74358968	4237.6923077	4232.05128199	4230.51282045	4213.97435891	4235.25641026	4230.51282045	4350.25641047	
4214.23076917	4224.61538455	4224.61538455	4224.74358968	4226.02564096	4191.02564089	4204.61538455	4241.41025641	4237.05128206	4237.82051282	4221.02564096	4234.48717949	4232.17948711	4363.20512842	
4218.4615384	4227.82051275	4223.20512814	4226.28205122	4223.71794865	4190.12820499	4202.82051275	4240.64102564	4235.51282052	4237.94871795	4222.30769224	4236.41025641	4231.15384609	4361.28205149	
4217.05128199	4220.25641019	4216.92307686	4222.43589737	4222.94871788	4189.2307691	4204.48717942	4229.61538455	4223.97435891	4225.38461532	4208.4615384	4230.25641019	4223.4615384	4347.30769252	
4213.4615384	4217.43589737	4216.92307686	4220.25641019	4228.97435891	4199.87179474	4213.71794865	4234.35897436	4224.74358968	4223.97435891	4208.71794865	4232.05128199	4228.33333327	4359.35897457	
4215.25641019	4220.89743583	4217.17948711	4217.30769224	4229.23076917	4201.79487173	4216.15384609	4239.35897436	4226.02564096	4227.69230763	4211.92307686	4230.38461532	4231.79487173	4358.07692329	
4213.4615384	4217.17948711	4212.17948711	4215.7692307	4225.38461532	4194.35897422	4211.6666666	4231.41025634	4222.17948711	4225.12820506	4204.87179481	4220.38461532	4223.4615384	4338.71794893	
4209.23076917	4210.7692307	4209.10256404	4216.53846147	4224.61538455	4192.17948704	4207.5641025	4226.79487173	4222.94871788	4223.58974352	4206.6666666	4220.89743583	4220.7692307	4334.10256431	
4209.87179481	4211.6666666	4211.53846147	4212.94871788	4224.35897429	4190.76923063	4201.79487173	4227.82051275	4222.69230763	4223.20512814	4212.30769224	4225.51282045	4224.61538455	4338.46153867	
4207.5641025	4216.79487173	4213.33333327	4212.17948711	4221.92307686	4188.07692294	4198.71794858	4225.38461532	4219.61538455	4223.33333327	4209.23076917	4222.82051275	4225.38461532	4331.41025655	
4209.48717942	4218.97435891	4215.89743583	4221.41025634	4215.51282045	4188.3333332	4200.76923063	4223.97435891	4218.33333327	4223.4615384	4205.7692307	4221.02564096	4223.4615384	4332.05128219	
4216.92307686	4223.97435891	4225.25641019	4229.10256404	4216.92307686	4191.41025628	4206.53846147	4238.97435898	4227.05128199	4227.43589737	4216.53846147	4235.0	4231.79487173	4366.15384644	
4217.5641025	4227.82051275	4232.43589737	4225.64102558	4219.74358968	4191.92307679	4210.25641019	4251.28205129	4235.76923077	4232.05128199	4228.20512814	4246.92307693	4242.17948718	4387.69230797	
4215.89743583	4224.48717942	4233.07692301	4222.30769224	4217.69230763	4191.02564089	4212.69230763	4245.76923077	4233.71794865	4230.51282045	4221.02564096	4240.51282052	4236.92307693	4372.69230797	
4216.6666666	4222.43589737	4231.28205122	4226.53846147	4218.71794865	4191.5384614	4214.74358968	4242.05128206	4232.05128199	4225.64102558	4204.74358968	4233.20512814	4227.94871788	4362.6923079	
4214.48717942	4222.17948711	4225.38461532	4223.4615384	4217.17948711	4190.12820499	4213.84615378	4244.23076923	4235.64102564	4225.12820506	4198.46153833	4229.35897429	4226.41025634	4358.33333355	
4211.92307686	4223.71794865	4223.84615378	4220.12820506	4215.7692307	4192.82051269	4215.51282045	4245.38461539	4240.51282052	4237.56410257	4205.51282045	4230.64102558	4233.4615384	4357.82051303	
4211.6666666	4221.53846147	4223.71794865	4221.02564096	4215.51282045	4194.99999986	4215.12820506	4236.28205129	4230.7692307	4235.8974359	4202.30769224	4230.64102558	4230.12820506	4356.66666688	
4209.87179481	4218.71794865	4215.51282045	4220.12820506	4216.79487173	4194.35897422	4212.17948711	4224.74358968	4216.15384609	4219.87179481	4192.05128192	4225.25641019	4218.84615378	4339.10256431	
4210.64102558	4222.43589737	4210.51282045	4222.5641025	4221.79487173	4197.69230756	4212.82051275	4225.25641019	4216.79487173	4220.89743583	4196.66666653	4225.89743583	4222.17948711	4334.23076944	
4211.41025634	4217.69230763	4208.97435891	4218.33333327	4218.71794865	4193.84615371	4208.97435891	4215.7692307	4208.58974352	4219.48717942	4193.20512807	4221.02564096	4218.4615384	4317.30769245	
4203.97435891	4211.53846147	4209.87179481	4212.05128199	4214.61538455	4189.2307691	4205.64102558	4203.71794865	4198.46153833	4210.64102558	4184.99999986	4216.02564096	4208.20512814	4289.74358982	
4205.7692307	4216.92307686	4214.61538455	4214.10256404	4216.15384609	4193.20512807	4207.5641025	4215.38461532	4211.28205122	4216.92307686	4196.15384602	4221.79487173	4217.05128199	4310.64102578	
4213.58974352	4221.41025634	4217.17948711	4219.35897429	4215.38461532	4195.89743576	4209.35897429	4229.10256404	4221.92307686	4225.7692307	4208.33333327	4227.69230763	4229.48717942	4331.92307707	
4209.74358968	4224.48717942	4223.97435891	4226.15384609	4216.79487173	4198.07692294	4212.17948711	4234.23076923	4222.43589737	4226.53846147	4210.38461532	4235.25641026	4232.30769224	4335.12820534	
4205.51282045	4223.4615384	4225.64102558	4221.92307686	4214.10256404	4195.76923063	4209.99999993	4230.7692307	4219.87179481	4219.35897429	4205.38461532	4236.02564103	4226.02564096	4336.92307714	
4205.25641019	4222.69230763	4221.28205122	4219.61538455	4211.6666666	4197.17948704	4207.17948711	4224.61538455	4218.20512814	4216.41025634	4202.05128199	4229.61538455	4222.17948711	4329.3589745	
4205.64102558	4224.87179481	4224.10256404	4227.94871788	4215.51282045	4200.76923063	4209.23076917	4227.5641025	4219.48717942	4218.07692301	4202.05128199	4230.7692307	4224.35897429	4333.84615406	
4207.43589737	4226.28205122	4230.7692307	4229.74358968	4215.12820506	4197.05128192	4211.92307686	4232.43589737	4221.02564096	4214.99999993	4204.87179481	4239.87179488	4226.92307686	4343.84615406	
4207.69230763	4230.12820506	4231.6666666	4229.74358968	4213.84615378	4196.02564089	4213.71794865	4236.92307693	4226.41025634	4220.64102558	4211.92307686	4245.0	4231.41025634	4353.5897438	
4206.28205122	4226.02564096	4220.38461532	4228.58974352	4210.38461532	4193.3333332	4210.12820506	4232.43589737	4221.41025634	4223.58974352	4203.84615378	4234.48717949	4223.84615378	4342.30769252	
4202.69230763	4218.20512814	4212.17948711	4224.35897429	4208.97435891	4192.56410243	4207.05128199	4223.20512814	4208.4615384	4213.84615378	4192.69230756	4222.69230763	4212.69230763	4316.02564117	
4199.74358961	4216.15384609	4210.12820506	4218.71794865	4213.58974352	4200.12820499	4208.97435891	4222.82051275	4210.51282045	4212.05128199	4195.76923063	4218.71794865	4213.71794865	4316.1538463	
4199.61538448	4211.15384609	4202.17948711	4209.10256404	4213.33333327	4203.4615384	4210.89743583	4220.89743583	4213.71794865	4217.94871788	4196.41025628	4214.48717942	4212.05128199	4315.2564104	
4197.17948704	4207.94871788	4200.25641012	4207.69230763	4211.41025634	4197.82051269	4209.87179481	4216.28205122	4207.69230763	4215.12820506	4193.97435884	4216.28205122	4209.48717942	4304.74358989	
4195.76923063	4209.61538455	4201.02564096	4212.30769224	4209.23076917	4190.89743576	4204.74358968	4212.30769224	4198.71794858	4204.74358968	4191.41025628	4214.74358968	4208.07692301	4297.56410264	
4194.99999986	4206.15384609	4195.12820499	4206.41025634	4207.82051275	4190.64102551	4203.20512814	4209.74358968	4198.07692294	4203.58974352	4189.35897422	4205.25641019	4204.23076917	4291.28205136	
4194.2307691	4202.30769224	4198.07692294	4200.76923063	4211.28205122	4198.07692294	4208.07692301	4219.10256404	4210.89743583	4215.38461532	4198.20512807	4211.28205122	4210.12820506	4304.48717963	
4199.48717935	4206.53846147	4207.82051275	4206.92307686	4211.41025634	4197.4358973	4207.30769224	4224.61538455	4214.74358968	4217.43589737	4206.6666666	4223.4615384	4217.69230763	4317.05128219	
4203.20512814	4213.4615384	4211.28205122	4213.33333327	4208.20512814	4191.79487166	4205.7692307	4223.71794865	4209.23076917	4212.05128199	4206.28205122	4226.28205122	4220.25641019	4320.64102578	
4200.76923063	4214.99999993	4212.17948711	4212.82051275	4208.20512814	4196.66666653	4211.15384609	4230.12820506	4214.48717942	4216.53846147	4209.99999993	4231.15384609	4224.61538455	4334.4871797	
4202.30769224	4211.92307686	4209.10256404	4211.02564096	4206.53846147	4198.20512807	4212.43589737	4229.99999993	4216.79487173	4218.33333327	4206.92307686	4231.53846147	4222.05128199	4339.74358996	
4207.30769224	4218.4615384	4208.97435891	4219.10256404	4208.33333327	4195.25641012	4207.94871788	4225.38461532	4214.61538455	4214.61538455	4202.69230763	4228.33333327	4218.58974352	4332.43589765	
4209.99999993	4225.51282045	4214.87179481	4225.38461532	4209.74358968	4196.66666653	4204.35897429	4225.38461532	4217.17948711	4214.48717942	4208.33333327	4228.84615378	4222.5641025	4328.71794886	
4209.35897429	4219.74358968	4215.38461532	4221.15384609	4207.82051275	4196.28205115	4203.33333327	4223.33333327	4216.15384609	4215.89743583	4208.58974352	4228.33333327	4223.58974352	4338.33333355	
4206.79487173	4218.33333327	4213.71794865	4220.38461532	4215.12820506	4199.2307691	4205.25641019	4220.64102558	4214.74358968	4217.30769224	4206.92307686	4226.6666666	4222.82051275	4343.84615406	
4208.84615378	4222.5641025	4213.33333327	4219.87179481	4218.84615378	4203.4615384	4205.38461532	4220.7692307	4216.28205122	4217.30769224	4207.05128199	4225.25641019	4223.07692301	4335.89743611	
4212.5641025	4224.99999993	4215.64102558	4221.53846147	4214.61538455	4203.4615384	4205.7692307	4224.35897429	4218.20512814	4219.61538455	4208.07692301	4229.74358968	4225.89743583	4341.41025662	
4209.10256404	4221.41025634	4213.97435891	4221.53846147	4212.43589737	4199.61538448	4208.4615384	4222.17948711	4216.53846147	4221.41025634	4207.43589737	4232.05128199	4224.61538455	4340.51282073	
4206.92307686	4214.23076917	4206.41025634	4211.41025634	4210.51282045	4200.76923063	4209.10256404	4218.07692301	4211.15384609	4218.58974352	4202.94871788	4222.17948711	4218.20512814	4328.71794886	
4208.07692301	4216.6666666	4209.61538455	4211.79487173	4214.10256404	4207.5641025	4211.41025634	4224.10256404	4214.99999993	4219.87179481	4205.51282045	4222.94871788	4222.69230763	4331.41025655	
4211.02564096	4220.64102558	4215.64102558	4219.35897429	4217.05128199	4207.30769224	4214.23076917	4227.5641025	4220.89743583	4221.6666666	4210.12820506	4232.17948711	4229.61538455	4340.64102585	
4212.17948711	4218.33333327	4212.69230763	4216.53846147	4213.58974352	4204.35897429	4214.10256404	4230.12820506	4224.10256404	4223.4615384	4212.05128199	4230.89743583	4228.84615378	4348.07692329	
4206.92307686	4214.74358968	4208.33333327	4210.64102558	4207.82051275	4206.92307686	4211.28205122	4233.07692301	4224.48717942	4227.43589737	4210.89743583	4223.71794865	4224.99999993	4336.66666688	
4206.41025634	4214.23076917	4208.58974352	4212.5641025	4207.94871788	4207.05128199	4209.10256404	4227.30769224	4221.02564096	4221.02564096	4204.35897429	4219.48717942	4221.28205122	4327.56410271	
4212.82051275	4223.84615378	4216.53846147	4223.58974352	4215.12820506	4210.38461532	4214.87179481	4230.89743583	4225.64102558	4218.84615378	4207.30769224	4226.6666666	4226.41025634	4352.30769252	
4213.4615384	4226.6666666	4219.48717942	4224.35897429	4211.92307686	4211.41025634	4214.23076917	4229.48717942	4222.43589737	4222.5641025	4209.74358968	4228.07692301	4226.02564096	4349.10256431	
4208.4615384	4218.84615378	4212.5641025	4218.58974352	4208.58974352	4204.61538455	4203.71794865	4213.84615378	4208.84615378	4214.74358968	4201.41025634	4218.20512814	4215.7692307	4315.76923091	
4207.30769224	4219.35897429	4210.64102558	4220.89743583	4217.30769224	4203.58974352	4200.51282038	4214.35897429	4208.71794865	4209.23076917	4205.51282045	4218.4615384	4217.94871788	4321.1538463	
4210.89743583	4225.64102558	4215.89743583	4225.89743583	4217.5641025	4207.69230763	4204.35897429	4229.61538455	4217.69230763	4216.92307686	4217.82051275	4227.05128199	4226.79487173	4347.17948739	
4213.97435891	4231.15384609	4223.33333327	4233.33333327	4214.23076917	4212.05128199	4209.74358968	4238.33333334	4226.15384609	4227.05128199	4221.92307686	4233.71794865	4233.20512814	4362.56410278	
4218.58974352	4235.76923077	4228.97435891	4240.38461539	4222.43589737	4213.20512814	4213.58974352	4239.23076923	4229.61538455	4227.94871788	4224.10256404	4235.12820513	4238.46153847	4374.74359003	
4218.07692301	4235.8974359	4229.35897429	4237.94871795	4226.28205122	4211.6666666	4213.84615378	4241.92307693	4229.48717942	4226.79487173	4229.48717942	4236.15384616	4238.46153847	4376.41025669	
4212.43589737	4226.92307686	4221.53846147	4226.41025634	4214.35897429	4208.84615378	4209.87179481	4237.05128206	4225.25641019	4224.48717942	4221.15384609	4231.92307686	4229.35897429	4357.17948739	
4209.61538455	4220.38461532	4213.33333327	4222.43589737	4207.05128199	4207.5641025	4206.6666666	4220.12820506	4215.89743583	4216.28205122	4207.94871788	4223.4615384	4218.84615378	4330.89743604	
4208.33333327	4226.02564096	4214.48717942	4226.92307686	4212.43589737	4209.35897429	4205.25641019	4215.7692307	4211.79487173	4215.51282045	4213.84615378	4225.89743583	4220.64102558	4328.84615399	
4210.12820506	4228.20512814	4216.28205122	4224.23076917	4209.87179481	4205.25641019	4201.53846147	4218.84615378	4211.6666666	4217.17948711	4215.12820506	4227.05128199	4222.05128199	4329.10256425	
4210.64102558	4228.71794865	4218.58974352	4227.94871788	4209.35897429	4208.4615384	4203.4615384	4220.64102558	4213.33333327	4217.43589737	4209.48717942	4227.30769224	4221.41025634	4319.87179501	
4209.23076917	4231.41025634	4221.92307686	4234.74358975	4215.89743583	4215.38461532	4207.43589737	4228.4615384	4214.99999993	4216.41025634	4215.89743583	4234.74358975	4226.53846147	4336.02564124	
4212.05128199	4232.05128199	4225.51282045	4231.92307686	4214.23076917	4213.84615378	4210.38461532	4237.30769231	4220.7692307	4219.23076917	4228.4615384	4243.33333334	4235.38461539	4359.35897457	
4213.20512814	4237.17948718	4235.76923077	4235.51282052	4215.51282045	4218.71794865	4216.15384609	4246.28205129	4236.28205129	4235.0	4242.43589744	4251.15384616	4249.35897436	4374.6153849	
4210.38461532	4236.66666667	4237.30769231	4240.51282052	4218.20512814	4220.51282045	4213.84615378	4246.02564103	4235.25641026	4238.71794872	4242.17948718	4246.92307693	4250.64102564	4376.28205156	
4207.17948711	4233.71794865	4230.51282045	4236.41025641	4218.07692301	4217.5641025	4212.30769224	4239.48717949	4226.6666666	4230.89743583	4235.12820513	4244.35897436	4244.35897436	4363.5897438	
4206.6666666	4232.05128199	4227.5641025	4230.25641019	4215.12820506	4217.82051275	4213.97435891	4238.33333334	4232.05128199	4231.15384609	4233.4615384	4245.8974359	4240.51282052	4361.15384637	
4208.4615384	4226.41025634	4222.82051275	4228.4615384	4213.84615378	4215.51282045	4211.28205122	4235.38461539	4232.17948711	4231.28205122	4229.35897429	4238.20512821	4234.87179488	4358.5897438	
4207.82051275	4229.35897429	4224.23076917	4233.84615385	4220.89743583	4220.38461532	4213.71794865	4236.15384616	4231.28205122	4233.84615385	4231.92307686	4240.0	4236.41025641	4358.71794893	
4205.89743583	4232.17948711	4225.51282045	4232.17948711	4216.41025634	4224.61538455	4213.84615378	4232.82051275	4229.87179481	4235.25641026	4232.5641025	4242.6923077	4235.25641026	4353.5897438	
4202.5641025	4226.53846147	4220.7692307	4225.38461532	4205.51282045	4215.12820506	4207.17948711	4221.79487173	4220.64102558	4228.84615378	4226.28205122	4231.92307686	4228.33333327	4331.92307707	
4200.51282038	4227.05128199	4221.92307686	4228.58974352	4205.38461532	4208.20512814	4206.41025634	4225.7692307	4219.99999993	4227.82051275	4227.05128199	4230.64102558	4230.7692307	4333.71794893	
4203.4615384	4228.33333327	4223.4615384	4231.02564096	4202.82051275	4209.61538455	4208.97435891	4233.4615384	4224.23076917	4227.94871788	4229.10256404	4239.23076923	4231.41025634	4342.05128226	
4202.94871788	4225.38461532	4223.97435891	4226.92307686	4201.6666666	4214.61538455	4209.74358968	4230.64102558	4224.99999993	4225.51282045	4228.58974352	4240.64102564	4229.23076917	4338.20512842	
4198.97435884	4221.92307686	4222.30769224	4220.64102558	4206.02564096	4216.6666666	4209.10256404	4226.41025634	4223.4615384	4223.07692301	4225.51282045	4234.48717949	4228.97435891	4332.6923079	
4198.3333332	4216.15384609	4213.71794865	4213.58974352	4201.28205122	4214.61538455	4208.07692301	4223.33333327	4219.35897429	4219.23076917	4217.82051275	4227.30769224	4221.28205122	4319.48717963	
4197.94871781	4216.92307686	4214.35897429	4217.05128199	4198.20512807	4216.28205122	4207.82051275	4226.15384609	4223.84615378	4222.43589737	4217.69230763	4228.4615384	4220.25641019	4319.87179501	
4199.2307691	4223.20512814	4221.6666666	4224.10256404	4201.15384609	4217.17948711	4204.23076917	4230.25641019	4230.25641019	4226.53846147	4224.87179481	4232.43589737	4228.71794865	4330.76923091	
4203.07692301	4225.25641019	4223.4615384	4226.53846147	4205.51282045	4217.05128199	4203.07692301	4229.23076917	4227.69230763	4225.89743583	4227.43589737	4232.30769224	4230.38461532	4335.76923098	
4206.92307686	4230.7692307	4228.07692301	4231.6666666	4213.58974352	4222.43589737	4211.79487173	4234.23076923	4227.5641025	4230.89743583	4234.35897436	4240.0	4234.35897436	4348.84615406	
4212.30769224	4235.64102564	4235.38461539	4234.74358975	4213.97435891	4226.53846147	4219.35897429	4243.97435898	4232.30769224	4235.8974359	4239.23076923	4248.84615385	4242.17948718	4367.8205131	
4216.6666666	4238.33333334	4237.05128206	4237.56410257	4214.61538455	4229.61538455	4221.6666666	4252.82051282	4241.41025641	4237.56410257	4240.0	4252.94871795	4248.33333334	4389.35897464	
4214.61538455	4238.33333334	4232.69230763	4238.07692308	4220.25641019	4231.92307686	4220.51282045	4250.51282052	4242.94871795	4236.66666667	4241.02564103	4248.71794872	4245.51282052	4385.38461567	
4213.07692301	4233.07692301	4226.79487173	4231.02564096	4217.5641025	4224.99999993	4215.64102558	4239.10256411	4230.12820506	4228.07692301	4230.89743583	4236.15384616	4232.5641025	4361.92307714	
4214.35897429	4233.4615384	4230.64102558	4232.69230763	4214.10256404	4223.07692301	4216.02564096	4239.10256411	4226.79487173	4223.84615378	4224.61538455	4239.10256411	4231.92307686	4357.56410278	
4214.87179481	4234.10256411	4237.30769231	4235.12820513	4213.4615384	4224.87179481	4216.28205122	4240.8974359	4231.02564096	4227.17948711	4232.82051275	4249.10256411	4239.23076923	4357.82051303	
4215.25641019	4229.10256404	4233.07692301	4227.69230763	4212.94871788	4219.87179481	4212.69230763	4236.02564103	4226.79487173	4227.82051275	4238.33333334	4245.12820513	4236.92307693	4353.5897438	
4215.64102558	4226.28205122	4224.23076917	4225.25641019	4213.20512814	4218.71794865	4210.38461532	4229.10256404	4221.92307686	4225.38461532	4230.7692307	4236.02564103	4229.99999993	4340.3846156	
4216.41025634	4225.89743583	4223.20512814	4227.05128199	4209.10256404	4221.92307686	4210.51282045	4225.25641019	4220.51282045	4221.41025634	4224.48717942	4232.82051275	4224.48717942	4332.05128219	
4217.5641025	4231.92307686	4228.71794865	4229.87179481	4213.4615384	4227.82051275	4217.5641025	4232.69230763	4226.02564096	4226.92307686	4231.92307686	4238.33333334	4231.15384609	4352.82051303	
4219.35897429	4236.66666667	4231.28205122	4231.79487173	4225.89743583	4231.53846147	4222.17948711	4240.76923077	4234.48717949	4235.64102564	4239.23076923	4243.20512821	4241.66666667	4369.6153849	
4220.89743583	4234.10256411	4233.33333327	4234.10256411	4227.17948711	4232.94871788	4221.53846147	4248.97435898	4241.66666667	4239.74358975	4246.15384616	4248.20512821	4245.8974359	4384.23076951	
4218.4615384	4230.25641019	4234.74358975	4232.94871788	4223.71794865	4233.4615384	4220.51282045	4250.0	4243.84615385	4240.64102564	4245.12820513	4248.46153847	4242.43589744	4383.07692336	
4215.25641019	4223.58974352	4224.35897429	4221.92307686	4220.7692307	4224.87179481	4213.71794865	4231.79487173	4233.20512814	4231.28205122	4227.30769224	4235.51282052	4230.89743583	4351.41025662	
4213.97435891	4219.87179481	4218.58974352	4217.94871788	4220.12820506	4220.7692307	4208.71794865	4223.58974352	4226.79487173	4225.89743583	4222.94871788	4232.30769224	4225.64102558	4339.87179508	
4214.35897429	4219.74358968	4221.02564096	4220.51282045	4217.5641025	4225.38461532	4213.4615384	4229.35897429	4231.02564096	4229.10256404	4229.87179481	4238.58974359	4227.69230763	4347.17948739	
4213.84615378	4219.23076917	4218.84615378	4216.15384609	4214.35897429	4228.58974352	4219.87179481	4229.10256404	4233.58974352	4228.4615384	4225.25641019	4231.79487173	4227.17948711	4342.6923079	
4212.05128199	4218.33333327	4216.02564096	4213.20512814	4216.41025634	4228.20512814	4218.33333327	4231.15384609	4236.92307693	4228.71794865	4221.28205122	4226.53846147	4226.53846147	4336.79487201	
4214.35897429	4219.23076917	4218.58974352	4218.97435891	4214.99999993	4228.71794865	4216.02564096	4237.82051282	4239.74358975	4232.17948711	4223.4615384	4233.84615385	4227.30769224	4341.92307714	
4218.33333327	4225.38461532	4223.4615384	4226.15384609	4216.28205122	4233.20512814	4220.12820506	4240.8974359	4239.87179488	4232.69230763	4224.48717942	4235.8974359	4227.43589737	4353.71794893	
4216.28205122	4227.30769224	4220.89743583	4222.82051275	4221.53846147	4233.33333327	4221.15384609	4235.64102564	4237.56410257	4227.69230763	4222.05128199	4227.94871788	4223.84615378	4353.20512842	
4215.38461532	4226.28205122	4219.10256404	4219.87179481	4220.7692307	4229.87179481	4217.94871788	4233.84615385	4237.05128206	4228.58974352	4223.33333327	4228.71794865	4226.02564096	4351.53846175	
4219.99999993	4228.71794865	4222.69230763	4225.7692307	4217.05128199	4230.64102558	4217.30769224	4236.15384616	4236.7948718	4233.84615385	4226.15384609	4237.30769231	4230.64102558	4357.30769252	
4219.61538455	4230.25641019	4220.64102558	4229.10256404	4216.41025634	4228.33333327	4215.7692307	4225.64102558	4229.23076917	4224.48717942	4221.28205122	4232.69230763	4225.25641019	4338.46153867	
4214.10256404	4229.23076917	4219.10256404	4228.07692301	4220.89743583	4225.25641019	4213.07692301	4219.23076917	4222.82051275	4216.15384609	4221.79487173	4225.12820506	4223.84615378	4320.00000014	
4216.79487173	4224.48717942	4218.84615378	4221.6666666	4217.5641025	4225.89743583	4211.92307686	4224.10256404	4221.15384609	4219.23076917	4225.25641019	4225.25641019	4226.6666666	4330.2564104	
4220.38461532	4226.92307686	4219.74358968	4221.41025634	4218.58974352	4234.48717949	4217.43589737	4228.71794865	4228.84615378	4224.61538455	4225.38461532	4230.12820506	4228.33333327	4341.28205149	
4219.10256404	4238.97435898	4227.82051275	4231.92307686	4231.02564096	4243.58974359	4226.28205122	4240.51282052	4245.0	4233.33333327	4233.20512814	4239.87179488	4239.61538462	4367.94871823	
4224.61538455	4245.12820513	4238.46153847	4238.20512821	4233.33333327	4241.66666667	4228.71794865	4255.25641026	4249.74358975	4241.53846154	4241.92307693	4246.7948718	4251.66666667	4396.28205156	
4229.48717942	4248.20512821	4250.76923077	4245.8974359	4234.87179488	4244.87179488	4230.89743583	4267.05128212	4259.23076923	4253.20512821	4255.38461539	4260.76923077	4265.12820513	4418.33333368	
4228.33333327	4248.58974359	4253.07692308	4245.25641026	4235.51282052	4250.25641026	4230.12820506	4272.69230777	4269.2307693	4259.48717949	4267.94871802	4269.87179495	4273.33333341	4438.58974401	
4223.07692301	4240.51282052	4241.53846154	4234.10256411	4230.51282045	4245.64102564	4226.15384609	4265.64102564	4261.7948718	4256.02564103	4264.35897436	4261.7948718	4265.12820513	4420.89743625	
4216.92307686	4235.64102564	4236.15384616	4233.20512814	4231.41025634	4239.74358975	4224.74358968	4254.87179488	4257.6923077	4254.87179488	4258.58974359	4256.41025641	4258.20512821	4402.17948753	
4219.48717942	4237.94871795	4239.74358975	4235.64102564	4235.0	4239.74358975	4222.94871788	4251.7948718	4260.0	4254.35897436	4259.48717949	4258.58974359	4258.84615385	4410.38461574	
4223.84615378	4244.48717949	4243.58974359	4238.07692308	4239.74358975	4248.46153847	4226.79487173	4258.46153847	4259.35897436	4257.30769231	4263.33333334	4260.8974359	4263.07692308	4417.17948753	
4221.92307686	4242.56410257	4235.38461539	4239.35897436	4239.10256411	4249.48717949	4228.84615378	4257.94871795	4252.6923077	4255.12820513	4257.82051282	4253.33333334	4258.46153847	4407.9487183	
4214.35897429	4234.35897436	4224.74358968	4234.48717949	4232.43589737	4241.53846154	4222.69230763	4244.87179488	4244.87179488	4245.38461539	4248.97435898	4245.51282052	4248.20512821	4390.00000028	
4209.61538455	4235.51282052	4227.94871788	4232.69230763	4227.30769224	4239.23076923	4219.10256404	4242.30769231	4245.64102564	4245.12820513	4249.61538462	4248.71794872	4250.0	4388.07692336	
4212.17948711	4235.64102564	4231.15384609	4235.76923077	4227.69230763	4237.43589744	4221.28205122	4247.82051282	4250.8974359	4247.6923077	4252.05128206	4249.61538462	4254.48717949	4397.05128233	
4213.84615378	4235.38461539	4231.6666666	4236.7948718	4235.12820513	4237.6923077	4224.35897429	4254.61538462	4258.07692308	4247.94871795	4253.84615385	4250.8974359	4256.15384616	4406.41025676	
4215.7692307	4237.94871795	4233.58974352	4236.02564103	4235.64102564	4241.66666667	4224.23076917	4256.41025641	4258.71794872	4246.7948718	4252.17948718	4250.64102564	4255.12820513	4403.8461542	
4219.99999993	4236.28205129	4234.48717949	4237.6923077	4233.97435898	4246.53846154	4229.35897429	4256.15384616	4256.28205129	4247.82051282	4249.61538462	4247.43589744	4253.71794872	4402.0512824	
4220.12820506	4237.6923077	4234.87179488	4240.64102564	4240.76923077	4252.30769231	4236.92307693	4265.25641026	4265.38461539	4252.56410257	4253.71794872	4251.15384616	4257.17948718	4418.46153881	
4217.30769224	4237.30769231	4231.41025634	4236.41025641	4240.0	4251.66666667	4233.58974352	4265.38461539	4267.56410264	4251.02564103	4252.94871795	4249.74358975	4255.51282052	4412.30769266	
4216.41025634	4232.69230763	4226.92307686	4231.79487173	4234.48717949	4251.66666667	4230.12820506	4257.30769231	4260.0	4250.51282052	4249.87179488	4243.07692308	4251.66666667	4397.8205131	
4214.87179481	4234.61538462	4227.5641025	4232.82051275	4236.92307693	4254.10256411	4231.02564096	4257.30769231	4260.64102564	4253.84615385	4250.25641026	4247.43589744	4255.38461539	4405.12820548	
4212.94871788	4232.94871788	4225.38461532	4227.43589737	4230.12820506	4243.20512821	4224.23076917	4245.0	4249.48717949	4243.58974359	4240.8974359	4244.61538462	4247.43589744	4382.30769259	
4213.07692301	4226.02564096	4219.99999993	4223.71794865	4221.02564096	4232.5641025	4217.5641025	4228.07692301	4230.51282045	4230.51282045	4228.97435891	4229.74358968	4229.23076917	4347.43589765	
4211.92307686	4228.07692301	4220.51282045	4227.82051275	4223.20512814	4236.41025641	4218.97435891	4229.87179481	4234.23076923	4233.33333327	4229.99999993	4229.23076917	4229.48717942	4350.25641047	
4214.23076917	4234.74358975	4223.97435891	4229.74358968	4222.82051275	4240.12820513	4222.43589737	4238.46153847	4247.30769231	4239.61538462	4234.61538462	4238.07692308	4241.66666667	4366.28205156	
4219.23076917	4238.20512821	4229.23076917	4233.4615384	4229.61538455	4240.76923077	4225.64102558	4242.30769231	4250.8974359	4240.76923077	4237.05128206	4240.25641026	4244.23076923	4374.35897464	
4217.82051275	4234.10256411	4225.38461532	4229.48717942	4233.4615384	4237.56410257	4222.5641025	4232.69230763	4241.15384616	4233.07692301	4231.53846147	4231.79487173	4233.84615385	4358.84615406	
4211.15384609	4223.84615378	4213.97435891	4217.30769224	4222.69230763	4233.07692301	4218.20512814	4222.94871788	4227.17948711	4220.38461532	4224.35897429	4222.43589737	4227.5641025	4335.89743611	
4208.07692301	4222.17948711	4213.07692301	4217.94871788	4216.53846147	4233.4615384	4218.58974352	4221.41025634	4221.53846147	4217.43589737	4222.30769224	4222.5641025	4227.17948711	4317.43589758	
4212.82051275	4228.58974352	4217.43589737	4223.33333327	4218.97435891	4231.41025634	4218.97435891	4214.61538455	4221.02564096	4217.30769224	4218.58974352	4222.94871788	4220.38461532	4310.00000014	
4216.92307686	4232.94871788	4221.53846147	4226.41025634	4225.7692307	4236.02564103	4225.38461532	4225.51282045	4231.41025634	4222.69230763	4226.41025634	4229.74358968	4228.58974352	4338.71794893	
4215.89743583	4233.84615385	4222.30769224	4230.7692307	4227.05128199	4240.76923077	4227.30769224	4240.8974359	4238.33333334	4230.25641019	4236.92307693	4235.76923077	4242.05128206	4357.43589765	
4216.92307686	4235.12820513	4223.97435891	4231.79487173	4221.53846147	4232.94871788	4220.25641019	4236.02564103	4235.51282052	4229.48717942	4236.7948718	4233.84615385	4242.17948718	4355.3846156	
4217.05128199	4234.23076923	4228.20512814	4227.43589737	4218.84615378	4228.84615378	4218.71794865	4234.61538462	4240.38461539	4232.82051275	4240.51282052	4236.28205129	4241.7948718	4357.6923079	
4214.10256404	4227.82051275	4225.7692307	4220.7692307	4214.99999993	4226.92307686	4214.99999993	4232.30769224	4234.48717949	4230.38461532	4239.48717949	4234.10256411	4235.51282052	4343.07692329	
4212.17948711	4229.48717942	4224.48717942	4224.35897429	4214.48717942	4222.82051275	4209.87179481	4221.28205122	4217.82051275	4220.7692307	4234.87179488	4229.74358968	4228.33333327	4329.3589745	
4214.10256404	4233.4615384	4225.25641019	4228.71794865	4216.15384609	4223.84615378	4212.43589737	4217.5641025	4214.99999993	4219.35897429	4236.28205129	4232.69230763	4229.23076917	4327.82051296	
4214.10256404	4225.89743583	4220.12820506	4222.94871788	4213.84615378	4225.12820506	4213.71794865	4218.33333327	4217.94871788	4221.53846147	4234.35897436	4232.82051275	4228.84615378	4320.89743604	
4209.61538455	4222.5641025	4218.07692301	4221.92307686	4214.99999993	4224.35897429	4211.02564096	4211.6666666	4211.79487173	4216.41025634	4225.25641019	4225.89743583	4222.69230763	4307.94871809	
4210.38461532	4226.6666666	4219.87179481	4225.89743583	4220.51282045	4223.71794865	4212.5641025	4207.43589737	4206.92307686	4211.41025634	4220.38461532	4219.10256404	4216.15384609	4300.89743604	
4213.97435891	4228.4615384	4221.02564096	4226.28205122	4221.6666666	4228.20512814	4216.92307686	4218.4615384	4218.71794865	4223.07692301	4226.41025634	4224.35897429	4221.92307686	4314.3589745	
4216.28205122	4226.41025634	4221.92307686	4224.61538455	4218.07692301	4231.41025634	4215.25641019	4227.94871788	4228.97435891	4231.92307686	4230.51282045	4229.48717942	4229.35897429	4325.2564104	
4219.23076917	4229.23076917	4223.20512814	4228.71794865	4222.82051275	4233.33333327	4216.15384609	4231.53846147	4234.23076923	4230.51282045	4230.51282045	4227.5641025	4229.35897429	4331.53846168	
4219.74358968	4236.7948718	4224.61538455	4233.33333327	4233.07692301	4238.33333334	4220.51282045	4238.07692308	4241.92307693	4234.35897436	4236.15384616	4229.48717942	4234.23076923	4348.71794893	
4218.84615378	4235.12820513	4223.97435891	4228.84615378	4230.64102558	4241.02564103	4218.84615378	4235.38461539	4239.48717949	4235.38461539	4237.56410257	4230.25641019	4237.94871795	4346.41025662	
4219.23076917	4234.10256411	4223.84615378	4226.53846147	4229.61538455	4245.76923077	4221.79487173	4237.43589744	4241.92307693	4239.48717949	4236.28205129	4231.6666666	4238.71794872	4346.53846175	
4220.64102558	4236.15384616	4220.7692307	4228.07692301	4236.15384616	4249.35897436	4229.61538455	4249.23076923	4253.33333334	4248.33333334	4240.51282052	4232.05128199	4243.33333334	4367.94871823	
4218.33333327	4233.84615385	4219.61538455	4228.97435891	4235.76923077	4247.17948718	4232.17948711	4251.92307693	4256.53846154	4250.38461539	4245.25641026	4232.82051275	4248.84615385	4370.12820541	
4216.6666666	4233.58974352	4227.05128199	4231.79487173	4230.25641019	4243.58974359	4227.17948711	4244.87179488	4250.76923077	4246.41025641	4245.0	4237.6923077	4248.20512821	4359.35897457	
4220.51282045	4234.87179488	4228.33333327	4232.17948711	4229.23076917	4240.64102564	4222.94871788	4236.92307693	4242.43589744	4242.82051282	4241.92307693	4237.82051282	4243.84615385	4358.33333355	
4222.5641025	4239.87179488	4227.30769224	4236.53846154	4236.15384616	4248.07692308	4230.64102558	4243.33333334	4248.07692308	4249.74358975	4250.38461539	4243.07692308	4251.7948718	4370.89743618	
4222.69230763	4242.05128206	4230.25641019	4238.97435898	4238.84615385	4254.10256411	4237.82051282	4255.12820513	4257.56410257	4253.46153847	4255.64102564	4246.66666667	4259.61538462	4388.20512849	
4221.15384609	4239.74358975	4233.20512814	4234.48717949	4238.71794872	4251.66666667	4236.41025641	4252.05128206	4252.94871795	4244.74358975	4247.56410257	4242.30769231	4255.25641026	4382.8205131	
4216.02564096	4242.05128206	4232.69230763	4236.7948718	4242.6923077	4249.10256411	4232.17948711	4244.74358975	4245.51282052	4240.0	4243.46153847	4241.7948718	4251.66666667	4372.69230797	
4216.53846147	4240.51282052	4226.92307686	4239.10256411	4235.8974359	4241.41025641	4227.69230763	4237.94871795	4240.64102564	4237.82051282	4238.46153847	4240.76923077	4245.8974359	4364.35897457	
4216.6666666	4237.56410257	4229.10256404	4236.7948718	4228.84615378	4236.92307693	4226.41025634	4234.48717949	4240.0	4235.12820513	4235.38461539	4238.58974359	4241.41025641	4349.35897457	
4214.74358968	4237.94871795	4234.61538462	4235.51282052	4231.15384609	4243.07692308	4226.53846147	4240.12820513	4243.97435898	4237.43589744	4238.97435898	4239.87179488	4243.97435898	4355.3846156	
4215.7692307	4237.6923077	4232.69230763	4235.25641026	4231.41025634	4247.30769231	4229.74358968	4248.46153847	4247.05128206	4244.61538462	4243.46153847	4243.97435898	4248.58974359	4373.33333362	
4214.35897429	4238.46153847	4234.35897436	4235.38461539	4233.97435898	4247.43589744	4234.87179488	4253.07692308	4250.38461539	4249.61538462	4249.61538462	4251.02564103	4257.05128206	4386.53846182	
4210.25641019	4236.53846154	4235.8974359	4229.23076917	4233.58974352	4243.84615385	4232.43589737	4247.94871795	4245.38461539	4241.53846154	4246.02564103	4251.02564103	4255.38461539	4380.12820541	
4207.5641025	4232.43589737	4233.07692301	4227.69230763	4227.5641025	4240.12820513	4228.07692301	4240.76923077	4238.58974359	4235.0	4237.94871795	4243.71794872	4245.38461539	4361.41025662	
4208.07692301	4232.43589737	4234.61538462	4232.82051275	4232.17948711	4240.8974359	4231.41025634	4245.38461539	4245.51282052	4243.71794872	4239.48717949	4243.33333334	4246.28205129	4369.87179515	
4204.99999993	4230.12820506	4231.41025634	4226.6666666	4237.56410257	4236.92307693	4229.74358968	4245.0	4246.66666667	4244.61538462	4242.56410257	4245.0	4248.84615385	4372.94871823	
4197.94871781	4224.99999993	4225.7692307	4221.41025634	4233.33333327	4233.97435898	4223.58974352	4240.64102564	4241.7948718	4238.20512821	4243.07692308	4244.35897436	4249.61538462	4364.35897457	
4199.87179474	4224.23076917	4229.74358968	4225.7692307	4231.28205122	4240.64102564	4226.28205122	4244.48717949	4247.82051282	4240.38461539	4242.56410257	4244.87179488	4252.30769231	4371.79487208	
4204.87179481	4229.23076917	4233.4615384	4228.07692301	4238.07692308	4247.05128206	4235.38461539	4253.97435898	4257.17948718	4246.41025641	4242.30769231	4244.23076923	4252.30769231	4387.05128233	
4202.05128199	4231.53846147	4229.48717942	4226.15384609	4240.25641026	4247.43589744	4239.35897436	4262.43589744	4265.12820513	4251.15384616	4244.74358975	4244.35897436	4251.41025641	4393.84615413	
4200.51282038	4226.28205122	4224.87179481	4223.07692301	4229.74358968	4243.46153847	4234.74358975	4256.28205129	4263.07692308	4245.64102564	4240.64102564	4240.12820513	4247.17948718	4379.35897464	
4204.48717942	4227.43589737	4227.30769224	4225.38461532	4228.07692301	4243.33333334	4230.89743583	4247.30769231	4255.12820513	4240.25641026	4236.28205129	4239.23076923	4246.66666667	4373.84615413	
4204.10256404	4234.61538462	4229.10256404	4229.99999993	4234.10256411	4241.02564103	4227.05128199	4248.58974359	4256.28205129	4246.53846154	4241.15384616	4243.07692308	4251.41025641	4381.79487208	
4202.94871788	4230.89743583	4225.7692307	4228.58974352	4229.35897429	4230.89743583	4220.7692307	4239.23076923	4253.07692308	4242.30769231	4237.94871795	4237.56410257	4246.28205129	4369.48717977	
4203.58974352	4228.84615378	4229.48717942	4228.20512814	4227.43589737	4229.48717942	4221.02564096	4228.20512814	4240.0	4230.7692307	4232.43589737	4234.61538462	4239.74358975	4352.05128226	
4203.33333327	4234.87179488	4234.61538462	4228.07692301	4229.99999993	4233.33333327	4224.35897429	4231.28205122	4236.15384616	4232.43589737	4238.33333334	4239.61538462	4244.23076923	4351.28205149	
4202.5641025	4234.61538462	4231.53846147	4226.15384609	4227.17948711	4233.71794865	4226.41025634	4240.25641026	4245.12820513	4241.02564103	4246.28205129	4243.20512821	4250.38461539	4366.41025669	
4199.48717935	4230.12820506	4229.48717942	4227.5641025	4228.84615378	4235.8974359	4228.07692301	4241.92307693	4246.92307693	4243.58974359	4246.53846154	4242.30769231	4249.87179488	4365.76923105	
4198.58974345	4229.61538455	4228.84615378	4228.58974352	4232.69230763	4234.10256411	4226.79487173	4236.02564103	4239.61538462	4239.48717949	4238.46153847	4237.43589744	4244.35897436	4351.79487201	
4198.3333332	4232.30769224	4230.12820506	4230.25641019	4232.82051275	4232.17948711	4228.07692301	4238.46153847	4243.33333334	4238.58974359	4240.0	4239.61538462	4247.56410257	4362.17948739	
4193.58974345	4231.41025634	4233.4615384	4229.61538455	4233.84615385	4235.76923077	4231.41025634	4245.38461539	4251.02564103	4241.02564103	4248.84615385	4246.7948718	4255.12820513	4371.15384644	
4190.89743576	4226.41025634	4230.89743583	4222.69230763	4233.84615385	4237.05128206	4231.15384609	4242.05128206	4246.02564103	4238.97435898	4244.10256411	4243.71794872	4249.61538462	4358.71794893	
4189.87179474	4226.41025634	4230.51282045	4223.71794865	4233.71794865	4238.33333334	4232.5641025	4240.25641026	4245.8974359	4241.28205129	4240.12820513	4239.61538462	4247.43589744	4353.84615406	
4186.92307679	4226.02564096	4229.87179481	4224.61538455	4228.33333327	4237.43589744	4229.23076917	4236.66666667	4245.0	4238.84615385	4241.92307693	4239.35897436	4247.17948718	4346.66666688	
4183.07692294	4221.28205122	4222.5641025	4217.69230763	4221.28205122	4231.41025634	4221.02564096	4228.20512814	4235.38461539	4228.33333327	4238.20512821	4233.84615385	4238.97435898	4328.20512835	
4181.66666653	4217.17948711	4216.53846147	4217.5641025	4224.23076917	4229.23076917	4219.23076917	4227.05128199	4233.97435898	4228.33333327	4234.87179488	4226.92307686	4238.84615385	4320.00000014	
4182.94871781	4217.69230763	4218.07692301	4222.30769224	4227.82051275	4231.6666666	4223.97435891	4229.23076917	4236.41025641	4232.69230763	4237.43589744	4229.23076917	4244.48717949	4330.00000014	
4179.99999986	4224.23076917	4222.69230763	4224.23076917	4225.7692307	4233.4615384	4225.12820506	4229.99999993	4234.87179488	4231.15384609	4242.30769231	4237.82051282	4245.38461539	4336.79487201	
4177.82051269	4219.35897429	4218.4615384	4215.25641019	4220.12820506	4232.05128199	4222.17948711	4229.61538455	4231.92307686	4228.4615384	4236.41025641	4230.89743583	4239.35897436	4318.71794886	
4178.3333332	4207.43589737	4209.61538455	4204.61538455	4217.69230763	4230.38461532	4222.82051275	4227.05128199	4231.02564096	4230.51282045	4224.35897429	4219.10256404	4235.0	4298.84615392	
4177.56410243	4210.7692307	4207.5641025	4206.92307686	4217.05128199	4229.35897429	4221.92307686	4221.41025634	4230.7692307	4233.58974352	4222.30769224	4219.61538455	4232.94871788	4291.53846161	
4181.02564089	4220.25641019	4214.87179481	4212.94871788	4214.87179481	4229.61538455	4220.51282045	4218.33333327	4229.74358968	4231.02564096	4228.71794865	4222.69230763	4232.43589737	4294.2307693	
4185.64102551	4221.92307686	4222.17948711	4215.64102558	4218.58974352	4233.97435898	4224.48717942	4228.20512814	4234.74358975	4230.51282045	4235.51282052	4227.94871788	4239.48717949	4314.87179501	
4184.61538448	4218.07692301	4219.23076917	4215.38461532	4221.6666666	4235.12820513	4224.61538455	4229.35897429	4234.74358975	4230.89743583	4233.20512814	4228.20512814	4237.6923077	4312.17948732	
4183.3333332	4221.6666666	4216.02564096	4216.41025634	4223.84615378	4235.0	4221.28205122	4220.64102558	4230.12820506	4231.02564096	4228.84615378	4223.07692301	4230.25641019	4292.43589751	
4186.92307679	4224.48717942	4217.30769224	4218.20512814	4224.61538455	4232.69230763	4220.7692307	4216.28205122	4224.99999993	4224.87179481	4226.15384609	4221.28205122	4227.94871788	4293.84615392	
4188.20512807	4223.07692301	4221.41025634	4221.28205122	4223.97435891	4231.02564096	4221.41025634	4216.28205122	4224.10256404	4222.05128199	4229.48717942	4228.07692301	4233.84615385	4302.30769245	
4185.51282038	4226.02564096	4228.97435891	4223.71794865	4228.20512814	4238.58974359	4223.20512814	4227.05128199	4237.43589744	4236.7948718	4244.48717949	4240.12820513	4248.84615385	4323.84615399	
4184.48717935	4222.69230763	4224.74358968	4217.17948711	4227.05128199	4237.94871795	4220.7692307	4228.07692301	4237.17948718	4237.30769231	4242.43589744	4235.12820513	4246.41025641	4323.20512835	
4184.87179474	4225.12820506	4221.28205122	4221.02564096	4227.94871788	4233.20512814	4218.84615378	4220.38461532	4227.5641025	4226.28205122	4231.53846147	4228.71794865	4233.58974352	4300.76923091	
4190.76923063	4234.48717949	4225.89743583	4231.6666666	4230.7692307	4232.43589737	4218.71794865	4219.23076917	4227.43589737	4222.43589737	4229.61538455	4228.33333327	4229.23076917	4300.00000014	
4189.87179474	4230.64102558	4219.23076917	4226.6666666	4223.58974352	4224.99999993	4212.30769224	4209.99999993	4219.48717942	4214.61538455	4218.20512814	4217.43589737	4222.30769224	4276.0256411	
4181.92307679	4227.17948711	4216.41025634	4226.28205122	4222.94871788	4225.51282045	4209.99999993	4207.43589737	4217.69230763	4211.79487173	4214.61538455	4218.20512814	4220.38461532	4263.20512821	
4184.87179474	4231.02564096	4223.58974352	4231.92307686	4222.82051275	4231.79487173	4214.35897429	4217.30769224	4223.71794865	4218.33333327	4224.10256404	4229.87179481	4224.99999993	4289.87179495	
4187.4358973	4230.12820506	4223.97435891	4231.02564096	4221.6666666	4232.17948711	4218.33333327	4223.84615378	4225.89743583	4227.17948711	4225.38461532	4227.5641025	4229.61538455	4293.20512828	
4184.87179474	4225.7692307	4217.69230763	4227.17948711	4228.20512814	4234.74358975	4219.99999993	4226.92307686	4233.20512814	4235.12820513	4223.97435891	4221.53846147	4233.58974352	4293.07692315	
4187.56410243	4226.28205122	4217.05128199	4224.74358968	4230.38461532	4240.0	4221.02564096	4228.84615378	4240.64102564	4236.92307693	4228.4615384	4223.33333327	4234.61538462	4310.51282066	
4187.82051269	4228.20512814	4222.43589737	4227.5641025	4226.28205122	4238.58974359	4220.51282045	4226.15384609	4235.25641026	4229.10256404	4227.43589737	4223.20512814	4230.51282045	4307.69230784	
4185.51282038	4224.23076917	4220.51282045	4226.92307686	4219.48717942	4228.71794865	4216.41025634	4218.84615378	4221.6666666	4217.5641025	4215.64102558	4216.41025634	4220.64102558	4286.28205136	
4188.97435884	4227.17948711	4220.25641019	4226.53846147	4219.87179481	4227.94871788	4218.20512814	4219.48717942	4222.5641025	4219.99999993	4214.23076917	4218.20512814	4221.02564096	4288.58974366	
4191.66666653	4232.17948711	4223.20512814	4227.69230763	4224.23076917	4231.28205122	4220.25641019	4224.74358968	4228.4615384	4225.51282045	4218.71794865	4222.82051275	4228.58974352	4298.46153853	
4186.79487166	4219.99999993	4217.30769224	4219.10256404	4216.28205122	4221.92307686	4211.92307686	4219.61538455	4221.53846147	4214.74358968	4214.23076917	4215.12820506	4222.5641025	4277.30769238	
4180.64102551	4210.89743583	4210.89743583	4211.79487173	4208.20512814	4216.02564096	4208.97435891	4215.38461532	4220.89743583	4210.25641019	4213.07692301	4210.64102558	4215.51282045	4262.30769231	
4180.64102551	4216.92307686	4207.94871788	4212.82051275	4209.48717942	4221.79487173	4217.17948711	4219.10256404	4231.53846147	4219.35897429	4212.82051275	4211.79487173	4215.12820506	4269.74358982	
4182.56410243	4216.28205122	4203.71794865	4212.5641025	4210.7692307	4226.15384609	4220.25641019	4218.20512814	4232.94871788	4217.5641025	4210.25641019	4205.64102558	4212.69230763	4266.66666674	
4181.02564089	4211.53846147	4203.97435891	4212.5641025	4212.94871788	4228.33333327	4217.05128199	4214.61538455	4226.6666666	4214.23076917	4214.23076917	4202.17948711	4212.82051275	4258.97435898	
4181.02564089	4212.69230763	4204.61538455	4212.05128199	4215.64102558	4228.4615384	4213.84615378	4206.53846147	4221.6666666	4216.15384609	4210.12820506	4204.23076917	4212.17948711	4250.0	
4182.69230756	4212.82051275	4204.74358968	4209.87179481	4213.71794865	4227.05128199	4209.61538455	4196.41025628	4218.71794865	4213.20512814	4201.92307686	4204.61538455	4208.4615384	4239.61538462	
4183.58974345	4210.38461532	4209.61538455	4209.48717942	4210.25641019	4224.74358968	4206.6666666	4196.79487166	4214.87179481	4211.53846147	4208.33333327	4206.41025634	4210.7692307	4236.66666667	
4183.97435884	4210.64102558	4210.7692307	4208.84615378	4207.94871788	4219.74358968	4209.10256404	4201.92307686	4212.5641025	4214.35897429	4216.28205122	4210.25641019	4213.71794865	4242.30769231	
4183.97435884	4215.25641019	4210.89743583	4210.89743583	4211.15384609	4221.79487173	4215.38461532	4210.7692307	4223.33333327	4221.02564096	4218.84615378	4214.23076917	4219.87179481	4266.28205129	
4186.66666653	4216.92307686	4216.02564096	4212.17948711	4215.12820506	4229.10256404	4219.99999993	4221.53846147	4235.51282052	4227.82051275	4222.82051275	4217.94871788	4228.97435891	4280.76923084	
4187.94871781	4214.99999993	4220.64102558	4210.64102558	4210.25641019	4226.79487173	4222.17948711	4227.94871788	4236.53846154	4230.89743583	4226.15384609	4219.10256404	4231.41025634	4276.28205136	
4186.15384602	4215.89743583	4222.05128199	4213.07692301	4206.6666666	4224.61538455	4224.35897429	4229.99999993	4236.92307693	4232.94871788	4231.41025634	4223.4615384	4234.35897436	4283.20512828	
4186.41025628	4213.07692301	4216.41025634	4211.53846147	4207.5641025	4229.48717942	4226.28205122	4223.58974352	4233.07692301	4227.82051275	4228.4615384	4222.17948711	4233.4615384	4286.28205136	
4185.51282038	4206.15384609	4209.35897429	4206.28205122	4208.84615378	4231.28205122	4227.05128199	4217.17948711	4226.6666666	4220.12820506	4216.92307686	4213.97435891	4224.99999993	4271.0256411	
4181.92307679	4204.74358968	4207.82051275	4204.61538455	4204.99999993	4223.97435891	4219.99999993	4207.17948711	4220.51282045	4215.7692307	4207.43589737	4205.7692307	4212.69230763	4242.17948718	
4183.97435884	4211.02564096	4211.41025634	4210.38461532	4204.61538455	4220.51282045	4215.64102558	4204.10256404	4214.10256404	4211.6666666	4205.25641019	4205.7692307	4209.74358968	4241.53846154	
4189.48717935	4218.71794865	4218.07692301	4218.71794865	4217.94871788	4230.7692307	4224.61538455	4218.84615378	4222.30769224	4214.99999993	4212.5641025	4216.53846147	4222.05128199	4272.82051289	
4188.07692294	4214.23076917	4213.4615384	4212.43589737	4220.51282045	4233.4615384	4225.25641019	4216.28205122	4224.61538455	4215.51282045	4209.48717942	4212.30769224	4218.58974352	4264.10256411	
4184.10256397	4209.61538455	4206.41025634	4207.82051275	4211.02564096	4227.43589737	4218.33333327	4204.74358968	4216.28205122	4210.12820506	4201.41025634	4202.30769224	4206.92307686	4242.05128206	
4185.76923063	4220.38461532	4217.30769224	4221.92307686	4218.20512814	4233.07692301	4223.07692301	4217.69230763	4225.12820506	4218.84615378	4210.64102558	4213.07692301	4215.38461532	4262.82051282	
4191.41025628	4228.07692301	4228.4615384	4226.92307686	4231.79487173	4240.76923077	4231.15384609	4234.35897436	4239.10256411	4231.53846147	4225.64102558	4225.89743583	4228.33333327	4298.20512828	
4191.02564089	4225.38461532	4225.51282045	4220.64102558	4230.51282045	4241.41025641	4232.43589737	4235.76923077	4238.97435898	4230.51282045	4227.05128199	4224.99999993	4231.02564096	4309.61538476	
4186.5384614	4221.02564096	4218.84615378	4219.74358968	4222.94871788	4235.51282052	4228.07692301	4225.38461532	4228.58974352	4223.84615378	4207.82051275	4216.02564096	4226.53846147	4286.0256411	
4184.48717935	4220.25641019	4221.02564096	4218.58974352	4220.7692307	4229.10256404	4225.12820506	4217.17948711	4222.69230763	4225.7692307	4191.15384602	4214.35897429	4222.30769224	4267.17948725	
4185.38461525	4221.15384609	4227.5641025	4215.89743583	4220.38461532	4231.53846147	4228.20512814	4223.58974352	4229.10256404	4231.53846147	4193.07692294	4222.5641025	4229.35897429	4281.15384623	
4190.38461525	4224.99999993	4227.05128199	4221.79487173	4223.58974352	4238.84615385	4231.41025634	4233.07692301	4238.58974359	4232.5641025	4201.28205122	4223.33333327	4238.33333334	4298.20512828	
4192.69230756	4233.71794865	4224.61538455	4232.30769224	4228.84615378	4241.7948718	4228.97435891	4231.15384609	4236.02564103	4231.28205122	4199.99999986	4219.61538455	4234.10256411	4298.20512828	
4190.25641012	4230.89743583	4221.41025634	4228.33333327	4224.48717942	4235.51282052	4224.23076917	4221.15384609	4223.58974352	4224.74358968	4192.05128192	4219.61538455	4224.99999993	4285.1282052	
4188.07692294	4223.4615384	4222.05128199	4220.7692307	4221.6666666	4235.64102564	4225.51282045	4219.23076917	4224.74358968	4223.71794865	4195.64102551	4221.41025634	4229.87179481	4281.53846161	
4190.89743576	4220.51282045	4221.28205122	4218.97435891	4219.74358968	4234.48717949	4219.61538455	4213.20512814	4224.10256404	4221.53846147	4197.82051269	4213.97435891	4226.6666666	4271.53846161	
4195.51282038	4213.33333327	4209.61538455	4212.69230763	4203.07692301	4218.33333327	4207.5641025	4188.71794858	4202.05128199	4206.6666666	4183.46153833	4197.94871781	4205.12820506	4226.6666666	
4194.61538448	4207.5641025	4201.79487173	4204.61538455	4189.61538448	4209.23076917	4203.33333327	4176.79487166	4188.46153833	4199.10256397	4173.58974345	4193.58974345	4199.48717935	4197.05128192	
4193.07692294	4203.71794865	4197.4358973	4194.74358961	4184.48717935	4204.87179481	4197.69230756	4173.84615371	4182.56410243	4192.94871781	4170.51282038	4190.51282038	4198.3333332	4185.89743576	
4192.17948704	4200.89743576	4189.48717935	4192.94871781	4184.35897422	4200.64102551	4194.2307691	4165.38461518	4173.20512807	4183.20512807	4167.82051262	4181.02564089	4186.15384602	4164.61538441	
4194.99999986	4200.89743576	4184.74358961	4197.94871781	4189.74358961	4204.48717942	4199.99999986	4167.94871774	4175.89743576	4184.10256397	4169.2307691	4178.46153833	4185.25641012	4171.41025628	
4199.99999986	4198.97435884	4184.61538448	4194.87179474	4188.46153833	4205.64102558	4201.28205122	4168.58974345	4175.76923063	4183.3333332	4163.84615364	4175.25641012	4183.97435884	4171.79487166	
4198.07692294	4198.97435884	4182.69230756	4194.35897422	4186.5384614	4203.20512814	4196.02564089	4162.56410236	4169.35897422	4177.69230756	4156.66666646	4168.58974345	4173.97435884	4144.74358954	
4195.76923063	4195.12820499	4176.02564089	4192.94871781	4181.15384602	4194.61538448	4190.25641012	4159.48717928	4168.07692287	4173.97435884	4154.61538441	4164.74358954	4168.3333332	4137.56410236	
4191.5384614	4187.56410243	4174.2307691	4184.74358961	4169.99999986	4185.25641012	4186.66666653	4157.3076921	4167.69230749	4175.51282038	4154.48717928	4166.41025621	4170.51282038	4130.25640998	
4189.74358961	4186.66666653	4175.38461525	4181.66666653	4166.15384595	4188.3333332	4186.41025628	4159.1025639	4170.89743576	4179.87179474	4157.43589723	4166.79487159	4173.71794858	4125.12820485	
4195.89743576	4187.4358973	4169.87179474	4181.41025628	4166.15384595	4194.35897422	4188.71794858	4163.46153826	4175.12820499	4180.12820499	4157.82051262	4163.205128	4172.05128192	4132.82051255	
4198.46153833	4190.51282038	4171.41025628	4183.46153833	4172.05128192	4200.38461525	4192.82051269	4170.38461525	4182.94871781	4186.5384614	4162.3076921	4169.99999986	4178.07692294	4141.66666646	
4197.82051269	4191.15384602	4176.79487166	4183.71794858	4178.97435884	4204.48717942	4194.35897422	4173.3333332	4187.56410243	4189.74358961	4170.64102551	4176.41025628	4186.79487166	4154.1025639	
4194.2307691	4185.38461525	4172.94871781	4177.69230756	4173.07692294	4199.48717935	4187.30769217	4160.64102544	4176.79487166	4178.71794858	4168.71794858	4168.3333332	4180.38461525	4137.82051262	
4188.58974345	4181.79487166	4167.17948697	4174.99999986	4163.84615364	4192.94871781	4178.84615371	4148.07692287	4162.17948697	4172.30769217	4161.79487159	4159.35897415	4167.94871774	4109.74358947	
