4131.41025614	4222.5641025	4240.8974359	4248.33333334	4249.74358975	4238.46153847	4241.28205129	4257.30769231	4250.8974359	4244.87179488	4243.84615385	4245.64102564	4262.43589744	4394.48717977	
4132.43589716	4216.92307686	4237.17948718	4241.02564103	4246.41025641	4238.20512821	4239.23076923	4260.51282052	4259.10256411	4248.07692308	4245.51282052	4243.46153847	4262.82051282	4390.38461567	
4134.23076896	4215.89743583	4233.07692301	4235.8974359	4241.92307693	4238.46153847	4241.15384616	4262.56410257	4263.84615385	4254.87179488	4250.38461539	4240.64102564	4262.56410257	4389.35897464	
4135.51282031	4213.58974352	4226.28205122	4236.92307693	4236.41025641	4233.4615384	4239.74358975	4256.41025641	4255.25641026	4251.02564103	4243.97435898	4233.97435898	4253.58974359	4367.30769259	
4131.79487152	4207.94871788	4219.48717942	4234.61538462	4232.43589737	4229.10256404	4235.0	4250.64102564	4250.38461539	4247.94871795	4235.51282052	4228.71794865	4248.71794872	4347.56410278	
4132.05128178	4205.12820506	4217.69230763	4228.07692301	4230.7692307	4230.12820506	4236.41025641	4252.05128206	4257.94871795	4257.82051282	4238.07692308	4229.10256404	4252.30769231	4352.82051303	
4139.74358954	4209.99999993	4222.5641025	4232.05128199	4233.97435898	4237.30769231	4240.64102564	4257.56410257	4264.61538462	4265.38461539	4246.66666667	4233.33333327	4258.97435898	4368.97435926	
4141.41025621	4210.25641019	4220.12820506	4232.94871788	4234.87179488	4239.10256411	4238.46153847	4250.76923077	4253.97435898	4253.33333334	4239.61538462	4229.87179481	4252.82051282	4357.82051303	
4130.38461511	4204.23076917	4210.38461532	4224.74358968	4228.71794865	4228.4615384	4232.82051275	4226.92307686	4230.25641019	4232.69230763	4219.61538455	4216.02564096	4233.4615384	4303.20512835	
4118.20512793	4201.92307686	4203.84615378	4221.15384609	4220.12820506	4217.43589737	4227.30769224	4213.4615384	4219.23076917	4226.41025634	4208.4615384	4205.12820506	4221.02564096	4270.51282059	
4118.9743587	4197.56410243	4199.48717935	4216.6666666	4216.15384609	4216.53846147	4222.05128199	4212.30769224	4223.07692301	4229.87179481	4206.6666666	4201.41025634	4220.7692307	4270.64102571	
4125.89743562	4190.64102551	4196.5384614	4208.71794865	4216.15384609	4216.79487173	4220.12820506	4208.4615384	4223.4615384	4230.25641019	4205.64102558	4197.30769217	4219.87179481	4257.43589744	
4127.69230742	4188.3333332	4194.2307691	4205.7692307	4209.48717942	4209.10256404	4217.17948711	4204.99999993	4214.48717942	4226.6666666	4204.35897429	4192.4358973	4215.38461532	4241.41025641	
4127.94871767	4192.17948704	4196.92307679	4210.25641019	4207.17948711	4206.28205122	4215.7692307	4206.6666666	4211.02564096	4225.51282045	4207.82051275	4198.84615371	4222.17948711	4245.8974359	
4129.48717921	4193.71794858	4201.15384609	4210.89743583	4212.17948711	4208.71794865	4217.94871788	4210.64102558	4216.15384609	4227.5641025	4207.94871788	4206.15384609	4228.33333327	4253.58974359	
4128.71794844	4185.76923063	4197.82051269	4204.10256404	4206.6666666	4201.79487173	4214.99999993	4205.64102558	4210.51282045	4221.92307686	4200.76923063	4200.64102551	4217.17948711	4235.51282052	
4129.48717921	4182.30769217	4199.61538448	4203.33333327	4203.33333327	4200.64102551	4214.35897429	4202.82051275	4204.74358968	4219.23076917	4205.89743583	4203.58974352	4217.69230763	4225.25641019	
4133.84615357	4188.46153833	4206.6666666	4206.41025634	4212.17948711	4209.87179481	4219.99999993	4213.07692301	4214.48717942	4227.69230763	4221.15384609	4214.48717942	4233.58974352	4255.12820513	
4132.94871767	4184.74358961	4204.87179481	4204.10256404	4211.41025634	4209.48717942	4219.87179481	4216.41025634	4221.02564096	4234.10256411	4219.61538455	4210.89743583	4233.33333327	4265.64102564	
4125.12820485	4177.30769217	4199.74358961	4203.4615384	4203.07692301	4202.17948711	4215.12820506	4211.92307686	4217.43589737	4235.76923077	4212.17948711	4206.28205122	4225.64102558	4253.84615385	
4127.30769203	4184.2307691	4205.38461532	4209.61538455	4209.87179481	4204.23076917	4218.07692301	4219.61538455	4220.25641019	4237.94871795	4221.53846147	4214.74358968	4233.71794865	4272.30769238	
4137.94871774	4193.20512807	4212.82051275	4213.20512814	4219.48717942	4212.82051275	4224.61538455	4226.6666666	4226.15384609	4241.28205129	4229.48717942	4219.10256404	4242.43589744	4287.43589751	
4139.61538441	4193.20512807	4212.5641025	4215.38461532	4217.30769224	4217.43589737	4226.28205122	4228.4615384	4231.02564096	4243.20512821	4227.30769224	4216.28205122	4241.66666667	4289.74358982	
4140.89743569	4199.35897422	4217.30769224	4226.53846147	4218.71794865	4219.23076917	4227.43589737	4241.02564103	4240.76923077	4245.0	4233.07692301	4219.74358968	4246.28205129	4312.30769245	
4148.71794851	4211.53846147	4224.35897429	4235.64102564	4226.28205122	4222.82051275	4230.7692307	4249.61538462	4244.48717949	4244.35897436	4240.12820513	4224.87179481	4251.02564103	4334.35897457	
4151.79487159	4210.7692307	4218.84615378	4229.61538455	4228.07692301	4226.02564096	4233.58974352	4244.10256411	4238.07692308	4241.28205129	4235.64102564	4223.97435891	4246.15384616	4333.20512842	
4150.25641005	4205.12820506	4214.99999993	4226.02564096	4229.99999993	4229.35897429	4235.38461539	4243.07692308	4239.48717949	4242.56410257	4233.33333327	4222.43589737	4243.46153847	4324.61538476	
4151.41025621	4206.28205122	4220.89743583	4233.07692301	4231.92307686	4230.64102558	4236.53846154	4247.82051282	4244.48717949	4245.76923077	4240.38461539	4223.33333327	4248.07692308	4331.41025655	
4152.94871774	4205.25641019	4218.4615384	4229.48717942	4224.35897429	4227.82051275	4235.38461539	4241.15384616	4236.7948718	4242.6923077	4239.10256411	4219.74358968	4248.07692308	4331.28205142	
4151.79487159	4199.2307691	4210.51282045	4217.30769224	4220.89743583	4226.79487173	4232.43589737	4232.17948711	4230.12820506	4234.35897436	4228.07692301	4215.64102558	4240.12820513	4311.66666681	
4155.12820492	4197.4358973	4211.28205122	4215.38461532	4226.41025634	4232.43589737	4233.58974352	4239.35897436	4237.82051282	4231.28205122	4224.10256404	4217.05128199	4237.6923077	4311.79487194	
4157.94871774	4202.30769224	4213.58974352	4222.5641025	4227.17948711	4235.38461539	4236.28205129	4246.41025641	4246.66666667	4237.17948718	4231.02564096	4219.74358968	4241.92307693	4322.94871809	
4156.15384595	4202.05128199	4212.05128199	4225.89743583	4225.38461532	4231.02564096	4234.10256411	4242.05128206	4246.66666667	4240.64102564	4231.53846147	4216.6666666	4240.64102564	4318.97435912	
4157.17948697	4196.66666653	4209.87179481	4221.15384609	4220.89743583	4224.23076917	4229.61538455	4235.38461539	4244.61538462	4238.84615385	4225.64102558	4208.58974352	4237.56410257	4305.76923091	
4159.48717928	4198.58974345	4209.99999993	4217.43589737	4215.38461532	4221.15384609	4228.84615378	4233.84615385	4244.74358975	4241.53846154	4231.28205122	4209.74358968	4242.05128206	4302.05128219	
4162.43589723	4202.05128199	4211.53846147	4219.23076917	4215.89743583	4217.05128199	4226.28205122	4235.64102564	4242.94871795	4244.10256411	4234.23076923	4213.97435891	4245.8974359	4309.10256425	
4160.12820492	4196.02564089	4206.79487173	4216.28205122	4216.41025634	4210.89743583	4222.5641025	4229.35897429	4239.48717949	4239.61538462	4225.38461532	4205.38461532	4239.48717949	4292.69230777	
4152.69230749	4189.48717935	4196.5384614	4206.92307686	4215.38461532	4212.5641025	4222.5641025	4218.33333327	4235.25641026	4235.12820513	4220.25641019	4194.2307691	4230.89743583	4266.15384616	
4153.58974339	4190.51282038	4189.74358961	4202.5641025	4215.64102558	4216.53846147	4225.25641019	4212.05128199	4228.71794865	4231.02564096	4217.30769224	4192.94871781	4222.94871788	4259.74358975	
4157.82051262	4192.82051269	4193.58974345	4208.07692301	4216.02564096	4217.5641025	4228.84615378	4216.15384609	4231.6666666	4231.41025634	4215.7692307	4197.30769217	4223.58974352	4266.79487187	
4154.61538441	4189.61538448	4199.10256397	4207.05128199	4209.35897429	4213.84615378	4226.92307686	4221.41025634	4235.0	4234.35897436	4218.71794865	4200.89743576	4231.28205122	4271.0256411	
4151.79487159	4186.15384602	4195.38461525	4198.97435884	4202.05128199	4208.4615384	4220.12820506	4210.89743583	4221.6666666	4226.41025634	4215.89743583	4199.99999986	4226.6666666	4250.51282052	
4152.17948697	4190.76923063	4193.3333332	4201.53846147	4206.15384609	4213.07692301	4223.58974352	4208.33333327	4218.71794865	4222.69230763	4212.82051275	4197.94871781	4223.4615384	4245.64102564	
4152.69230749	4195.51282038	4198.71794858	4209.99999993	4214.48717942	4216.79487173	4229.48717942	4224.23076917	4235.25641026	4233.58974352	4219.35897429	4199.99999986	4232.69230763	4278.58974366	
4155.38461518	4196.5384614	4204.48717942	4212.94871788	4217.05128199	4211.79487173	4225.7692307	4232.30769224	4240.38461539	4239.87179488	4226.53846147	4205.12820506	4239.87179488	4295.76923084	
4156.41025621	4195.76923063	4205.51282045	4211.15384609	4213.33333327	4209.35897429	4223.07692301	4230.89743583	4236.7948718	4237.6923077	4229.87179481	4209.23076917	4240.0	4298.58974366	
4158.97435877	4197.17948704	4208.84615378	4211.53846147	4214.99999993	4214.10256404	4231.41025634	4240.25641026	4249.48717949	4244.61538462	4233.84615385	4213.20512814	4242.43589744	4316.66666681	
4161.79487159	4201.79487173	4214.35897429	4216.41025634	4220.89743583	4215.51282045	4236.15384616	4249.23076923	4262.05128206	4254.10256411	4236.53846154	4218.97435891	4248.58974359	4327.56410271	
4157.69230749	4196.66666653	4206.79487173	4209.99999993	4210.7692307	4206.02564096	4223.58974352	4229.48717942	4241.15384616	4241.28205129	4227.05128199	4213.4615384	4239.87179488	4299.2307693	
4155.25641005	4186.41025628	4198.71794858	4198.58974345	4197.17948704	4197.17948704	4213.07692301	4205.12820506	4215.51282045	4223.20512814	4216.15384609	4202.82051275	4226.02564096	4258.33333334	
4155.64102544	4185.12820499	4202.43589737	4200.12820499	4198.07692294	4198.84615371	4216.02564096	4208.07692301	4220.89743583	4221.28205122	4214.35897429	4202.69230763	4223.07692301	4254.87179488	
4153.58974339	4187.05128192	4202.30769224	4202.17948711	4203.07692301	4202.5641025	4218.71794865	4211.15384609	4224.61538455	4219.61538455	4208.97435891	4199.35897422	4218.33333327	4258.07692308	
4150.64102544	4186.02564089	4197.94871781	4198.20512807	4205.12820506	4198.71794858	4214.23076917	4197.4358973	4211.53846147	4214.35897429	4201.6666666	4191.15384602	4209.87179481	4239.61538462	
4150.89743569	4182.94871781	4196.02564089	4196.92307679	4201.92307686	4192.94871781	4210.7692307	4191.79487166	4206.15384609	4211.79487173	4198.84615371	4188.84615371	4207.5641025	4224.87179481	
4152.56410236	4178.3333332	4191.15384602	4192.4358973	4194.35897422	4190.64102551	4212.30769224	4190.25641012	4206.53846147	4207.17948711	4193.84615371	4183.97435884	4204.23076917	4198.46153833	
4152.69230749	4177.56410243	4186.02564089	4186.41025628	4194.99999986	4192.30769217	4213.97435891	4184.48717935	4204.35897429	4204.74358968	4191.41025628	4177.4358973	4198.46153833	4180.64102551	
4153.205128	4185.38461525	4192.30769217	4191.5384614	4205.51282045	4201.15384609	4217.94871788	4195.51282038	4210.7692307	4211.6666666	4201.6666666	4187.56410243	4203.71794865	4211.79487173	
4153.97435877	4192.82051269	4201.53846147	4201.15384609	4210.38461532	4208.4615384	4222.05128199	4211.92307686	4221.15384609	4219.74358968	4211.6666666	4201.15384609	4216.53846147	4235.12820513	
4152.69230749	4185.12820499	4196.28205115	4195.25641012	4204.99999993	4200.12820499	4217.43589737	4207.82051275	4217.30769224	4219.74358968	4204.35897429	4192.56410243	4214.48717942	4208.71794865	
4146.66666646	4173.20512807	4185.64102551	4182.94871781	4196.79487166	4191.41025628	4207.82051275	4188.07692294	4207.30769224	4214.48717942	4193.46153833	4178.58974345	4200.25641012	4169.10256397	
4142.82051262	4174.35897422	4182.56410243	4180.76923063	4192.94871781	4190.12820499	4204.48717942	4174.61538448	4202.82051275	4207.05128199	4191.79487166	4178.07692294	4194.35897422	4152.43589723	
4147.56410236	4173.71794858	4181.92307679	4180.38461525	4191.92307679	4181.41025628	4204.48717942	4169.87179474	4191.92307679	4197.82051269	4189.99999986	4176.92307679	4193.46153833	4152.05128185	
4151.66666646	4170.12820499	4183.84615371	4180.51282038	4191.15384602	4174.99999986	4203.4615384	4168.46153833	4184.48717935	4195.25641012	4188.3333332	4173.84615371	4188.07692294	4154.23076903	
4152.05128185	4171.28205115	4185.12820499	4181.28205115	4187.94871781	4178.07692294	4201.79487173	4166.41025621	4187.17948704	4193.46153833	4185.89743576	4174.35897422	4183.71794858	4154.48717928	
4152.94871774	4168.20512807	4179.74358961	4178.07692294	4183.46153833	4177.69230756	4199.10256397	4159.1025639	4180.51282038	4186.66666653	4179.74358961	4171.15384602	4182.94871781	4142.43589723	
4154.35897415	4166.02564082	4178.20512807	4180.76923063	4189.35897422	4177.05128192	4200.12820499	4167.56410236	4179.35897422	4190.25641012	4185.51282038	4172.69230756	4186.41025628	4150.76923056	
4154.9999998	4170.51282038	4178.71794858	4185.76923063	4194.61538448	4180.76923063	4202.05128199	4179.2307691	4191.15384602	4194.2307691	4191.15384602	4174.2307691	4188.07692294	4168.97435884	
4153.46153826	4172.17948704	4177.56410243	4182.69230756	4191.28205115	4183.07692294	4202.94871788	4174.35897422	4193.97435884	4190.12820499	4185.76923063	4168.84615371	4187.17948704	4161.79487159	
4151.15384595	4164.87179467	4181.79487166	4183.07692294	4189.87179474	4186.79487166	4207.5641025	4179.61538448	4194.2307691	4195.64102551	4187.30769217	4169.87179474	4189.35897422	4177.17948704	
4153.07692287	4157.94871774	4185.38461525	4191.41025628	4195.25641012	4191.79487166	4213.20512814	4192.56410243	4200.64102551	4205.25641019	4194.74358961	4177.69230756	4193.46153833	4209.35897429	
4155.38461518	4158.71794851	4186.92307679	4197.30769217	4205.25641019	4196.66666653	4215.51282045	4195.51282038	4205.12820506	4207.69230763	4199.61538448	4184.10256397	4201.15384609	4213.58974352	
4159.1025639	4157.43589723	4187.69230756	4196.02564089	4203.20512814	4194.99999986	4210.25641019	4193.97435884	4205.12820506	4206.41025634	4201.53846147	4183.3333332	4204.99999993	4210.25641019	
4167.17948697	4156.15384595	4189.10256397	4197.69230756	4196.02564089	4190.12820499	4205.12820506	4194.74358961	4206.53846147	4207.30769224	4201.28205122	4182.17948704	4202.69230763	4217.05128199	
4170.64102551	4158.71794851	4191.28205115	4203.4615384	4202.05128199	4193.71794858	4208.07692301	4201.79487173	4211.02564096	4211.79487173	4203.58974352	4187.82051269	4206.15384609	4232.30769224	
4171.66666653	4158.97435877	4184.74358961	4198.07692294	4201.41025634	4191.15384602	4207.82051275	4199.10256397	4205.51282045	4208.4615384	4199.61538448	4183.97435884	4203.58974352	4219.74358968	
4172.56410243	4161.66666646	4167.17948697	4181.15384602	4182.94871781	4174.74358961	4195.76923063	4171.5384614	4185.89743576	4195.76923063	4180.64102551	4163.205128	4186.41025628	4164.23076903	
4169.61538448	4165.64102544	4149.87179467	4162.05128185	4166.15384595	4159.87179467	4185.25641012	4144.74358954	4166.79487159	4181.28205115	4160.64102544	4143.33333313	4165.64102544	4117.82051255	
4167.3076921	4165.89743569	4142.69230749	4150.76923056	4161.79487159	4155.76923056	4185.51282038	4135.25640998	4155.38461518	4168.07692287	4150.25641005	4134.35897408	4149.61538441	4088.07692273	
4167.82051262	4168.07692287	4140.64102544	4148.97435877	4154.74358954	4153.58974339	4183.3333332	4128.46153819	4149.9999998	4161.15384595	4146.15384595	4130.89743562	4141.41025621	4058.46153805	
4167.69230749	4171.15384602	4135.25640998	4143.46153826	4143.58974339	4143.71794851	4176.41025628	4117.69230742	4142.82051262	4156.92307672	4140.25641005	4124.48717921	4136.15384595	4035.51282003	
4165.89743569	4171.5384614	4130.12820485	4135.51282031	4142.56410236	4137.69230749	4172.05128192	4111.15384588	4135.38461518	4154.35897415	4135.76923056	4118.46153819	4132.30769203	4015.25640977	
4166.15384595	4172.94871781	4126.15384588	4134.48717921	4142.82051262	4134.8717946	4165.38461518	4101.41025607	4128.84615357	4147.82051262	4133.9743587	4113.0769228	4126.92307665	4000.38461483	
4166.02564082	4174.2307691	4125.12820485	4135.89743569	4133.58974332	4129.35897408	4156.66666646	4085.51282017	4119.99999973	4137.82051262	4128.33333306	4108.9743587	4119.74358947	3988.84615329	
4164.35897415	4176.28205115	4125.64102537	4134.23076896	4130.12820485	4127.05128178	4155.12820492	4083.46153812	4116.02564075	4134.35897408	4121.53846126	4110.64102537	4115.38461511	3979.61538406	
4164.35897415	4177.30769217	4118.33333306	4125.12820485	4131.15384588	4124.48717921	4154.87179467	4084.35897402	4109.8717946	4126.15384588	4111.15384588	4102.69230742	4107.43589716	3966.15384553	
4162.05128185	4173.71794858	4111.41025614	4114.8717946	4125.64102537	4123.20512793	4154.9999998	4075.6410253	4102.17948684	4114.99999973	4103.71794844	4094.10256376	4100.76923043	3943.46153784	
4160.76923056	4174.35897422	4112.94871767	4114.8717946	4122.82051255	4127.56410229	4158.46153826	4077.30769196	4105.64102537	4119.99999973	4105.7692305	4099.10256376	4102.17948684	3942.30769169	
4164.61538441	4178.84615371	4111.02564075	4116.92307665	4123.46153819	4126.02564075	4154.87179467	4076.15384581	4107.05128178	4127.05128178	4101.53846119	4079.35897402	4097.17948684	3929.61538392	
4163.97435877	4177.82051269	4103.46153819	4114.35897408	4116.53846126	4115.89743562	4147.69230749	4057.30769189	4094.99999966	4118.0769228	4087.94871761	4034.487179	4084.7435894	3879.74358898	
4165.64102544	4173.84615371	4101.79487145	4112.82051255	4109.8717946	4111.15384588	4147.69230749	4055.12820472	4092.43589709	4112.94871767	4088.20512786	4022.82051234	4083.71794837	3873.07692232	
4171.66666653	4178.3333332	4107.69230742	4115.64102537	4118.33333306	4119.23076896	4149.87179467	4073.20512786	4104.10256383	4123.58974332	4103.9743587	4044.6153842	4094.10256376	3907.692307	
4170.38461525	4184.87179474	4111.79487152	4114.35897408	4126.92307665	4123.33333306	4147.94871774	4072.69230735	4102.17948684	4126.15384588	4100.25640991	4044.99999959	4093.07692273	3910.89743521	
4170.38461525	4183.97435884	4110.38461511	4113.20512793	4121.79487152	4118.58974332	4148.71794851	4060.89743548	4095.38461504	4118.71794844	4085.51282017	4033.33333285	4084.23076889	3901.92307616	
4176.79487166	4182.05128192	4115.51282024	4120.7692305	4125.38461511	4121.41025614	4154.35897415	4070.6410253	4104.48717921	4124.35897408	4097.05128171	4045.38461497	4095.76923043	3931.41025572	
4177.17948704	4178.20512807	4117.69230742	4119.10256383	4128.58974332	4120.89743562	4151.02564082	4083.33333299	4110.38461511	4132.69230742	4113.0769228	4054.48717907	4112.05128178	3956.9230763	
4172.82051269	4181.41025628	4108.71794844	4109.35897408	4115.7692305	4107.56410229	4141.79487159	4067.43589702	4096.15384581	4125.25640998	4100.12820478	4042.43589702	4100.25640991	3918.20512751	
4175.25641012	4181.28205115	4113.33333306	4118.20512793	4116.41025614	4113.33333306	4147.05128185	4067.69230728	4098.46153812	4128.46153819	4097.05128171	4045.25640984	4097.69230735	3914.99999931	
4177.56410243	4177.82051269	4106.66666639	4108.0769228	4113.0769228	4115.89743562	4145.38461518	4076.15384581	4105.89743562	4132.69230742	4103.71794844	4047.30769189	4102.56410229	3924.61538392	
4174.35897422	4221.79487173	4048.46153805	4038.58974318	4057.94871754	4063.46153805	4103.84615357	4000.2564097	4046.92307651	4082.69230735	4051.92307651	3991.1538456	4043.84615343	3766.92307588	
4176.41025628	4291.79487187	3982.69230714	3964.23076861	3984.10256355	3994.99999945	4056.02564061	3881.53846078	3951.0256404	4000.51281996	3964.74358912	3909.61538392	3948.7179481	3534.48717796	
4178.97435884	4307.43589758	3961.0256404	3936.53846085	3953.7179481	3971.0256404	4041.410256	3830.38461449	3908.07692239	3961.0256404	3929.10256341	3877.5641018	3906.53846085	3429.10256237	
4176.41025628	4292.17948725	3958.7179481	3929.87179418	3953.58974297	3971.15384553	4039.23076882	3832.05128115	3910.12820444	3964.61538399	3937.43589674	3880.76923001	3907.43589674	3415.25640852	
4179.61538448	4298.84615392	3945.89743528	3916.02564033	3942.69230707	3958.7179481	4027.94871747	3817.43589654	3894.61538385	3957.05128143	3921.92307623	3869.61538379	3895.89743514	3376.53845967	
4184.61538448	4306.66666681	3939.61538399	3911.41025572	3934.35897367	3950.25640963	4024.10256362	3801.79487083	3876.15384539	3942.8205122	3904.99999924	3861.15384532	3889.3589736	3341.28204934	
4179.99999986	4299.74358989	3936.66666598	3911.7948711	3934.4871788	3948.97435835	4020.51282003	3801.6666657	3874.10256334	3939.23076861	3912.56410187	3861.41025558	3890.38461462	3336.15384421	
4175.89743576	4296.79487187	3924.74358905	3902.43589668	3928.84615316	3939.23076861	4009.35897388	3791.28205031	3861.79487096	3930.38461469	3905.89743521	3846.66666584	3869.61538379	3301.28204927	
4178.46153833	4298.58974366	3917.56410187	3900.64102488	3922.05128136	3934.23076854	4008.58974311	3783.97435801	3853.97435814	3924.23076854	3887.82051206	3834.35897346	3854.87179404	3268.58974151	
4179.48717935	4298.46153853	3921.7948711	3904.48717873	3916.53846085	3936.53846085	4011.92307644	3792.94871698	3860.1282043	3925.25640957	3883.58974283	3841.53846071	3864.10256327	3288.97435696	
4177.56410243	4300.2564104	3927.94871726	3902.5641018	3915.76923008	3937.30769162	4007.69230721	3802.69230672	3865.51281968	3928.20512751	3890.38461462	3848.58974276	3871.53846071	3311.02563901	
4176.41025628	4301.53846168	3924.74358905	3901.02564027	3917.30769162	3933.07692239	4001.28205073	3799.35897339	3863.84615302	3931.02564033	3890.64102488	3841.92307609	3868.20512738	3297.82051081	
4179.99999986	4299.61538476	3921.92307623	3906.15384546	3916.28205059	3932.05128136	4003.33333278	3797.30769134	3864.35897353	3929.87179418	3889.3589736	3836.7948709	3867.30769148	3289.87179286	
4184.48717935	4300.51282066	3926.7948711	3910.76923008	3916.92307623	3938.46153784	4009.99999952	3807.17948628	3872.05128122	3930.51281982	3886.79487103	3845.64102481	3869.48717866	3311.28204927	
4184.48717935	4299.2307693	3928.20512751	3909.99999931	3919.74358905	3943.7179481	4011.66666618	3816.15384525	3877.05128129	3934.61538392	3886.28205052	3852.69230686	3871.41025558	3348.9743571	
4184.61538448	4298.07692315	3928.20512751	3912.30769162	3923.46153777	3944.99999938	4010.64102516	3813.97435807	3874.74358898	3937.05128136	3895.12820437	3848.58974276	3872.69230686	3355.51281864	
4185.12820499	4302.17948732	3933.71794803	3917.82051213	3926.28205059	3946.53846092	4012.82051234	3813.58974269	3871.92307609	3932.05128136	3899.99999924	3849.99999917	3869.10256327	3337.17948524	
4181.66666653	4297.43589751	3932.05128136	3916.41025572	3920.89743521	3946.0256404	4012.69230721	3817.69230679	3871.28205045	3924.10256341	3894.61538385	3853.58974276	3861.79487096	3333.8461519	
4174.35897422	4285.76923084	3926.92307623	3912.30769162	3910.51281982	3939.48717887	4005.89743541	3812.56410166	3869.35897353	3924.61538392	3894.87179411	3847.17948635	3860.51281968	3330.25640831	
4175.76923063	4290.1282052	3934.61538392	3917.692307	3915.12820444	3940.38461476	4008.71794824	3825.64102474	3876.41025565	3936.66666598	3913.97435828	3854.2307684	3877.69230693	3357.94871608	
4182.56410243	4303.4615386	3947.69230707	3929.23076854	3930.64102495	3951.66666605	4020.3846149	3859.2307684	3896.66666591	3950.12820451	3932.56410187	3876.79487103	3902.82051206	3414.2307675	
4179.35897422	4303.97435912	3952.43589681	3935.25640957	3933.97435828	3957.94871733	4022.05128157	3869.2307684	3908.71794803	3955.51281989	3942.05128143	3882.05128129	3908.20512751	3442.30769057	
4178.07692294	4298.71794879	3951.15384553	3936.7948711	3931.41025572	3956.79487117	4016.92307644	3861.53846071	3907.05128136	3954.10256348	3955.51281989	3875.2564095	3904.48717873	3452.69230603	
4186.15384602	4302.56410271	3953.97435835	3945.12820451	3947.05128143	3963.33333271	4021.41025593	3874.61538385	3912.692307	3957.05128143	3970.51281989	3886.15384539	3916.41025572	3481.66666507	
4188.58974345	4304.61538476	3956.53846092	3949.99999938	3958.84615322	3970.51281989	4025.25640977	3886.28205052	3918.5897429	3961.0256404	3967.30769169	3891.66666591	3917.56410187	3498.97435738	
4186.28205115	4298.07692315	3956.66666605	3949.61538399	3950.12820451	3968.7179481	4022.94871747	3877.30769155	3912.692307	3959.74358912	3960.38461476	3884.48717873	3910.12820444	3489.23076764	
4187.05128192	4298.33333341	3960.76923015	3955.25640963	3953.07692246	3971.0256404	4024.87179439	3881.28205052	3916.02564033	3962.30769169	3972.82051227	3890.89743514	3922.94871726	3505.38461379	
4187.56410243	4298.71794879	3959.61538399	3957.17948656	3959.87179425	3971.66666611	4022.94871747	3888.07692232	3919.99999931	3962.69230707	3976.02564047	3894.48717873	3925.64102495	3520.25640873	
4180.51282038	4288.71794879	3959.10256348	3954.74358912	3952.8205122	3973.07692252	4020.25640977	3883.4615377	3917.56410187	3964.99999938	3972.69230714	3888.4615377	3919.23076854	3508.33333174	
4175.51282038	4284.35897443	3964.87179425	3958.20512758	3956.0256404	3978.97435842	4027.82051234	3897.94871719	3930.12820444	3975.89743535	3987.0512815	3897.43589668	3936.66666598	3532.30769078	
4178.20512807	4288.71794879	3969.48717887	3960.64102502	3966.15384553	3978.97435842	4033.33333285	3915.25640957	3944.10256348	3980.12820458	3994.23076868	3907.94871726	3949.23076861	3565.76922931	
4175.64102551	4289.2307693	3974.87179432	3963.33333271	3963.07692246	3977.9487174	4029.99999952	3911.7948711	3943.07692246	3974.99999945	3986.41025586	3904.99999924	3941.15384553	3560.76922931	
4173.07692294	4285.89743597	3979.10256355	3970.12820451	3962.17948656	3981.41025586	4033.33333285	3915.64102495	3945.51281989	3980.64102509	3989.10256355	3907.56410187	3943.33333271	3571.53846008	
4180.64102551	4290.64102571	3984.99999945	3976.66666611	3980.38461483	3990.38461483	4046.92307651	3940.38461476	3964.61538399	4003.20512765	4005.51282003	3924.4871788	3962.30769169	3620.64102432	
4188.46153833	4299.35897443	3996.53846099	3985.38461483	3995.64102509	4001.66666611	4054.99999959	3965.38461476	3987.17948663	4017.56410208	4020.64102516	3941.53846092	3983.33333278	3674.61538337	
4189.61538448	4298.46153853	4003.33333278	3991.66666611	3994.99999945	4006.53846106	4052.82051241	3969.23076861	3988.58974304	4014.23076875	4024.74358926	3945.38461476	3990.2564097	3696.79487062	
4189.74358961	4295.1282052	4003.46153791	3990.51281996	3998.58974304	4009.74358926	4052.30769189	3961.15384553	3975.38461483	4015.12820465	4024.10256362	3944.48717887	3987.43589688	3689.48717831	
4192.82051269	4292.82051289	4007.82051234	3990.38461483	4009.487179	4018.71794824	4058.07692266	3967.69230707	3977.82051227	4019.487179	4023.97435849	3952.17948656	3990.89743535	3708.20512703	
4193.71794858	4287.17948725	4014.61538413	3994.87179432	4011.15384567	4023.20512772	4059.87179446	3976.92307637	3989.74358919	4016.15384567	4024.99999952	3961.28205066	3994.61538406	3734.74358864	
4187.94871781	4284.74358982	4016.41025593	3995.76923022	4002.9487174	4014.99999952	4054.10256369	3972.43589688	3991.02564047	4014.10256362	4025.3846149	3964.10256348	3993.20512765	3737.17948607	
4182.30769217	4281.79487187	4013.97435849	3989.99999945	4002.56410201	4008.84615336	4048.07692266	3964.61538399	3985.12820458	4016.79487131	4019.74358926	3959.87179425	3992.43589688	3729.48717838	
4186.15384602	4278.20512828	4015.76923029	3995.64102509	4014.10256362	4017.82051234	4052.56410215	3970.38461476	3989.48717894	4019.35897388	4018.58974311	3959.99999938	3997.82051227	3729.10256299	
4189.74358961	4278.07692315	4019.35897388	4006.66666618	4020.89743541	4027.30769183	4061.28205087	3984.61538406	3999.99999945	4019.61538413	4026.66666618	3966.66666605	4002.56410201	3751.02563999	
4187.82051269	4277.94871802	4020.64102516	4007.94871747	4022.94871747	4029.74358926	4065.12820472	3989.23076868	4001.66666611	4021.02564054	4032.94871747	3972.43589688	4003.07692252	3773.07692204	
4190.76923063	4276.66666674	4023.71794824	4009.99999952	4033.20512772	4034.74358926	4067.17948677	3994.23076868	4006.15384567	4034.87179439	4035.25640977	3975.89743535	4011.2820508	3791.41025544	
4196.92307679	4272.05128212	4022.82051234	4011.02564054	4037.56410215	4039.6153842	4068.33333292	3999.87179432	4009.87179439	4040.76923036	4031.02564054	3972.69230714	4013.33333285	3799.23076826	
4196.02564089	4269.10256418	4019.61538413	4010.64102516	4033.71794824	4041.15384574	4070.12820478	3999.10256355	4007.82051234	4033.58974311	4025.25640977	3971.79487124	4007.05128157	3792.82051185	
4192.82051269	4268.07692315	4022.82051234	4014.10256362	4039.23076882	4042.43589702	4073.07692273	4008.20512772	4014.61538413	4040.89743548	4031.53846106	3978.84615329	4013.97435849	3815.64102474	
4195.89743576	4263.58974359	4026.2820508	4017.69230721	4044.23076882	4042.17948677	4073.58974325	4016.2820508	4023.33333285	4054.74358933	4039.23076882	3983.07692252	4024.10256362	3838.97435807	
4197.69230756	4261.66666667	4029.10256362	4020.89743541	4043.20512779	4043.07692266	4074.23076889	4016.92307644	4026.66666618	4056.92307651	4038.7179483	3987.82051227	4026.66666618	3836.66666577	
4200.25641012	4262.82051282	4035.3846149	4025.51282003	4042.17948677	4046.53846113	4078.07692273	4028.33333285	4033.71794824	4057.30769189	4043.58974318	3998.46153791	4034.10256362	3861.92307609	
4204.48717942	4265.38461539	4044.35897395	4032.43589695	4046.92307651	4052.43589702	4082.56410222	4037.82051241	4042.69230728	4059.35897395	4053.07692266	4006.92307644	4043.97435856	3894.99999924	
4205.25641019	4265.38461539	4053.20512779	4038.58974318	4055.64102523	4058.20512779	4086.92307658	4040.89743548	4046.02564061	4063.33333292	4059.35897395	4014.35897388	4049.23076882	3909.61538392	
4205.12820506	4263.97435898	4052.82051241	4037.94871754	4055.76923036	4057.17948677	4085.6410253	4048.7179483	4047.30769189	4070.38461504	4058.7179483	4018.97435849	4048.84615343	3917.692307	
4204.61538455	4263.71794872	4048.84615343	4036.02564054	4053.84615343	4058.84615343	4082.30769196	4049.23076882	4047.56410215	4068.46153805	4052.69230728	4016.79487131	4042.94871754	3914.61538392	
4202.17948711	4258.07692308	4048.58974318	4035.3846149	4053.20512779	4061.28205087	4083.71794837	4039.10256369	4043.33333292	4059.99999959	4043.46153805	4011.2820508	4036.66666618	3906.02564033	
4196.92307679	4246.15384616	4046.410256	4031.15384567	4048.46153805	4052.82051241	4081.92307658	4032.69230721	4040.64102523	4063.07692266	4040.12820472	4005.64102516	4035.64102516	3888.4615377	
4190.51282038	4239.61538462	4044.35897395	4030.12820465	4044.35897395	4048.46153805	4076.28205094	4028.58974311	4040.25640984	4066.66666625	4038.97435856	4001.66666611	4030.89743541	3869.74358891	
4190.76923063	4243.46153847	4047.05128164	4036.79487131	4048.20512779	4054.23076882	4077.82051248	4023.46153798	4035.76923029	4056.53846113	4033.71794824	4002.9487174	4025.3846149	3874.87179411	
4192.30769217	4243.46153847	4048.84615343	4041.28205087	4050.64102523	4051.53846113	4080.51282017	4019.99999952	4030.25640977	4050.25640984	4033.20512772	4007.30769183	4030.3846149	3879.3589736	
4186.41025628	4232.5641025	4043.46153805	4037.05128164	4044.10256369	4041.02564061	4073.8461535	4015.3846149	4026.66666618	4054.74358933	4035.3846149	4006.15384567	4032.05128157	3868.07692225	
4186.66666653	4229.35897429	4046.66666625	4034.487179	4048.58974318	4046.15384574	4075.51282017	4022.05128157	4032.05128157	4061.92307651	4041.28205087	4007.1794867	4031.79487131	3875.12820437	
4195.25641012	4237.05128206	4059.48717907	4044.87179446	4066.53846113	4063.7179483	4088.58974325	4045.5128201	4047.30769189	4073.97435863	4051.410256	4020.64102516	4044.48717907	3913.20512751	
4198.84615371	4237.30769231	4060.89743548	4052.05128164	4070.76923043	4068.20512779	4092.56410222	4057.30769189	4053.20512779	4077.82051248	4054.48717907	4029.61538413	4054.23076882	3933.33333264	
4198.3333332	4234.10256411	4059.23076882	4049.99999959	4067.56410215	4063.33333292	4090.76923043	4050.89743548	4051.92307651	4072.43589709	4057.94871754	4030.12820465	4056.15384574	3923.33333264	
4201.15384609	4234.35897436	4061.410256	4050.12820472	4070.89743555	4064.48717907	4091.66666632	4048.97435856	4054.87179446	4075.25640991	4063.58974318	4030.3846149	4058.58974318	3929.35897367	
4203.07692301	4229.61538455	4059.99999959	4052.82051241	4073.07692273	4070.89743555	4093.07692273	4054.35897395	4058.33333292	4083.58974325	4061.79487138	4031.92307644	4060.5128201	3943.46153784	
4201.28205122	4226.53846147	4062.82051241	4054.48717907	4077.43589709	4076.28205094	4096.28205094	4062.69230728	4067.43589702	4090.6410253	4063.84615343	4037.17948677	4065.64102523	3952.43589681	
4201.79487173	4224.35897429	4066.28205087	4051.79487138	4079.99999966	4072.56410222	4094.87179453	4064.99999959	4075.51282017	4088.33333299	4067.82051241	4038.7179483	4067.43589702	3960.64102502	
4198.84615371	4218.33333327	4062.69230728	4049.48717907	4075.76923043	4067.82051241	4088.97435863	4053.07692266	4067.94871754	4083.97435863	4061.410256	4035.25640977	4062.94871754	3946.28205066	
4195.51282038	4218.33333327	4063.58974318	4054.87179446	4077.05128171	4070.25640991	4089.61538427	4051.53846113	4058.46153805	4089.23076889	4060.89743548	4036.53846106	4064.6153842	3942.17948656	
4200.25641012	4220.64102558	4068.46153805	4062.56410215	4081.79487145	4074.35897402	4097.05128171	4063.58974318	4064.99999959	4094.61538427	4066.53846113	4039.87179446	4069.7435894	3958.33333271	
4201.02564096	4219.99999993	4068.84615343	4066.02564061	4087.94871761	4081.53846119	4104.35897408	4070.25640991	4078.8461535	4097.17948684	4070.6410253	4043.97435856	4076.15384581	3960.38461476	
4199.48717935	4222.17948711	4070.6410253	4066.28205087	4093.07692273	4085.89743555	4105.89743562	4075.25640991	4082.56410222	4104.99999973	4077.69230735	4048.84615343	4086.66666632	3961.79487117	
4204.48717942	4224.99999993	4077.43589709	4071.92307658	4090.6410253	4085.51282017	4104.61538434	4078.71794837	4079.87179453	4108.71794844	4083.07692273	4053.07692266	4089.48717914	3966.66666605	
4208.97435891	4227.94871788	4082.43589709	4081.66666632	4090.76923043	4087.94871761	4107.30769203	4077.82051248	4082.56410222	4100.38461504	4080.51282017	4059.6153842	4083.20512786	3963.46153784	
4208.84615378	4228.71794865	4084.48717914	4084.87179453	4103.20512793	4091.15384581	4110.25640998	4075.25640991	4087.43589709	4101.15384581	4078.8461535	4063.58974318	4083.58974325	3954.23076861	
4206.15384609	4227.30769224	4088.71794837	4084.23076889	4110.51282024	4091.66666632	4108.84615357	4074.35897402	4087.56410222	4116.41025614	4086.28205094	4063.46153805	4089.35897402	3939.23076861	
4204.61538455	4221.79487173	4091.41025607	4084.7435894	4099.10256376	4091.92307658	4106.92307665	4078.97435863	4088.46153812	4119.23076896	4091.53846119	4064.99999959	4090.89743555	3946.0256404	
4205.7692307	4219.23076917	4092.94871761	4087.17948684	4094.7435894	4095.51282017	4109.23076896	4083.8461535	4092.17948684	4114.10256383	4091.79487145	4069.35897395	4093.71794837	3970.64102502	
4206.02564096	4221.6666666	4095.6410253	4090.25640991	4104.35897408	4100.12820478	4111.66666639	4088.97435863	4094.87179453	4118.58974332	4094.61538427	4074.87179453	4099.61538427	3982.69230714	
4207.94871788	4216.02564096	4090.89743555	4087.94871761	4099.7435894	4092.43589709	4106.02564075	4086.15384581	4086.92307658	4108.71794844	4088.71794837	4069.99999966	4092.56410222	3969.23076861	
4209.35897429	4208.20512814	4086.79487145	4084.61538427	4089.35897402	4083.97435863	4102.82051255	4078.33333299	4081.41025607	4098.20512786	4080.89743555	4064.74358933	4083.97435863	3954.61538399	
4208.71794865	4207.5641025	4094.7435894	4084.10256376	4096.92307658	4094.35897402	4113.58974332	4092.94871761	4096.92307658	4118.46153819	4091.79487145	4075.6410253	4097.82051248	3988.20512765	
4206.79487173	4203.33333327	4096.41025607	4082.43589709	4099.10256376	4098.07692273	4117.94871767	4102.56410229	4102.94871767	4124.35897408	4098.8461535	4080.51282017	4104.99999973	4008.97435849	
4204.61538455	4198.97435884	4086.15384581	4082.69230735	4086.28205094	4083.8461535	4107.69230742	4081.41025607	4086.28205094	4101.79487145	4083.07692273	4068.84615343	4088.58974325	3972.56410201	
4205.25641019	4199.2307691	4085.6410253	4085.38461504	4083.07692273	4079.10256376	4103.0769228	4069.35897395	4075.76923043	4094.87179453	4070.6410253	4063.07692266	4077.94871761	3953.7179481	
4207.30769224	4198.46153833	4092.69230735	4088.33333299	4090.51282017	4089.7435894	4108.33333306	4078.07692273	4078.71794837	4106.02564075	4076.53846119	4065.89743548	4082.30769196	3966.66666605	
4204.10256404	4194.74358961	4087.30769196	4087.43589709	4093.07692273	4090.25640991	4107.82051255	4072.82051248	4076.28205094	4100.76923043	4073.07692273	4057.82051241	4077.56410222	3957.17948656	
4201.02564096	4194.10256397	4082.05128171	4090.25640991	4096.92307658	4084.99999966	4106.28205101	4064.6153842	4071.41025607	4091.92307658	4065.38461497	4054.23076882	4069.7435894	3941.41025579	
4203.20512814	4199.35897422	4092.94871761	4101.53846119	4106.15384588	4095.51282017	4113.71794844	4082.69230735	4084.23076889	4103.71794844	4078.71794837	4069.6153842	4080.89743555	3968.20512758	
4202.30769224	4196.02564089	4097.05128171	4098.97435863	4097.69230735	4097.05128171	4112.82051255	4091.02564068	4092.05128171	4109.8717946	4083.33333299	4074.23076889	4087.17948684	3984.87179432	
4199.74358961	4186.5384614	4091.02564068	4089.48717914	4087.17948684	4084.87179453	4104.61538434	4076.92307658	4082.05128171	4101.53846119	4070.89743555	4064.74358933	4078.07692273	3957.8205122	
4200.38461525	4186.15384602	4094.87179453	4095.38461504	4095.76923043	4087.17948684	4105.89743562	4077.05128171	4079.23076889	4098.20512786	4068.58974318	4066.53846113	4076.79487145	3955.51281989	
4201.53846147	4188.46153833	4096.92307658	4099.61538427	4094.99999966	4091.28205094	4110.12820485	4083.07692273	4086.02564068	4101.02564068	4071.41025607	4071.79487145	4077.56410222	3965.38461476	
4200.51282038	4185.38461525	4092.94871761	4095.25640991	4089.23076889	4088.07692273	4111.92307665	4079.23076889	4087.30769196	4101.02564068	4067.82051241	4068.97435856	4074.99999966	3948.07692246	
4200.12820499	4181.66666653	4094.87179453	4097.56410222	4098.97435863	4095.38461504	4116.53846126	4082.05128171	4082.56410222	4094.10256376	4065.25640984	4065.5128201	4071.92307658	3947.94871733	
4199.87179474	4181.79487166	4096.92307658	4103.71794844	4109.61538434	4108.58974332	4123.20512793	4089.99999966	4085.6410253	4091.66666632	4065.5128201	4064.6153842	4071.92307658	3964.74358912	
4197.69230756	4183.46153833	4096.02564068	4106.02564075	4109.10256383	4111.66666639	4124.74358947	4094.61538427	4095.6410253	4100.6410253	4069.6153842	4069.10256369	4079.48717914	3977.30769176	
4200.64102551	4186.66666653	4099.99999966	4110.25640998	4112.17948691	4113.20512793	4129.74358947	4107.56410229	4106.79487152	4112.30769203	4081.28205094	4081.92307658	4090.25640991	4008.97435849	
4202.17948711	4188.84615371	4107.82051255	4115.38461511	4116.79487152	4119.10256383	4136.02564082	4125.51282024	4125.25640998	4126.02564075	4090.89743555	4091.79487145	4100.25640991	4043.58974318	
4193.07692294	4179.61538448	4103.58974332	4109.48717921	4112.56410229	4116.53846126	4129.8717946	4122.30769203	4129.48717921	4133.20512793	4086.02564068	4086.28205094	4101.02564068	4040.25640984	
4191.28205115	4175.64102551	4102.43589709	4107.05128178	4116.92307665	4118.84615357	4129.10256383	4116.79487152	4119.23076896	4132.43589716	4089.48717914	4086.28205094	4103.46153819	4038.46153805	
4201.6666666	4186.79487166	4114.35897408	4119.74358947	4127.94871767	4129.99999973	4140.12820492	4138.205128	4129.35897408	4144.35897415	4114.10256383	4107.30769203	4123.0769228	4086.15384581	
4202.94871788	4189.10256397	4118.58974332	4124.35897408	4124.61538434	4126.28205101	4141.92307672	4149.74358954	4141.92307672	4154.61538441	4122.17948691	4116.53846126	4132.82051255	4112.43589716	
4196.28205115	4180.51282038	4116.15384588	4121.28205101	4120.89743562	4116.79487152	4136.02564082	4134.8717946	4131.15384588	4147.43589723	4110.25640998	4106.66666639	4121.02564075	4082.43589709	
4197.56410243	4180.89743576	4116.41025614	4126.41025614	4129.10256383	4120.64102537	4137.05128185	4132.82051255	4120.25640998	4140.12820492	4109.48717921	4106.15384588	4116.02564075	4073.71794837	
4203.58974352	4187.69230756	4119.10256383	4134.48717921	4134.10256383	4128.46153819	4139.61538441	4140.89743569	4122.69230742	4137.82051262	4113.33333306	4112.05128178	4121.15384588	4092.30769196	
4205.25641019	4191.79487166	4122.69230742	4141.41025621	4133.58974332	4130.89743562	4138.33333313	4139.48717928	4126.92307665	4137.17948697	4113.58974332	4110.89743562	4121.53846126	4101.15384581	
4204.48717942	4187.69230756	4121.66666639	4141.92307672	4132.56410229	4129.48717921	4138.46153826	4136.02564082	4125.64102537	4135.12820485	4110.7692305	4104.8717946	4117.05128178	4096.79487145	
4204.61538455	4182.56410243	4116.79487152	4135.89743569	4132.30769203	4131.02564075	4141.66666646	4136.15384595	4121.92307665	4129.74358947	4100.25640991	4099.61538427	4108.71794844	4082.17948684	
4208.58974352	4187.4358973	4121.66666639	4140.64102544	4139.9999998	4141.28205108	4148.71794851	4148.71794851	4131.79487152	4134.48717921	4107.05128178	4108.0769228	4115.38461511	4109.99999973	
4216.41025634	4196.66666653	4137.82051262	4153.97435877	4149.48717928	4154.74358954	4158.33333313	4173.58974345	4153.71794851	4149.48717928	4138.84615364	4130.7692305	4142.69230749	4178.97435884	
4217.30769224	4199.10256397	4147.43589723	4157.56410236	4153.46153826	4163.46153826	4167.82051262	4191.02564089	4165.64102544	4157.94871774	4154.74358954	4148.33333313	4158.46153826	4207.69230763	
4213.84615378	4193.84615371	4143.33333313	4151.66666646	4153.07692287	4163.33333313	4168.58974345	4190.76923063	4163.33333313	4155.38461518	4143.46153826	4151.15384595	4148.84615364	4201.02564096	
4210.64102558	4186.15384602	4136.02564082	4147.56410236	4147.43589723	4153.58974339	4157.3076921	4174.61538448	4151.79487159	4147.3076921	4133.58974332	4150.25641005	4137.82051262	4183.58974345	
4207.94871788	4188.46153833	4139.9999998	4148.97435877	4146.28205108	4148.84615364	4153.97435877	4169.35897422	4150.64102544	4151.28205108	4139.87179467	4159.1025639	4147.17948697	4184.74358961	
4210.7692307	4198.58974345	4150.25641005	4158.205128	4154.35897415	4155.12820492	4164.48717928	4192.56410243	4171.02564089	4171.5384614	4155.12820492	4175.38461525	4167.82051262	4228.58974352	
4209.99999993	4200.12820499	4153.58974339	4167.17948697	4156.28205108	4157.94871774	4166.28205108	4206.28205122	4182.4358973	4181.41025628	4165.38461518	4184.61538448	4179.74358961	4255.0	
4201.41025634	4195.12820499	4152.56410236	4166.79487159	4150.25641005	4155.64102544	4157.43589723	4195.64102551	4174.87179474	4174.35897422	4166.28205108	4178.3333332	4179.35897422	4244.61538462	
4199.10256397	4195.89743576	4155.89743569	4167.05128185	4152.3076921	4157.05128185	4158.84615364	4195.12820499	4175.89743576	4178.84615371	4168.20512807	4172.56410243	4181.5384614	4243.20512821	
4200.51282038	4198.84615371	4163.84615364	4173.46153833	4158.33333313	4159.48717928	4167.94871774	4210.38461532	4187.69230756	4191.41025628	4176.15384602	4179.48717935	4191.5384614	4265.64102564	
4194.74358961	4196.92307679	4167.17948697	4174.48717935	4156.41025621	4162.43589723	4171.41025628	4222.05128199	4195.76923063	4192.17948704	4179.87179474	4183.58974345	4196.41025628	4287.56410264	
4187.69230756	4195.12820499	4168.71794858	4171.41025628	4152.82051262	4167.43589723	4171.66666653	4226.41025634	4202.69230763	4192.94871781	4178.58974345	4179.87179474	4196.92307679	4288.33333341	
4185.89743576	4191.92307679	4171.02564089	4169.74358961	4151.79487159	4166.28205108	4172.30769217	4227.82051275	4209.35897429	4196.92307679	4177.69230756	4179.35897422	4197.17948704	4290.64102571	
4185.25641012	4185.38461525	4168.71794858	4168.46153833	4150.76923056	4162.43589723	4170.89743576	4219.74358968	4206.53846147	4193.58974345	4177.17948704	4180.64102551	4195.89743576	4283.58974366	
4182.94871781	4186.5384614	4166.41025621	4169.99999986	4154.23076903	4169.2307691	4171.79487166	4211.6666666	4202.43589737	4190.12820499	4175.51282038	4177.82051269	4193.46153833	4267.30769238	
4180.51282038	4188.3333332	4162.94871774	4167.94871774	4156.02564082	4176.66666653	4173.20512807	4208.07692301	4201.02564096	4187.30769217	4166.53846133	4171.5384614	4184.99999986	4261.28205129	
4176.5384614	4182.05128192	4157.3076921	4165.51282031	4154.74358954	4176.92307679	4172.94871781	4196.02564089	4194.74358961	4180.89743576	4158.07692287	4164.87179467	4174.87179474	4247.17948718	
4174.74358961	4178.46153833	4153.97435877	4169.61538448	4159.1025639	4174.35897422	4172.05128192	4184.74358961	4184.2307691	4172.30769217	4157.82051262	4159.48717928	4171.15384602	4230.89743583	
4176.79487166	4179.35897422	4153.97435877	4168.97435884	4160.12820492	4169.2307691	4166.92307672	4176.92307679	4172.94871781	4167.94871774	4154.23076903	4154.1025639	4165.89743569	4213.84615378	
4175.89743576	4179.99999986	4156.28205108	4165.76923056	4161.02564082	4169.74358961	4166.92307672	4174.10256397	4170.76923063	4173.97435884	4151.92307672	4155.12820492	4164.48717928	4204.10256404	
4175.12820499	4178.3333332	4158.71794851	4170.89743576	4166.28205108	4171.92307679	4170.51282038	4184.74358961	4177.82051269	4179.35897422	4159.35897415	4164.48717928	4174.99999986	4222.5641025	
4177.30769217	4182.56410243	4166.02564082	4177.4358973	4168.46153833	4167.56410236	4168.97435884	4197.17948704	4188.3333332	4184.48717935	4168.97435884	4174.87179474	4185.38461525	4245.0	
4179.10256397	4189.48717935	4177.05128192	4181.15384602	4172.05128192	4170.64102551	4170.12820499	4209.48717942	4200.51282038	4197.56410243	4179.99999986	4186.15384602	4193.07692294	4272.30769238	
4183.46153833	4189.61538448	4180.64102551	4182.17948704	4176.41025628	4180.89743576	4179.61538448	4223.97435891	4206.02564096	4203.07692301	4188.07692294	4196.92307679	4202.82051275	4301.92307707	
4184.2307691	4185.76923063	4180.64102551	4179.61538448	4175.25641012	4184.10256397	4186.41025628	4228.07692301	4206.15384609	4197.17948704	4191.92307679	4201.79487173	4209.23076917	4302.17948732	
4180.76923063	4179.74358961	4181.92307679	4175.12820499	4172.4358973	4180.51282038	4182.94871781	4226.53846147	4209.23076917	4199.35897422	4198.58974345	4201.92307686	4209.35897429	4297.05128212	
4186.5384614	4183.20512807	4191.79487166	4180.64102551	4181.28205115	4183.97435884	4185.76923063	4242.05128206	4221.53846147	4213.84615378	4214.23076917	4211.28205122	4222.69230763	4336.02564124	
4194.48717935	4196.15384602	4204.10256404	4195.64102551	4189.87179474	4190.64102551	4191.92307679	4262.56410257	4235.51282052	4225.25641019	4224.61538455	4223.84615378	4243.46153847	4386.53846182	
4194.61538448	4195.38461525	4201.53846147	4194.99999986	4181.66666653	4183.97435884	4185.89743576	4256.02564103	4228.20512814	4220.38461532	4214.48717942	4216.79487173	4233.97435898	4374.6153849	
4197.30769217	4188.46153833	4201.28205122	4188.71794858	4178.46153833	4180.38461525	4182.56410243	4243.33333334	4218.97435891	4217.43589737	4210.64102558	4211.6666666	4222.30769224	4348.46153867	
4203.84615378	4195.25641012	4210.12820506	4197.94871781	4188.71794858	4195.25641012	4192.56410243	4255.64102564	4235.25641026	4227.30769224	4222.5641025	4221.41025634	4239.48717949	4394.10256438	
4206.6666666	4200.51282038	4207.30769224	4205.12820506	4191.92307679	4204.10256404	4198.84615371	4262.05128206	4242.05128206	4227.30769224	4219.23076917	4217.43589737	4242.30769231	4433.33333375	
4206.6666666	4196.66666653	4199.87179474	4201.02564096	4190.64102551	4199.74358961	4196.28205115	4253.97435898	4227.5641025	4216.53846147	4205.89743583	4207.30769224	4224.10256404	4426.53846189	
4210.12820506	4194.61538448	4202.5641025	4198.97435884	4195.89743576	4197.4358973	4195.38461525	4252.56410257	4223.20512814	4213.97435891	4207.30769224	4209.35897429	4223.58974352	4444.48717991	
4211.53846147	4195.12820499	4203.84615378	4203.4615384	4201.41025634	4199.61538448	4193.97435884	4249.35897436	4228.20512814	4216.53846147	4211.79487173	4210.64102558	4232.30769224	4459.35897478	
4209.87179481	4194.99999986	4199.74358961	4203.97435891	4202.43589737	4200.64102551	4191.02564089	4246.66666667	4225.64102558	4213.71794865	4207.5641025	4207.30769224	4225.89743583	4449.23076965	
4211.79487173	4193.71794858	4201.15384609	4202.43589737	4206.28205122	4203.33333327	4193.3333332	4251.41025641	4222.69230763	4209.87179481	4206.28205122	4211.02564096	4221.15384609	4451.02564145	
4214.10256404	4194.2307691	4207.5641025	4206.92307686	4211.6666666	4206.79487173	4199.10256397	4254.74358975	4230.64102558	4212.5641025	4210.64102558	4219.23076917	4229.99999993	4458.84615427	
4213.4615384	4194.35897422	4208.33333327	4208.71794865	4208.07692301	4205.12820506	4199.10256397	4257.30769231	4238.71794872	4220.89743583	4216.28205122	4220.7692307	4237.30769231	4462.94871837	
4210.64102558	4189.99999986	4201.79487173	4203.58974352	4203.07692301	4203.4615384	4196.66666653	4259.61538462	4238.58974359	4225.25641019	4222.17948711	4216.92307686	4236.92307693	4464.23076972	
4208.33333327	4183.3333332	4198.3333332	4200.89743576	4204.74358968	4202.30769224	4196.92307679	4256.53846154	4235.51282052	4221.02564096	4221.79487173	4214.23076917	4232.69230763	4466.79487229	
4209.61538455	4179.99999986	4201.02564096	4200.51282038	4205.38461532	4200.64102551	4197.17948704	4254.61538462	4237.82051282	4220.12820506	4216.28205122	4213.71794865	4228.4615384	4467.94871844	
4211.79487173	4184.87179474	4205.64102558	4200.89743576	4206.41025634	4203.97435891	4199.48717935	4264.87179488	4250.0	4230.25641019	4221.41025634	4218.84615378	4235.51282052	4481.92307741	
4212.94871788	4186.79487166	4209.48717942	4201.92307686	4205.7692307	4204.87179481	4203.33333327	4273.84615392	4256.92307693	4235.0	4230.12820506	4225.7692307	4247.56410257	4506.15384671	
4213.20512814	4182.30769217	4210.64102558	4203.4615384	4203.33333327	4200.38461525	4198.46153833	4265.12820513	4247.94871795	4226.6666666	4229.23076917	4227.82051275	4247.94871795	4499.35897492	
4212.30769224	4184.10256397	4209.48717942	4206.6666666	4204.23076917	4198.71794858	4190.76923063	4255.38461539	4240.51282052	4223.4615384	4224.35897429	4225.12820506	4240.76923077	4484.10256459	
4211.79487173	4186.15384602	4206.53846147	4206.92307686	4202.17948711	4197.30769217	4193.97435884	4255.25641026	4242.30769231	4228.07692301	4221.28205122	4218.97435891	4238.33333334	4493.2051287	
4212.69230763	4183.3333332	4207.69230763	4209.23076917	4202.17948711	4197.30769217	4199.35897422	4257.94871795	4244.74358975	4230.51282045	4223.20512814	4219.35897429	4241.41025641	4498.84615441	
4215.89743583	4184.74358961	4208.97435891	4212.43589737	4207.82051275	4199.48717935	4197.94871781	4257.17948718	4240.12820513	4227.30769224	4223.84615378	4223.33333327	4240.38461539	4490.512821	
4222.5641025	4187.94871781	4208.58974352	4212.30769224	4212.94871788	4205.25641019	4203.20512814	4259.61538462	4241.15384616	4226.02564096	4220.51282045	4221.79487173	4241.15384616	4492.94871844	
4223.33333327	4186.41025628	4211.28205122	4214.61538455	4218.58974352	4212.94871788	4213.4615384	4275.76923084	4257.05128206	4235.0	4225.51282045	4222.69230763	4252.17948718	4517.82051338	
4220.51282045	4185.25641012	4211.6666666	4216.41025634	4219.48717942	4209.10256404	4209.23076917	4278.20512828	4256.92307693	4234.61538462	4228.4615384	4222.69230763	4250.64102564	4527.30769287	
4228.97435891	4188.84615371	4213.33333327	4217.30769224	4215.25641019	4202.30769224	4201.28205122	4260.0	4238.84615385	4223.97435891	4221.02564096	4218.97435891	4238.46153847	4505.12820569	
4239.87179488	4193.3333332	4220.7692307	4222.30769224	4217.30769224	4207.30769224	4207.05128199	4263.07692308	4240.38461539	4225.38461532	4224.99999993	4227.05128199	4244.87179488	4515.89743646	
4238.46153847	4192.17948704	4222.17948711	4225.7692307	4221.41025634	4211.41025634	4209.74358968	4275.25641033	4247.56410257	4231.15384609	4234.74358975	4236.66666667	4254.48717949	4542.43589807	
4234.61538462	4186.66666653	4217.05128199	4222.5641025	4217.17948711	4206.53846147	4203.20512814	4263.33333334	4237.82051282	4228.20512814	4229.74358968	4231.53846147	4247.6923077	4525.76923133	
4240.12820513	4184.10256397	4215.7692307	4221.15384609	4211.02564096	4204.61538455	4201.53846147	4255.51282052	4237.56410257	4225.25641019	4225.38461532	4228.20512814	4244.35897436	4513.20512876	
4243.84615385	4188.84615371	4219.99999993	4226.6666666	4211.15384609	4208.71794865	4206.6666666	4270.76923084	4251.53846154	4230.89743583	4233.33333327	4236.7948718	4250.8974359	4527.05128261	
4242.56410257	4189.74358961	4221.28205122	4230.12820506	4213.84615378	4211.41025634	4211.02564096	4282.17948725	4258.20512821	4237.43589744	4238.46153847	4238.58974359	4253.33333334	4540.64102627	
4246.53846154	4188.46153833	4222.05128199	4230.64102558	4219.23076917	4215.38461532	4214.61538455	4285.38461546	4262.17948718	4241.92307693	4237.43589744	4235.38461539	4254.48717949	4556.53846217	
4250.25641026	4197.4358973	4229.61538455	4237.6923077	4228.33333327	4221.53846147	4219.10256404	4297.94871802	4275.1282052	4252.30769231	4245.64102564	4243.58974359	4265.8974359	4582.30769301	
4249.87179488	4200.38461525	4231.15384609	4238.97435898	4227.05128199	4220.38461532	4218.97435891	4304.3589745	4278.58974366	4252.94871795	4249.10256411	4246.66666667	4269.10256418	4592.30769301	
4251.66666667	4193.71794858	4225.89743583	4232.69230763	4222.43589737	4218.84615378	4216.53846147	4292.82051289	4267.94871802	4243.97435898	4238.20512821	4238.84615385	4255.38461539	4573.97435967	
4256.15384616	4197.17948704	4229.99999993	4239.23076923	4232.30769224	4226.6666666	4219.23076917	4292.17948725	4268.33333341	4247.6923077	4239.23076923	4242.17948718	4256.53846154	4575.51282121	
4260.51282052	4204.99999993	4238.46153847	4249.48717949	4238.20512821	4229.99999993	4223.97435891	4301.41025655	4273.71794879	4252.30769231	4250.25641026	4251.41025641	4268.84615392	4594.35897506	
4259.48717949	4204.48717942	4238.58974359	4248.97435898	4232.43589737	4228.20512814	4223.84615378	4298.46153853	4274.61538469	4249.87179488	4250.64102564	4251.53846154	4270.00000007	4594.35897506	
4256.15384616	4199.74358961	4234.48717949	4244.74358975	4226.6666666	4226.15384609	4217.94871788	4293.07692315	4274.87179495	4253.46153847	4248.58974359	4249.48717949	4267.30769238	4593.58974429	
4256.41025641	4198.46153833	4236.66666667	4246.7948718	4222.69230763	4221.15384609	4213.84615378	4292.05128212	4273.07692315	4253.58974359	4251.7948718	4252.94871795	4268.71794879	4585.38461608	
4255.76923077	4198.84615371	4238.20512821	4250.76923077	4223.07692301	4215.7692307	4211.02564096	4282.69230777	4263.97435898	4240.64102564	4245.0	4254.35897436	4261.41025641	4557.94871858	
4253.71794872	4194.99999986	4233.07692301	4251.15384616	4222.43589737	4207.69230763	4202.94871788	4259.87179488	4240.25641026	4221.28205122	4231.53846147	4250.0	4245.25641026	4530.25641089	
4255.25641026	4197.82051269	4238.33333334	4258.71794872	4215.12820506	4200.64102551	4197.56410243	4242.05128206	4218.4615384	4207.69230763	4237.82051282	4253.84615385	4243.07692308	4517.17948774	
4256.28205129	4203.4615384	4249.23076923	4266.41025641	4201.6666666	4192.94871781	4192.82051269	4238.58974359	4206.41025634	4196.5384614	4242.6923077	4262.05128206	4241.41025641	4506.28205184	
4251.92307693	4195.76923063	4243.97435898	4263.20512821	4184.87179474	4176.5384614	4179.61538448	4226.41025634	4193.20512807	4183.58974345	4225.64102558	4253.84615385	4223.84615378	4470.12820562	
4248.84615385	4190.89743576	4239.10256411	4264.10256411	4178.71794858	4165.12820492	4173.97435884	4213.33333327	4187.94871781	4183.46153833	4221.53846147	4248.33333334	4219.74358968	4449.87179529	
4253.84615385	4197.05128192	4244.23076923	4270.00000007	4180.38461525	4164.61538441	4175.51282038	4217.17948711	4188.46153833	4187.69230756	4230.89743583	4256.28205129	4229.23076917	4462.43589786	
4257.56410257	4200.89743576	4246.28205129	4272.05128212	4180.89743576	4163.205128	4173.71794858	4218.84615378	4182.69230756	4183.07692294	4230.38461532	4255.38461539	4227.94871788	4445.64102606	
4256.02564103	4201.15384609	4245.25641026	4273.84615392	4182.17948704	4162.56410236	4176.28205115	4222.17948711	4189.2307691	4183.84615371	4229.10256404	4249.10256411	4225.89743583	4432.05128247	
4255.38461539	4198.71794858	4243.46153847	4273.07692315	4181.15384602	4164.74358954	4180.89743576	4228.97435891	4202.17948711	4191.41025628	4231.15384609	4249.10256411	4229.61538455	4443.58974401	
4254.10256411	4198.97435884	4244.23076923	4271.41025648	4182.94871781	4171.02564089	4183.58974345	4228.20512814	4198.71794858	4196.28205115	4231.92307686	4250.25641026	4233.07692301	4442.94871837	
4257.17948718	4203.20512814	4248.58974359	4271.66666674	4195.89743576	4180.38461525	4191.66666653	4238.20512821	4202.94871788	4200.25641012	4236.66666667	4255.0	4238.71794872	4460.12820555	
4265.25641026	4204.61538455	4254.61538462	4271.66666674	4213.33333327	4195.76923063	4205.64102558	4262.82051282	4226.79487173	4210.7692307	4241.53846154	4268.46153853	4247.43589744	4497.05128261	
4267.30769238	4202.5641025	4257.56410257	4270.00000007	4222.17948711	4212.30769224	4212.82051275	4275.64102571	4240.38461539	4220.12820506	4244.61538462	4275.25641033	4255.76923077	4517.94871851	
4263.33333334	4197.05128192	4253.46153847	4264.61538462	4220.7692307	4213.97435891	4210.7692307	4270.76923084	4235.64102564	4221.28205122	4247.56410257	4266.41025641	4255.51282052	4512.82051338	
4261.15384616	4192.82051269	4248.71794872	4259.23076923	4222.94871788	4210.89743583	4209.23076917	4266.53846154	4235.38461539	4222.69230763	4247.6923077	4262.43589744	4252.30769231	4491.79487229	
4261.92307693	4190.25641012	4247.6923077	4257.30769231	4222.94871788	4211.79487173	4211.28205122	4266.66666674	4243.20512821	4227.05128199	4242.17948718	4261.92307693	4252.17948718	4487.56410305	
4263.84615385	4188.71794858	4251.92307693	4258.33333334	4223.97435891	4215.89743583	4218.58974352	4275.89743597	4254.23076923	4237.43589744	4244.35897436	4260.51282052	4257.82051282	4513.71794928	
4266.79487187	4192.05128192	4257.94871795	4258.84615385	4236.28205129	4223.84615378	4222.5641025	4291.15384623	4264.87179488	4251.02564103	4256.53846154	4266.53846154	4270.51282059	4544.35897499	
4271.923077	4193.71794858	4259.10256411	4255.51282052	4242.94871795	4229.74358968	4222.5641025	4294.48717956	4267.05128212	4251.92307693	4257.56410257	4270.00000007	4276.28205136	4552.82051345	
4273.97435905	4193.07692294	4257.6923077	4257.43589744	4243.71794872	4235.38461539	4229.10256404	4293.46153853	4267.17948725	4247.05128206	4251.53846154	4266.28205129	4272.43589751	4547.82051345	
4269.10256418	4189.61538448	4254.35897436	4259.87179488	4247.17948718	4239.48717949	4230.12820506	4295.00000007	4268.58974366	4251.15384616	4252.56410257	4265.0	4270.64102571	4544.23076986	
4265.64102564	4185.25641012	4249.87179488	4254.35897436	4248.71794872	4237.17948718	4223.07692301	4291.66666674	4270.89743597	4255.8974359	4256.53846154	4265.51282052	4275.00000007	4534.74359037	
4265.0	4186.28205115	4250.76923077	4252.6923077	4249.35897436	4236.02564103	4225.12820506	4290.1282052	4277.17948725	4256.53846154	4258.07692308	4267.05128212	4278.07692315	4529.61538524	
4267.30769238	4187.4358973	4251.15384616	4256.7948718	4247.94871795	4238.07692308	4230.7692307	4293.07692315	4279.87179495	4258.71794872	4255.38461539	4268.58974366	4276.53846161	4529.8717955	
4270.64102571	4185.76923063	4247.30769231	4257.56410257	4247.30769231	4240.76923077	4228.20512814	4287.56410264	4274.74358982	4260.38461539	4253.84615385	4266.923077	4275.25641033	4510.25641082	
4267.05128212	4186.15384602	4246.15384616	4255.76923077	4251.28205129	4245.25641026	4227.17948711	4283.46153853	4273.46153853	4258.46153847	4253.58974359	4265.38461539	4274.74358982	4498.71794928	
4265.64102564	4188.20512807	4247.17948718	4253.33333334	4255.25641026	4248.97435898	4235.12820513	4292.30769238	4282.17948725	4258.46153847	4252.43589744	4265.8974359	4275.89743597	4508.20512876	
4267.94871802	4189.10256397	4252.6923077	4255.38461539	4258.58974359	4255.0	4242.6923077	4300.2564104	4288.46153853	4266.28205129	4256.02564103	4270.38461546	4280.89743597	4508.07692364	
4263.07692308	4186.92307679	4256.02564103	4260.25641026	4258.97435898	4256.7948718	4239.48717949	4297.82051289	4288.07692315	4273.97435905	4259.23076923	4272.69230777	4282.56410264	4500.12820569	
4256.28205129	4186.28205115	4256.15384616	4264.48717949	4258.20512821	4254.61538462	4235.38461539	4296.66666674	4297.94871802	4279.48717956	4262.17948718	4272.30769238	4287.56410264	4498.58974415	
4253.46153847	4190.12820499	4258.84615385	4269.10256418	4261.28205129	4254.35897436	4235.38461539	4296.53846161	4299.74358989	4280.00000007	4268.20512828	4275.25641033	4295.25641033	4496.79487235	
4248.71794872	4189.99999986	4256.66666667	4267.94871802	4260.76923077	4247.43589744	4224.48717942	4277.43589751	4272.82051289	4268.97435905	4262.6923077	4270.1282052	4285.1282052	4467.43589793	
4245.64102564	4186.79487166	4252.82051282	4265.12820513	4255.51282052	4238.84615385	4213.84615378	4259.48717949	4264.74358975	4266.923077	4253.71794872	4263.84615385	4274.61538469	4444.61538504	
4250.64102564	4185.76923063	4256.53846154	4266.66666674	4254.74358975	4241.41025641	4219.99999993	4270.38461546	4281.79487187	4274.74358982	4258.97435898	4272.05128212	4283.33333341	4471.02564152	
4254.10256411	4184.87179474	4261.15384616	4265.38461539	4256.92307693	4247.05128206	4225.25641019	4277.56410264	4276.79487187	4271.0256411	4262.94871795	4277.69230777	4287.82051289	4477.43589793	
4253.58974359	4182.17948704	4259.74358975	4265.76923077	4256.7948718	4246.7948718	4224.61538455	4274.74358982	4275.1282052	4267.94871802	4258.33333334	4273.07692315	4283.20512828	4459.61538504	
4258.58974359	4181.15384602	4256.92307693	4269.48717956	4259.61538462	4252.56410257	4230.25641019	4287.43589751	4293.71794879	4275.25641033	4257.6923077	4269.87179495	4284.35897443	4483.33333382	
4263.46153847	4185.38461525	4258.84615385	4271.0256411	4265.25641026	4258.71794872	4234.35897436	4298.84615392	4292.30769238	4279.10256418	4262.94871795	4274.61538469	4288.33333341	4514.23076979	
4264.23076923	4183.84615371	4256.92307693	4267.94871802	4259.48717949	4248.84615385	4229.99999993	4290.38461546	4275.51282059	4276.41025648	4263.84615385	4275.64102571	4288.84615392	4509.87179543	
4262.6923077	4174.74358961	4248.58974359	4261.15384616	4249.61538462	4238.46153847	4225.7692307	4278.33333341	4270.1282052	4267.69230777	4254.87179488	4268.46153853	4283.07692315	4497.435898	
4258.97435898	4169.99999986	4242.94871795	4255.38461539	4248.46153847	4238.46153847	4224.23076917	4274.74358982	4267.05128212	4254.23076923	4245.8974359	4261.66666667	4273.33333341	4485.25641075	
4255.25641026	4167.82051262	4241.53846154	4252.94871795	4245.8974359	4234.74358975	4219.74358968	4263.97435898	4256.66666667	4244.87179488	4241.7948718	4259.23076923	4264.87179488	4452.30769273	
4252.30769231	4163.46153826	4240.0	4252.94871795	4241.15384616	4227.30769224	4217.30769224	4252.30769231	4253.84615385	4247.17948718	4236.7948718	4256.7948718	4261.7948718	4425.00000035	
4254.48717949	4160.51282031	4236.28205129	4249.74358975	4243.71794872	4231.79487173	4224.35897429	4264.10256411	4266.66666674	4255.25641026	4234.35897436	4254.10256411	4265.51282052	4452.69230811	
4259.74358975	4158.46153826	4233.71794865	4245.64102564	4245.25641026	4239.35897436	4230.25641019	4280.89743597	4275.51282059	4259.74358975	4241.53846154	4253.20512821	4267.43589751	4490.512821	
4260.12820513	4157.43589723	4235.8974359	4247.56410257	4242.56410257	4236.92307693	4223.97435891	4278.84615392	4271.0256411	4262.94871795	4250.51282052	4255.76923077	4269.10256418	4491.79487229	
4258.84615385	4155.25641005	4237.17948718	4246.41025641	4239.35897436	4228.33333327	4217.05128199	4267.56410264	4260.0	4260.64102564	4245.76923077	4254.35897436	4267.17948725	4478.2051287	
4259.48717949	4151.41025621	4233.58974352	4241.15384616	4236.41025641	4224.10256404	4220.64102558	4258.71794872	4248.97435898	4250.0	4234.48717949	4244.74358975	4256.92307693	4460.12820555	
4261.28205129	4152.43589723	4231.28205122	4241.28205129	4239.74358975	4230.38461532	4225.7692307	4261.02564103	4248.20512821	4244.61538462	4231.28205122	4240.25641026	4249.23076923	4461.79487222	
4265.25641026	4156.41025621	4233.71794865	4245.51282052	4245.64102564	4234.74358975	4227.05128199	4273.84615392	4256.7948718	4250.64102564	4237.17948718	4247.43589744	4255.0	4485.64102613	
4267.82051289	4157.56410236	4236.66666667	4251.7948718	4248.46153847	4238.58974359	4234.10256411	4287.94871802	4270.89743597	4261.28205129	4248.97435898	4254.87179488	4269.10256418	4508.84615441	
4267.82051289	4158.07692287	4235.38461539	4252.82051282	4252.56410257	4252.56410257	4245.64102564	4305.2564104	4288.71794879	4267.82051289	4253.97435898	4255.51282052	4276.923077	4538.58974422	
4274.61538469	4162.17948697	4236.41025641	4251.7948718	4259.48717949	4260.8974359	4250.38461539	4313.20512835	4293.07692315	4269.74358982	4254.35897436	4260.12820513	4278.07692315	4554.23076986	
4280.76923084	4168.97435884	4241.53846154	4257.6923077	4260.8974359	4253.46153847	4246.66666667	4304.87179501	4280.89743597	4267.69230777	4257.82051282	4267.56410264	4279.35897443	4549.23076986	
4278.58974366	4169.61538448	4241.66666667	4258.84615385	4257.56410257	4248.71794872	4246.53846154	4303.4615386	4281.15384623	4265.64102564	4256.41025641	4265.25641026	4279.48717956	4556.41025704	
4278.97435905	4166.66666646	4240.76923077	4253.58974359	4259.48717949	4255.12820513	4252.17948718	4311.66666681	4295.76923084	4273.58974366	4254.61538462	4264.35897436	4281.28205136	4566.28205198	
4281.923077	4166.15384595	4245.0	4254.48717949	4259.35897436	4255.64102564	4251.28205129	4311.66666681	4296.53846161	4281.15384623	4260.12820513	4269.10256418	4284.2307693	4553.20512883	
4280.89743597	4171.79487166	4251.66666667	4265.25641026	4259.48717949	4257.05128206	4252.30769231	4312.69230784	4294.2307693	4282.56410264	4269.74358982	4276.53846161	4293.20512828	4550.89743653	
4279.48717956	4182.17948704	4261.7948718	4276.53846161	4272.30769238	4271.79487187	4262.56410257	4335.3846156	4316.41025655	4294.10256418	4282.56410264	4290.1282052	4310.51282066	4594.61538531	
4282.94871802	4187.05128192	4268.71794879	4279.2307693	4280.89743597	4279.74358982	4267.94871802	4352.82051303	4334.35897457	4303.20512835	4289.2307693	4297.05128212	4317.43589758	4628.71794956	
4283.71794879	4190.64102551	4274.2307693	4282.43589751	4281.79487187	4281.923077	4268.20512828	4352.43589765	4335.12820534	4303.4615386	4287.69230777	4299.35897443	4315.89743604	4616.92307769	
4279.10256418	4192.56410243	4277.94871802	4284.87179495	4282.69230777	4283.84615392	4268.07692315	4351.02564124	4333.97435919	4306.79487194	4290.1282052	4302.17948732	4317.05128219	4616.15384692	
4279.74358982	4182.4358973	4265.8974359	4274.10256418	4274.2307693	4271.53846161	4261.15384616	4335.76923098	4318.33333348	4298.84615392	4280.89743597	4289.35897443	4306.02564117	4620.51282128	
4284.74358982	4171.15384602	4249.87179488	4261.92307693	4265.12820513	4257.05128206	4251.7948718	4316.92307707	4296.79487187	4281.79487187	4261.15384616	4270.25641033	4290.25641033	4606.41025718	
4289.87179495	4169.87179474	4248.07692308	4260.76923077	4261.7948718	4256.02564103	4252.17948718	4315.64102578	4289.87179495	4275.51282059	4257.30769231	4269.2307693	4285.89743597	4606.92307769	
4294.87179495	4172.56410243	4255.51282052	4265.64102564	4256.28205129	4257.82051282	4257.82051282	4318.20512835	4288.58974366	4274.61538469	4263.20512821	4275.64102571	4286.53846161	4615.38461615	
4296.41025648	4170.76923063	4254.74358975	4267.17948725	4254.61538462	4253.71794872	4258.46153847	4314.87179501	4285.38461546	4267.17948725	4260.8974359	4271.66666674	4287.30769238	4614.23077	
4291.923077	4163.07692287	4243.33333334	4260.25641026	4251.92307693	4248.20512821	4252.82051282	4304.10256425	4279.2307693	4254.48717949	4250.8974359	4257.56410257	4279.10256418	4590.0000007	
4284.10256418	4156.66666646	4238.58974359	4251.53846154	4244.35897436	4245.64102564	4249.10256411	4293.20512828	4274.61538469	4248.07692308	4243.58974359	4248.33333334	4266.15384616	4556.02564165	
4280.00000007	4153.58974339	4235.12820513	4248.33333334	4238.58974359	4241.41025641	4248.46153847	4291.15384623	4276.79487187	4250.51282052	4237.17948718	4245.0	4261.28205129	4543.46153909	
4282.69230777	4152.43589723	4231.53846147	4248.71794872	4237.17948718	4239.10256411	4251.02564103	4292.43589751	4279.74358982	4255.25641026	4231.79487173	4245.12820513	4260.0	4538.20512883	
4284.74358982	4156.15384595	4239.74358975	4249.87179488	4238.71794872	4245.25641026	4255.12820513	4292.43589751	4276.66666674	4255.76923077	4234.48717949	4251.7948718	4261.15384616	4536.92307755	
4281.923077	4156.02564082	4241.53846154	4246.7948718	4237.82051282	4242.30769231	4251.28205129	4285.00000007	4263.71794872	4246.41025641	4234.87179488	4249.87179488	4260.51282052	4522.17948774	
4280.25641033	4149.87179467	4230.38461532	4243.71794872	4233.97435898	4234.35897436	4246.02564103	4272.82051289	4253.84615385	4241.41025641	4233.20512814	4244.35897436	4256.66666667	4496.79487235	
4280.76923084	4147.69230749	4228.33333327	4242.30769231	4231.6666666	4239.74358975	4249.35897436	4279.35897443	4263.20512821	4251.28205129	4236.28205129	4249.23076923	4260.8974359	4504.10256466	
4274.35897443	4144.74358954	4230.64102558	4237.56410257	4232.05128199	4247.56410257	4251.66666667	4282.82051289	4270.51282059	4253.33333334	4229.87179481	4247.05128206	4259.87179488	4493.2051287	
4265.8974359	4141.79487159	4222.82051275	4235.64102564	4232.30769224	4241.92307693	4245.25641026	4261.28205129	4256.02564103	4239.35897436	4218.4615384	4235.64102564	4245.0	4439.74359016	
4263.20512821	4143.84615364	4218.84615378	4238.97435898	4227.43589737	4228.33333327	4237.82051282	4248.58974359	4244.87179488	4232.43589737	4220.12820506	4232.17948711	4242.17948718	4417.30769266	
4260.0	4146.41025621	4221.79487173	4240.38461539	4223.71794865	4224.35897429	4236.02564103	4251.66666667	4248.71794872	4236.66666667	4225.64102558	4233.4615384	4250.51282052	4413.71794907	
4258.33333334	4146.15384595	4219.35897429	4239.35897436	4227.5641025	4228.97435891	4236.92307693	4244.61538462	4244.87179488	4234.87179488	4220.51282045	4229.99999993	4241.41025641	4394.35897464	
4260.76923077	4147.69230749	4218.4615384	4240.76923077	4232.5641025	4231.92307686	4238.71794872	4241.15384616	4240.25641026	4233.58974352	4217.94871788	4229.61538455	4234.74358975	4387.94871823	
4263.20512821	4151.66666646	4225.51282045	4246.53846154	4233.58974352	4232.94871788	4240.51282052	4254.10256411	4248.58974359	4244.35897436	4226.15384609	4234.74358975	4249.87179488	4404.48717984	
4267.30769238	4147.3076921	4225.38461532	4245.38461539	4227.05128199	4230.64102558	4238.33333334	4252.43589744	4247.05128206	4245.8974359	4224.48717942	4232.05128199	4249.48717949	4402.30769266	
4268.20512828	4142.56410236	4218.71794865	4240.0	4223.07692301	4229.74358968	4237.43589744	4241.02564103	4243.46153847	4240.51282052	4216.92307686	4227.5641025	4236.92307693	4378.20512849	
4268.97435905	4148.33333313	4221.02564096	4244.74358975	4233.33333327	4234.48717949	4243.58974359	4255.51282052	4255.12820513	4243.46153847	4221.92307686	4231.28205122	4246.15384616	4397.56410285	
4274.2307693	4151.66666646	4227.17948711	4251.41025641	4240.25641026	4238.46153847	4249.10256411	4267.69230777	4257.17948718	4244.35897436	4227.30769224	4234.23076923	4252.6923077	4425.12820548	
4273.71794879	4149.23076903	4225.89743583	4247.17948718	4233.58974352	4237.43589744	4249.48717949	4258.84615385	4252.05128206	4245.51282052	4224.87179481	4231.15384609	4242.94871795	4405.89743625	
4273.71794879	4149.23076903	4225.89743583	4247.17948718	4233.58974352	4237.43589744	4249.48717949	4258.84615385	4252.05128206	4245.51282052	4224.87179481	4231.15384609	4242.94871795	4405.89743625	
4267.30769238	4149.61538441	4222.17948711	4242.56410257	4235.64102564	4239.87179488	4250.38461539	4260.12820513	4259.35897436	4250.0	4224.35897429	4230.51282045	4242.94871795	4389.10256438	
4267.69230777	4156.28205108	4226.6666666	4250.0	4249.74358975	4251.28205129	4258.97435898	4273.97435905	4270.25641033	4251.66666667	4231.28205122	4238.58974359	4254.48717949	4406.28205163	
4269.48717956	4162.56410236	4233.58974352	4257.82051282	4252.6923077	4257.56410257	4263.46153847	4277.94871802	4275.51282059	4254.48717949	4234.48717949	4248.20512821	4258.33333334	4425.25641061	
4266.923077	4162.43589723	4232.43589737	4254.74358975	4247.17948718	4253.46153847	4255.51282052	4272.94871802	4273.33333341	4258.71794872	4233.97435898	4246.7948718	4257.6923077	4413.58974394	
4262.05128206	4160.12820492	4229.10256404	4251.53846154	4246.15384616	4249.74358975	4243.97435898	4262.56410257	4262.82051282	4255.64102564	4235.64102564	4239.35897436	4257.6923077	4383.58974387	
4256.53846154	4156.15384595	4225.51282045	4250.25641026	4238.07692308	4242.17948718	4235.51282052	4246.7948718	4252.05128206	4246.15384616	4227.5641025	4235.12820513	4250.25641026	4363.46153867	
4254.23076923	4152.05128185	4223.33333327	4247.6923077	4227.94871788	4232.5641025	4234.10256411	4237.05128206	4248.97435898	4244.10256411	4219.61538455	4232.82051275	4241.15384616	4360.89743611	
4253.20512821	4148.97435877	4224.61538455	4245.0	4232.94871788	4233.20512814	4236.41025641	4241.02564103	4249.48717949	4246.28205129	4224.23076917	4228.97435891	4239.87179488	4369.35897464	
4253.33333334	4147.69230749	4223.97435891	4244.10256411	4238.33333334	4235.76923077	4237.56410257	4247.94871795	4244.23076923	4240.25641026	4226.02564096	4228.4615384	4242.05128206	4376.41025669	
4255.0	4152.82051262	4226.79487173	4248.46153847	4234.23076923	4236.7948718	4242.30769231	4251.7948718	4242.6923077	4233.97435898	4226.6666666	4233.97435898	4247.05128206	4385.64102592	
4257.43589744	4158.07692287	4233.58974352	4252.94871795	4233.20512814	4239.23076923	4248.58974359	4261.66666667	4252.6923077	4242.43589744	4235.0	4239.61538462	4254.48717949	4411.15384651	
4260.25641026	4155.89743569	4232.17948711	4250.25641026	4236.7948718	4238.58974359	4249.74358975	4267.69230777	4258.58974359	4249.74358975	4237.43589744	4240.51282052	4255.25641026	4422.43589779	
4261.7948718	4151.53846133	4225.7692307	4245.38461539	4235.8974359	4236.66666667	4247.56410257	4261.53846154	4252.43589744	4242.43589744	4232.82051275	4238.58974359	4250.38461539	4411.15384651	
4260.76923077	4146.41025621	4221.15384609	4238.46153847	4227.5641025	4231.53846147	4242.82051282	4251.7948718	4245.12820513	4233.33333327	4227.30769224	4234.74358975	4244.61538462	4403.46153881	
4252.05128206	4139.87179467	4216.28205122	4230.38461532	4221.79487173	4223.4615384	4238.46153847	4244.87179488	4241.02564103	4231.02564096	4218.84615378	4230.89743583	4236.92307693	4389.35897464	
4242.94871795	4132.94871767	4212.05128199	4226.53846147	4219.99999993	4223.71794865	4240.0	4241.41025641	4236.53846154	4226.41025634	4213.97435891	4227.82051275	4230.12820506	4379.6153849	
4244.48717949	4132.94871767	4216.02564096	4231.28205122	4219.35897429	4230.64102558	4244.23076923	4240.38461539	4233.4615384	4220.7692307	4215.7692307	4229.23076917	4230.51282045	4384.6153849	
4253.46153847	4140.76923056	4223.07692301	4238.46153847	4224.99999993	4232.17948711	4247.43589744	4243.71794872	4235.38461539	4223.4615384	4216.02564096	4231.02564096	4233.84615385	4387.56410285	
4254.87179488	4141.53846133	4220.12820506	4239.23076923	4225.51282045	4228.4615384	4246.66666667	4244.10256411	4236.28205129	4226.02564096	4213.4615384	4226.92307686	4231.28205122	4380.12820541	
4246.66666667	4139.48717928	4217.30769224	4238.07692308	4222.30769224	4229.10256404	4246.92307693	4246.28205129	4242.82051282	4232.5641025	4220.64102558	4225.25641019	4234.74358975	4378.58974387	
4243.71794872	4142.17948697	4220.38461532	4238.07692308	4223.71794865	4232.94871788	4249.74358975	4258.33333334	4251.53846154	4243.07692308	4229.23076917	4228.84615378	4245.12820513	4403.33333368	
4247.82051282	4136.28205108	4212.43589737	4230.89743583	4215.64102558	4226.6666666	4246.66666667	4254.61538462	4242.56410257	4232.69230763	4218.07692301	4218.71794865	4238.33333334	4403.20512856	
4249.87179488	4125.25640998	4198.71794858	4220.64102558	4201.92307686	4215.12820506	4240.25641026	4235.64102564	4226.02564096	4216.28205122	4204.23076917	4206.15384609	4221.92307686	4372.56410285	
4251.53846154	4125.12820485	4196.5384614	4217.5641025	4198.3333332	4211.28205122	4237.43589744	4228.20512814	4222.05128199	4214.48717942	4204.23076917	4210.64102558	4216.6666666	4374.87179515	
4253.07692308	4126.02564075	4194.35897422	4212.5641025	4194.35897422	4205.7692307	4232.43589737	4221.02564096	4214.48717942	4207.5641025	4195.76923063	4206.28205122	4208.20512814	4363.46153867	
4248.58974359	4119.74358947	4188.84615371	4206.02564096	4184.87179474	4196.15384602	4226.15384609	4208.84615378	4200.51282038	4194.74358961	4182.56410243	4192.94871781	4194.10256397	4328.97435912	
4249.74358975	4121.53846126	4194.74358961	4211.02564096	4185.64102551	4197.17948704	4229.74358968	4214.10256404	4200.51282038	4197.4358973	4188.71794858	4196.5384614	4197.69230756	4346.66666688	
4256.92307693	4131.41025614	4202.82051275	4219.99999993	4191.66666653	4203.4615384	4237.82051282	4223.97435891	4202.94871788	4199.99999986	4195.25641012	4202.30769224	4205.7692307	4375.25641054	
4253.71794872	4136.79487159	4205.38461532	4222.5641025	4193.71794858	4206.15384609	4245.12820513	4229.61538455	4207.17948711	4198.58974345	4194.10256397	4203.97435891	4206.53846147	4378.84615413	
4248.46153847	4138.71794851	4209.87179481	4225.25641019	4199.61538448	4210.7692307	4252.05128206	4239.23076923	4220.51282045	4210.12820506	4206.15384609	4213.4615384	4217.17948711	4397.17948746	
4248.97435898	4136.41025621	4208.4615384	4225.51282045	4196.66666653	4211.02564096	4251.15384616	4240.8974359	4225.38461532	4216.6666666	4211.15384609	4214.74358968	4223.33333327	4411.02564138	
4240.76923077	4133.33333306	4199.61538448	4219.10256404	4184.99999986	4206.41025634	4247.56410257	4238.58974359	4224.74358968	4211.79487173	4198.58974345	4203.58974352	4214.23076917	4400.76923112	
4226.15384609	4133.71794844	4198.97435884	4217.69230763	4182.30769217	4206.79487173	4248.97435898	4240.76923077	4226.53846147	4214.74358968	4199.35897422	4202.17948711	4214.99999993	4394.35897464	
4225.7692307	4135.51282031	4202.69230763	4221.28205122	4186.15384602	4210.51282045	4251.66666667	4239.74358975	4226.41025634	4218.84615378	4207.94871788	4203.97435891	4223.4615384	4401.66666702	
4234.87179488	4139.9999998	4203.07692301	4225.7692307	4191.92307679	4215.7692307	4255.64102564	4243.97435898	4232.82051275	4222.30769224	4208.07692301	4204.74358968	4226.6666666	4411.15384651	
4234.61538462	4142.94871774	4203.97435891	4232.17948711	4196.79487166	4216.53846147	4257.30769231	4252.6923077	4241.02564103	4229.99999993	4211.53846147	4212.05128199	4231.41025634	4421.92307727	
4227.94871788	4136.53846133	4202.94871788	4228.58974352	4192.05128192	4210.12820506	4252.82051282	4251.66666667	4234.87179488	4232.69230763	4216.79487173	4213.4615384	4235.51282052	4426.53846189	
4223.07692301	4130.7692305	4199.99999986	4220.12820506	4188.3333332	4207.05128199	4251.02564103	4241.7948718	4225.7692307	4229.35897429	4209.61538455	4207.69230763	4233.71794865	4405.00000035	
4210.12820506	4133.33333306	4199.35897422	4220.64102558	4194.35897422	4207.5641025	4253.33333334	4235.76923077	4230.12820506	4228.84615378	4199.99999986	4206.41025634	4230.12820506	4374.48717977	
4184.10256397	4129.8717946	4195.12820499	4219.10256404	4197.82051269	4208.33333327	4248.07692308	4227.17948711	4236.15384616	4230.25641019	4195.89743576	4203.71794865	4222.17948711	4336.79487201	
4167.3076921	4121.41025614	4189.61538448	4210.7692307	4197.4358973	4213.33333327	4241.66666667	4215.64102558	4232.82051275	4229.48717942	4194.2307691	4196.92307679	4217.05128199	4299.87179501	
4171.79487166	4123.33333306	4190.38461525	4208.97435891	4200.12820499	4215.7692307	4242.30769231	4215.12820506	4226.41025634	4228.33333327	4198.07692294	4196.66666653	4223.84615378	4292.17948725	
4176.02564089	4128.84615357	4190.64102551	4215.38461532	4197.05128192	4210.12820506	4239.23076923	4210.25641019	4220.25641019	4225.64102558	4197.82051269	4198.58974345	4223.84615378	4276.66666674	
4172.56410243	4130.7692305	4189.99999986	4221.02564096	4195.64102551	4208.07692301	4233.97435898	4202.94871788	4214.74358968	4220.64102558	4193.07692294	4196.79487166	4216.6666666	4262.05128206	
4176.92307679	4134.35897408	4194.99999986	4222.82051275	4204.23076917	4207.94871788	4232.82051275	4207.69230763	4209.10256404	4216.28205122	4195.25641012	4197.69230756	4216.92307686	4277.17948725	
4180.89743576	4136.41025621	4200.89743576	4221.02564096	4205.12820506	4205.51282045	4232.17948711	4215.7692307	4212.5641025	4218.84615378	4201.28205122	4205.12820506	4221.28205122	4301.92307707	
4179.61538448	4132.05128178	4198.07692294	4214.87179481	4191.5384614	4205.38461532	4231.92307686	4222.5641025	4222.43589737	4224.99999993	4202.69230763	4210.38461532	4223.84615378	4329.74358989	
4182.69230756	4121.92307665	4186.41025628	4202.69230763	4176.79487166	4197.82051269	4232.69230763	4221.15384609	4217.94871788	4216.79487173	4191.66666653	4200.38461525	4213.97435891	4345.3846156	
4182.69230756	4121.92307665	4186.41025628	4202.69230763	4176.79487166	4197.82051269	4232.69230763	4221.15384609	4217.94871788	4216.79487173	4191.66666653	4200.38461525	4213.97435891	4345.3846156	
4184.87179474	4107.30769203	4170.64102551	4186.02564089	4162.43589723	4177.94871781	4226.79487173	4206.02564096	4195.64102551	4191.66666653	4169.48717935	4178.20512807	4188.20512807	4342.6923079	
4185.51282038	4092.69230735	4155.25641005	4172.94871781	4146.53846133	4161.41025621	4219.10256404	4187.82051269	4174.10256397	4169.74358961	4152.94871774	4157.82051262	4167.56410236	4333.46153867	
4189.35897422	4094.61538427	4155.38461518	4172.30769217	4145.76923056	4164.35897415	4224.10256404	4186.15384602	4175.76923063	4174.35897422	4157.82051262	4153.84615364	4169.48717935	4328.84615399	
4193.71794858	4107.82051255	4167.43589723	4183.07692294	4160.76923056	4178.71794858	4232.69230763	4200.51282038	4188.20512807	4187.94871781	4169.87179474	4162.82051262	4180.38461525	4341.66666688	
4199.99999986	4115.7692305	4171.92307679	4192.82051269	4168.3333332	4186.28205115	4237.30769231	4209.87179481	4191.79487166	4186.66666653	4173.20512807	4170.64102551	4185.38461525	4355.25641047	
4209.74358968	4115.64102537	4168.3333332	4190.38461525	4162.94871774	4186.15384602	4240.51282052	4217.82051275	4197.17948704	4187.69230756	4175.38461525	4174.87179474	4188.97435884	4374.74359003	
4216.53846147	4103.9743587	4161.28205108	4174.10256397	4151.53846133	4180.25641012	4237.94871795	4222.5641025	4195.76923063	4187.30769217	4166.41025621	4166.15384595	4180.76923063	4391.9230772	
4220.51282045	4092.05128171	4153.58974339	4163.33333313	4146.15384595	4175.64102551	4236.7948718	4217.82051275	4186.92307679	4174.2307691	4149.9999998	4150.89743569	4165.51282031	4387.05128233	
4228.07692301	4094.10256376	4147.56410236	4166.53846133	4149.23076903	4178.97435884	4242.94871795	4218.58974352	4191.15384602	4168.3333332	4148.46153826	4148.205128	4163.71794851	4391.9230772	
4229.74358968	4099.87179453	4148.46153826	4168.84615371	4148.33333313	4179.48717935	4242.94871795	4218.20512814	4194.99999986	4176.5384614	4154.74358954	4155.38461518	4169.48717935	4395.76923105	
4221.02564096	4098.33333299	4155.51282031	4166.15384595	4146.15384595	4171.92307679	4235.76923077	4207.69230763	4184.10256397	4179.35897422	4151.66666646	4158.71794851	4171.02564089	4381.15384644	
4217.94871788	4098.58974325	4157.56410236	4168.20512807	4150.25641005	4166.92307672	4234.10256411	4204.48717942	4177.82051269	4173.84615371	4146.15384595	4158.71794851	4170.51282038	4369.10256438	
4221.28205122	4103.84615357	4154.74358954	4174.74358961	4154.23076903	4167.82051262	4232.43589737	4203.4615384	4179.48717935	4170.64102551	4147.43589723	4156.66666646	4171.41025628	4345.64102585	
4218.84615378	4104.74358947	4155.64102544	4178.58974345	4154.35897415	4168.97435884	4231.92307686	4201.6666666	4179.99999986	4175.76923063	4153.205128	4159.23076903	4176.5384614	4334.35897457	
4214.48717942	4109.74358947	4164.1025639	4183.07692294	4160.64102544	4173.07692294	4236.66666667	4210.51282045	4187.82051269	4192.4358973	4162.94871774	4173.3333332	4186.28205115	4352.6923079	
4212.69230763	4114.23076896	4170.25641012	4184.61538448	4165.25641005	4176.28205115	4236.15384616	4222.05128199	4198.46153833	4201.02564096	4169.10256397	4181.15384602	4193.20512807	4365.38461567	
4211.02564096	4103.9743587	4162.56410236	4175.51282038	4157.17948697	4170.76923063	4230.25641019	4216.15384609	4195.38461525	4189.48717935	4162.3076921	4170.64102551	4185.89743576	4358.07692329	
4210.89743583	4098.07692273	4155.25641005	4171.66666653	4153.97435877	4165.51282031	4227.17948711	4198.58974345	4182.82051269	4179.87179474	4152.94871774	4160.12820492	4173.46153833	4340.3846156	
4209.74358968	4106.02564075	4158.46153826	4179.35897422	4159.1025639	4163.07692287	4224.10256404	4193.07692294	4176.15384602	4178.3333332	4149.74358954	4158.97435877	4171.5384614	4338.71794893	
4200.51282038	4111.41025614	4165.64102544	4185.89743576	4163.58974339	4165.51282031	4224.10256404	4205.7692307	4186.92307679	4186.02564089	4156.15384595	4166.41025621	4184.48717935	4348.97435919	
4188.20512807	4116.02564075	4174.99999986	4193.20512807	4174.61538448	4174.10256397	4227.30769224	4216.79487173	4202.94871788	4205.64102558	4170.89743576	4182.56410243	4199.99999986	4348.84615406	
4181.41025628	4132.82051255	4188.07692294	4207.30769224	4191.92307679	4186.02564089	4228.97435891	4221.02564096	4212.43589737	4219.99999993	4185.64102551	4198.84615371	4210.64102558	4353.71794893	
4178.20512807	4153.71794851	4204.23076917	4227.94871788	4208.33333327	4203.20512814	4236.66666667	4237.30769231	4230.25641019	4233.71794865	4201.79487173	4213.33333327	4227.94871788	4367.05128233	
4168.20512807	4164.87179467	4217.69230763	4246.15384616	4223.07692301	4221.92307686	4247.6923077	4257.56410257	4251.7948718	4251.41025641	4217.43589737	4226.28205122	4248.07692308	4367.05128233	
4152.43589723	4172.94871781	4227.30769224	4256.66666667	4238.46153847	4238.84615385	4251.92307693	4262.82051282	4261.02564103	4261.28205129	4224.61538455	4234.48717949	4258.46153847	4345.89743611	
4145.12820492	4185.76923063	4233.97435898	4265.0	4251.53846154	4252.56410257	4251.66666667	4259.87179488	4263.71794872	4268.71794879	4230.7692307	4241.53846154	4264.35897436	4332.30769252	
4146.53846133	4195.76923063	4243.20512821	4275.1282052	4256.66666667	4257.94871795	4252.17948718	4265.51282052	4273.84615392	4281.66666674	4242.82051282	4249.48717949	4275.38461546	4351.15384637	
4144.48717928	4206.28205122	4257.30769231	4288.46153853	4268.71794879	4272.82051289	4261.28205129	4285.25641033	4296.79487187	4298.97435905	4257.94871795	4264.35897436	4293.58974366	4376.79487208	
4140.76923056	4218.07692301	4265.64102564	4299.48717963	4284.48717956	4292.43589751	4265.8974359	4299.74358989	4309.23076937	4311.02564117	4269.87179495	4278.46153853	4306.79487194	4385.64102592	
4137.82051262	4215.38461532	4261.15384616	4296.28205136	4280.51282059	4284.74358982	4251.7948718	4296.53846161	4301.92307707	4311.41025655	4271.53846161	4275.38461546	4305.2564104	4389.23076951	
4139.9999998	4197.30769217	4247.6923077	4276.66666674	4260.0	4259.61538462	4235.64102564	4288.84615392	4293.97435905	4302.05128219	4261.53846154	4263.07692308	4294.10256418	4406.92307727	
4149.87179467	4170.12820499	4222.82051275	4243.97435898	4231.15384609	4236.7948718	4225.89743583	4273.97435905	4274.35897443	4276.28205136	4233.97435898	4239.48717949	4265.38461539	4417.43589779	
4156.02564082	4139.9999998	4190.38461525	4210.38461532	4198.97435884	4209.10256404	4215.12820506	4243.20512821	4235.51282052	4235.64102564	4197.17948704	4201.53846147	4224.48717942	4387.30769259	
4159.87179467	4119.35897408	4170.64102551	4188.07692294	4171.92307679	4183.3333332	4207.43589737	4217.05128199	4208.33333327	4204.74358968	4175.38461525	4175.51282038	4199.61538448	4357.82051303	
4163.71794851	4111.66666639	4168.84615371	4177.4358973	4156.53846133	4169.74358961	4206.53846147	4209.74358968	4201.28205122	4197.56410243	4173.20512807	4172.69230756	4192.69230756	4352.82051303	
4153.205128	4114.10256383	4175.64102551	4179.87179474	4159.23076903	4169.87179474	4209.87179481	4208.4615384	4199.10256397	4203.33333327	4179.10256397	4178.07692294	4193.97435884	4327.05128219	
4146.92307672	4107.05128178	4167.17948697	4174.74358961	4156.15384595	4163.33333313	4207.5641025	4197.69230756	4187.4358973	4197.82051269	4171.66666653	4170.76923063	4186.5384614	4305.89743604	
4160.25641005	4081.79487145	4142.94871774	4147.69230749	4127.82051255	4136.53846133	4195.51282038	4175.25641012	4159.74358954	4171.15384602	4147.94871774	4145.89743569	4160.64102544	4303.97435912	
4156.02564082	4081.15384581	4144.23076903	4145.64102544	4122.94871767	4133.0769228	4199.61538448	4169.99999986	4155.64102544	4167.3076921	4147.56410236	4140.64102544	4155.38461518	4273.07692315	
4127.05128178	4121.02564075	4179.10256397	4188.71794858	4168.46153833	4176.5384614	4226.15384609	4201.79487173	4198.20512807	4211.92307686	4186.15384602	4178.3333332	4194.61538448	4247.56410257	
4109.99999973	4156.79487159	4214.74358968	4230.38461532	4212.17948711	4217.17948711	4240.12820513	4232.82051275	4236.92307693	4257.56410257	4223.4615384	4218.33333327	4237.94871795	4255.25641026	
4108.33333306	4165.25641005	4225.51282045	4240.38461539	4223.4615384	4221.53846147	4231.53846147	4235.25641026	4243.20512821	4266.41025641	4229.99999993	4224.61538455	4248.33333334	4259.61538462	
4107.82051255	4159.9999998	4215.38461532	4231.79487173	4216.41025634	4211.28205122	4221.41025634	4223.20512814	4233.20512814	4252.17948718	4216.41025634	4214.23076917	4235.12820513	4250.38461539	
4108.71794844	4148.84615364	4202.30769224	4216.6666666	4203.07692301	4201.28205122	4212.05128199	4204.23076917	4211.02564096	4231.15384609	4201.41025634	4202.30769224	4216.15384609	4233.71794865	
4103.84615357	4143.07692287	4202.82051275	4212.30769224	4200.38461525	4195.89743576	4206.28205122	4188.58974345	4193.58974345	4216.53846147	4197.30769217	4196.66666653	4208.33333327	4209.48717942	
4095.51282017	4149.74358954	4209.10256404	4223.58974352	4209.61538455	4201.15384609	4208.33333327	4182.94871781	4196.28205115	4219.10256404	4199.99999986	4200.89743576	4213.4615384	4179.35897422	
4097.17948684	4148.46153826	4200.38461525	4220.38461532	4204.48717942	4199.74358961	4204.61538455	4178.20512807	4199.2307691	4219.10256404	4192.17948704	4196.28205115	4205.7692307	4170.51282038	
4099.23076889	4138.58974339	4189.61538448	4205.25641019	4191.66666653	4188.07692294	4197.30769217	4169.87179474	4188.20512807	4210.12820506	4182.17948704	4186.41025628	4193.07692294	4169.87179474	
4090.6410253	4145.89743569	4200.38461525	4213.4615384	4200.38461525	4193.3333332	4203.07692301	4171.02564089	4189.61538448	4220.38461532	4192.4358973	4196.79487166	4207.17948711	4144.48717928	
4083.58974325	4174.74358961	4223.84615378	4246.41025641	4230.89743583	4219.87179481	4216.28205122	4195.25641012	4222.69230763	4252.30769231	4222.05128199	4223.97435891	4238.71794872	4140.25641005	
4080.76923043	4200.51282038	4241.15384616	4274.48717956	4259.23076923	4241.92307693	4220.51282045	4220.64102558	4255.25641026	4279.2307693	4247.43589744	4245.76923077	4262.30769231	4158.205128	
4073.20512786	4206.79487173	4252.05128206	4283.07692315	4271.41025648	4251.15384616	4218.84615378	4227.17948711	4265.8974359	4295.25641033	4256.02564103	4257.43589744	4276.79487187	4160.89743569	
4073.20512786	4203.33333327	4255.12820513	4281.41025648	4268.71794879	4253.07692308	4217.43589737	4230.89743583	4268.71794879	4298.20512828	4258.46153847	4262.6923077	4284.2307693	4182.05128192	
4079.23076889	4203.07692301	4252.17948718	4279.61538469	4263.20512821	4249.61538462	4212.82051275	4235.51282052	4269.87179495	4292.30769238	4260.12820513	4262.17948718	4283.07692315	4206.79487173	
4073.20512786	4205.89743583	4254.10256411	4282.82051289	4264.23076923	4250.25641026	4209.99999993	4233.97435898	4268.58974366	4294.48717956	4258.84615385	4261.15384616	4280.64102571	4192.30769217	
4070.12820478	4207.69230763	4260.12820513	4284.10256418	4270.38461546	4258.97435898	4214.23076917	4238.84615385	4273.33333341	4301.53846168	4262.6923077	4265.12820513	4286.53846161	4194.61538448	
4079.48717914	4218.71794865	4271.66666674	4293.33333341	4284.2307693	4270.1282052	4222.05128199	4258.84615385	4290.89743597	4312.56410271	4279.35897443	4281.41025648	4303.20512835	4242.82051282	
4083.46153812	4232.05128199	4282.94871802	4308.07692322	4295.00000007	4274.74358982	4224.35897429	4272.17948725	4300.76923091	4322.56410271	4292.30769238	4296.66666674	4317.82051296	4278.46153853	
4078.71794837	4236.53846154	4291.53846161	4309.10256425	4306.28205142	4289.35897443	4231.41025634	4284.10256418	4311.1538463	4332.56410278	4299.74358989	4305.38461553	4330.64102578	4295.1282052	
4073.33333299	4247.94871795	4314.74358989	4310.12820527	4339.61538483	4326.79487194	4252.94871795	4322.69230784	4351.02564124	4361.92307714	4325.76923091	4332.94871816	4362.94871816	4337.17948739	
4063.46153805	4264.10256411	4344.10256431	4320.89743604	4374.23076951	4353.84615406	4266.28205129	4345.76923098	4383.97435926	4391.15384644	4351.41025662	4361.28205149	4393.46153874	4351.79487201	
4041.79487138	4282.94871802	4366.02564131	4344.10256431	4397.8205131	4372.05128233	4272.17948725	4348.07692329	4402.17948753	4415.76923112	4371.41025669	4381.53846182	4416.02564138	4321.79487194	
4019.99999952	4322.69230784	4402.56410292	4389.74359003	4441.02564145	4414.48717984	4288.58974366	4393.58974387	4456.79487222	4470.38461587	4421.79487215	4430.64102599	4470.76923126	4353.33333355	
4027.05128157	4336.28205149	4419.87179522	4401.15384651	4457.94871837	4427.43589779	4282.30769238	4427.17948753	4484.10256459	4491.53846203	4443.9743594	4453.58974401	4494.61538511	4442.1794876	
4029.487179	4343.20512842	4428.33333368	4405.38461574	4469.35897485	4436.41025683	4286.28205136	4430.89743632	4479.23076972	4488.33333382	4445.76923119	4453.33333375	4496.28205177	4461.92307734	
3956.66666605	4471.53846203	4545.51282114	4548.46153909	4619.23077	4574.61538531	4356.92307714	4527.56410312	4615.76923154	4637.5641034	4586.28205198	4582.43589813	4646.92307776	4425.89743625	
3952.43589681	4474.48717998	4550.12820576	4555.38461601	4618.97435974	4572.69230839	4311.66666681	4545.38461601	4648.84615468	4664.48718039	4606.15384692	4605.76923154	4673.5897445	4528.33333389	
4137.43589723	4127.30769203	4225.7692307	4171.66666653	4207.17948711	4202.05128199	4099.87179453	4280.76923084	4280.76923084	4258.84615385	4231.92307686	4256.41025641	4271.28205136	4676.28205219	
4290.1282052	3841.53846071	3948.46153784	3852.94871712	3855.25640943	3894.10256334	4008.97435849	4018.20512772	3923.5897429	3886.15384539	3897.43589668	3932.30769162	3893.20512744	4547.43589807	
4260.76923077	3887.94871719	3983.84615329	3903.07692232	3893.4615377	3932.30769162	4095.12820478	3997.17948663	3925.38461469	3914.87179418	3929.87179418	3952.17948656	3911.53846085	4275.1282052	
4228.97435891	3937.692307	4031.41025593	3959.87179425	3957.43589681	3982.56410201	4129.61538434	4019.99999952	3973.58974304	3979.61538406	3989.87179432	4005.12820465	3974.35897381	4203.33333327	
4253.84615385	3894.3589736	3991.66666611	3914.10256341	3915.89743521	3939.48717887	4120.25640998	3995.89743535	3931.66666598	3932.94871726	3945.89743528	3962.30769169	3926.66666598	4215.12820506	
4227.30769224	3943.33333271	4033.33333285	3965.51281989	3969.61538399	3987.30769176	4164.61538441	4032.05128157	3978.58974304	3989.10256355	3988.33333278	3999.87179432	3972.43589688	4159.61538441	
4196.28205115	3994.10256355	4078.33333299	4023.58974311	4034.74358926	4043.84615343	4187.94871781	4070.38461504	4030.76923029	4053.97435856	4042.43589702	4051.15384574	4032.56410208	4143.97435877	
4191.5384614	4005.89743541	4090.38461504	4041.410256	4059.23076882	4062.82051241	4191.66666653	4085.76923043	4042.43589702	4063.46153805	4063.84615343	4073.8461535	4052.82051241	4159.23076903	
4172.30769217	4036.41025593	4118.20512793	4071.53846119	4089.99999966	4089.87179453	4203.58974352	4110.89743562	4076.02564068	4095.6410253	4093.97435863	4105.38461511	4088.58974325	4161.53846133	
4160.51282031	4037.30769189	4118.9743587	4072.17948684	4090.76923043	4086.92307658	4200.89743576	4108.46153819	4080.89743555	4101.79487145	4088.97435863	4101.53846119	4090.25640991	4156.79487159	
4155.12820492	4034.35897388	4119.74358947	4075.6410253	4098.97435863	4089.48717914	4201.15384609	4109.35897408	4084.10256376	4100.89743555	4094.87179453	4104.8717946	4090.6410253	4149.9999998	
4149.48717928	4050.89743548	4134.35897408	4092.82051248	4118.33333306	4109.48717921	4207.82051275	4128.46153819	4103.58974332	4119.10256383	4119.99999973	4126.66666639	4109.99999973	4166.15384595	
4146.41025621	4065.5128201	4144.61538441	4103.58974332	4129.74358947	4121.92307665	4217.94871788	4148.33333313	4124.61538434	4140.38461518	4135.12820485	4136.79487159	4129.35897408	4200.64102551	
4144.48717928	4069.48717907	4150.25641005	4110.7692305	4138.58974339	4125.38461511	4221.41025634	4165.12820492	4145.25641005	4153.84615364	4145.64102544	4141.15384595	4144.74358954	4236.41025641	
4135.25640998	4087.43589709	4163.97435877	4135.25640998	4155.89743569	4139.35897415	4218.71794865	4170.38461525	4156.92307672	4165.38461518	4161.92307672	4156.79487159	4160.38461518	4238.71794872	
4131.28205101	4103.46153819	4170.25641012	4151.66666646	4161.79487159	4145.38461518	4211.92307686	4164.48717928	4150.64102544	4168.84615371	4166.02564082	4164.35897415	4163.84615364	4250.38461539	
4150.51282031	4073.8461535	4145.64102544	4117.17948691	4128.0769228	4110.12820485	4194.35897422	4150.38461518	4121.53846126	4136.53846133	4135.51282031	4137.3076921	4133.46153819	4288.20512828	
4164.1025639	4050.12820472	4128.58974332	4091.28205094	4102.82051255	4084.23076889	4188.71794858	4141.02564082	4102.30769196	4111.79487152	4115.38461511	4117.56410229	4110.38461511	4286.66666674	
4146.02564082	4087.43589709	4155.89743569	4131.79487152	4137.43589723	4118.9743587	4212.69230763	4163.205128	4129.74358947	4146.53846133	4148.71794851	4149.35897415	4144.23076903	4268.33333341	
4114.61538434	4137.3076921	4197.4358973	4183.3333332	4193.97435884	4173.3333332	4236.66666667	4202.82051275	4180.12820499	4202.43589737	4199.74358961	4198.3333332	4202.82051275	4270.76923084	
4094.10256376	4154.1025639	4214.23076917	4200.25641012	4219.48717942	4192.69230756	4237.05128206	4217.94871788	4204.99999993	4227.82051275	4221.6666666	4220.51282045	4229.48717942	4274.87179495	
4084.7435894	4164.1025639	4222.94871788	4213.20512814	4231.41025634	4197.4358973	4235.76923077	4221.92307686	4216.28205122	4235.64102564	4228.33333327	4230.25641019	4240.64102564	4281.53846161	
4072.69230735	4188.46153833	4247.6923077	4240.8974359	4253.84615385	4218.4615384	4242.05128206	4239.74358975	4239.61538462	4257.82051282	4247.05128206	4251.15384616	4265.51282052	4285.76923084	
4055.25640984	4209.61538455	4268.20512828	4262.6923077	4270.25641033	4239.48717949	4240.64102564	4251.02564103	4251.02564103	4277.69230777	4265.51282052	4271.0256411	4283.84615392	4278.58974366	
4042.30769189	4218.07692301	4275.51282059	4272.30769238	4282.69230777	4252.17948718	4237.56410257	4249.10256411	4254.23076923	4285.64102571	4275.64102571	4283.84615392	4293.84615392	4268.33333341	
4037.69230728	4223.71794865	4281.15384623	4277.05128212	4296.15384623	4264.10256411	4241.7948718	4258.20512821	4272.05128212	4300.64102578	4284.2307693	4293.33333341	4310.51282066	4280.25641033	
4038.33333292	4226.53846147	4281.79487187	4277.43589751	4291.41025648	4262.6923077	4237.94871795	4265.25641026	4277.30769238	4307.17948732	4284.87179495	4291.41025648	4313.4615386	4296.0256411	
4037.43589702	4223.84615378	4274.61538469	4279.2307693	4276.66666674	4249.74358975	4222.5641025	4242.82051282	4253.84615385	4288.46153853	4272.82051289	4280.64102571	4295.76923084	4264.10256411	
4037.05128164	4219.35897429	4263.33333334	4275.76923084	4265.12820513	4236.15384616	4208.97435891	4212.43589737	4229.10256404	4261.28205129	4251.53846154	4264.23076923	4275.38461546	4219.23076917	
