4222.69230763	4196.15384602	4186.5384614	4178.97435884	4196.66666653	4198.46153833	4201.6666666	4198.58974345	4198.71794858	4207.43589737	4190.89743576	4188.84615371	4191.79487166	4143.71794851	
4222.69230763	4193.07692294	4188.84615371	4178.97435884	4197.4358973	4200.89743576	4202.94871788	4200.76923063	4201.92307686	4208.07692301	4190.76923063	4189.10256397	4192.30769217	4145.38461518	
4226.15384609	4195.76923063	4188.71794858	4183.07692294	4197.69230756	4202.05128199	4201.79487173	4202.05128199	4204.87179481	4208.07692301	4187.05128192	4185.89743576	4189.2307691	4143.58974339	
4229.99999993	4201.02564096	4192.82051269	4186.66666653	4202.17948711	4203.58974352	4203.97435891	4204.74358968	4209.61538455	4208.97435891	4187.30769217	4187.94871781	4190.89743576	4147.94871774	
4230.7692307	4202.5641025	4194.48717935	4189.2307691	4203.07692301	4206.92307686	4206.53846147	4208.4615384	4215.89743583	4212.69230763	4189.61538448	4192.05128192	4195.25641012	4161.02564082	
4230.64102558	4200.51282038	4187.4358973	4184.99999986	4198.46153833	4207.05128199	4208.58974352	4203.07692301	4211.92307686	4208.71794865	4183.84615371	4183.20512807	4189.74358961	4151.41025621	
4228.58974352	4201.15384609	4187.94871781	4183.71794858	4199.99999986	4212.82051275	4213.4615384	4208.07692301	4217.17948711	4212.17948711	4186.5384614	4181.41025628	4194.35897422	4152.3076921	
4226.79487173	4198.20512807	4190.25641012	4184.2307691	4203.4615384	4218.4615384	4216.79487173	4220.7692307	4228.07692301	4219.74358968	4194.35897422	4188.71794858	4204.99999993	4172.30769217	
4225.38461532	4199.99999986	4190.89743576	4184.35897422	4208.71794865	4215.51282045	4217.30769224	4218.97435891	4225.89743583	4219.87179481	4196.92307679	4193.58974345	4205.25641019	4171.92307679	
4226.79487173	4206.41025634	4193.3333332	4186.02564089	4208.4615384	4205.7692307	4208.33333327	4205.38461532	4214.74358968	4210.7692307	4191.5384614	4193.3333332	4196.66666653	4158.33333313	
4230.25641019	4200.51282038	4191.41025628	4184.61538448	4197.82051269	4198.07692294	4200.12820499	4195.89743576	4203.20512814	4202.69230763	4182.94871781	4188.97435884	4189.74358961	4147.17948697	
4229.74358968	4198.97435884	4194.87179474	4187.4358973	4201.28205122	4204.74358968	4207.5641025	4205.51282045	4209.23076917	4213.4615384	4192.56410243	4199.2307691	4200.25641012	4158.58974339	
4231.79487173	4205.64102558	4202.17948711	4189.61538448	4210.38461532	4210.25641019	4212.30769224	4218.07692301	4222.94871788	4223.07692301	4210.38461532	4212.82051275	4213.4615384	4187.82051269	
4230.51282045	4211.41025634	4209.74358968	4194.35897422	4217.5641025	4213.07692301	4215.51282045	4230.25641019	4235.0	4228.71794865	4225.12820506	4222.30769224	4227.5641025	4216.79487173	
4227.05128199	4220.7692307	4222.43589737	4207.17948711	4236.28205129	4226.41025634	4226.92307686	4252.6923077	4255.38461539	4241.92307693	4239.10256411	4236.28205129	4246.28205129	4255.12820513	
4232.05128199	4227.17948711	4230.38461532	4216.02564096	4242.56410257	4235.8974359	4233.07692301	4263.33333334	4263.58974359	4245.64102564	4243.71794872	4242.6923077	4248.84615385	4276.923077	
4232.5641025	4229.10256404	4231.41025634	4217.82051275	4235.25641026	4238.20512821	4234.61538462	4262.43589744	4260.8974359	4245.8974359	4242.82051282	4243.33333334	4247.17948718	4276.41025648	
4226.92307686	4222.30769224	4225.25641019	4209.10256404	4233.07692301	4235.51282052	4235.0	4262.94871795	4261.7948718	4250.38461539	4240.38461539	4237.6923077	4249.23076923	4274.2307693	
4222.17948711	4217.17948711	4219.48717942	4202.30769224	4234.48717949	4233.4615384	4232.82051275	4259.10256411	4259.23076923	4249.48717949	4236.41025641	4228.4615384	4243.33333334	4260.64102564	
4220.25641019	4224.74358968	4222.5641025	4210.12820506	4239.61538462	4236.66666667	4230.89743583	4249.87179488	4251.92307693	4248.71794872	4233.33333327	4226.02564096	4238.33333334	4252.6923077	
4223.84615378	4222.30769224	4219.99999993	4208.97435891	4238.58974359	4231.28205122	4227.17948711	4233.97435898	4238.71794872	4240.25641026	4223.33333327	4221.53846147	4231.53846147	4245.0	
4225.64102558	4217.69230763	4218.71794865	4203.4615384	4237.17948718	4229.48717942	4227.30769224	4232.94871788	4237.17948718	4234.10256411	4218.71794865	4221.79487173	4229.74358968	4236.41025641	
4225.7692307	4220.7692307	4222.69230763	4206.79487173	4238.84615385	4232.30769224	4228.4615384	4243.33333334	4244.61538462	4241.28205129	4221.6666666	4228.84615378	4238.46153847	4243.97435898	
4227.43589737	4220.25641019	4219.10256404	4207.94871788	4232.94871788	4223.33333327	4223.07692301	4236.28205129	4239.48717949	4240.0	4216.41025634	4225.38461532	4239.48717949	4240.38461539	
4227.17948711	4222.94871788	4220.7692307	4209.61538455	4229.87179481	4220.12820506	4222.82051275	4236.7948718	4241.41025641	4237.43589744	4219.99999993	4226.28205122	4240.8974359	4241.41025641	
4227.05128199	4222.5641025	4222.82051275	4209.23076917	4228.71794865	4223.4615384	4226.92307686	4248.58974359	4250.51282052	4241.02564103	4224.74358968	4231.02564096	4242.43589744	4249.74358975	
4228.71794865	4217.30769224	4216.92307686	4205.12820506	4228.71794865	4224.61538455	4227.05128199	4246.92307693	4248.97435898	4241.53846154	4217.17948711	4226.92307686	4235.25641026	4247.6923077	
4231.02564096	4219.74358968	4217.43589737	4206.6666666	4232.69230763	4231.92307686	4230.38461532	4246.92307693	4248.46153847	4241.15384616	4218.07692301	4228.07692301	4237.17948718	4253.58974359	
4235.38461539	4220.51282045	4219.74358968	4203.71794865	4227.5641025	4231.6666666	4229.99999993	4247.43589744	4247.56410257	4235.64102564	4217.69230763	4228.97435891	4241.28205129	4251.66666667	
4232.5641025	4213.4615384	4212.94871788	4195.12820499	4218.71794865	4218.84615378	4221.41025634	4231.79487173	4237.56410257	4226.53846147	4205.64102558	4218.4615384	4229.74358968	4223.84615378	
4227.43589737	4207.82051275	4201.53846147	4190.25641012	4214.87179481	4213.20512814	4214.10256404	4212.30769224	4222.94871788	4220.89743583	4196.66666653	4205.51282045	4214.48717942	4190.25641012	
4229.48717942	4206.02564096	4194.99999986	4188.3333332	4213.07692301	4216.79487173	4212.94871788	4207.30769224	4216.15384609	4217.30769224	4196.66666653	4202.43589737	4209.99999993	4186.15384602	
4232.82051275	4205.7692307	4196.92307679	4188.84615371	4211.6666666	4220.25641019	4215.25641019	4213.20512814	4219.48717942	4216.79487173	4197.82051269	4206.15384609	4211.53846147	4191.02564089	
4237.30769231	4203.33333327	4199.35897422	4186.02564089	4212.82051275	4220.12820506	4213.20512814	4209.48717942	4217.5641025	4214.87179481	4191.15384602	4198.3333332	4206.28205122	4175.64102551	
4239.23076923	4202.82051275	4198.58974345	4186.41025628	4216.92307686	4219.99999993	4211.6666666	4202.30769224	4213.07692301	4211.92307686	4186.15384602	4191.28205115	4202.43589737	4175.12820499	
4235.8974359	4204.23076917	4196.28205115	4189.2307691	4215.64102558	4217.94871788	4210.7692307	4199.99999986	4210.64102558	4211.79487173	4186.79487166	4192.4358973	4202.05128199	4174.35897422	
4236.7948718	4201.15384609	4195.64102551	4187.82051269	4207.69230763	4209.87179481	4204.87179481	4197.94871781	4207.30769224	4209.74358968	4188.46153833	4194.61538448	4200.89743576	4164.23076903	
4240.0	4203.33333327	4202.82051275	4191.66666653	4209.74358968	4209.10256404	4204.87179481	4204.74358968	4213.20512814	4214.87179481	4197.82051269	4205.51282045	4211.02564096	4179.10256397	
4239.74358975	4204.48717942	4203.71794865	4190.89743576	4209.23076917	4206.92307686	4206.28205122	4205.7692307	4211.28205122	4216.79487173	4197.69230756	4206.92307686	4212.05128199	4181.41025628	
4234.23076923	4197.69230756	4195.64102551	4183.46153833	4197.94871781	4195.64102551	4198.97435884	4193.58974345	4198.07692294	4207.43589737	4186.79487166	4194.48717935	4200.64102551	4156.79487159	
4230.51282045	4193.3333332	4196.41025628	4181.15384602	4193.3333332	4189.99999986	4191.41025628	4188.71794858	4196.02564089	4207.17948711	4185.76923063	4194.48717935	4201.02564096	4145.38461518	
4235.25641026	4190.64102551	4197.82051269	4177.56410243	4191.41025628	4190.38461525	4192.30769217	4193.97435884	4199.99999986	4210.64102558	4189.10256397	4200.64102551	4203.20512814	4154.9999998	
4237.30769231	4191.5384614	4194.35897422	4177.17948704	4193.46153833	4194.99999986	4198.71794858	4197.69230756	4199.99999986	4207.17948711	4191.66666653	4199.48717935	4204.23076917	4163.84615364	
4234.61538462	4191.79487166	4194.99999986	4181.41025628	4198.71794858	4198.71794858	4199.2307691	4192.94871781	4198.58974345	4205.51282045	4192.05128192	4197.4358973	4207.94871788	4158.205128	
4232.94871788	4188.97435884	4196.79487166	4179.87179474	4196.79487166	4197.17948704	4197.30769217	4191.5384614	4201.02564096	4214.23076917	4188.97435884	4198.20512807	4207.82051275	4155.64102544	
4229.74358968	4188.84615371	4188.46153833	4175.25641012	4192.4358973	4193.84615371	4196.79487166	4191.5384614	4200.51282038	4214.23076917	4180.76923063	4190.51282038	4197.56410243	4147.69230749	
4228.97435891	4188.84615371	4177.30769217	4177.05128192	4189.99999986	4189.87179474	4191.5384614	4183.20512807	4189.74358961	4193.58974345	4168.71794858	4174.87179474	4183.46153833	4121.53846126	
4229.87179481	4190.38461525	4179.87179474	4183.84615371	4189.61538448	4188.3333332	4187.05128192	4178.07692294	4183.07692294	4184.10256397	4163.58974339	4171.28205115	4178.58974345	4110.25640998	
4228.33333327	4190.76923063	4181.66666653	4181.79487166	4184.10256397	4183.07692294	4185.12820499	4170.38461525	4177.17948704	4185.38461525	4160.51282031	4173.20512807	4174.48717935	4101.15384581	
4224.48717942	4187.17948704	4174.74358961	4174.35897422	4181.02564089	4179.74358961	4183.58974345	4161.79487159	4170.12820499	4179.99999986	4158.97435877	4168.46153833	4170.12820499	4081.92307658	
4222.05128199	4182.05128192	4172.69230756	4172.17948704	4180.64102551	4181.66666653	4183.58974345	4165.64102544	4172.94871781	4178.46153833	4161.28205108	4166.92307672	4173.46153833	4079.61538427	
4221.92307686	4180.25641012	4174.74358961	4173.20512807	4174.48717935	4178.07692294	4184.61538448	4167.69230749	4173.3333332	4182.82051269	4158.33333313	4169.35897422	4175.25641012	4082.17948684	
4223.07692301	4184.99999986	4177.4358973	4176.66666653	4172.94871781	4176.41025628	4182.94871781	4165.64102544	4170.89743576	4183.3333332	4161.02564082	4175.64102551	4175.64102551	4083.97435863	
4227.5641025	4181.02564089	4173.97435884	4170.89743576	4168.58974345	4171.92307679	4173.97435884	4158.71794851	4165.51282031	4176.28205115	4163.33333313	4174.87179474	4171.28205115	4080.12820478	
4226.02564096	4171.92307679	4169.61538448	4160.12820492	4155.51282031	4161.02564082	4170.89743576	4146.28205108	4153.97435877	4169.10256397	4154.35897415	4167.94871774	4161.02564082	4057.17948677	
4223.4615384	4172.69230756	4171.41025628	4158.58974339	4148.58974339	4156.79487159	4172.69230756	4146.28205108	4151.41025621	4167.3076921	4149.1025639	4171.02564089	4159.1025639	4044.99999959	
4226.79487173	4167.94871774	4164.48717928	4155.76923056	4146.41025621	4154.61538441	4166.53846133	4147.05128185	4152.17948697	4164.48717928	4145.51282031	4168.07692287	4157.3076921	4038.20512779	
4219.74358968	4157.56410236	4153.33333313	4148.71794851	4144.23076903	4152.69230749	4162.94871774	4136.79487159	4143.46153826	4161.02564082	4139.48717928	4155.25641005	4147.43589723	4012.1794867	
4213.07692301	4153.97435877	4147.94871774	4142.05128185	4141.02564082	4150.25641005	4163.84615364	4130.7692305	4136.28205108	4158.07692287	4134.99999973	4146.66666646	4138.33333313	3995.38461483	
4220.89743583	4160.64102544	4151.28205108	4143.84615364	4146.66666646	4154.1025639	4166.02564082	4138.46153826	4147.17948697	4159.23076903	4139.61538441	4149.23076903	4145.25641005	4008.07692259	
4222.17948711	4166.41025621	4156.92307672	4151.02564082	4154.35897415	4162.56410236	4167.43589723	4144.61538441	4158.46153826	4166.28205108	4146.15384595	4154.48717928	4155.64102544	4022.30769183	
4213.07692301	4155.12820492	4149.48717928	4144.48717928	4143.84615364	4153.46153826	4158.97435877	4129.61538434	4139.35897415	4157.17948697	4136.28205108	4146.28205108	4142.05128185	3998.97435842	
4209.23076917	4149.35897415	4144.61538441	4140.76923056	4137.82051262	4141.15384595	4150.76923056	4117.17948691	4122.43589716	4145.12820492	4128.84615357	4140.51282031	4132.43589716	3974.10256355	
4215.51282045	4160.38461518	4150.12820492	4150.12820492	4144.74358954	4144.61538441	4151.53846133	4122.05128178	4129.23076896	4147.94871774	4133.33333306	4145.12820492	4140.76923056	3989.87179432	
4217.69230763	4161.79487159	4149.61538441	4152.56410236	4142.69230749	4146.41025621	4154.87179467	4119.23076896	4124.35897408	4145.76923056	4130.7692305	4141.79487159	4135.64102544	3986.41025586	
4212.30769224	4154.23076903	4145.38461518	4148.07692287	4141.41025621	4144.1025639	4156.28205108	4115.64102537	4118.46153819	4141.66666646	4126.15384588	4135.76923056	4126.92307665	3968.46153784	
4211.15384609	4149.48717928	4141.15384595	4143.07692287	4138.84615364	4143.97435877	4153.46153826	4116.66666639	4122.94871767	4139.48717928	4122.30769203	4131.02564075	4125.7692305	3968.7179481	
4208.58974352	4151.79487159	4142.17948697	4143.58974339	4138.205128	4146.15384595	4154.61538441	4118.33333306	4124.74358947	4141.41025621	4123.46153819	4130.7692305	4128.46153819	3965.76923015	
4207.05128199	4156.28205108	4147.82051262	4147.43589723	4143.71794851	4144.74358954	4158.97435877	4123.9743587	4127.94871767	4144.48717928	4128.9743587	4134.10256383	4132.17948691	3969.74358912	
4209.74358968	4154.48717928	4145.51282031	4145.25641005	4137.56410236	4140.89743569	4155.64102544	4121.02564075	4126.02564075	4139.48717928	4124.48717921	4132.30769203	4126.79487152	3969.61538399	
4203.07692301	4152.3076921	4144.35897415	4146.02564082	4134.99999973	4142.05128185	4151.66666646	4117.69230742	4120.64102537	4140.76923056	4125.12820485	4136.02564082	4126.66666639	3962.69230707	
4196.66666653	4150.76923056	4145.38461518	4143.07692287	4137.43589723	4138.46153826	4149.48717928	4117.17948691	4117.82051255	4141.79487159	4129.99999973	4137.05128185	4131.53846126	3961.79487117	
4200.64102551	4151.02564082	4142.05128185	4136.41025621	4134.8717946	4136.79487159	4147.43589723	4114.23076896	4119.99999973	4137.82051262	4125.64102537	4132.30769203	4128.46153819	3965.38461476	
4201.53846147	4153.71794851	4143.205128	4141.53846133	4141.66666646	4144.61538441	4148.33333313	4121.28205101	4127.05128178	4146.66666646	4130.38461511	4140.76923056	4132.69230742	3978.71794817	
4196.15384602	4147.43589723	4138.97435877	4137.94871774	4141.66666646	4139.23076903	4146.02564082	4123.33333306	4121.15384588	4150.25641005	4134.48717921	4139.9999998	4132.69230742	3972.9487174	
4187.4358973	4136.66666646	4124.48717921	4123.9743587	4128.20512793	4129.99999973	4142.3076921	4114.23076896	4110.64102537	4140.38461518	4118.46153819	4120.7692305	4120.38461511	3943.97435835	
4184.2307691	4132.30769203	4117.82051255	4119.10256383	4121.66666639	4134.74358947	4143.84615364	4109.23076896	4110.51282024	4137.56410236	4108.33333306	4111.15384588	4113.9743587	3925.64102495	
4191.66666653	4133.9743587	4122.69230742	4119.74358947	4127.94871767	4137.82051262	4147.43589723	4111.79487152	4114.61538434	4138.205128	4117.94871767	4119.61538434	4116.92307665	3933.5897429	
4192.4358973	4138.205128	4129.99999973	4124.35897408	4129.35897408	4132.30769203	4146.79487159	4116.79487152	4117.56410229	4138.58974339	4130.12820485	4132.30769203	4125.51282024	3946.79487117	
4188.58974345	4138.33333313	4133.58974332	4125.89743562	4122.69230742	4128.84615357	4144.1025639	4119.99999973	4119.48717921	4143.46153826	4132.94871767	4136.66666646	4132.94871767	3950.51281989	
4193.07692294	4138.46153826	4136.79487159	4125.12820485	4124.8717946	4131.66666639	4148.33333313	4126.15384588	4124.48717921	4148.71794851	4136.15384595	4138.205128	4134.8717946	3966.0256404	
4193.46153833	4138.07692287	4133.9743587	4123.20512793	4128.58974332	4131.53846126	4147.3076921	4121.79487152	4119.35897408	4143.33333313	4132.69230742	4133.33333306	4128.46153819	3958.20512758	
4187.94871781	4129.10256383	4122.94871767	4114.35897408	4118.20512793	4122.69230742	4136.02564082	4101.92307658	4101.66666632	4129.8717946	4116.02564075	4118.0769228	4114.23076896	3922.05128136	
4181.41025628	4128.0769228	4122.94871767	4115.89743562	4116.15384588	4122.69230742	4133.84615357	4101.41025607	4103.46153819	4133.46153819	4118.58974332	4117.69230742	4114.74358947	3924.74358905	
4180.51282038	4133.58974332	4126.66666639	4123.84615357	4125.38461511	4129.74358947	4139.1025639	4112.05128178	4114.99999973	4144.87179467	4130.25640998	4123.58974332	4123.58974332	3940.12820451	
4182.94871781	4129.99999973	4122.43589716	4118.0769228	4123.84615357	4131.41025614	4138.46153826	4111.53846126	4113.9743587	4144.35897415	4124.10256383	4117.17948691	4120.38461511	3933.33333264	
4178.97435884	4127.82051255	4122.69230742	4113.46153819	4120.7692305	4129.61538434	4134.48717921	4113.84615357	4118.71794844	4146.15384595	4123.33333306	4117.69230742	4120.25640998	3930.12820444	
4176.79487166	4126.79487152	4119.23076896	4114.35897408	4116.41025614	4123.58974332	4132.56410229	4113.58974332	4120.25640998	4144.9999998	4125.7692305	4118.46153819	4118.58974332	3926.15384546	
4176.5384614	4122.94871767	4111.92307665	4110.89743562	4111.53846126	4123.0769228	4137.43589723	4109.99999973	4114.35897408	4137.43589723	4120.64102537	4113.58974332	4111.41025614	3920.38461469	
4172.56410243	4119.74358947	4108.9743587	4104.48717921	4114.35897408	4125.89743562	4142.69230749	4111.92307665	4115.25640998	4133.84615357	4114.35897408	4113.33333306	4106.79487152	3916.02564033	
4172.82051269	4120.25640998	4112.17948691	4105.38461511	4117.69230742	4125.38461511	4144.1025639	4117.56410229	4120.89743562	4135.64102544	4113.0769228	4116.79487152	4107.82051255	3926.41025572	
4175.89743576	4129.35897408	4121.79487152	4116.53846126	4118.84615357	4132.17948691	4148.84615364	4127.94871767	4129.35897408	4142.05128185	4119.35897408	4122.30769203	4117.43589716	3946.15384553	
4177.56410243	4133.71794844	4123.58974332	4123.0769228	4115.89743562	4136.66666646	4150.89743569	4132.30769203	4131.92307665	4145.51282031	4124.35897408	4123.58974332	4121.92307665	3950.76923015	
4176.5384614	4131.02564075	4120.51282024	4120.7692305	4118.0769228	4131.66666639	4146.02564082	4128.9743587	4129.8717946	4147.17948697	4126.79487152	4124.99999973	4123.58974332	3951.15384553	
4172.82051269	4127.30769203	4119.99999973	4115.25640998	4122.05128178	4123.46153819	4137.05128185	4119.61538434	4125.7692305	4142.82051262	4126.53846126	4126.41025614	4123.20512793	3943.84615322	
4169.10256397	4122.17948691	4116.53846126	4110.51282024	4114.74358947	4118.71794844	4129.99999973	4111.28205101	4118.71794844	4133.33333306	4124.10256383	4122.82051255	4118.33333306	3930.76923008	
4167.56410236	4121.28205101	4115.25640998	4110.25640998	4108.33333306	4121.41025614	4130.7692305	4114.35897408	4115.38461511	4134.8717946	4124.99999973	4123.33333306	4118.58974332	3930.51281982	
4170.51282038	4123.20512793	4118.58974332	4109.61538434	4109.74358947	4120.51282024	4131.02564075	4109.99999973	4109.48717921	4134.61538434	4121.53846126	4123.71794844	4115.38461511	3924.61538392	
4171.79487166	4124.48717921	4118.71794844	4112.05128178	4114.61538434	4121.53846126	4131.66666639	4100.51282017	4104.23076896	4128.33333306	4117.05128178	4122.05128178	4109.10256383	3917.692307	
4173.07692294	4124.99999973	4116.02564075	4114.61538434	4113.58974332	4129.23076896	4141.53846133	4107.82051255	4107.43589716	4129.74358947	4117.94871767	4121.92307665	4110.25640998	3927.94871726	
4173.97435884	4123.33333306	4119.99999973	4110.64102537	4111.53846126	4132.30769203	4150.89743569	4121.92307665	4117.56410229	4136.53846133	4120.7692305	4123.84615357	4118.9743587	3938.58974297	
4169.74358961	4123.46153819	4124.99999973	4108.71794844	4116.79487152	4131.41025614	4149.1025639	4122.82051255	4124.23076896	4141.53846133	4121.02564075	4128.84615357	4123.33333306	3943.84615322	
4169.35897422	4122.30769203	4120.12820485	4108.46153819	4116.02564075	4127.69230742	4141.02564082	4111.79487152	4113.20512793	4135.51282031	4113.58974332	4127.30769203	4112.94871767	3937.82051213	
4170.64102551	4126.79487152	4120.7692305	4115.25640998	4116.41025614	4126.28205101	4140.12820492	4107.17948691	4105.38461511	4128.9743587	4112.05128178	4122.82051255	4110.25640998	3925.25640957	
4171.02564089	4131.28205101	4127.05128178	4120.64102537	4119.48717921	4126.28205101	4139.61538441	4112.17948691	4116.02564075	4131.92307665	4119.48717921	4127.17948691	4120.64102537	3933.71794803	
4168.84615371	4123.46153819	4123.20512793	4109.10256383	4109.48717921	4122.05128178	4134.10256383	4113.0769228	4118.20512793	4135.89743569	4117.94871767	4127.94871767	4117.94871767	3936.28205059	
4162.56410236	4120.7692305	4116.92307665	4106.15384588	4102.30769196	4116.28205101	4128.58974332	4104.99999973	4107.05128178	4131.53846126	4109.99999973	4118.9743587	4107.30769203	3917.692307	
4162.94871774	4123.0769228	4110.51282024	4111.92307665	4102.05128171	4107.05128178	4119.99999973	4088.07692273	4093.33333299	4114.61538434	4098.58974325	4106.66666639	4097.43589709	3897.17948642	
4164.35897415	4122.56410229	4107.94871767	4112.30769203	4104.74358947	4105.25640998	4120.12820485	4080.25640991	4083.97435863	4105.7692305	4091.41025607	4103.9743587	4088.8461535	3884.23076847	
4163.84615364	4124.10256383	4112.69230742	4114.48717921	4107.82051255	4111.53846126	4125.7692305	4086.66666632	4082.82051248	4108.46153819	4092.69230735	4108.33333306	4087.05128171	3888.58974283	
4166.28205108	4123.46153819	4109.99999973	4115.51282024	4105.64102537	4108.58974332	4119.8717946	4081.28205094	4079.23076889	4100.6410253	4084.99999966	4100.89743555	4082.56410222	3877.69230693	
4162.17948697	4120.7692305	4101.41025607	4112.30769203	4104.99999973	4104.23076896	4112.69230742	4073.8461535	4077.56410222	4094.48717914	4081.92307658	4095.12820478	4079.23076889	3858.46153763	
4157.82051262	4116.15384588	4097.17948684	4107.05128178	4101.79487145	4103.0769228	4114.74358947	4076.66666632	4077.43589709	4097.43589709	4085.51282017	4094.35897402	4075.89743555	3859.74358891	
4158.84615364	4114.35897408	4099.87179453	4105.7692305	4101.28205094	4105.38461511	4121.66666639	4081.66666632	4079.99999966	4101.53846119	4087.69230735	4094.48717914	4076.53846119	3864.74358891	
4156.28205108	4115.25640998	4103.46153819	4105.38461511	4108.46153819	4112.30769203	4124.48717921	4089.61538427	4090.6410253	4109.10256383	4095.6410253	4101.66666632	4087.43589709	3876.53846078	
4154.23076903	4111.28205101	4096.79487145	4100.76923043	4107.56410229	4110.12820485	4122.30769203	4091.28205094	4093.20512786	4113.58974332	4099.61538427	4102.43589709	4092.69230735	3883.20512744	
4155.51282031	4110.64102537	4094.10256376	4103.33333306	4104.61538434	4108.71794844	4124.23076896	4095.38461504	4095.25640991	4118.9743587	4103.46153819	4103.9743587	4099.87179453	3889.10256334	
4155.64102544	4111.53846126	4098.58974325	4104.74358947	4105.89743562	4113.46153819	4126.28205101	4101.92307658	4100.25640991	4122.30769203	4106.02564075	4106.66666639	4105.25640998	3896.28205052	
4153.58974339	4109.61538434	4098.71794837	4100.12820478	4105.25640998	4111.41025614	4123.58974332	4100.25640991	4098.97435863	4117.56410229	4100.38461504	4101.53846119	4096.28205094	3892.17948642	
4152.05128185	4114.10256383	4101.53846119	4104.61538434	4107.30769203	4110.51282024	4124.74358947	4103.71794844	4102.30769196	4120.64102537	4102.05128171	4102.17948684	4094.87179453	3896.92307616	
4154.23076903	4114.10256383	4099.48717914	4107.30769203	4106.92307665	4107.82051255	4124.61538434	4100.89743555	4100.89743555	4116.92307665	4101.28205094	4102.30769196	4095.76923043	3889.48717873	
4155.76923056	4111.41025614	4097.69230735	4105.25640998	4105.89743562	4104.61538434	4121.79487152	4093.07692273	4096.41025607	4110.64102537	4096.02564068	4101.66666632	4090.12820478	3880.12820437	
4153.46153826	4114.74358947	4103.71794844	4107.17948691	4104.61538434	4105.7692305	4118.0769228	4092.69230735	4098.71794837	4117.69230742	4096.92307658	4105.12820485	4089.35897402	3885.2564095	
4151.28205108	4110.7692305	4099.23076889	4102.43589709	4093.46153812	4098.33333299	4110.38461511	4083.33333299	4087.82051248	4107.43589716	4091.66666632	4098.8461535	4082.43589709	3870.89743507	
4149.23076903	4111.02564075	4096.28205094	4104.74358947	4090.76923043	4090.51282017	4104.8717946	4067.82051241	4068.84615343	4083.58974325	4083.33333299	4091.79487145	4071.02564068	3843.71794789	
4152.43589723	4120.89743562	4105.12820485	4118.0769228	4094.61538427	4090.6410253	4101.02564068	4062.30769189	4060.64102523	4079.7435894	4082.56410222	4091.53846119	4066.79487138	3836.41025551	
4156.92307672	4124.8717946	4109.99999973	4123.84615357	4087.43589709	4086.66666632	4099.10256376	4064.87179446	4057.69230728	4083.8461535	4085.6410253	4094.35897402	4067.56410215	3848.3333325	
4150.51282031	4123.20512793	4104.10256383	4125.25640998	4079.23076889	4077.94871761	4094.35897402	4060.76923036	4049.6153842	4073.71794837	4086.41025607	4096.92307658	4064.99999959	3835.25640936	
4150.12820492	4120.25640998	4097.69230735	4124.10256383	4074.99999966	4071.92307658	4086.28205094	4051.53846113	4041.410256	4064.10256369	4082.05128171	4092.05128171	4058.20512779	3813.46153756	
4154.61538441	4119.10256383	4100.25640991	4124.10256383	4072.30769196	4071.79487145	4087.17948684	4052.82051241	4046.28205087	4071.02564068	4084.23076889	4091.02564068	4059.48717907	3822.82051192	
4150.38461518	4123.9743587	4105.7692305	4131.92307665	4068.33333292	4068.58974318	4087.43589709	4054.48717907	4049.74358933	4074.35897402	4089.7435894	4099.7435894	4064.10256369	3823.84615295	
4153.46153826	4130.38461511	4108.9743587	4137.82051262	4062.17948677	4059.6153842	4079.99999966	4048.46153805	4039.10256369	4064.6153842	4088.33333299	4102.69230742	4061.410256	3816.7948709	
4157.94871774	4130.51282024	4113.84615357	4138.84615364	4063.20512779	4056.410256	4079.99999966	4047.82051241	4036.53846106	4062.43589702	4091.15384581	4103.84615357	4065.12820472	3824.48717859	
4155.51282031	4127.05128178	4114.8717946	4134.99999973	4067.05128164	4057.82051241	4083.46153812	4050.5128201	4039.10256369	4066.66666625	4096.92307658	4107.30769203	4070.89743555	3829.87179397	
4157.3076921	4133.0769228	4118.84615357	4139.48717928	4070.6410253	4063.58974318	4083.46153812	4056.66666625	4042.69230728	4069.23076882	4101.79487145	4113.33333306	4072.43589709	3844.35897353	
4161.02564082	4138.07692287	4124.74358947	4145.89743569	4075.6410253	4072.43589709	4086.79487145	4065.5128201	4050.5128201	4072.43589709	4106.02564075	4119.8717946	4076.53846119	3859.35897353	
4160.12820492	4128.0769228	4115.51282024	4136.28205108	4074.48717914	4073.07692273	4088.33333299	4062.94871754	4049.10256369	4070.38461504	4098.8461535	4112.69230742	4074.61538427	3850.38461455	
4155.64102544	4124.99999973	4108.46153819	4128.46153819	4077.69230735	4074.48717914	4087.30769196	4061.28205087	4049.10256369	4074.10256376	4093.71794837	4101.66666632	4070.76923043	3838.84615295	
4156.15384595	4126.66666639	4110.25640998	4127.30769203	4081.53846119	4076.28205094	4086.02564068	4061.410256	4048.07692266	4075.51282017	4092.05128171	4096.53846119	4067.56410215	3833.07692218	
4159.1025639	4121.41025614	4108.58974332	4123.84615357	4083.46153812	4080.12820478	4090.38461504	4064.10256369	4045.89743548	4069.48717907	4086.02564068	4094.99999966	4064.10256369	3840.25640943	
4154.74358954	4116.92307665	4105.25640998	4116.02564075	4087.56410222	4086.92307658	4094.7435894	4066.15384574	4050.89743548	4069.35897395	4080.76923043	4093.8461535	4061.92307651	3840.38461455	
4148.33333313	4107.30769203	4096.02564068	4102.30769196	4077.69230735	4080.6410253	4088.07692273	4052.94871754	4046.28205087	4064.74358933	4070.89743555	4083.8461535	4052.05128164	3810.76922987	
4144.9999998	4101.92307658	4089.35897402	4096.66666632	4072.30769196	4075.51282017	4088.58974325	4050.12820472	4043.97435856	4065.38461497	4066.15384574	4078.71794837	4047.43589702	3798.84615288	
4146.53846133	4103.20512793	4088.58974325	4097.05128171	4083.58974325	4081.28205094	4094.99999966	4059.48717907	4053.20512779	4076.41025607	4069.10256369	4076.53846119	4050.25640984	3811.28205038	
4147.82051262	4102.82051255	4088.20512786	4095.6410253	4093.71794837	4088.71794837	4097.94871761	4069.87179453	4065.38461497	4089.23076889	4077.17948684	4076.53846119	4058.33333292	3829.35897346	
4148.71794851	4103.9743587	4089.48717914	4095.51282017	4096.15384581	4095.25640991	4103.20512793	4081.53846119	4079.48717914	4100.76923043	4087.17948684	4083.46153812	4070.38461504	3849.48717866	
4152.43589723	4105.12820485	4088.58974325	4094.7435894	4095.76923043	4097.05128171	4106.15384588	4084.48717914	4085.38461504	4103.46153819	4088.71794837	4083.07692273	4073.8461535	3862.05128122	
4153.07692287	4109.10256383	4089.35897402	4100.12820478	4102.17948684	4095.76923043	4102.17948684	4086.15384581	4081.92307658	4105.51282024	4090.51282017	4084.87179453	4077.94871761	3871.66666584	
4151.92307672	4109.61538434	4090.38461504	4103.46153819	4101.02564068	4091.15384581	4099.10256376	4087.56410222	4081.02564068	4109.8717946	4095.25640991	4093.20512786	4084.35897402	3877.82051206	
4148.71794851	4104.8717946	4089.10256376	4094.87179453	4091.53846119	4089.10256376	4103.0769228	4084.61538427	4083.33333299	4106.92307665	4097.05128171	4093.33333299	4082.56410222	3878.20512744	
4144.61538441	4102.69230742	4087.69230735	4091.79487145	4092.43589709	4091.15384581	4104.48717921	4083.20512786	4080.12820478	4103.46153819	4095.76923043	4088.58974325	4083.46153812	3870.51281968	
4145.25641005	4097.56410222	4082.17948684	4088.97435863	4092.30769196	4087.94871761	4100.76923043	4079.35897402	4071.28205094	4100.12820478	4088.20512786	4084.99999966	4079.99999966	3853.3333325	
4142.17948697	4093.46153812	4080.38461504	4081.92307658	4089.99999966	4086.28205094	4099.99999966	4071.66666632	4067.56410215	4098.8461535	4080.51282017	4080.76923043	4070.25640991	3842.30769148	
4139.9999998	4094.99999966	4086.66666632	4082.69230735	4091.15384581	4087.94871761	4101.02564068	4069.23076882	4065.89743548	4096.02564068	4074.99999966	4073.71794837	4064.87179446	3837.94871705	
4144.48717928	4095.51282017	4087.69230735	4087.82051248	4089.87179453	4087.69230735	4104.35897408	4076.28205094	4065.76923036	4089.35897402	4070.6410253	4073.07692273	4062.56410215	3838.33333243	
4143.84615364	4095.38461504	4083.58974325	4087.69230735	4092.30769196	4092.17948684	4109.74358947	4084.87179453	4074.61538427	4091.66666632	4073.46153812	4080.38461504	4062.69230728	3844.87179404	
4141.41025621	4097.43589709	4082.30769196	4081.79487145	4093.71794837	4094.99999966	4108.71794844	4082.56410222	4079.35897402	4097.82051248	4076.53846119	4079.48717914	4062.43589702	3844.2307684	
4143.84615364	4099.99999966	4086.79487145	4084.7435894	4094.99999966	4096.15384581	4105.64102537	4082.56410222	4081.02564068	4100.76923043	4078.33333299	4078.07692273	4066.66666625	3850.1282043	
4144.61538441	4097.30769196	4087.82051248	4086.02564068	4096.66666632	4099.10256376	4106.53846126	4087.05128171	4078.8461535	4097.43589709	4078.97435863	4079.7435894	4067.69230728	3855.51281968	
4143.58974339	4092.43589709	4082.43589709	4078.07692273	4093.71794837	4098.58974325	4105.38461511	4080.76923043	4071.53846119	4089.99999966	4075.89743555	4073.33333299	4061.15384574	3845.1282043	
4142.3076921	4098.71794837	4085.12820478	4083.46153812	4096.15384581	4101.28205094	4105.51282024	4082.94871761	4080.89743555	4095.6410253	4080.25640991	4074.87179453	4065.89743548	3856.0256402	
4143.84615364	4104.35897408	4089.23076889	4088.8461535	4100.12820478	4101.15384581	4105.64102537	4090.12820478	4090.89743555	4105.25640998	4083.20512786	4078.20512786	4071.66666632	3872.82051206	
4143.97435877	4102.43589709	4087.69230735	4083.8461535	4098.07692273	4097.17948684	4103.71794844	4085.6410253	4084.99999966	4103.84615357	4080.89743555	4071.15384581	4068.84615343	3865.89743507	
4139.74358954	4100.38461504	4084.99999966	4082.82051248	4097.17948684	4097.05128171	4100.38461504	4078.20512786	4079.61538427	4098.07692273	4079.23076889	4068.07692266	4065.38461497	3854.99999917	
4137.56410236	4093.71794837	4079.48717914	4081.66666632	4095.51282017	4092.30769196	4094.99999966	4067.56410215	4069.6153842	4087.69230735	4070.6410253	4067.17948677	4056.410256	3842.30769148	
4135.25640998	4091.92307658	4078.07692273	4081.53846119	4095.25640991	4087.17948684	4094.48717914	4062.30769189	4057.17948677	4082.82051248	4064.35897395	4064.48717907	4049.87179446	3826.66666577	
4132.17948691	4088.97435863	4077.30769196	4078.8461535	4093.58974325	4084.99999966	4092.82051248	4060.89743548	4052.69230728	4084.61538427	4064.6153842	4060.76923036	4050.64102523	3813.58974269	
4129.99999973	4079.61538427	4073.71794837	4069.23076882	4086.53846119	4079.87179453	4088.20512786	4056.79487138	4051.79487138	4080.89743555	4062.30769189	4059.6153842	4048.46153805	3808.71794782	
4126.15384588	4081.28205094	4076.02564068	4070.25640991	4083.58974325	4078.20512786	4089.35897402	4059.48717907	4055.64102523	4078.71794837	4062.94871754	4064.74358933	4049.87179446	3811.02564013	
4123.9743587	4086.66666632	4078.07692273	4075.76923043	4079.87179453	4075.76923043	4090.25640991	4061.53846113	4055.76923036	4073.71794837	4060.64102523	4065.5128201	4050.64102523	3808.07692218	
4121.92307665	4082.17948684	4077.30769196	4071.79487145	4072.94871761	4069.99999966	4087.82051248	4059.23076882	4052.82051241	4071.79487145	4059.74358933	4065.25640984	4050.89743548	3807.30769141	
4119.8717946	4075.89743555	4075.51282017	4065.12820472	4071.41025607	4067.94871754	4085.12820478	4058.7179483	4055.38461497	4079.35897402	4065.64102523	4065.64102523	4053.84615343	3803.71794775	
4119.74358947	4077.69230735	4071.66666632	4065.89743548	4072.69230735	4066.410256	4081.28205094	4056.53846113	4055.64102523	4080.76923043	4068.20512779	4062.82051241	4053.58974318	3798.20512724	
4117.17948691	4080.51282017	4069.87179453	4069.48717907	4072.82051248	4064.48717907	4078.07692273	4052.30769189	4052.43589702	4078.07692273	4068.58974318	4064.10256369	4054.10256369	3799.10256313	
4116.53846126	4074.10256376	4066.02564061	4063.97435856	4068.33333292	4061.28205087	4077.94871761	4049.10256369	4050.12820472	4079.10256376	4064.99999959	4061.15384574	4052.05128164	3793.20512724	
4117.17948691	4071.02564068	4063.58974318	4061.92307651	4068.46153805	4069.35897395	4084.48717914	4057.17948677	4057.69230728	4086.02564068	4063.33333292	4056.53846113	4053.07692266	3795.51281954	
4113.58974332	4071.28205094	4060.76923036	4061.02564061	4068.84615343	4077.30769196	4087.05128171	4060.5128201	4059.74358933	4086.02564068	4064.6153842	4053.33333292	4051.02564061	3791.92307595	
4111.28205101	4063.7179483	4052.30769189	4049.6153842	4062.69230728	4068.58974318	4081.02564068	4047.94871754	4048.84615343	4075.6410253	4057.94871754	4044.6153842	4041.15384574	3770.25640922	
4110.64102537	4059.48717907	4048.84615343	4047.05128164	4066.28205087	4067.05128164	4081.02564068	4045.76923036	4052.05128164	4075.6410253	4051.92307651	4042.17948677	4039.10256369	3765.89743486	
4109.74358947	4059.23076882	4046.66666625	4048.20512779	4070.89743555	4070.51282017	4082.94871761	4048.7179483	4054.10256369	4080.12820478	4051.66666625	4042.94871754	4038.07692266	3768.33333229	
4108.71794844	4057.69230728	4047.43589702	4047.30769189	4068.84615343	4067.69230728	4083.07692273	4048.07692266	4044.48717907	4076.92307658	4054.10256369	4040.64102523	4036.02564054	3769.48717845	
4106.53846126	4060.76923036	4053.33333292	4053.20512779	4067.43589702	4064.74358933	4080.51282017	4046.15384574	4041.53846113	4071.41025607	4051.92307651	4041.92307651	4036.15384567	3764.35897332	
4107.17948691	4061.92307651	4052.17948677	4054.99999959	4067.56410215	4060.89743548	4076.02564068	4039.74358933	4039.10256369	4069.10256369	4045.25640984	4042.82051241	4031.2820508	3754.35897332	
4107.94871767	4060.25640984	4051.410256	4051.79487138	4072.69230735	4060.89743548	4077.43589709	4045.12820472	4040.76923036	4076.66666632	4051.410256	4045.38461497	4034.87179439	3767.69230665	
4106.15384588	4055.25640984	4051.66666625	4047.82051241	4069.87179453	4062.82051241	4077.82051248	4053.84615343	4047.82051241	4082.17948684	4052.82051241	4042.94871754	4040.64102523	3775.64102467	
4104.8717946	4053.7179483	4046.92307651	4044.99999959	4061.28205087	4060.25640984	4072.69230735	4050.76923036	4049.6153842	4078.58974325	4044.6153842	4036.66666618	4034.99999952	3762.56410153	
4102.69230742	4056.66666625	4042.56410215	4043.46153805	4061.66666625	4057.05128164	4071.41025607	4047.82051241	4046.66666625	4077.56410222	4049.6153842	4038.33333292	4031.66666618	3754.48717845	
4104.10256383	4055.5128201	4043.07692266	4043.33333292	4067.82051241	4059.6153842	4077.17948684	4054.35897395	4049.23076882	4080.6410253	4053.20512779	4040.25640984	4035.51282003	3765.12820409	
4106.28205101	4058.97435856	4047.82051241	4049.48717907	4072.82051248	4068.20512779	4083.97435863	4064.74358933	4057.94871754	4089.99999966	4051.79487138	4043.33333292	4042.82051241	3787.05128108	
4106.41025614	4059.87179446	4046.28205087	4049.35897395	4069.35897395	4069.10256369	4083.07692273	4060.76923036	4055.89743548	4093.58974325	4052.56410215	4044.23076882	4041.410256	3784.99999903	
4108.58974332	4051.53846113	4040.76923036	4040.89743548	4069.23076882	4064.99999959	4082.43589709	4052.30769189	4050.12820472	4087.69230735	4054.48717907	4039.6153842	4035.3846149	3771.92307588	
4109.74358947	4052.69230728	4042.69230728	4040.25640984	4079.7435894	4075.6410253	4089.7435894	4063.7179483	4058.20512779	4092.69230735	4062.30769189	4042.94871754	4045.25640984	3788.20512724	
4107.56410229	4051.79487138	4038.7179483	4037.30769189	4077.94871761	4085.6410253	4090.6410253	4069.7435894	4057.56410215	4093.33333299	4061.410256	4042.94871754	4048.07692266	3792.82051185	
4101.79487145	4042.82051241	4028.71794824	4029.35897388	4076.53846119	4079.99999966	4086.15384581	4057.30769189	4050.38461497	4084.23076889	4051.15384574	4031.92307644	4035.51282003	3764.48717845	
4100.51282017	4041.28205087	4026.2820508	4027.30769183	4085.38461504	4072.69230735	4083.20512786	4050.5128201	4054.74358933	4084.87179453	4049.6153842	4024.99999952	4033.84615336	3750.89743486	
4105.64102537	4039.23076882	4027.05128157	4024.10256362	4076.15384581	4066.66666625	4078.46153812	4052.56410215	4050.5128201	4083.33333299	4052.82051241	4026.66666618	4036.02564054	3766.79487076	
4102.17948684	4038.46153805	4033.46153798	4024.10256362	4069.6153842	4064.23076882	4079.61538427	4052.56410215	4041.02564061	4077.82051248	4053.07692266	4033.46153798	4032.30769183	3758.58974255	
4095.25640991	4044.48717907	4040.64102523	4028.71794824	4076.66666632	4065.5128201	4082.30769196	4046.79487138	4042.43589702	4076.02564068	4047.43589702	4036.41025593	4030.89743541	3727.94871684	
4097.82051248	4044.6153842	4037.94871754	4024.99999952	4069.6153842	4064.10256369	4077.05128171	4047.56410215	4044.48717907	4072.17948684	4040.64102523	4034.10256362	4030.3846149	3745.89743486	
4096.92307658	4040.5128201	4036.02564054	4021.66666618	4064.87179446	4062.17948677	4072.56410222	4050.89743548	4043.07692266	4074.35897402	4044.35897395	4035.89743541	4031.53846106	3758.07692204	
4091.92307658	4037.17948677	4036.53846106	4021.41025593	4068.46153805	4059.74358933	4072.82051248	4045.25640984	4041.02564061	4076.53846119	4049.6153842	4037.30769189	4031.02564054	3735.12820402	
4093.71794837	4039.48717907	4035.51282003	4022.69230721	4068.07692266	4058.46153805	4072.17948684	4043.58974318	4040.64102523	4070.25640991	4044.6153842	4036.2820508	4026.66666618	3739.23076812	
4097.43589709	4044.23076882	4034.23076875	4029.74358926	4068.20512779	4059.48717907	4067.94871754	4042.43589702	4036.15384567	4066.410256	4038.46153805	4035.51282003	4023.07692259	3738.71794761	
4097.43589709	4040.12820472	4031.92307644	4028.07692259	4066.02564061	4059.10256369	4064.6153842	4041.02564061	4034.10256362	4067.17948677	4039.10256369	4030.89743541	4022.30769183	3731.92307582	
4092.56410222	4034.10256362	4026.66666618	4019.23076875	4065.25640984	4059.87179446	4066.53846113	4042.17948677	4040.25640984	4071.15384581	4038.97435856	4025.12820465	4022.82051234	3728.07692197	
4094.87179453	4035.64102516	4019.74358926	4019.74358926	4066.410256	4061.53846113	4068.58974318	4038.97435856	4040.5128201	4073.07692273	4036.41025593	4020.89743541	4020.51282003	3724.23076812	
4099.87179453	4038.97435856	4020.12820465	4025.3846149	4065.38461497	4062.43589702	4071.02564068	4040.38461497	4041.02564061	4073.33333299	4041.28205087	4024.35897388	4021.66666618	3737.94871684	
4096.53846119	4035.3846149	4020.76923029	4022.30769183	4060.12820472	4058.46153805	4069.87179453	4038.97435856	4041.02564061	4069.6153842	4043.58974318	4022.69230721	4021.15384567	3732.56410146	
4094.99999966	4031.02564054	4015.25640977	4017.56410208	4061.53846113	4051.15384574	4064.23076882	4031.53846106	4032.69230721	4062.82051241	4037.82051241	4012.43589695	4013.97435849	3716.66666556	
4095.51282017	4031.15384567	4012.05128157	4016.15384567	4066.02564061	4053.20512779	4063.97435856	4034.61538413	4030.76923029	4063.20512779	4036.53846106	4013.20512772	4012.69230721	3715.76922966	
4097.43589709	4024.74358926	4010.76923029	4007.56410208	4059.23076882	4055.38461497	4066.15384574	4033.84615336	4028.84615336	4058.33333292	4033.71794824	4014.61538413	4008.84615336	3708.0769219	
4097.82051248	4024.10256362	4014.35897388	4009.74358926	4056.66666625	4052.43589702	4063.58974318	4025.89743541	4024.10256362	4053.46153805	4032.1794867	4014.74358926	4004.10256362	3704.61538344	
4094.35897402	4031.79487131	4018.33333285	4018.97435849	4056.79487138	4048.97435856	4056.79487138	4022.05128157	4018.71794824	4055.76923036	4035.76923029	4018.97435849	4006.15384567	3702.30769113	
4096.15384581	4030.12820465	4017.30769183	4012.94871747	4050.76923036	4045.64102523	4054.23076882	4020.3846149	4011.79487131	4052.94871754	4036.66666618	4020.12820465	4006.41025593	3699.48717831	
4098.46153812	4028.46153798	4024.23076875	4013.07692259	4053.7179483	4046.28205087	4057.43589702	4027.30769183	4015.64102516	4052.43589702	4040.38461497	4024.99999952	4012.82051234	3709.48717838	
4096.41025607	4029.74358926	4026.53846106	4017.1794867	4052.69230728	4039.35897395	4051.02564061	4023.71794824	4013.07692259	4046.53846113	4032.56410208	4020.76923029	4008.46153798	3698.9743578	
4095.38461504	4029.23076875	4021.2820508	4013.46153798	4047.30769189	4035.12820465	4045.25640984	4015.51282003	4003.20512765	4038.33333292	4025.25640977	4012.43589695	3998.71794817	3685.51281934	
4099.10256376	4033.07692259	4023.33333285	4015.3846149	4056.15384574	4041.66666625	4049.35897395	4024.87179439	4011.02564054	4042.43589702	4036.53846106	4017.05128157	4008.46153798	3700.25640908	
4100.12820478	4033.20512772	4024.10256362	4016.79487131	4062.56410215	4044.99999959	4052.30769189	4033.33333285	4020.25640977	4047.69230728	4038.97435856	4018.07692259	4018.71794824	3712.56410146	
4097.30769196	4029.35897388	4020.51282003	4016.53846106	4054.23076882	4045.38461497	4050.89743548	4031.66666618	4019.35897388	4048.7179483	4032.43589695	4015.76923029	4017.94871747	3708.33333216	
4099.7435894	4027.30769183	4020.25640977	4014.87179439	4048.7179483	4042.69230728	4049.99999959	4027.56410208	4018.84615336	4050.38461497	4034.61538413	4020.64102516	4016.79487131	3701.92307575	
4102.43589709	4029.487179	4023.33333285	4012.30769183	4055.64102523	4044.23076882	4054.10256369	4031.15384567	4021.66666618	4054.10256369	4038.58974318	4023.58974311	4022.1794867	3709.10256299	
4099.35897402	4033.20512772	4023.97435849	4017.82051234	4060.25640984	4047.17948677	4054.74358933	4032.43589695	4018.97435849	4052.30769189	4034.99999952	4018.97435849	4022.30769183	3713.46153735	
4097.82051248	4032.56410208	4019.99999952	4022.94871747	4048.20512779	4034.487179	4043.7179483	4015.51282003	4004.74358926	4037.69230728	4023.20512772	4011.53846106	4005.76923029	3694.87179369	
4098.97435863	4036.92307651	4023.84615336	4028.46153798	4040.38461497	4023.84615336	4037.17948677	4007.82051234	3995.2564097	4027.30769183	4018.20512772	4014.99999952	3999.48717894	3685.89743472	
4102.17948684	4045.12820472	4032.1794867	4037.43589702	4045.76923036	4028.71794824	4041.53846113	4017.05128157	3997.43589688	4027.82051234	4017.82051234	4020.25640977	4006.2820508	3694.87179369	
4103.84615357	4046.92307651	4032.56410208	4042.05128164	4048.07692266	4031.02564054	4044.87179446	4020.51282003	3999.87179432	4026.2820508	4012.82051234	4018.33333285	4003.20512765	3700.76922959	
4098.71794837	4043.20512779	4030.51282003	4039.99999959	4040.76923036	4025.3846149	4041.02564061	4014.99999952	3997.30769176	4021.53846106	4011.15384567	4017.05128157	3997.82051227	3690.64102446	
4095.25640991	4037.94871754	4026.41025593	4034.35897388	4033.84615336	4018.71794824	4035.25640977	4008.07692259	3988.71794817	4019.23076875	4009.10256362	4011.02564054	3993.07692252	3672.17948593	
4097.30769196	4038.7179483	4024.99999952	4031.66666618	4042.82051241	4019.74358926	4037.05128164	4011.02564054	3992.43589688	4026.02564054	4007.30769183	4011.79487131	3992.9487174	3676.53846036	
4099.23076889	4038.84615343	4028.46153798	4031.15384567	4048.20512779	4027.82051234	4042.05128164	4019.61538413	4006.53846106	4033.07692259	4010.12820465	4020.3846149	3999.10256355	3687.05128087	
4100.25640991	4033.07692259	4026.2820508	4031.53846106	4038.07692266	4030.51282003	4042.82051241	4021.79487131	4010.25640977	4031.02564054	4015.3846149	4020.25640977	4005.12820465	3689.23076805	
4098.8461535	4031.66666618	4024.487179	4031.15384567	4039.48717907	4028.33333285	4041.28205087	4023.07692259	4009.87179439	4033.71794824	4019.23076875	4018.71794824	4009.61538413	3697.179486	
4098.58974325	4033.33333285	4024.99999952	4026.2820508	4050.5128201	4027.82051234	4039.74358933	4024.10256362	4008.46153798	4038.58974318	4014.23076875	4019.487179	4006.41025593	3699.10256293	
4099.48717914	4034.10256362	4026.92307644	4026.15384567	4050.64102523	4031.15384567	4040.89743548	4026.41025593	4009.87179439	4040.25640984	4012.82051234	4019.61538413	4004.487179	3703.46153728	
4101.41025607	4033.97435849	4026.15384567	4028.20512772	4047.56410215	4031.02564054	4041.28205087	4027.1794867	4007.82051234	4038.20512779	4013.71794824	4016.41025593	4003.71794817	3703.71794754	
4102.05128171	4034.10256362	4024.74358926	4026.79487131	4051.92307651	4030.76923029	4043.7179483	4031.41025593	4007.30769183	4037.43589702	4008.84615336	4013.71794824	4001.66666611	3699.23076805	
4103.58974332	4041.28205087	4031.79487131	4031.15384567	4054.10256369	4038.46153805	4053.46153805	4046.66666625	4020.3846149	4047.56410215	4015.12820465	4021.02564054	4010.76923029	3721.92307582	
4108.84615357	4042.56410215	4035.89743541	4034.61538413	4051.66666625	4040.25640984	4058.84615343	4051.410256	4024.35897388	4050.12820472	4022.94871747	4024.487179	4015.25640977	3738.2051271	
4109.8717946	4038.7179483	4032.05128157	4033.07692259	4053.97435856	4038.58974318	4055.12820472	4044.6153842	4011.53846106	4043.84615343	4021.15384567	4020.51282003	4010.64102516	3727.05128094	
4107.56410229	4039.35897395	4030.25640977	4028.71794824	4051.66666625	4039.35897395	4048.20512779	4039.48717907	3999.35897381	4045.38461497	4017.94871747	4017.82051234	4009.87179439	3714.23076812	
4106.79487152	4038.33333292	4028.20512772	4023.71794824	4046.79487138	4035.3846149	4041.15384574	4031.41025593	3992.17948663	4045.38461497	4012.05128157	4013.33333285	4005.25640977	3702.30769113	
4104.8717946	4037.43589702	4024.10256362	4029.23076875	4049.99999959	4030.76923029	4037.30769189	4025.25640977	3988.84615329	4042.30769189	4010.64102516	4013.20512772	3999.61538406	3699.48717831	
4104.35897408	4038.20512779	4023.71794824	4031.66666618	4045.64102523	4026.15384567	4033.84615336	4020.64102516	3982.30769176	4040.12820472	4012.82051234	4016.66666618	4000.89743535	3697.43589626	
4104.99999973	4040.12820472	4027.1794867	4028.71794824	4039.48717907	4026.02564054	4031.53846106	4012.69230721	3972.30769176	4036.02564054	4009.23076875	4014.74358926	3999.74358919	3688.0769219	
4106.28205101	4040.64102523	4030.51282003	4031.2820508	4042.69230728	4029.10256362	4032.43589695	4011.02564054	3968.07692246	4031.41025593	4004.99999952	4012.30769183	3997.82051227	3687.30769113	
4107.17948691	4038.46153805	4033.46153798	4032.30769183	4042.05128164	4024.87179439	4030.64102516	4016.15384567	3967.56410194	4031.02564054	4010.12820465	4016.15384567	4002.30769176	3690.25640908	
4101.15384581	4034.10256362	4031.2820508	4027.94871747	4040.25640984	4018.33333285	4024.35897388	4012.69230721	3963.33333271	4030.64102516	4010.12820465	4015.51282003	4002.82051227	3684.23076805	
4097.69230735	4028.33333285	4020.3846149	4018.97435849	4035.12820465	4014.99999952	4020.64102516	4002.0512815	3957.17948656	4024.23076875	3998.71794817	4005.76923029	3991.53846099	3669.10256286	
4098.58974325	4029.35897388	4018.46153798	4015.76923029	4030.12820465	4019.487179	4027.69230721	4010.51282003	3964.23076861	4026.66666618	4002.9487174	4006.79487131	3989.61538406	3668.33333209	
4097.69230735	4032.69230721	4024.23076875	4022.94871747	4034.487179	4022.30769183	4032.94871747	4022.05128157	3972.69230714	4033.97435849	3993.33333278	4016.02564054	3997.56410201	3677.94871677	
4098.46153812	4034.74358926	4019.23076875	4027.94871747	4034.99999952	4020.12820465	4031.66666618	4012.94871747	3966.66666605	4032.43589695	3980.89743535	4011.92307644	3998.20512765	3672.0512808	
4098.20512786	4038.7179483	4021.2820508	4024.61538413	4032.05128157	4023.97435849	4033.07692259	4014.487179	3968.58974297	4032.43589695	3999.87179432	4010.64102516	4002.17948663	3674.7435885	
4099.23076889	4033.58974311	4029.23076875	4017.1794867	4032.69230721	4026.92307644	4035.89743541	4027.05128157	3977.17948663	4036.15384567	4015.64102516	4018.33333285	4004.87179439	3689.61538344	
4101.53846119	4030.89743541	4028.07692259	4022.05128157	4038.46153805	4029.23076875	4038.58974318	4029.35897388	3977.69230714	4038.07692266	4013.58974311	4019.487179	4002.69230714	3696.2820501	
4102.69230742	4042.69230728	4025.64102516	4034.87179439	4042.05128164	4029.23076875	4035.64102516	4027.82051234	3973.33333278	4035.76923029	4006.79487131	4016.79487131	4002.17948663	3695.38461421	
4104.8717946	4046.92307651	4028.33333285	4035.3846149	4043.07692266	4027.05128157	4032.94871747	4027.56410208	3975.2564097	4034.23076875	4011.53846106	4016.92307644	4002.82051227	3693.71794754	
4106.02564075	4049.35897395	4037.30769189	4034.61538413	4053.20512779	4036.02564054	4041.92307651	4035.3846149	3987.17948663	4039.23076882	4038.20512779	4021.66666618	4009.35897388	3719.61538351	
4106.28205101	4053.97435856	4039.87179446	4038.07692266	4055.12820472	4042.56410215	4045.76923036	4037.17948677	3984.74358919	4033.71794824	4045.12820472	4020.76923029	4008.07692259	3736.4102553	
4105.12820485	4047.17948677	4035.25640977	4036.02564054	4047.82051241	4037.30769189	4038.20512779	4031.15384567	3975.51281996	4024.35897388	4025.12820465	4020.25640977	4006.15384567	3716.53846043	
4104.10256383	4043.46153805	4035.89743541	4033.71794824	4048.20512779	4038.20512779	4039.87179446	4039.10256369	3985.2564097	4032.30769183	4049.6153842	4025.76923029	4016.53846106	3725.38461428	
4103.71794844	4047.30769189	4033.84615336	4032.56410208	4043.20512779	4036.02564054	4040.76923036	4036.92307651	3981.28205073	4031.53846106	4082.94871761	4014.35897388	4008.20512772	3733.33333223	
4100.12820478	4046.28205087	4031.2820508	4031.53846106	4040.12820472	4028.71794824	4034.74358926	4025.76923029	3967.30769169	4024.23076875	4073.46153812	4006.53846106	3996.79487124	3717.17948607	
4095.76923043	4042.82051241	4027.82051234	4027.82051234	4046.02564061	4029.87179439	4033.58974311	4027.69230721	3971.53846099	4029.10256362	4073.8461535	4012.1794867	4005.51282003	3712.56410146	
4093.07692273	4038.58974318	4019.74358926	4022.43589695	4033.97435849	4022.30769183	4028.97435849	4019.74358926	3965.76923015	4023.33333285	4079.7435894	4005.76923029	4000.12820458	3696.53846036	
4089.87179453	4033.20512772	4014.87179439	4020.25640977	4022.56410208	4013.84615336	4023.84615336	4011.53846106	3956.15384553	4020.64102516	4082.05128171	3998.46153791	3988.46153791	3684.35897318	
4088.46153812	4032.1794867	4013.97435849	4017.1794867	4028.46153798	4016.41025593	4020.3846149	4012.56410208	3956.9230763	4025.64102516	4085.38461504	3997.82051227	3988.84615329	3683.46153728	
4089.35897402	4037.43589702	4017.69230721	4014.99999952	4026.02564054	4018.71794824	4018.58974311	4011.92307644	3956.53846092	4022.1794867	4083.58974325	4001.02564047	3992.0512815	3686.2820501	
4088.8461535	4039.87179446	4025.76923029	4021.2820508	4019.61538413	4015.64102516	4019.10256362	4012.43589695	3956.53846092	4019.99999952	4085.38461504	4011.79487131	3994.74358919	3694.35897318	
4089.7435894	4037.43589702	4028.07692259	4026.02564054	4022.30769183	4010.89743541	4017.69230721	4011.66666618	3953.97435835	4017.94871747	4086.53846119	4016.66666618	3993.33333278	3695.51281934	
4088.58974325	4037.56410215	4024.99999952	4024.10256362	4023.84615336	4010.64102516	4015.3846149	4006.2820508	3947.05128143	4011.2820508	4078.33333299	4012.94871747	3990.12820458	3688.58974241	
4087.05128171	4035.51282003	4023.84615336	4020.51282003	4015.51282003	4009.61538413	4014.87179439	4000.51281996	3940.76923015	4004.87179439	4073.07692273	4011.02564054	3988.20512765	3674.99999875	
4087.17948684	4034.74358926	4024.10256362	4021.15384567	4015.51282003	4007.05128157	4016.92307644	4002.69230714	3942.56410194	4009.10256362	4077.30769196	4011.2820508	3988.20512765	3679.48717831	
4086.15384581	4042.94871754	4023.46153798	4028.07692259	4023.20512772	4008.33333285	4013.84615336	4008.58974311	3949.48717887	4017.43589695	4078.71794837	4011.92307644	3992.82051227	3695.64102446	
4086.79487145	4044.74358933	4019.487179	4027.69230721	4017.05128157	4007.82051234	4011.02564054	4006.53846106	3949.48717887	4016.2820508	4072.05128171	4008.33333285	3993.20512765	3689.61538344	
4086.41025607	4038.7179483	4014.61538413	4024.487179	4014.10256362	4006.79487131	4014.87179439	4003.97435842	3947.69230707	4014.74358926	4069.48717907	4003.84615329	3990.64102509	3682.94871677	
4082.05128171	4036.66666618	4009.99999952	4021.41025593	4021.53846106	4008.20512772	4013.58974311	4001.66666611	3946.9230763	4016.41025593	4062.69230728	3997.56410201	3987.9487174	3674.48717824	
4078.07692273	4033.20512772	4002.56410201	4013.46153798	4019.74358926	4008.97435849	4009.35897388	3999.61538406	3946.15384553	4017.56410208	4045.5128201	3989.87179432	3984.23076868	3658.33333209	
4074.99999966	4027.43589695	3994.61538406	4007.69230721	4011.2820508	4005.12820465	4007.69230721	4000.12820458	3948.46153784	4016.66666618	4039.35897395	3983.58974304	3979.99999945	3650.89743465	
4073.58974325	4024.10256362	3986.41025586	4002.17948663	4006.02564054	3997.0512815	4006.53846106	3992.30769176	3941.0256404	4010.25640977	4038.07692266	3973.58974304	3969.74358912	3634.10256279	
4071.92307658	4025.64102516	3986.1538456	4000.89743535	4005.51282003	3994.10256355	4006.79487131	3983.58974304	3927.43589674	4002.69230714	4028.97435849	3970.38461476	3960.89743528	3616.28204997	
4068.33333292	4023.07692259	3988.71794817	3998.71794817	4000.51281996	3989.61538406	4001.41025586	3976.79487124	3919.99999931	3995.76923022	4016.53846106	3975.38461483	3957.8205122	3603.33333195	
4067.56410215	4016.41025593	3983.20512765	3992.30769176	3991.41025586	3982.56410201	3994.99999945	3968.46153784	3914.99999931	3989.87179432	4009.35897388	3975.51281996	3955.51281989	3587.69230631	
4066.53846113	4019.35897388	3985.64102509	3996.79487124	3989.61538406	3984.48717894	3996.66666611	3974.10256355	3913.97435828	3990.38461483	4012.1794867	3979.10256355	3958.33333271	3594.35897297	
4064.74358933	4021.53846106	3992.82051227	4002.69230714	3988.46153791	3980.51281996	3994.99999945	3977.43589688	3915.64102495	3990.64102509	4012.1794867	3984.10256355	3961.28205066	3603.97435759	
4065.76923036	4020.64102516	3995.64102509	4004.23076875	3992.82051227	3978.07692252	3995.12820458	3977.56410201	3924.99999931	3993.84615329	4015.64102516	3990.76923022	3967.43589681	3612.94871663	
4068.97435856	4022.43589695	3997.9487174	4006.02564054	4000.64102509	3988.07692252	4001.1538456	3985.64102509	3929.74358905	4000.76923022	4023.20512772	3997.56410201	3973.71794817	3631.79487048	
4067.69230728	4019.23076875	3995.38461483	4003.07692252	3996.1538456	3988.58974304	3995.76923022	3977.56410201	3914.35897367	3993.84615329	4017.69230721	3988.33333278	3964.10256348	3615.64102432	
4058.46153805	4014.74358926	3988.58974304	3999.61538406	3992.69230714	3980.89743535	3987.30769176	3961.9230763	3906.28205059	3985.51281996	4004.487179	3976.41025586	3951.79487117	3588.5897422	
4054.48717907	4008.46153798	3980.51281996	3994.87179432	3993.33333278	3979.87179432	3989.48717894	3958.84615322	3906.92307623	3982.9487174	3990.64102509	3968.46153784	3943.07692246	3582.30769092	
4054.74358933	4006.53846106	3978.97435842	3991.41025586	3993.46153791	3984.74358919	3993.20512765	3964.61538399	3905.76923008	3984.87179432	3988.71794817	3963.58974297	3939.87179425	3578.20512682	
4054.6153842	4011.92307644	3987.56410201	3995.38461483	3996.28205073	3985.89743535	3991.02564047	3974.23076868	3910.51281982	3997.69230714	4006.79487131	3972.17948663	3953.33333271	3595.12820374	
4055.25640984	4010.51282003	3991.41025586	3997.17948663	3997.17948663	3980.2564097	3987.43589688	3978.07692252	3906.02564033	3999.87179432	4016.15384567	3981.41025586	3961.41025579	3606.53846015	
4050.12820472	4006.15384567	3990.89743535	3996.66666611	3995.12820458	3979.10256355	3988.46153791	3976.02564047	3891.79487103	3989.99999945	4009.10256362	3981.79487124	3957.56410194	3593.33333195	
4050.12820472	4003.97435842	3989.74358919	3994.99999945	3990.89743535	3980.38461483	3987.56410201	3970.89743528	3881.79487103	3986.02564047	4004.487179	3977.69230714	3953.20512758	3583.5897422	
4052.43589702	4002.17948663	3986.1538456	3991.1538456	3990.12820458	3979.99999945	3986.1538456	3969.10256348	3878.71794796	3990.2564097	4008.07692259	3977.17948663	3954.74358912	3582.17948579	
4045.25640984	3996.1538456	3979.87179432	3985.38461483	3989.48717894	3975.51281996	3988.20512765	3970.89743528	3880.89743514	3989.61538406	4002.17948663	3976.1538456	3955.38461476	3576.79487034	
4038.07692266	3986.41025586	3971.79487124	3977.56410201	3981.41025586	3970.89743528	3988.97435842	3965.64102502	3879.74358898	3984.10256355	3986.41025586	3969.99999938	3945.25640963	3557.43589598	
4039.48717907	3988.20512765	3973.71794817	3980.64102509	3986.02564047	3979.87179432	3992.43589688	3970.64102502	3884.74358898	3994.99999945	3989.61538406	3972.56410201	3947.94871733	3562.82051137	
4044.6153842	3992.56410201	3976.28205073	3988.07692252	3993.71794817	3985.76923022	3993.33333278	3977.9487174	3892.5641018	4002.43589688	3995.51281996	3974.61538406	3956.41025579	3583.33333195	
4041.15384574	3987.30769176	3970.76923015	3984.74358919	3989.74358919	3976.66666611	3987.82051227	3965.25640963	3885.51281975	3990.12820458	3981.02564047	3966.15384553	3947.8205122	3563.46153701	
4035.89743541	3984.10256355	3970.64102502	3979.74358919	3990.12820458	3973.58974304	3983.97435842	3956.41025579	3876.66666591	3983.58974304	3973.46153791	3962.43589681	3940.38461476	3543.07692155	
4036.15384567	3982.56410201	3969.74358912	3975.76923022	3986.41025586	3970.76923015	3982.69230714	3955.12820451	3873.58974283	3981.41025586	3973.33333278	3958.58974297	3936.15384546	3535.64102412	
4031.53846106	3979.74358919	3966.79487117	3973.46153791	3976.66666611	3962.56410194	3979.99999945	3951.66666605	3875.89743514	3976.1538456	3966.9230763	3951.79487117	3929.87179418	3520.38461386	
4025.76923029	3973.84615329	3964.35897374	3971.66666611	3973.84615329	3956.66666605	3974.48717894	3952.05128143	3875.76923001	3974.35897381	3959.61538399	3949.48717887	3926.7948711	3511.79487027	
4024.487179	3967.17948656	3958.58974297	3968.20512758	3972.43589688	3949.23076861	3968.46153784	3949.99999938	3868.20512738	3971.66666611	3955.51281989	3945.25640963	3921.02564033	3500.51281892	
4022.56410208	3968.33333271	3957.8205122	3967.43589681	3969.99999938	3947.94871733	3967.94871733	3948.07692246	3869.61538379	3971.41025586	3960.89743528	3943.07692246	3919.35897367	3496.02563943	
4023.07692259	3974.23076868	3963.97435835	3969.23076861	3972.17948663	3951.15384553	3970.89743528	3953.20512758	3876.92307616	3976.53846099	3968.7179481	3949.10256348	3928.33333264	3509.48717789	
4022.56410208	3977.56410201	3968.97435835	3976.1538456	3976.02564047	3950.76923015	3971.41025586	3958.97435835	3877.82051206	3978.84615329	3975.38461483	3959.10256348	3935.64102495	3519.23076771	
4017.56410208	3972.0512815	3961.53846092	3972.82051227	3971.0256404	3944.99999938	3966.15384553	3953.58974297	3871.92307609	3971.66666611	3975.89743535	3957.8205122	3928.20512751	3512.94871642	
4014.74358926	3964.35897374	3949.74358912	3960.12820451	3964.61538399	3939.61538399	3960.12820451	3939.23076861	3863.07692225	3963.84615322	3966.41025579	3943.58974297	3918.33333264	3488.71794712	
4011.66666618	3964.23076861	3949.23076861	3963.33333271	3964.61538399	3941.28205066	3959.74358912	3938.33333264	3862.56410173	3967.17948656	3963.7179481	3942.69230707	3920.76923008	3480.12820353	
4007.43589695	3961.53846092	3949.74358912	3964.99999938	3958.07692246	3937.56410187	3957.30769169	3942.94871733	3860.25640943	3966.79487117	3963.7179481	3947.94871733	3919.10256341	3481.41025482	
4002.0512815	3957.43589681	3948.33333271	3955.89743528	3953.33333271	3934.74358905	3956.15384553	3939.35897374	3855.64102481	3964.61538399	3962.30769169	3947.05128143	3913.5897429	3471.666665	
3998.33333278	3957.30769169	3945.12820451	3952.8205122	3957.30769169	3938.97435835	3959.35897374	3936.28205059	3858.97435814	3967.69230707	3959.35897374	3942.69230707	3911.92307623	3470.25640859	
3999.48717894	3952.30769169	3938.33333264	3950.12820451	3953.58974297	3936.15384546	3956.53846092	3933.5897429	3860.25640943	3964.23076861	3954.23076861	3935.12820444	3907.692307	3465.76922911	
4000.64102509	3953.20512758	3942.94871733	3950.25640963	3954.87179425	3938.07692239	3957.69230707	3940.76923015	3865.64102481	3968.20512758	3958.84615322	3938.33333264	3913.33333264	3473.20512654	
4004.74358926	3959.74358912	3950.25640963	3955.51281989	3961.15384553	3946.28205066	3964.74358912	3955.76923015	3876.53846078	3981.53846099	3965.89743528	3943.46153784	3922.56410187	3500.8974343	
4003.84615329	3959.23076861	3949.10256348	3957.56410194	3959.48717887	3944.48717887	3965.76923015	3958.07692246	3881.41025565	3982.0512815	3964.99999938	3941.15384553	3920.12820444	3503.84615225	
3999.10256355	3957.8205122	3948.33333271	3954.74358912	3956.0256404	3936.53846085	3958.07692246	3949.35897374	3875.64102488	3970.12820451	3957.43589681	3939.10256348	3912.94871726	3489.48717789	
4002.17948663	3956.0256404	3943.58974297	3951.66666605	3952.56410194	3932.43589674	3951.0256404	3937.17948649	3862.82051199	3958.84615322	3946.53846092	3932.692307	3903.71794796	3473.4615368	
4003.20512765	3956.53846092	3937.82051213	3954.23076861	3955.25640963	3933.71794803	3952.56410194	3935.25640957	3862.56410173	3958.46153784	3945.25640963	3930.38461469	3902.43589668	3465.51281885	
3998.58974304	3952.8205122	3936.7948711	3947.56410194	3953.84615322	3932.692307	3952.43589681	3938.7179481	3868.97435814	3960.76923015	3949.35897374	3929.74358905	3903.84615309	3465.89743423	
3993.20512765	3942.30769169	3934.74358905	3933.71794803	3943.97435835	3928.07692239	3948.07692246	3931.41025572	3866.0256402	3958.20512758	3941.15384553	3921.66666598	3894.23076847	3451.02563936	
3988.58974304	3937.82051213	3930.89743521	3931.15384546	3941.0256404	3926.92307623	3947.05128143	3926.66666598	3863.58974276	3958.46153784	3933.33333264	3919.4871788	3887.94871719	3443.71794698	
3988.71794817	3932.43589674	3926.7948711	3927.43589674	3939.99999938	3927.17948649	3948.84615322	3930.25640957	3868.07692225	3960.12820451	3932.692307	3920.25640957	3889.10256334	3446.92307526	
3987.56410201	3930.38461469	3927.94871726	3924.4871788	3940.38461476	3932.56410187	3953.97435835	3939.23076861	3878.84615309	3968.58974297	3937.94871726	3921.41025572	3894.61538385	3448.84615218	
3987.43589688	3934.74358905	3931.15384546	3931.02564033	3944.23076861	3935.64102495	3955.51281989	3943.84615322	3880.89743514	3972.30769176	3940.76923015	3922.17948649	3896.28205052	3457.43589577	
3992.69230714	3935.76923008	3929.10256341	3931.7948711	3944.23076861	3932.692307	3950.64102502	3936.66666598	3867.69230686	3959.10256348	3937.30769162	3919.23076854	3892.30769155	3451.666665	
3992.43589688	3934.35897367	3929.74358905	3925.25640957	3944.23076861	3933.20512751	3950.38461476	3936.53846085	3867.94871712	3961.0256404	3942.8205122	3921.66666598	3899.87179411	3444.48717775	
3989.35897381	3932.17948649	3928.84615316	3922.692307	3941.28205066	3928.07692239	3952.30769169	3938.46153784	3872.17948635	3968.97435835	3941.53846092	3921.53846085	3900.51281975	3438.46153673	
3987.17948663	3931.92307623	3925.89743521	3928.07692239	3934.99999931	3918.20512751	3947.69230707	3927.94871726	3859.10256327	3955.25640963	3929.4871788	3914.87179418	3887.30769155	3424.35897263	
3984.99999945	3933.84615316	3926.7948711	3931.7948711	3930.51281982	3915.64102495	3939.35897374	3919.61538392	3849.48717866	3942.8205122	3925.38461469	3914.74358905	3882.43589668	3420.12820339	
3987.0512815	3934.23076854	3929.99999931	3929.23076854	3931.92307623	3919.61538392	3938.7179481	3919.23076854	3850.89743507	3943.84615322	3928.97435828	3918.20512751	3883.33333257	3420.38461365	
3987.69230714	3935.76923008	3935.76923008	3931.92307623	3939.74358912	3924.4871788	3944.10256348	3923.46153777	3856.66666584	3947.69230707	3933.5897429	3924.4871788	3886.28205052	3428.07692134	
3985.64102509	3935.38461469	3931.53846085	3930.76923008	3935.51281982	3917.43589674	3939.10256348	3919.10256341	3851.15384532	3941.53846092	3931.92307623	3924.74358905	3886.66666591	3428.58974186	
3983.97435842	3935.12820444	3926.02564033	3926.66666598	3928.84615316	3912.30769162	3935.38461469	3912.43589674	3845.51281968	3938.7179481	3930.64102495	3919.35897367	3883.20512744	3418.07692134	
3983.71794817	3937.17948649	3930.76923008	3931.28205059	3935.51281982	3919.35897367	3941.28205066	3918.46153777	3856.53846071	3947.43589681	3930.51281982	3920.12820444	3884.10256334	3425.38461365	
3987.0512815	3934.87179418	3929.99999931	3930.51281982	3937.94871726	3921.15384546	3943.20512758	3925.89743521	3862.82051199	3950.51281989	3927.692307	3920.25640957	3889.87179411	3435.38461365	
3987.69230714	3935.64102495	3928.33333264	3927.56410187	3938.33333264	3923.33333264	3946.0256404	3935.12820444	3866.53846071	3955.89743528	3935.64102495	3923.33333264	3899.61538385	3448.84615218	
3982.0512815	3933.20512751	3925.89743521	3926.7948711	3936.02564033	3923.84615316	3945.38461476	3935.12820444	3867.56410173	3956.79487117	3935.76923008	3922.56410187	3896.28205052	3448.20512654	
3976.02564047	3921.53846085	3918.71794803	3918.20512751	3929.23076854	3914.23076854	3938.33333264	3920.12820444	3856.66666584	3943.7179481	3919.99999931	3910.51281982	3881.02564027	3417.30769057	
3974.99999945	3919.87179418	3915.64102495	3912.05128136	3933.71794803	3915.76923008	3938.33333264	3919.74358905	3855.1282043	3941.28205066	3921.15384546	3905.76923008	3881.41025565	3410.51281871	
3979.23076868	3920.89743521	3911.66666598	3912.82051213	3940.76923015	3929.23076854	3943.46153784	3928.20512751	3863.97435814	3948.33333271	3926.53846085	3905.51281975	3884.10256334	3427.05128032	
3980.76923022	3921.28205059	3908.46153777	3918.20512751	3941.41025579	3934.4871788	3944.23076861	3927.82051213	3871.15384532	3952.69230707	3922.692307	3906.02564033	3882.69230693	3432.94871622	
3979.23076868	3927.30769162	3909.10256341	3922.56410187	3938.7179481	3926.7948711	3939.99999938	3923.97435828	3870.76922994	3952.94871733	3924.10256341	3907.30769162	3885.12820437	3427.05128032	
3980.51281996	3927.17948649	3907.05128136	3919.4871788	3932.56410187	3919.23076854	3938.58974297	3919.99999931	3861.41025558	3947.17948656	3921.41025572	3903.4615377	3878.33333257	3415.51281878	
3978.97435842	3926.02564033	3908.84615316	3919.99999931	3932.56410187	3923.46153777	3940.51281989	3918.84615316	3858.3333325	3941.15384553	3917.94871726	3904.61538385	3873.84615309	3415.38461365	
3977.30769176	3926.7948711	3914.61538392	3921.53846085	3932.56410187	3921.66666598	3935.76923008	3914.87179418	3856.0256402	3936.02564033	3916.66666598	3908.20512751	3876.41025565	3414.61538288	
3975.64102509	3923.20512751	3914.74358905	3919.10256341	3925.64102495	3909.23076854	3928.5897429	3905.12820437	3847.56410173	3930.76923008	3911.7948711	3904.61538385	3869.87179404	3400.76922897	
3972.82051227	3923.5897429	3916.7948711	3918.46153777	3925.38461469	3903.71794796	3929.99999931	3907.56410187	3849.35897353	3931.41025572	3915.51281982	3905.2564095	3866.66666584	3402.43589563	
3976.92307637	3928.46153777	3924.74358905	3921.41025572	3931.66666598	3908.71794803	3932.82051213	3917.94871726	3858.84615302	3937.17948649	3925.89743521	3913.84615316	3877.94871719	3423.97435724	
3980.38461483	3932.82051213	3929.23076854	3929.23076854	3935.12820444	3917.692307	3934.87179418	3926.7948711	3866.66666584	3946.66666605	3931.7948711	3923.07692239	3889.99999924	3445.51281878	
3980.12820458	3932.82051213	3926.66666598	3929.99999931	3930.89743521	3919.87179418	3935.89743521	3929.99999931	3869.48717866	3949.99999938	3931.66666598	3923.97435828	3888.33333257	3449.48717782	
3977.17948663	3932.17948649	3922.692307	3924.74358905	3928.71794803	3916.7948711	3932.94871726	3924.74358905	3865.38461455	3943.58974297	3927.56410187	3915.25640957	3880.89743514	3435.12820339	
3971.66666611	3927.05128136	3918.84615316	3919.61538392	3934.4871788	3919.23076854	3933.33333264	3922.17948649	3863.84615302	3943.33333271	3924.61538392	3909.23076854	3880.51281975	3425.51281878	
3969.87179425	3914.61538392	3910.12820444	3907.94871726	3932.05128136	3922.56410187	3936.28205059	3920.38461469	3866.28205045	3945.89743528	3921.53846085	3907.05128136	3879.99999924	3419.74358801	
3968.7179481	3913.84615316	3906.28205059	3908.97435828	3925.12820444	3920.12820444	3932.30769162	3916.66666598	3865.64102481	3943.97435835	3917.56410187	3903.07692232	3875.2564095	3413.58974186	
3968.46153784	3921.15384546	3905.64102495	3919.99999931	3925.38461469	3911.53846085	3923.07692239	3910.38461469	3856.0256402	3938.33333264	3909.99999931	3893.58974283	3867.05128122	3403.97435717	
3970.12820451	3923.33333264	3905.51281975	3922.43589674	3929.35897367	3908.20512751	3922.82051213	3910.38461469	3855.51281968	3937.30769162	3909.74358905	3892.69230693	3865.51281968	3401.28204948	
3970.76923015	3925.25640957	3913.07692239	3923.07692239	3932.05128136	3914.23076854	3930.89743521	3925.64102495	3874.87179411	3949.35897374	3923.5897429	3906.92307623	3878.71794796	3429.48717775	
3970.64102502	3924.23076854	3913.33333264	3922.43589674	3927.692307	3912.17948649	3930.12820444	3928.07692239	3877.5641018	3951.15384553	3924.4871788	3906.66666598	3880.89743514	3440.25640852	
3967.69230707	3925.76923008	3911.02564033	3922.17948649	3928.84615316	3910.89743521	3927.692307	3923.46153777	3870.38461455	3945.38461476	3919.99999931	3901.15384539	3878.58974283	3430.64102391	
3966.66666605	3928.33333264	3913.84615316	3923.84615316	3935.12820444	3916.92307623	3930.64102495	3929.10256341	3877.5641018	3949.48717887	3921.41025572	3905.51281975	3883.07692232	3438.46153673	
3968.33333271	3925.25640957	3911.02564033	3921.7948711	3934.4871788	3918.33333264	3932.30769162	3931.02564033	3879.61538385	3950.51281989	3915.51281982	3902.05128129	3881.15384539	3441.66666493	
3967.30769169	3922.692307	3907.30769162	3917.82051213	3935.38461469	3926.02564033	3936.66666598	3934.87179418	3882.82051206	3949.61538399	3916.28205059	3901.53846078	3880.76923001	3442.30769057	
3966.41025579	3919.35897367	3906.92307623	3913.33333264	3934.61538392	3930.12820444	3939.99999938	3934.87179418	3885.64102488	3949.61538399	3918.5897429	3902.30769155	3879.48717873	3439.2307675	
3966.0256404	3920.64102495	3909.99999931	3916.02564033	3936.41025572	3925.38461469	3936.41025572	3931.41025572	3882.05128129	3953.84615322	3919.35897367	3902.30769155	3880.76923001	3438.84615211	
3968.20512758	3930.76923008	3916.92307623	3925.64102495	3943.20512758	3928.07692239	3933.33333264	3943.33333271	3890.89743514	3963.07692246	3929.4871788	3915.38461469	3892.43589668	3465.12820346	
3973.46153791	3933.07692239	3922.05128136	3927.17948649	3942.17948656	3930.51281982	3937.94871726	3952.17948656	3902.17948642	3966.79487117	3933.5897429	3923.46153777	3897.69230693	3482.17948559	
3975.12820458	3931.41025572	3927.82051213	3927.94871726	3944.61538399	3930.51281982	3946.28205066	3951.79487117	3904.10256334	3969.35897374	3934.10256341	3922.82051213	3897.94871719	3487.17948559	
3974.74358919	3934.4871788	3928.20512751	3930.12820444	3946.53846092	3929.87179418	3943.84615322	3951.66666605	3900.89743514	3967.17948656	3934.99999931	3921.41025572	3897.69230693	3493.33333174	
3971.79487124	3934.23076854	3919.99999931	3926.15384546	3937.05128136	3924.61538392	3937.692307	3947.56410194	3897.43589668	3959.10256348	3929.4871788	3916.28205059	3892.05128129	3480.12820353	
3968.97435835	3931.7948711	3918.5897429	3924.4871788	3935.76923008	3924.87179418	3940.25640963	3945.64102502	3899.48717873	3959.10256348	3929.74358905	3916.28205059	3891.53846078	3472.94871628	
3973.97435842	3930.64102495	3921.53846085	3926.15384546	3944.48717887	3931.7948711	3943.97435835	3948.07692246	3902.17948642	3962.94871733	3934.4871788	3917.94871726	3895.38461462	3482.56410097	
3975.2564097	3930.38461469	3920.76923008	3928.20512751	3946.41025579	3930.51281982	3942.56410194	3947.94871733	3900.76923001	3961.9230763	3930.12820444	3916.15384546	3894.10256334	3485.25640866	
3970.64102502	3931.41025572	3918.71794803	3926.53846085	3939.74358912	3922.82051213	3936.7948711	3942.17948656	3896.66666591	3956.66666605	3924.35897367	3914.35897367	3889.3589736	3475.38461372	
3972.9487174	3937.43589674	3920.12820444	3929.4871788	3941.0256404	3925.76923008	3937.17948649	3943.7179481	3900.89743514	3959.87179425	3931.02564033	3919.87179418	3891.41025565	3480.76922917	
3977.17948663	3944.99999938	3926.53846085	3941.53846092	3950.25640963	3934.23076854	3943.7179481	3954.61538399	3909.87179418	3972.56410201	3939.74358912	3928.71794803	3902.17948642	3509.35897276	
3976.1538456	3943.84615322	3930.12820444	3940.76923015	3947.56410194	3929.10256341	3943.07692246	3956.15384553	3907.17948649	3971.66666611	3938.07692239	3928.84615316	3904.74358898	3515.38461386	
3973.20512765	3942.17948656	3931.28205059	3932.94871726	3944.10256348	3926.15384546	3941.15384553	3953.84615322	3902.43589668	3962.30769169	3937.30769162	3930.25640957	3901.02564027	3508.07692148	
3973.58974304	3941.15384553	3929.87179418	3936.02564033	3946.41025579	3931.41025572	3941.79487117	3953.07692246	3901.28205052	3960.89743528	3938.20512751	3932.05128136	3900.2564095	3512.8205113	
3974.99999945	3940.89743528	3929.99999931	3940.64102502	3947.8205122	3933.46153777	3944.61538399	3954.74358912	3907.56410187	3968.58974297	3941.66666605	3931.66666598	3905.38461462	3521.9230754	
3975.12820458	3947.56410194	3933.07692239	3939.87179425	3954.10256348	3936.66666598	3945.76923015	3963.07692246	3922.692307	3979.48717894	3949.35897374	3936.7948711	3916.02564033	3536.53846001	
3973.71794817	3942.94871733	3927.30769162	3932.43589674	3950.38461476	3933.33333264	3939.35897374	3959.35897374	3917.94871726	3975.76923022	3942.69230707	3935.76923008	3910.89743521	3530.89743437	
3967.94871733	3935.38461469	3923.84615316	3931.28205059	3940.76923015	3929.10256341	3938.33333264	3950.89743528	3903.71794796	3969.74358912	3934.87179418	3931.02564033	3901.66666591	3514.61538309	
3966.66666605	3938.84615322	3927.82051213	3935.25640957	3944.99999938	3932.05128136	3942.43589681	3955.76923015	3909.4871788	3974.61538406	3940.51281989	3929.10256341	3904.74358898	3519.35897283	
3969.61538399	3939.61538399	3923.97435828	3931.15384546	3950.51281989	3932.43589674	3938.7179481	3954.74358912	3913.46153777	3972.43589688	3937.692307	3922.94871726	3901.15384539	3517.17948565	
3964.99999938	3937.82051213	3918.71794803	3930.38461469	3946.9230763	3929.35897367	3932.94871726	3945.12820451	3907.692307	3965.25640963	3931.28205059	3918.84615316	3896.15384539	3504.10256251	
3963.33333271	3934.87179418	3916.28205059	3929.10256341	3940.51281989	3924.35897367	3930.89743521	3935.89743521	3900.38461462	3961.0256404	3931.02564033	3917.692307	3893.20512744	3489.35897276	
3965.38461476	3934.87179418	3916.41025572	3927.692307	3945.12820451	3930.25640957	3934.99999931	3935.64102495	3898.33333257	3960.89743528	3934.74358905	3918.20512751	3893.07692232	3484.61538302	
3965.89743528	3938.20512751	3916.92307623	3930.64102495	3950.25640963	3938.97435835	3938.84615322	3945.51281989	3905.12820437	3963.33333271	3935.76923008	3919.61538392	3896.92307616	3506.53845994	
3966.66666605	3937.94871726	3914.35897367	3931.66666598	3943.46153784	3932.692307	3937.05128136	3945.76923015	3906.15384546	3962.17948656	3929.35897367	3915.38461469	3894.87179411	3508.71794712	
3963.7179481	3939.10256348	3918.46153777	3933.97435828	3942.17948656	3928.33333264	3934.74358905	3939.87179425	3901.28205052	3962.30769169	3931.41025572	3914.35897367	3892.17948642	3489.87179328	
3962.69230707	3938.58974297	3920.12820444	3933.71794803	3943.33333271	3929.99999931	3934.74358905	3941.41025579	3899.61538385	3961.9230763	3934.99999931	3916.53846085	3889.48717873	3495.8974343	
3966.9230763	3938.46153784	3920.89743521	3935.89743521	3944.48717887	3932.692307	3941.0256404	3952.05128143	3911.28205059	3967.56410194	3935.89743521	3923.33333264	3894.61538385	3516.0256395	
3968.58974297	3944.10256348	3928.84615316	3941.9230763	3950.76923015	3937.17948649	3945.89743528	3961.53846092	3923.5897429	3975.12820458	3940.51281989	3931.7948711	3905.76923008	3534.74358822	
3967.8205122	3946.53846092	3928.97435828	3938.33333264	3948.84615322	3935.12820444	3940.12820451	3954.87179425	3914.4871788	3965.51281989	3938.07692239	3927.94871726	3898.71794796	3529.87179335	
3964.48717887	3945.64102502	3927.30769162	3934.99999931	3944.61538399	3936.28205059	3937.05128136	3952.8205122	3914.99999931	3964.61538399	3936.66666598	3928.20512751	3894.3589736	3522.56410104	
3966.15384553	3945.89743528	3928.5897429	3937.82051213	3948.33333271	3939.74358912	3940.12820451	3961.28205066	3926.92307623	3976.41025586	3940.51281989	3936.41025572	3907.05128136	3541.0256395	
3969.87179425	3947.56410194	3930.89743521	3939.35897374	3953.97435835	3939.35897374	3942.30769169	3961.28205066	3924.99999931	3975.76923022	3943.33333271	3938.20512751	3913.46153777	3554.3589729	
3966.79487117	3947.69230707	3934.4871788	3941.28205066	3951.0256404	3939.61538399	3942.56410194	3958.20512758	3921.92307623	3972.82051227	3944.99999938	3937.30769162	3910.38461469	3554.10256265	
3965.89743528	3944.10256348	3931.41025572	3938.7179481	3944.87179425	3938.20512751	3940.89743528	3952.8205122	3920.89743521	3972.17948663	3941.9230763	3931.92307623	3905.38461462	3545.51281906	
3967.05128143	3945.25640963	3928.5897429	3935.12820444	3949.99999938	3939.23076861	3940.89743528	3949.99999938	3919.61538392	3971.92307637	3940.12820451	3929.74358905	3903.4615377	3539.23076771	
3966.0256404	3945.76923015	3930.51281982	3936.7948711	3952.17948656	3938.46153784	3940.64102502	3951.15384553	3918.71794803	3971.41025586	3938.97435835	3931.15384546	3902.43589668	3540.25640873	
3966.0256404	3941.15384553	3928.84615316	3937.56410187	3945.38461476	3934.23076854	3940.64102502	3947.69230707	3916.02564033	3967.17948656	3932.05128136	3922.94871726	3897.30769155	3535.1282036	
3963.84615322	3943.58974297	3928.33333264	3938.20512751	3948.58974297	3938.7179481	3945.25640963	3951.15384553	3923.33333264	3969.35897374	3935.51281982	3922.94871726	3902.69230693	3543.20512668	
3964.23076861	3945.38461476	3928.5897429	3935.76923008	3948.58974297	3940.76923015	3945.38461476	3959.87179425	3928.5897429	3975.12820458	3941.41025579	3932.05128136	3909.35897367	3553.07692162	
3963.84615322	3945.25640963	3929.61538392	3938.20512751	3945.51281989	3938.46153784	3944.61538399	3964.61538399	3927.30769162	3975.76923022	3940.89743528	3933.5897429	3907.56410187	3552.43589598	
3962.69230707	3949.10256348	3933.07692239	3945.25640963	3952.56410194	3942.8205122	3948.7179481	3968.58974297	3930.89743521	3976.53846099	3945.25640963	3932.82051213	3909.74358905	3559.48717803	
3968.46153784	3947.8205122	3932.43589674	3944.35897374	3956.53846092	3945.51281989	3949.35897374	3969.99999938	3934.61538392	3975.51281996	3945.25640963	3933.5897429	3911.7948711	3566.53846008	
3972.43589688	3949.87179425	3935.64102495	3945.12820451	3957.8205122	3947.05128143	3949.61538399	3971.66666611	3939.10256348	3977.69230714	3944.99999938	3939.74358912	3914.23076854	3572.82051137	
3969.74358912	3953.58974297	3939.87179425	3945.38461476	3956.0256404	3945.38461476	3948.84615322	3968.46153784	3939.87179425	3980.38461483	3944.87179425	3942.17948656	3912.82051213	3575.89743444	
3968.7179481	3952.17948656	3941.28205066	3944.35897374	3956.79487117	3942.17948656	3943.07692246	3964.87179425	3936.66666598	3978.20512765	3944.35897374	3940.38461476	3912.56410187	3579.61538323	
3970.89743528	3953.97435835	3942.56410194	3948.97435835	3963.58974297	3944.61538399	3936.02564033	3967.94871733	3940.12820451	3977.56410201	3948.84615322	3943.7179481	3917.56410187	3590.384614	
3971.28205073	3951.53846092	3936.41025572	3945.64102502	3958.20512758	3942.69230707	3928.97435828	3964.87179425	3939.48717887	3976.28205073	3947.30769169	3942.8205122	3912.30769162	3583.07692169	
3966.79487117	3949.48717887	3934.87179418	3941.15384553	3956.79487117	3943.33333271	3927.82051213	3967.69230707	3937.82051213	3978.46153791	3946.66666605	3943.20512758	3911.92307623	3582.43589605	
3965.76923015	3952.8205122	3938.7179481	3943.7179481	3963.84615322	3946.9230763	3928.46153777	3973.84615329	3939.10256348	3978.58974304	3949.23076861	3945.25640963	3919.35897367	3593.5897422	
3969.10256348	3951.79487117	3936.28205059	3943.97435835	3958.20512758	3943.7179481	3927.82051213	3967.94871733	3936.28205059	3976.41025586	3947.94871733	3944.23076861	3918.33333264	3588.33333195	
3967.30769169	3951.0256404	3936.66666598	3944.74358912	3954.23076861	3942.69230707	3929.10256341	3968.7179481	3937.692307	3982.43589688	3948.84615322	3945.76923015	3916.41025572	3591.79487041	
3966.15384553	3951.66666605	3937.17948649	3946.28205066	3960.64102502	3944.48717887	3928.97435828	3974.35897381	3942.94871733	3984.35897381	3950.38461476	3943.84615322	3916.41025572	3602.43589605	
3970.76923015	3954.74358912	3940.76923015	3949.48717887	3965.25640963	3949.35897374	3935.76923008	3983.58974304	3953.33333271	3991.41025586	3956.9230763	3947.30769169	3923.33333264	3617.05128073	
3975.12820458	3958.46153784	3948.07692246	3951.28205066	3961.53846092	3954.87179425	3942.8205122	3992.0512815	3960.38461476	3997.69230714	3961.66666605	3954.61538399	3931.28205059	3635.38461407	
3975.64102509	3960.64102502	3947.56410194	3950.12820451	3961.0256404	3956.41025579	3938.7179481	3986.41025586	3955.51281989	3992.9487174	3960.38461476	3953.07692246	3928.5897429	3636.92307561	
3973.71794817	3965.38461476	3948.46153784	3954.61538399	3971.53846099	3958.33333271	3938.46153784	3987.9487174	3960.51281989	3998.84615329	3967.56410194	3957.69230707	3931.41025572	3647.43589619	
3976.41025586	3963.84615322	3955.38461476	3957.17948656	3972.82051227	3958.20512758	3943.84615322	3995.51281996	3967.69230707	4004.23076875	3972.56410201	3963.7179481	3937.17948649	3659.35897311	
3981.53846099	3961.41025579	3960.25640963	3957.17948656	3970.51281989	3959.99999938	3946.41025579	3997.9487174	3965.76923015	3998.84615329	3969.48717887	3963.97435835	3937.30769162	3660.76922952	
3983.07692252	3966.0256404	3959.48717887	3959.23076861	3977.43589688	3965.51281989	3948.84615322	4000.38461483	3967.30769169	3997.9487174	3968.97435835	3967.05128143	3937.94871726	3668.07692183	
3983.20512765	3966.79487117	3958.33333271	3959.23076861	3976.1538456	3965.12820451	3949.23076861	3998.97435842	3966.41025579	3996.53846099	3967.56410194	3967.56410194	3935.89743521	3668.20512696	
3982.69230714	3967.05128143	3963.84615322	3960.89743528	3972.9487174	3965.25640963	3949.35897374	4002.56410201	3967.43589681	3994.99999945	3970.38461476	3968.84615322	3936.28205059	3670.25640901	
3984.48717894	3966.66666605	3962.43589681	3959.48717887	3978.46153791	3967.8205122	3953.07692246	4008.20512772	3972.9487174	3998.58974304	3970.51281989	3971.41025586	3936.41025572	3681.41025523	
3983.07692252	3964.35897374	3951.41025579	3955.64102502	3983.58974304	3968.58974297	3955.12820451	4001.66666611	3970.12820451	3997.82051227	3963.7179481	3965.51281989	3933.20512751	3678.33333216	
3979.35897381	3964.23076861	3946.0256404	3961.0256404	3982.0512815	3965.76923015	3946.15384553	3987.17948663	3958.7179481	3990.51281996	3955.51281989	3953.58974297	3925.38461469	3656.15384491	
3984.23076868	3967.05128143	3948.84615322	3967.30769169	3980.2564097	3963.46153784	3940.51281989	3982.56410201	3957.05128143	3988.07692252	3950.51281989	3947.56410194	3918.97435828	3646.15384491	
3989.23076868	3977.17948663	3958.97435835	3971.53846099	3991.53846099	3974.99999945	3954.23076861	3998.84615329	3974.99999945	4000.89743535	3962.30769169	3959.61538399	3931.92307623	3676.2820501	
3990.89743535	3983.71794817	3965.76923015	3974.61538406	3998.20512765	3982.43589688	3962.17948656	4011.41025593	3987.43589688	4012.82051234	3976.28205073	3971.28205073	3948.46153784	3705.89743472	
3994.23076868	3982.9487174	3966.9230763	3977.9487174	3991.02564047	3975.89743535	3956.41025579	4010.12820465	3985.12820458	4014.487179	3977.9487174	3970.64102502	3950.76923015	3706.15384498	
3996.79487124	3984.35897381	3970.38461476	3983.58974304	3993.71794817	3975.64102509	3957.94871733	4014.61538413	3987.30769176	4018.07692259	3981.02564047	3972.82051227	3950.89743528	3711.92307582	
3996.92307637	3983.33333278	3967.69230707	3979.10256355	3996.92307637	3977.82051227	3962.56410194	4016.2820508	3985.76923022	4017.30769183	3980.12820458	3973.71794817	3949.87179425	3715.12820402	
3996.79487124	3983.71794817	3963.58974297	3976.28205073	3997.43589688	3981.79487124	3964.74358912	4014.61538413	3984.99999945	4015.51282003	3980.12820458	3975.51281996	3952.94871733	3715.12820402	
4001.66666611	3986.02564047	3972.30769176	3983.84615329	4000.38461483	3988.84615329	3967.94871733	4021.2820508	3992.82051227	4018.58974311	3987.82051227	3982.43589688	3961.0256404	3731.28205017	
4004.35897388	3984.10256355	3981.02564047	3984.48717894	3996.79487124	3986.92307637	3968.20512758	4021.66666618	3990.51281996	4014.35897388	3988.07692252	3984.10256355	3960.25640963	3731.53846043	
4001.1538456	3984.99999945	3976.02564047	3982.30769176	3994.61538406	3983.46153791	3965.89743528	4019.10256362	3988.07692252	4011.92307644	3982.9487174	3981.41025586	3955.76923015	3723.07692197	
4006.41025593	3988.84615329	3971.15384553	3983.97435842	3999.87179432	3990.12820458	3972.17948663	4024.99999952	3997.30769176	4013.97435849	3981.41025586	3981.1538456	3954.10256348	3739.48717838	
4011.15384567	3994.74358919	3981.79487124	3991.66666611	4010.25640977	4001.66666611	3982.30769176	4034.99999952	4009.99999952	4017.30769183	3986.02564047	3989.10256355	3957.94871733	3768.46153742	
4007.94871747	3996.92307637	3987.9487174	3993.71794817	4012.69230721	4002.43589688	3980.2564097	4035.89743541	4011.15384567	4023.07692259	3987.82051227	3992.0512815	3961.79487117	3777.30769134	
4009.10256362	3993.20512765	3980.38461483	3986.53846099	4009.99999952	3995.12820458	3973.07692252	4030.25640977	4001.28205073	4024.23076875	3984.87179432	3986.28205073	3960.64102502	3770.25640922	
4009.487179	3994.35897381	3980.2564097	3987.0512815	4011.53846106	3993.58974304	3970.89743528	4030.3846149	4001.66666611	4022.1794867	3989.87179432	3990.12820458	3965.12820451	3772.94871691	
4008.97435849	3994.87179432	3983.07692252	3987.69230714	4008.20512772	3990.12820458	3967.56410194	4028.58974311	4003.97435842	4022.05128157	3993.58974304	3991.02564047	3966.53846092	3769.99999896	
4013.97435849	3995.2564097	3982.82051227	3989.23076868	4004.487179	3987.30769176	3969.10256348	4033.58974311	4008.07692259	4031.2820508	3998.46153791	3988.46153791	3969.61538399	3772.05128101	
4016.02564054	3999.61538406	3984.35897381	3994.35897381	4004.35897388	3988.84615329	3971.66666611	4041.15384574	4014.487179	4037.17948677	4005.12820465	3992.9487174	3976.53846099	3787.82051185	
4011.53846106	3997.69230714	3981.1538456	3989.10256355	4002.17948663	3985.51281996	3967.17948656	4032.56410208	4008.20512772	4028.46153798	3999.61538406	3989.23076868	3971.0256404	3781.15384518	
4011.41025593	3997.43589688	3981.41025586	3991.41025586	4009.10256362	3990.76923022	3971.79487124	4036.2820508	4011.41025593	4030.89743541	3997.17948663	3989.87179432	3971.79487124	3787.5641016	
4018.46153798	4002.0512815	3986.28205073	4000.38461483	4018.07692259	4003.97435842	3983.07692252	4050.76923036	4025.76923029	4037.56410215	4003.58974304	3999.74358919	3981.53846099	3816.66666577	
4020.25640977	4006.02564054	3991.41025586	4001.41025586	4017.1794867	4006.92307644	3986.1538456	4050.5128201	4026.2820508	4034.74358926	4006.53846106	4004.23076875	3982.17948663	3824.23076833	
4019.99999952	4009.10256362	3997.82051227	4001.92307637	4015.89743541	4004.35897388	3984.61538406	4046.66666625	4018.97435849	4036.15384567	4007.05128157	4008.07692259	3982.0512815	3824.87179397	
4022.82051234	4006.15384567	3996.66666611	4002.43589688	4014.10256362	3998.20512765	3980.76923022	4038.07692266	4011.41025593	4032.56410208	4002.56410201	4007.05128157	3980.64102509	3816.28205038	
4020.64102516	4008.07692259	3996.53846099	4006.15384567	4014.61538413	3995.76923022	3981.28205073	4035.25640977	4013.46153798	4028.46153798	4005.25640977	4006.15384567	3983.20512765	3815.38461449	
4021.41025593	4016.2820508	4002.17948663	4013.33333285	4018.58974311	4001.79487124	3987.17948663	4049.23076882	4024.74358926	4037.43589702	4018.84615336	4012.30769183	3992.17948663	3844.2307684	
4025.3846149	4017.69230721	4001.53846099	4014.487179	4021.15384567	4005.51282003	3990.12820458	4055.25640984	4029.61538413	4046.79487138	4022.56410208	4017.05128157	3995.64102509	3858.97435814	
4024.10256362	4016.2820508	4003.20512765	4015.12820465	4027.30769183	4007.69230721	3989.35897381	4052.69230728	4028.07692259	4048.07692266	4019.74358926	4019.23076875	3994.74358919	3858.46153763	
4027.56410208	4017.56410208	4010.51282003	4019.23076875	4028.58974311	4009.10256362	3989.48717894	4057.05128164	4028.71794824	4046.28205087	4021.66666618	4020.64102516	3996.28205073	3867.94871712	
4032.1794867	4024.10256362	4015.76923029	4022.30769183	4030.89743541	4012.30769183	3995.64102509	4064.35897395	4037.94871754	4051.410256	4025.89743541	4025.25640977	4002.0512815	3883.20512744	
4030.3846149	4022.82051234	4010.3846149	4016.79487131	4033.71794824	4011.41025593	3994.99999945	4061.92307651	4041.53846113	4053.33333292	4019.10256362	4022.56410208	3999.10256355	3879.10256334	
4028.58974311	4012.69230721	4000.12820458	4009.35897388	4028.33333285	4007.43589695	3987.9487174	4051.79487138	4028.20512772	4041.02564061	4004.487179	4009.10256362	3985.64102509	3849.2307684	
4027.82051234	4013.97435849	4002.56410201	4012.56410208	4028.20512772	4015.12820465	3995.51281996	4052.05128164	4025.89743541	4038.07692266	4004.23076875	4008.46153798	3984.99999945	3840.64102481	
4031.2820508	4019.74358926	4011.53846106	4018.07692259	4031.15384567	4021.53846106	4006.53846106	4058.7179483	4037.17948677	4045.76923036	4011.79487131	4019.35897388	3993.33333278	3861.0256402	
4035.64102516	4021.53846106	4015.64102516	4022.43589695	4030.64102516	4019.35897388	4004.10256362	4064.87179446	4039.87179446	4045.5128201	4014.35897388	4024.99999952	3997.17948663	3876.28205052	
4035.3846149	4021.02564054	4013.33333285	4020.64102516	4026.15384567	4017.43589695	3999.99999945	4067.43589702	4037.30769189	4045.38461497	4010.3846149	4020.64102516	3998.07692252	3872.82051206	
4032.82051234	4020.76923029	4011.41025593	4014.35897388	4021.41025593	4017.43589695	4003.20512765	4066.02564061	4043.20512779	4053.84615343	4012.05128157	4020.51282003	4000.76923022	3871.41025558	
4029.74358926	4025.89743541	4018.97435849	4022.69230721	4027.94871747	4019.487179	4006.53846106	4073.07692273	4054.74358933	4065.89743548	4032.30769183	4036.79487131	4013.84615336	3896.02564027	
4035.12820465	4028.97435849	4024.487179	4027.56410208	4029.74358926	4020.12820465	4003.46153791	4079.7435894	4054.35897395	4067.82051241	4048.33333292	4048.58974318	4023.46153798	3917.30769162	
4040.5128201	4029.10256362	4030.76923029	4023.07692259	4027.1794867	4024.61538413	4005.3846149	4085.38461504	4055.64102523	4068.07692266	4053.33333292	4053.58974318	4030.25640977	3931.28205059	
4035.89743541	4032.82051234	4039.35897395	4025.25640977	4034.61538413	4028.71794824	4011.79487131	4092.69230735	4069.10256369	4076.53846119	4060.64102523	4059.99999959	4041.28205087	3952.69230707	
4036.41025593	4033.20512772	4037.43589702	4025.51282003	4041.28205087	4027.05128157	4011.79487131	4084.35897402	4063.58974318	4073.71794837	4057.82051241	4057.30769189	4037.17948677	3948.33333271	
4043.46153805	4035.3846149	4038.33333292	4024.23076875	4045.38461497	4037.43589702	4016.92307644	4086.15384581	4060.89743548	4071.02564068	4054.99999959	4057.94871754	4033.71794824	3949.48717887	
4047.56410215	4037.56410215	4041.92307651	4023.84615336	4047.05128164	4047.94871754	4024.487179	4101.15384581	4075.25640991	4076.41025607	4059.87179446	4063.07692266	4041.28205087	3966.15384553	
4047.69230728	4035.12820465	4038.33333292	4024.99999952	4046.79487138	4045.76923036	4023.58974311	4098.8461535	4078.07692273	4077.94871761	4057.30769189	4061.92307651	4042.82051241	3962.05128143	
4045.5128201	4036.41025593	4038.7179483	4030.3846149	4051.66666625	4044.74358933	4022.05128157	4091.28205094	4072.94871761	4077.82051248	4055.12820472	4063.07692266	4041.53846113	3957.69230707	
4048.33333292	4039.10256369	4043.20512779	4031.41025593	4053.07692266	4043.20512779	4024.10256362	4095.25640991	4073.46153812	4077.69230735	4056.15384574	4062.30769189	4043.07692266	3965.25640963	
4051.53846113	4039.23076882	4047.82051241	4030.12820465	4051.410256	4044.10256369	4026.79487131	4106.79487152	4084.35897402	4087.30769196	4062.30769189	4065.12820472	4052.94871754	3978.97435842	
4053.20512779	4041.28205087	4050.5128201	4037.17948677	4049.74358933	4048.20512779	4028.71794824	4115.51282024	4095.76923043	4097.17948684	4072.94871761	4074.48717914	4062.82051241	3997.30769176	
4059.74358933	4049.87179446	4054.99999959	4048.97435856	4053.33333292	4052.43589702	4035.64102516	4120.25640998	4098.97435863	4097.30769196	4081.79487145	4080.38461504	4064.87179446	4013.97435849	
4067.05128164	4061.28205087	4062.30769189	4055.76923036	4066.28205087	4060.38461497	4045.38461497	4130.7692305	4107.56410229	4103.0769228	4087.56410222	4085.89743555	4072.43589709	4035.64102516	
4068.20512779	4060.5128201	4062.94871754	4052.82051241	4067.17948677	4059.10256369	4045.76923036	4132.05128178	4113.9743587	4104.8717946	4082.30769196	4085.12820478	4073.8461535	4037.69230728	
4062.43589702	4054.74358933	4060.64102523	4049.35897395	4059.87179446	4052.69230728	4042.69230728	4122.69230742	4107.56410229	4098.58974325	4079.87179453	4081.92307658	4065.25640984	4024.35897388	
4059.74358933	4054.10256369	4059.35897395	4048.20512779	4059.87179446	4055.38461497	4041.92307651	4117.69230742	4095.38461504	4092.05128171	4079.99999966	4083.8461535	4061.28205087	4019.35897388	
4062.05128164	4052.82051241	4056.53846113	4044.87179446	4057.05128164	4055.76923036	4038.7179483	4103.20512793	4083.33333299	4078.71794837	4065.89743548	4078.07692273	4051.53846113	3996.92307637	
4063.20512779	4057.82051241	4063.84615343	4052.17948677	4056.02564061	4055.89743548	4038.58974318	4098.58974325	4089.10256376	4077.94871761	4062.82051241	4077.56410222	4049.35897395	3991.1538456	
4067.82051241	4065.64102523	4072.82051248	4059.48717907	4062.17948677	4063.58974318	4044.74358933	4118.71794844	4105.38461511	4096.41025607	4078.8461535	4091.53846119	4067.05128164	4027.05128157	
4071.41025607	4064.35897395	4072.05128171	4056.28205087	4066.410256	4068.33333292	4050.12820472	4133.0769228	4113.20512793	4108.20512793	4086.53846119	4099.87179453	4080.38461504	4047.56410215	
4071.15384581	4062.30769189	4071.92307658	4053.7179483	4066.79487138	4063.20512779	4051.02564061	4130.89743562	4115.7692305	4107.17948691	4083.97435863	4099.23076889	4081.28205094	4044.99999959	
4071.28205094	4061.15384574	4073.33333299	4052.56410215	4063.84615343	4059.10256369	4050.89743548	4126.02564075	4111.92307665	4106.41025614	4083.46153812	4097.56410222	4081.02564068	4044.10256369	
4067.94871754	4062.43589702	4073.46153812	4055.12820472	4062.56410215	4064.74358933	4053.20512779	4129.74358947	4113.33333306	4113.33333306	4088.58974325	4100.12820478	4085.25640991	4049.48717907	
4067.30769189	4064.48717907	4069.6153842	4055.64102523	4061.28205087	4064.74358933	4050.38461497	4125.7692305	4114.10256383	4112.82051255	4088.71794837	4097.05128171	4079.35897402	4042.30769189	
4072.30769196	4064.48717907	4067.43589702	4054.35897395	4061.92307651	4061.410256	4047.69230728	4115.51282024	4104.8717946	4103.20512793	4084.61538427	4089.7435894	4070.12820478	4029.99999952	
4069.48717907	4066.53846113	4071.41025607	4059.87179446	4066.15384574	4064.99999959	4050.64102523	4112.43589716	4098.8461535	4098.58974325	4084.10256376	4090.25640991	4073.20512786	4026.79487131	
4065.38461497	4062.56410215	4067.82051241	4059.10256369	4061.66666625	4061.92307651	4047.43589702	4106.53846126	4094.35897402	4091.15384581	4078.20512786	4085.51282017	4068.7179483	4011.79487131	
4067.17948677	4059.74358933	4063.20512779	4053.97435856	4056.66666625	4056.02564061	4043.84615343	4102.43589709	4087.69230735	4083.8461535	4072.30769196	4081.15384581	4060.64102523	3999.61538406	
4065.12820472	4063.58974318	4065.25640984	4054.10256369	4057.30769189	4056.02564061	4044.87179446	4097.82051248	4079.23076889	4078.71794837	4070.25640991	4081.15384581	4057.43589702	3991.02564047	
4062.30769189	4063.20512779	4064.48717907	4052.17948677	4057.56410215	4056.28205087	4044.23076882	4086.53846119	4069.48717907	4065.12820472	4059.35897395	4074.35897402	4047.30769189	3979.48717894	
4062.05128164	4063.46153805	4064.48717907	4052.30769189	4060.38461497	4059.74358933	4045.25640984	4088.33333299	4070.51282017	4060.12820472	4054.87179446	4074.99999966	4043.07692266	3974.35897381	
4061.79487138	4060.5128201	4060.12820472	4049.87179446	4056.02564061	4056.92307651	4043.07692266	4095.25640991	4076.28205094	4069.6153842	4058.97435856	4077.43589709	4047.56410215	3969.48717887	
4061.53846113	4053.07692266	4048.20512779	4040.89743548	4049.48717907	4050.12820472	4039.35897395	4093.97435863	4077.05128171	4077.56410222	4059.6153842	4071.66666632	4049.87179446	3983.71794817	
4056.79487138	4051.410256	4045.76923036	4041.15384574	4056.92307651	4055.64102523	4037.05128164	4088.71794837	4076.15384581	4084.10256376	4061.28205087	4065.64102523	4049.6153842	3974.61538406	
4054.10256369	4051.15384574	4046.66666625	4044.6153842	4056.79487138	4054.87179446	4030.89743541	4078.46153812	4073.07692273	4083.20512786	4058.07692266	4061.410256	4043.7179483	3949.99999938	
4057.94871754	4056.15384574	4048.58974318	4047.94871754	4054.99999959	4050.89743548	4030.89743541	4081.28205094	4076.15384581	4083.97435863	4059.6153842	4066.02564061	4046.410256	3971.15384553	
4059.87179446	4062.05128164	4052.56410215	4052.82051241	4066.92307651	4056.79487138	4035.25640977	4086.92307658	4082.94871761	4096.53846119	4066.92307651	4072.17948684	4057.05128164	3980.38461483	
4060.12820472	4057.05128164	4049.74358933	4048.7179483	4067.43589702	4056.66666625	4035.51282003	4084.61538427	4081.41025607	4100.12820478	4066.92307651	4071.28205094	4055.38461497	3975.2564097	
4057.94871754	4056.66666625	4052.30769189	4048.46153805	4059.87179446	4052.69230728	4034.74358926	4084.61538427	4078.8461535	4092.17948684	4067.56410215	4074.10256376	4053.97435856	3976.66666611	
