4262.05128206	4222.17948711	4245.64102564	4237.17948718	4250.0	4242.82051282	4212.17948711	4278.07692315	4269.61538469	4243.97435898	4267.82051289	4261.7948718	4273.33333341	4575.51282121	
4257.05128206	4224.74358968	4251.02564103	4242.05128206	4256.02564103	4248.84615385	4218.84615378	4286.923077	4282.30769238	4254.48717949	4276.79487187	4267.05128212	4283.33333341	4571.79487249	
4258.07692308	4230.51282045	4257.17948718	4246.66666667	4259.48717949	4254.23076923	4220.64102558	4290.1282052	4286.66666674	4257.94871795	4282.05128212	4271.79487187	4288.33333341	4572.05128275	
4253.58974359	4243.46153847	4265.8974359	4257.6923077	4272.17948725	4265.38461539	4224.61538455	4289.87179495	4284.48717956	4262.05128206	4289.48717956	4280.76923084	4296.66666674	4565.12820583	
4247.05128206	4242.82051282	4263.71794872	4259.61538462	4276.53846161	4265.8974359	4222.82051275	4285.64102571	4280.38461546	4264.87179488	4289.2307693	4277.94871802	4295.64102571	4551.15384678	
4246.41025641	4244.10256411	4263.84615385	4262.43589744	4277.94871802	4272.05128212	4223.58974352	4288.33333341	4287.17948725	4269.61538469	4292.30769238	4276.0256411	4292.17948725	4542.43589807	
4249.23076923	4258.58974359	4274.2307693	4273.58974366	4287.69230777	4289.2307693	4231.92307686	4306.66666681	4304.23076937	4282.82051289	4306.53846168	4289.10256418	4305.64102578	4567.56410326	
4249.87179488	4260.38461539	4275.51282059	4275.76923084	4288.97435905	4289.35897443	4233.84615385	4316.53846168	4311.41025655	4290.1282052	4311.28205142	4294.61538469	4316.41025655	4592.17948788	
4247.30769231	4259.35897436	4276.15384623	4278.84615392	4291.0256411	4286.41025648	4233.84615385	4321.66666681	4318.84615399	4299.2307693	4317.94871809	4297.82051289	4323.71794886	4601.66666743	
4253.33333334	4268.20512828	4284.61538469	4289.61538469	4299.10256418	4295.51282059	4239.74358975	4337.6923079	4330.12820527	4307.82051296	4329.74358989	4311.02564117	4335.51282073	4640.00000084	
4262.05128206	4279.48717956	4296.0256411	4300.2564104	4305.89743604	4304.61538476	4243.97435898	4350.76923098	4340.64102585	4313.33333348	4337.6923079	4323.20512835	4346.41025662	4675.64102655	
4263.97435898	4283.46153853	4301.02564117	4303.97435912	4305.89743604	4305.38461553	4244.23076923	4357.30769252	4347.05128226	4317.82051296	4342.30769252	4326.92307707	4352.82051303	4686.02564193	
4266.41025641	4277.69230777	4294.10256418	4296.41025648	4299.35897443	4298.58974366	4244.23076923	4356.53846175	4340.89743611	4308.58974373	4335.89743611	4320.51282066	4344.4871797	4684.74359065	
4266.41025641	4275.25641033	4289.87179495	4293.33333341	4298.71794879	4297.05128212	4241.41025641	4347.17948739	4333.5897438	4298.20512828	4328.84615399	4314.10256425	4335.3846156	4668.33333424	
4270.1282052	4270.89743597	4288.07692315	4292.30769238	4291.66666674	4297.05128212	4232.17948711	4337.17948739	4329.23076937	4295.25641033	4323.20512835	4309.87179501	4331.79487194	4662.43589834	
4277.94871802	4260.64102564	4281.0256411	4283.33333341	4278.58974366	4288.20512828	4228.84615378	4325.76923091	4318.97435912	4287.56410264	4310.2564104	4300.38461553	4321.79487194	4658.97435981	
4275.64102571	4260.12820513	4277.94871802	4278.46153853	4280.51282059	4286.28205136	4237.17948718	4317.43589758	4309.3589745	4280.38461546	4303.33333348	4293.97435905	4312.56410271	4638.71794956	
4272.69230777	4263.33333334	4280.1282052	4280.1282052	4285.1282052	4289.87179495	4242.82051282	4316.02564117	4306.28205142	4277.82051289	4306.66666681	4293.58974366	4310.2564104	4623.20512897	
4273.33333341	4263.71794872	4282.17948725	4286.28205136	4283.46153853	4291.41025648	4240.51282052	4314.74358989	4309.3589745	4278.58974366	4309.61538476	4295.25641033	4313.84615399	4613.20512897	
4269.48717956	4261.7948718	4279.61538469	4288.33333341	4281.15384623	4289.35897443	4231.79487173	4304.61538476	4306.66666681	4278.97435905	4307.69230784	4292.82051289	4313.20512835	4593.33333403	
4265.12820513	4259.87179488	4279.2307693	4284.74358982	4280.38461546	4284.48717956	4226.6666666	4294.35897443	4300.38461553	4281.66666674	4307.69230784	4292.05128212	4311.41025655	4570.12820583	
4263.71794872	4264.23076923	4284.48717956	4289.35897443	4285.00000007	4286.15384623	4231.28205122	4306.1538463	4312.17948732	4291.66666674	4311.92307707	4298.46153853	4317.56410271	4582.94871865	
4264.35897436	4263.33333334	4281.66666674	4288.71794879	4284.87179495	4287.94871802	4234.74358975	4317.82051296	4324.48717963	4293.58974366	4307.17948732	4295.00000007	4316.1538463	4610.89743667	
4264.74358975	4256.02564103	4273.97435905	4277.30769238	4272.82051289	4282.82051289	4231.02564096	4309.10256425	4314.74358989	4286.41025648	4298.97435905	4287.69230777	4308.97435912	4592.94871865	
4263.33333334	4252.05128206	4270.1282052	4271.53846161	4263.71794872	4275.89743597	4225.7692307	4298.07692315	4304.61538476	4280.51282059	4295.64102571	4284.74358982	4305.2564104	4562.30769301	
4264.23076923	4250.8974359	4269.74358982	4271.79487187	4265.8974359	4271.53846161	4224.48717942	4294.61538469	4301.02564117	4271.15384623	4291.79487187	4280.25641033	4298.97435905	4559.35897499	
4265.8974359	4253.97435898	4273.58974366	4273.58974366	4266.53846154	4271.28205136	4225.7692307	4294.35897443	4296.66666674	4267.30769238	4292.30769238	4285.25641033	4302.30769245	4564.87179557	
4260.64102564	4253.97435898	4273.58974366	4276.41025648	4259.23076923	4272.82051289	4222.5641025	4289.35897443	4295.25641033	4271.53846161	4294.35897443	4291.923077	4309.48717963	4544.74359037	
4255.8974359	4254.23076923	4271.79487187	4281.923077	4265.51282052	4278.58974366	4220.38461532	4283.20512828	4296.53846161	4270.25641033	4295.51282059	4287.82051289	4303.07692322	4514.7435903	
4259.61538462	4265.0	4277.56410264	4289.48717956	4286.0256411	4290.25641033	4228.71794865	4291.66666674	4303.20512835	4270.51282059	4300.89743604	4288.97435905	4303.07692322	4522.56410312	
4262.6923077	4269.74358982	4280.76923084	4290.64102571	4289.48717956	4297.43589751	4234.35897436	4304.10256425	4310.64102578	4278.71794879	4303.4615386	4295.38461546	4312.82051296	4546.02564165	
4263.97435898	4249.10256411	4269.2307693	4274.35897443	4270.76923084	4283.33333341	4223.20512814	4294.61538469	4299.74358989	4269.35897443	4290.1282052	4286.0256411	4300.76923091	4553.20512883	
4270.51282059	4223.71794865	4249.48717949	4247.6923077	4250.51282052	4258.33333334	4211.28205122	4274.74358982	4277.05128212	4245.76923077	4268.07692315	4264.10256411	4275.1282052	4545.25641089	
4275.1282052	4218.07692301	4238.97435898	4234.48717949	4239.87179488	4252.94871795	4213.58974352	4269.61538469	4270.38461546	4241.7948718	4261.02564103	4254.35897436	4269.35897443	4531.92307755	
4271.79487187	4220.38461532	4241.28205129	4239.35897436	4238.71794872	4255.64102564	4217.82051275	4269.10256418	4268.97435905	4247.56410257	4265.0	4258.33333334	4271.79487187	4523.58974415	
4267.05128212	4222.82051275	4246.7948718	4244.74358975	4241.92307693	4249.23076923	4213.33333327	4254.87179488	4255.0	4241.66666667	4263.20512821	4260.0	4266.02564103	4492.82051331	
4263.84615385	4227.82051275	4251.15384616	4247.6923077	4243.71794872	4249.23076923	4213.97435891	4249.87179488	4255.51282052	4238.33333334	4259.61538462	4258.33333334	4267.17948725	4469.10256459	
4258.84615385	4240.25641026	4261.02564103	4261.41025641	4252.56410257	4264.23076923	4225.25641019	4272.43589751	4279.74358982	4256.02564103	4273.58974366	4271.41025648	4285.00000007	4490.89743639	
4252.82051282	4253.07692308	4273.97435905	4276.53846161	4266.28205129	4276.79487187	4228.84615378	4287.30769238	4293.97435905	4279.35897443	4293.20512828	4292.05128212	4305.76923091	4506.15384671	
4252.6923077	4250.0	4274.35897443	4276.15384623	4266.53846154	4273.07692315	4222.69230763	4282.69230777	4290.51282059	4281.0256411	4292.56410264	4293.71794879	4308.58974373	4505.00000056	
4244.74358975	4263.58974359	4287.30769238	4293.20512828	4281.923077	4285.00000007	4230.89743583	4290.51282059	4304.3589745	4291.0256411	4302.17948732	4302.94871809	4320.38461553	4487.3076928	
4226.15384609	4295.00000007	4315.2564104	4325.51282066	4318.20512835	4316.1538463	4243.07692308	4309.23076937	4334.87179508	4326.66666681	4330.2564104	4331.92307707	4353.5897438	4462.30769273	
4232.17948711	4278.58974366	4296.923077	4305.89743604	4301.66666681	4304.10256425	4223.84615378	4301.53846168	4323.4615386	4317.94871809	4313.84615399	4320.38461553	4341.66666688	4485.12820562	
4256.41025641	4222.43589737	4242.56410257	4248.33333334	4239.61538462	4250.38461539	4194.74358961	4257.82051282	4263.84615385	4252.82051282	4253.97435898	4265.25641026	4278.20512828	4497.05128261	
4260.38461539	4203.33333327	4226.02564096	4228.20512814	4218.71794865	4229.61538455	4194.61538448	4221.6666666	4227.82051275	4214.87179481	4223.33333327	4238.33333334	4243.84615385	4442.69230811	
4255.12820513	4213.97435891	4238.20512821	4238.58974359	4230.25641019	4238.97435898	4201.02564096	4217.82051275	4230.51282045	4220.64102558	4228.71794865	4244.74358975	4248.84615385	4405.38461574	
4256.28205129	4211.28205122	4235.12820513	4238.71794872	4227.94871788	4235.38461539	4199.35897422	4224.23076917	4230.51282045	4225.89743583	4231.53846147	4243.46153847	4248.71794872	4413.8461542	
4251.53846154	4214.48717942	4234.74358975	4238.20512821	4228.84615378	4238.58974359	4206.6666666	4229.23076917	4234.48717949	4231.6666666	4232.43589737	4242.17948718	4253.33333334	4412.17948753	
4248.84615385	4227.30769224	4246.7948718	4247.56410257	4242.56410257	4254.48717949	4216.28205122	4236.53846154	4251.53846154	4242.05128206	4237.56410257	4251.53846154	4265.8974359	4405.76923112	
4249.61538462	4232.17948711	4255.25641026	4256.41025641	4253.33333334	4259.87179488	4216.28205122	4248.97435898	4265.0	4251.15384616	4247.6923077	4263.07692308	4273.07692315	4420.89743625	
4241.53846154	4235.8974359	4260.38461539	4262.56410257	4258.46153847	4260.51282052	4215.64102558	4257.17948718	4273.97435905	4261.53846154	4257.30769231	4269.61538469	4281.923077	4423.71794907	
4234.61538462	4245.38461539	4267.82051289	4270.51282059	4265.38461539	4268.33333341	4218.71794865	4259.10256411	4283.20512828	4271.66666674	4260.25641026	4274.2307693	4290.00000007	4411.15384651	
4236.41025641	4258.20512821	4282.17948725	4284.48717956	4282.05128212	4283.33333341	4225.25641019	4277.30769238	4297.05128212	4287.56410264	4274.10256418	4289.10256418	4306.41025655	4437.94871837	
4237.05128206	4268.46153853	4295.25641033	4298.07692315	4300.64102578	4298.20512828	4235.64102564	4299.48717963	4314.61538476	4301.66666681	4292.94871802	4306.66666681	4328.20512835	4479.48717998	
4226.6666666	4283.20512828	4306.66666681	4313.71794886	4317.94871809	4315.12820527	4245.25641026	4309.10256425	4330.76923091	4315.12820527	4307.05128219	4323.71794886	4344.23076944	4475.89743639	
4216.41025634	4300.51282066	4320.2564104	4332.30769252	4338.71794893	4332.82051303	4250.12820513	4322.82051296	4346.15384637	4336.92307714	4326.28205142	4341.66666688	4362.56410278	4477.56410305	
4217.82051275	4313.20512835	4331.79487194	4349.10256431	4355.76923098	4349.4871797	4253.97435898	4341.02564124	4362.05128226	4354.61538483	4345.76923098	4353.71794893	4385.25641054	4511.79487235	
4216.6666666	4326.66666681	4345.89743611	4368.07692336	4370.00000028	4368.46153874	4261.53846154	4354.4871797	4380.76923105	4368.97435926	4361.92307714	4367.56410285	4405.25641061	4538.46153909	
4211.15384609	4343.33333355	4366.53846182	4388.20512849	4387.8205131	4383.07692336	4267.69230777	4369.74359003	4399.35897471	4389.74359003	4382.8205131	4391.28205156	4427.69230804	4556.28205191	
4213.33333327	4358.97435919	4382.56410285	4400.89743625	4401.66666702	4390.12820541	4266.28205129	4390.00000028	4416.28205163	4407.56410292	4403.46153881	4408.8461542	4451.2820517	4592.17948788	
4225.64102558	4352.43589765	4372.05128233	4390.89743618	4387.8205131	4379.6153849	4255.25641026	4390.89743618	4410.89743625	4396.02564131	4395.51282079	4395.25641054	4441.2820517	4625.76923154	
4240.12820513	4334.74358996	4354.74358996	4371.28205156	4360.3846156	4359.23076944	4248.20512821	4373.58974387	4387.43589772	4372.8205131	4371.79487208	4376.41025669	4416.53846189	4629.61538545	
4251.7948718	4335.64102585	4359.87179508	4370.76923105	4355.3846156	4357.30769252	4253.58974359	4383.33333362	4391.15384644	4374.74359003	4373.97435926	4383.84615413	4424.35897471	4659.87179571	
4259.23076923	4330.51282066	4355.51282073	4364.10256431	4348.07692329	4351.28205149	4251.28205129	4390.89743618	4394.35897464	4368.717949	4374.35897464	4378.84615413	4420.38461574	4692.94871886	
4256.66666667	4305.38461553	4329.10256425	4337.30769252	4320.76923091	4319.10256425	4236.92307693	4353.84615406	4358.71794893	4334.10256431	4345.3846156	4345.3846156	4378.97435926	4651.02564186	
4249.23076923	4278.58974366	4303.33333348	4307.69230784	4292.82051289	4282.30769238	4224.61538455	4310.38461553	4316.79487194	4301.28205142	4309.48717963	4313.97435912	4340.00000021	4591.92307762	
4249.10256411	4256.41025641	4282.17948725	4282.43589751	4270.25641033	4258.33333334	4220.51282045	4286.15384623	4291.41025648	4280.00000007	4285.00000007	4290.51282059	4313.84615399	4557.69230832	
4252.43589744	4243.46153847	4267.43589751	4269.74358982	4257.82051282	4248.07692308	4221.53846147	4272.69230777	4277.69230777	4266.02564103	4271.66666674	4275.89743597	4292.69230777	4536.15384678	
4251.53846154	4237.17948718	4259.23076923	4264.48717949	4252.30769231	4240.38461539	4219.48717942	4258.46153847	4264.35897436	4252.56410257	4257.56410257	4265.38461539	4276.0256411	4516.28205184	
4248.07692308	4234.48717949	4253.07692308	4261.02564103	4249.87179488	4236.66666667	4218.4615384	4245.38461539	4254.48717949	4241.28205129	4248.07692308	4254.87179488	4267.05128212	4484.35897485	
4244.61538462	4233.71794865	4252.56410257	4259.74358975	4248.58974359	4236.41025641	4218.84615378	4241.15384616	4248.71794872	4239.74358975	4250.51282052	4253.84615385	4264.87179488	4460.76923119	
4241.41025641	4231.79487173	4256.66666667	4260.12820513	4246.28205129	4235.64102564	4220.64102558	4245.64102564	4251.92307693	4246.28205129	4253.07692308	4261.02564103	4266.28205129	4451.66666709	
4237.82051282	4232.69230763	4259.74358975	4265.25641026	4250.51282052	4240.76923077	4228.84615378	4257.30769231	4269.35897443	4255.0	4255.12820513	4264.74358975	4274.35897443	4455.38461581	
4234.74358975	4239.74358975	4264.48717949	4272.94871802	4259.48717949	4250.76923077	4236.28205129	4267.56410264	4278.71794879	4261.53846154	4263.33333334	4268.97435905	4285.1282052	4467.69230818	
4234.61538462	4245.64102564	4273.97435905	4277.69230777	4266.02564103	4256.66666667	4237.43589744	4271.15384623	4277.43589751	4268.58974366	4272.05128212	4278.07692315	4294.2307693	4470.76923126	
4232.69230763	4247.30769231	4276.79487187	4277.69230777	4270.25641033	4255.64102564	4237.6923077	4273.46153853	4282.82051289	4272.69230777	4273.33333341	4279.87179495	4298.46153853	4469.23076972	
4224.74358968	4246.53846154	4267.05128212	4275.25641033	4268.46153853	4251.28205129	4234.48717949	4267.17948725	4280.51282059	4269.10256418	4268.20512828	4270.64102571	4292.56410264	4447.56410298	
4215.89743583	4240.38461539	4260.0	4271.53846161	4261.28205129	4248.97435898	4232.17948711	4251.7948718	4266.15384616	4262.94871795	4262.82051282	4263.33333334	4283.07692315	4416.66666702	
4214.10256404	4232.17948711	4257.43589744	4267.43589751	4260.0	4250.0	4235.12820513	4247.6923077	4261.53846154	4258.84615385	4258.97435898	4260.25641026	4278.97435905	4415.89743625	
4213.58974352	4228.58974352	4251.66666667	4262.82051282	4260.64102564	4250.76923077	4232.69230763	4248.46153847	4263.84615385	4256.92307693	4252.56410257	4255.64102564	4274.10256418	4407.56410292	
4208.4615384	4224.74358968	4245.38461539	4256.41025641	4254.48717949	4247.43589744	4226.41025634	4239.10256411	4259.87179488	4254.10256411	4246.66666667	4253.58974359	4267.69230777	4375.76923105	
4207.82051275	4216.92307686	4243.84615385	4252.30769231	4248.58974359	4239.74358975	4225.12820506	4233.71794865	4256.28205129	4249.61538462	4247.30769231	4254.87179488	4266.79487187	4364.87179508	
4209.74358968	4215.64102558	4248.46153847	4253.84615385	4246.7948718	4236.7948718	4224.87179481	4236.41025641	4256.66666667	4249.10256411	4254.61538462	4255.8974359	4270.38461546	4368.97435926	
4209.10256404	4219.23076917	4249.74358975	4255.12820513	4243.33333334	4236.02564103	4223.07692301	4233.58974352	4253.20512821	4248.97435898	4254.48717949	4253.84615385	4270.1282052	4362.30769252	
4211.92307686	4220.7692307	4248.97435898	4256.28205129	4245.51282052	4233.97435898	4224.61538455	4231.02564096	4249.61538462	4246.15384616	4251.66666667	4253.20512821	4267.69230777	4358.33333355	
4214.74358968	4224.61538455	4252.94871795	4262.30769231	4255.25641026	4239.61538462	4228.4615384	4243.58974359	4254.87179488	4251.15384616	4259.61538462	4257.30769231	4273.07692315	4379.48717977	
4213.07692301	4228.4615384	4255.76923077	4263.33333334	4256.66666667	4244.74358975	4230.12820506	4252.56410257	4260.8974359	4257.94871795	4265.51282052	4258.97435898	4278.07692315	4402.9487183	
4212.5641025	4231.92307686	4258.33333334	4264.35897436	4256.66666667	4244.48717949	4231.28205122	4248.20512821	4258.33333334	4255.38461539	4265.12820513	4259.61538462	4279.10256418	4405.38461574	
4215.64102558	4234.74358975	4261.15384616	4270.38461546	4263.20512821	4245.76923077	4232.5641025	4250.76923077	4258.84615385	4253.84615385	4265.64102564	4263.58974359	4281.923077	4414.48717984	
4216.6666666	4233.4615384	4260.38461539	4270.1282052	4261.28205129	4246.92307693	4233.20512814	4255.64102564	4264.87179488	4259.61538462	4266.02564103	4264.48717949	4281.0256411	4423.71794907	
4212.5641025	4232.05128199	4261.66666667	4266.53846154	4255.38461539	4245.64102564	4231.79487173	4253.58974359	4266.53846154	4262.94871795	4266.41025641	4264.10256411	4280.64102571	4417.69230804	
4213.4615384	4232.5641025	4262.94871795	4265.0	4256.28205129	4245.38461539	4234.74358975	4256.15384616	4263.97435898	4257.17948718	4266.53846154	4266.15384616	4282.69230777	4420.64102599	
4220.25641019	4232.94871788	4259.87179488	4267.30769238	4262.6923077	4250.8974359	4244.10256411	4261.7948718	4265.38461539	4256.53846154	4266.79487187	4266.41025641	4283.46153853	4430.51282086	
4221.53846147	4234.10256411	4260.0	4270.38461546	4268.20512828	4257.6923077	4246.02564103	4266.79487187	4269.74358982	4265.0	4266.15384616	4266.41025641	4287.05128212	4442.69230811	
4223.71794865	4235.76923077	4265.0	4268.84615392	4269.10256418	4259.35897436	4240.8974359	4272.82051289	4271.66666674	4268.71794879	4266.923077	4270.89743597	4293.33333341	4458.0769235	
4230.38461532	4240.64102564	4269.35897443	4272.56410264	4271.923077	4261.41025641	4244.61538462	4280.25641033	4278.20512828	4271.79487187	4278.20512828	4279.48717956	4300.12820527	4477.17948767	
4232.82051275	4242.05128206	4264.87179488	4276.41025648	4271.28205136	4260.25641026	4248.33333334	4278.97435905	4276.0256411	4268.46153853	4285.51282059	4276.15384623	4299.48717963	4484.74359023	
4228.71794865	4233.97435898	4255.76923077	4269.74358982	4263.58974359	4250.0	4240.0	4263.97435898	4264.35897436	4258.33333334	4271.79487187	4261.28205129	4287.69230777	4456.92307734	
4224.74358968	4229.61538455	4253.58974359	4266.28205129	4257.05128206	4244.23076923	4234.74358975	4253.97435898	4263.33333334	4257.17948718	4261.28205129	4256.28205129	4280.38461546	4435.64102606	
4225.89743583	4228.07692301	4248.46153847	4265.51282052	4250.8974359	4238.58974359	4232.43589737	4245.0	4256.28205129	4250.51282052	4261.92307693	4253.97435898	4275.38461546	4427.17948753	
4223.20512814	4223.07692301	4241.92307693	4261.41025641	4248.46153847	4229.61538455	4225.89743583	4228.84615378	4242.82051282	4237.17948718	4256.53846154	4246.7948718	4267.05128212	4396.15384644	
4220.51282045	4216.15384609	4241.7948718	4254.74358975	4246.15384616	4226.53846147	4222.05128199	4221.41025634	4238.84615385	4234.10256411	4247.17948718	4242.94871795	4260.51282052	4374.87179515	
4222.17948711	4211.15384609	4238.84615385	4249.48717949	4239.35897436	4229.35897429	4224.35897429	4222.82051275	4237.05128206	4232.82051275	4243.33333334	4241.92307693	4257.30769231	4372.8205131	
4221.02564096	4211.92307686	4234.87179488	4250.64102564	4237.6923077	4231.02564096	4228.20512814	4227.69230763	4236.66666667	4228.58974352	4246.28205129	4241.02564103	4258.71794872	4373.20512849	
4223.71794865	4209.87179481	4235.64102564	4250.12820513	4236.02564103	4226.92307686	4228.4615384	4233.84615385	4239.48717949	4226.02564096	4243.07692308	4237.43589744	4257.05128206	4384.23076951	
4227.69230763	4211.92307686	4240.51282052	4249.35897436	4234.87179488	4232.5641025	4234.35897436	4241.53846154	4246.02564103	4231.6666666	4238.84615385	4237.05128206	4257.43589744	4397.69230797	
4228.20512814	4220.64102558	4243.07692308	4254.35897436	4242.17948718	4241.28205129	4240.38461539	4248.33333334	4254.74358975	4240.76923077	4242.82051282	4243.84615385	4262.94871795	4407.82051317	
4232.82051275	4224.10256404	4243.84615385	4259.61538462	4244.61538462	4236.28205129	4237.17948718	4248.07692308	4253.84615385	4239.35897436	4243.33333334	4245.25641026	4264.48717949	4411.15384651	
4236.66666667	4225.89743583	4251.28205129	4263.84615385	4240.51282052	4237.94871795	4241.28205129	4252.56410257	4252.94871795	4235.51282052	4249.23076923	4250.76923077	4270.00000007	4420.64102599	
4232.94871788	4223.71794865	4253.97435898	4262.82051282	4234.61538462	4242.56410257	4245.0	4254.61538462	4253.33333334	4232.5641025	4255.51282052	4257.30769231	4273.46153853	4427.56410292	
4229.74358968	4220.51282045	4246.53846154	4257.6923077	4233.4615384	4234.74358975	4237.82051282	4241.41025641	4245.38461539	4227.5641025	4248.71794872	4247.05128206	4266.79487187	4400.38461574	
4231.41025634	4224.74358968	4244.87179488	4260.64102564	4239.74358975	4234.35897436	4236.28205129	4240.12820513	4248.84615385	4230.51282045	4244.74358975	4240.76923077	4265.0	4388.717949	
4235.25641026	4225.64102558	4247.94871795	4265.38461539	4242.05128206	4240.38461539	4241.41025641	4248.58974359	4257.05128206	4233.97435898	4246.7948718	4247.43589744	4269.10256418	4407.0512824	
4235.76923077	4222.5641025	4243.84615385	4264.87179488	4241.15384616	4237.17948718	4237.6923077	4241.41025641	4248.71794872	4229.48717942	4247.30769231	4247.82051282	4268.97435905	4401.92307727	
4231.92307686	4220.51282045	4237.94871795	4260.12820513	4237.82051282	4231.02564096	4228.58974352	4228.33333327	4237.30769231	4220.7692307	4245.0	4239.74358975	4264.48717949	4381.53846182	
4232.17948711	4218.33333327	4239.23076923	4256.02564103	4235.38461539	4230.89743583	4230.38461532	4224.61538455	4233.97435898	4216.53846147	4242.82051282	4239.35897436	4259.10256411	4372.05128233	
4235.51282052	4217.94871788	4244.74358975	4259.35897436	4238.84615385	4232.17948711	4236.15384616	4232.82051275	4237.17948718	4222.17948711	4243.07692308	4246.66666667	4260.51282052	4383.717949	
4235.38461539	4218.33333327	4247.17948718	4261.7948718	4236.53846154	4230.12820506	4233.33333327	4238.33333334	4240.8974359	4226.79487173	4244.23076923	4249.35897436	4266.15384616	4395.00000028	
4234.48717949	4218.84615378	4248.58974359	4261.28205129	4231.6666666	4228.4615384	4231.15384609	4240.8974359	4244.10256411	4227.17948711	4248.33333334	4250.76923077	4270.38461546	4395.12820541	
4237.94871795	4220.51282045	4249.35897436	4263.07692308	4233.58974352	4230.7692307	4237.30769231	4251.15384616	4251.66666667	4235.51282052	4253.58974359	4253.84615385	4276.53846161	4410.38461574	
4239.10256411	4220.25641019	4249.35897436	4263.20512821	4234.10256411	4232.69230763	4242.17948718	4256.15384616	4258.84615385	4245.38461539	4256.02564103	4255.0	4282.43589751	4425.25641061	
4235.0	4219.35897429	4249.35897436	4262.30769231	4234.10256411	4233.58974352	4239.48717949	4251.41025641	4255.64102564	4243.33333334	4256.28205129	4254.74358975	4282.30769238	4420.38461574	
4235.8974359	4221.02564096	4248.71794872	4263.46153847	4239.61538462	4231.28205122	4237.30769231	4246.02564103	4246.7948718	4238.84615385	4256.15384616	4253.84615385	4278.07692315	4411.41025676	
4238.97435898	4223.58974352	4251.53846154	4268.20512828	4241.66666667	4229.61538455	4237.6923077	4246.53846154	4250.25641026	4244.35897436	4260.8974359	4257.43589744	4282.17948725	4412.9487183	
4238.33333334	4224.35897429	4251.28205129	4270.76923084	4235.8974359	4231.92307686	4236.15384616	4250.8974359	4255.51282052	4245.12820513	4267.56410264	4260.51282052	4287.30769238	4421.28205163	
4236.92307693	4223.84615378	4245.25641026	4268.97435905	4232.94871788	4231.53846147	4234.74358975	4246.15384616	4248.33333334	4236.41025641	4263.07692308	4253.71794872	4278.97435905	4414.10256445	
4236.66666667	4224.74358968	4248.71794872	4270.38461546	4239.87179488	4230.25641019	4237.82051282	4241.02564103	4245.64102564	4237.05128206	4258.20512821	4250.0	4274.2307693	4412.17948753	
4239.87179488	4227.82051275	4258.33333334	4276.28205136	4248.84615385	4237.43589744	4244.10256411	4255.0	4258.97435898	4247.43589744	4268.71794879	4258.07692308	4286.0256411	4446.02564145	
4243.46153847	4235.38461539	4261.28205129	4281.53846161	4251.15384616	4247.05128206	4247.6923077	4272.05128212	4270.89743597	4252.6923077	4278.71794879	4266.02564103	4297.56410264	4476.4102569	
4244.61538462	4242.56410257	4260.76923077	4283.58974366	4254.10256411	4248.33333334	4248.97435898	4272.56410264	4270.89743597	4251.15384616	4276.923077	4270.64102571	4297.82051289	4481.02564152	
4248.20512821	4247.56410257	4265.8974359	4288.20512828	4262.56410257	4252.82051282	4254.10256411	4277.56410264	4273.97435905	4255.76923077	4282.56410264	4278.97435905	4303.33333348	4495.76923126	
4251.92307693	4251.02564103	4269.74358982	4292.69230777	4269.2307693	4260.8974359	4256.92307693	4290.00000007	4281.66666674	4265.76923077	4293.07692315	4282.94871802	4314.3589745	4513.71794928	
4247.94871795	4244.74358975	4261.92307693	4286.0256411	4261.7948718	4254.35897436	4250.51282052	4284.35897443	4281.0256411	4262.82051282	4285.38461546	4270.76923084	4307.05128219	4495.89743639	
4241.7948718	4238.84615385	4256.53846154	4280.64102571	4253.71794872	4249.87179488	4250.12820513	4275.00000007	4279.61538469	4259.10256411	4277.56410264	4264.74358975	4295.76923084	4475.512821	
4243.71794872	4247.05128206	4262.30769231	4287.69230777	4261.53846154	4260.0	4260.12820513	4282.17948725	4283.97435905	4267.69230777	4286.28205136	4271.923077	4305.00000014	4499.7435903	
4247.17948718	4252.05128206	4262.94871795	4290.1282052	4267.82051289	4265.76923077	4264.35897436	4286.15384623	4285.25641033	4269.10256418	4288.07692315	4270.64102571	4312.30769245	4512.435898	
4243.33333334	4245.25641026	4259.87179488	4287.30769238	4263.58974359	4264.35897436	4261.66666667	4281.15384623	4287.69230777	4266.02564103	4281.53846161	4265.51282052	4304.61538476	4488.97435946	
4240.0	4241.66666667	4260.25641026	4286.53846161	4258.84615385	4261.66666667	4257.43589744	4277.30769238	4288.58974366	4267.43589751	4279.2307693	4266.66666674	4297.94871802	4482.3076928	
4243.58974359	4245.0	4262.30769231	4285.64102571	4258.71794872	4256.66666667	4252.94871795	4271.41025648	4280.00000007	4259.48717949	4278.97435905	4269.10256418	4298.20512828	4481.02564152	
4245.38461539	4246.15384616	4266.15384616	4285.76923084	4258.46153847	4252.05128206	4251.41025641	4271.41025648	4277.05128212	4251.15384616	4280.89743597	4270.64102571	4300.89743604	4472.56410305	
4243.97435898	4241.66666667	4263.46153847	4282.56410264	4252.82051282	4249.48717949	4249.87179488	4270.64102571	4276.923077	4251.92307693	4279.35897443	4264.23076923	4296.53846161	4463.58974408	
4241.53846154	4237.43589744	4256.53846154	4277.17948725	4248.71794872	4252.30769231	4250.38461539	4264.35897436	4275.1282052	4254.10256411	4275.38461546	4258.97435898	4293.20512828	4458.0769235	
4239.10256411	4236.7948718	4256.41025641	4274.35897443	4250.38461539	4256.28205129	4255.76923077	4268.46153853	4276.15384623	4254.87179488	4274.74358982	4265.0	4299.61538476	4471.02564152	
4238.84615385	4234.87179488	4254.35897436	4269.48717956	4249.23076923	4253.20512821	4255.12820513	4267.43589751	4271.28205136	4250.0	4268.97435905	4262.56410257	4295.64102571	4464.35897485	
4236.28205129	4230.25641019	4250.76923077	4266.79487187	4245.0	4250.76923077	4249.48717949	4255.38461539	4265.25641026	4242.6923077	4263.84615385	4251.92307693	4283.58974366	4441.15384657	
4232.05128199	4227.82051275	4253.97435898	4267.43589751	4244.35897436	4251.15384616	4246.92307693	4255.38461539	4267.05128212	4243.97435898	4268.46153853	4252.30769231	4287.17948725	4446.41025683	
4233.58974352	4232.82051275	4259.74358975	4269.61538469	4249.87179488	4249.35897436	4250.0	4261.28205129	4271.53846161	4251.66666667	4272.05128212	4258.97435898	4296.15384623	4455.76923119	
4235.64102564	4237.6923077	4258.46153847	4273.58974366	4251.53846154	4249.23076923	4251.92307693	4259.10256411	4271.53846161	4252.30769231	4272.43589751	4260.38461539	4292.82051289	4453.33333375	
4230.89743583	4230.7692307	4248.46153847	4270.1282052	4243.33333334	4243.58974359	4243.46153847	4246.41025641	4262.05128206	4243.71794872	4269.87179495	4251.66666667	4284.48717956	4430.76923119	
4225.12820506	4220.7692307	4237.56410257	4259.10256411	4236.92307693	4233.33333327	4232.82051275	4233.58974352	4250.51282052	4238.33333334	4263.58974359	4239.87179488	4281.0256411	4398.33333368	
4223.4615384	4217.05128199	4231.6666666	4255.38461539	4235.25641026	4233.84615385	4230.64102558	4228.4615384	4246.15384616	4234.10256411	4259.61538462	4233.07692301	4275.51282059	4381.53846182	
4224.61538455	4219.10256404	4234.87179488	4262.05128206	4237.05128206	4239.10256411	4234.61538462	4227.05128199	4246.7948718	4232.82051275	4261.15384616	4235.76923077	4273.46153853	4379.87179515	
4230.12820506	4227.69230763	4243.33333334	4269.48717956	4241.53846154	4239.61538462	4238.58974359	4234.48717949	4251.15384616	4239.74358975	4264.23076923	4243.33333334	4281.41025648	4400.76923112	
4231.6666666	4227.17948711	4243.46153847	4265.12820513	4238.71794872	4236.66666667	4240.12820513	4240.8974359	4254.87179488	4243.07692308	4262.82051282	4242.6923077	4281.53846161	4410.00000035	
4222.05128199	4215.12820506	4238.20512821	4253.97435898	4232.5641025	4235.38461539	4238.20512821	4234.74358975	4253.46153847	4239.87179488	4263.33333334	4240.38461539	4277.69230777	4390.64102592	
4217.69230763	4215.38461532	4239.23076923	4254.10256411	4234.10256411	4235.8974359	4234.74358975	4226.15384609	4246.53846154	4234.87179488	4263.07692308	4243.71794872	4277.17948725	4378.97435926	
4223.58974352	4225.7692307	4241.53846154	4264.74358975	4235.12820513	4232.82051275	4234.61538462	4223.20512814	4238.71794872	4228.07692301	4254.74358975	4242.94871795	4271.53846161	4378.58974387	
4224.35897429	4224.48717942	4239.61538462	4265.64102564	4229.74358968	4227.69230763	4233.71794865	4222.43589737	4238.84615385	4225.7692307	4246.28205129	4236.53846154	4265.0	4378.46153874	
4221.28205122	4221.28205122	4242.17948718	4262.05128206	4231.41025634	4229.87179481	4232.30769224	4223.71794865	4243.84615385	4231.6666666	4249.48717949	4237.05128206	4268.07692315	4380.00000028	
4221.53846147	4226.79487173	4245.51282052	4267.94871802	4240.25641026	4233.4615384	4233.84615385	4226.79487173	4242.94871795	4234.74358975	4258.71794872	4241.02564103	4272.43589751	4382.8205131	
4220.25641019	4226.6666666	4241.7948718	4267.82051289	4239.61538462	4227.17948711	4232.94871788	4227.43589737	4239.35897436	4230.38461532	4257.30769231	4239.23076923	4268.97435905	4382.05128233	
4217.05128199	4221.6666666	4238.46153847	4257.43589744	4233.97435898	4222.5641025	4228.20512814	4223.33333327	4242.43589744	4229.99999993	4251.02564103	4236.53846154	4266.41025641	4378.46153874	
4214.35897429	4222.30769224	4237.30769231	4257.05128206	4236.02564103	4226.28205122	4227.82051275	4222.69230763	4247.05128206	4232.94871788	4253.07692308	4237.17948718	4268.20512828	4380.00000028	
4213.58974352	4225.51282045	4235.51282052	4263.46153847	4239.23076923	4225.7692307	4232.94871788	4223.07692301	4244.87179488	4229.99999993	4256.02564103	4236.02564103	4266.923077	4377.69230797	
4214.23076917	4227.69230763	4235.0	4266.02564103	4236.15384616	4222.05128199	4233.58974352	4219.48717942	4239.61538462	4224.87179481	4249.74358975	4230.38461532	4261.28205129	4360.00000021	
4213.33333327	4226.79487173	4233.20512814	4264.10256411	4232.69230763	4221.79487173	4230.12820506	4218.33333327	4239.35897436	4224.48717942	4240.64102564	4227.17948711	4258.33333334	4350.76923098	
4211.92307686	4224.10256404	4228.71794865	4257.82051282	4229.48717942	4219.10256404	4226.41025634	4214.74358968	4238.20512821	4222.94871788	4237.30769231	4226.92307686	4256.15384616	4347.17948739	
4211.02564096	4224.74358968	4227.94871788	4254.23076923	4228.07692301	4215.89743583	4225.38461532	4213.20512814	4237.05128206	4221.41025634	4237.94871795	4224.10256404	4254.23076923	4340.00000021	
4214.87179481	4227.94871788	4233.4615384	4258.84615385	4229.10256404	4220.7692307	4230.7692307	4226.92307686	4248.97435898	4227.05128199	4242.43589744	4225.64102558	4258.97435898	4356.15384637	
4221.53846147	4233.07692301	4240.25641026	4265.12820513	4227.17948711	4226.79487173	4235.38461539	4237.94871795	4261.28205129	4231.53846147	4247.17948718	4235.51282052	4265.76923077	4376.9230772	
4219.61538455	4235.38461539	4240.76923077	4265.76923077	4227.17948711	4222.17948711	4232.82051275	4232.94871788	4255.25641026	4228.84615378	4247.30769231	4239.74358975	4265.64102564	4375.00000028	
4216.6666666	4233.20512814	4239.23076923	4267.56410264	4231.79487173	4215.89743583	4231.28205122	4228.33333327	4246.02564103	4225.7692307	4245.0	4236.28205129	4263.07692308	4368.97435926	
4220.12820506	4238.97435898	4242.56410257	4274.87179495	4234.87179488	4223.20512814	4236.15384616	4235.51282052	4251.66666667	4228.58974352	4248.20512821	4238.97435898	4267.30769238	4380.12820541	
4220.89743583	4243.71794872	4240.8974359	4275.1282052	4232.5641025	4228.97435891	4234.48717949	4236.28205129	4252.56410257	4229.48717942	4248.46153847	4239.61538462	4267.94871802	4380.64102592	
4216.92307686	4237.43589744	4234.48717949	4268.71794879	4232.69230763	4224.10256404	4228.4615384	4222.17948711	4240.12820513	4225.7692307	4240.8974359	4229.61538455	4260.25641026	4354.4871797	
4215.64102558	4234.87179488	4234.48717949	4270.25641033	4237.82051282	4224.99999993	4229.35897429	4217.5641025	4238.71794872	4224.74358968	4240.12820513	4226.79487173	4257.82051282	4350.51282073	
4218.97435891	4238.97435898	4235.76923077	4276.0256411	4237.82051282	4229.35897429	4229.87179481	4221.28205122	4242.94871795	4224.10256404	4242.94871795	4231.41025634	4256.53846154	4362.17948739	
4220.51282045	4243.71794872	4234.74358975	4277.30769238	4241.53846154	4231.41025634	4232.5641025	4220.51282045	4243.84615385	4226.53846147	4245.8974359	4232.05128199	4256.92307693	4359.23076944	
4217.43589737	4242.56410257	4234.35897436	4276.28205136	4245.64102564	4231.53846147	4234.48717949	4221.6666666	4245.64102564	4233.33333327	4249.74358975	4232.5641025	4264.23076923	4363.84615406	
4214.48717942	4238.58974359	4233.71794865	4274.10256418	4236.02564103	4226.41025634	4225.64102558	4218.4615384	4240.8974359	4231.92307686	4245.64102564	4231.53846147	4263.46153847	4358.07692329	
4213.20512814	4240.0	4231.92307686	4272.17948725	4228.07692301	4224.61538455	4223.07692301	4210.12820506	4235.0	4225.38461532	4238.33333334	4225.64102558	4255.0	4340.51282073	
4214.23076917	4239.10256411	4227.43589737	4268.71794879	4230.7692307	4227.69230763	4230.38461532	4209.35897429	4237.56410257	4223.58974352	4236.28205129	4221.28205122	4250.76923077	4341.41025662	
4213.84615378	4233.84615385	4226.79487173	4265.51282052	4228.97435891	4224.61538455	4227.17948711	4213.97435891	4240.12820513	4222.43589737	4236.02564103	4221.53846147	4250.25641026	4340.64102585	
4209.99999993	4229.23076917	4226.6666666	4261.92307693	4218.33333327	4216.15384609	4215.38461532	4203.4615384	4232.17948711	4216.92307686	4231.15384609	4220.38461532	4246.28205129	4315.64102578	
4208.71794865	4227.05128199	4221.15384609	4257.30769231	4215.7692307	4212.17948711	4214.61538455	4184.2307691	4220.7692307	4212.30769224	4226.15384609	4216.79487173	4240.8974359	4291.41025648	
4206.53846147	4229.74358968	4220.12820506	4258.71794872	4221.41025634	4213.07692301	4221.28205122	4182.94871781	4215.38461532	4208.58974352	4223.20512814	4216.28205122	4236.7948718	4291.923077	
4203.33333327	4230.64102558	4220.64102558	4256.66666667	4221.6666666	4215.12820506	4222.17948711	4188.20512807	4213.20512814	4201.15384609	4219.23076917	4211.41025634	4232.17948711	4292.69230777	
4202.30769224	4226.02564096	4217.94871788	4250.76923077	4221.92307686	4217.17948711	4218.71794865	4185.38461525	4212.82051275	4200.38461525	4219.23076917	4204.99999993	4232.5641025	4282.43589751	
4202.69230763	4224.10256404	4216.02564096	4250.76923077	4223.71794865	4214.48717942	4213.97435891	4182.94871781	4214.10256404	4206.6666666	4221.6666666	4205.25641019	4233.58974352	4284.87179495	
4202.43589737	4227.30769224	4215.12820506	4253.71794872	4223.33333327	4211.28205122	4214.35897429	4182.82051269	4212.05128199	4205.64102558	4220.89743583	4206.92307686	4232.17948711	4288.33333341	
4200.25641012	4230.51282045	4216.41025634	4256.28205129	4224.74358968	4211.92307686	4216.6666666	4185.38461525	4211.79487173	4203.84615378	4220.7692307	4209.87179481	4233.84615385	4287.17948725	
4202.69230763	4232.05128199	4220.89743583	4259.61538462	4225.64102558	4209.74358968	4213.58974352	4188.46153833	4213.71794865	4206.28205122	4224.23076917	4213.84615378	4236.41025641	4297.94871802	
4209.48717942	4235.51282052	4228.20512814	4264.61538462	4227.05128199	4214.61538455	4216.6666666	4190.51282038	4218.33333327	4210.89743583	4233.58974352	4219.10256404	4243.07692308	4316.92307707	
4209.10256404	4238.46153847	4232.69230763	4267.17948725	4234.48717949	4226.53846147	4225.12820506	4199.10256397	4227.5641025	4217.30769224	4241.7948718	4225.38461532	4252.17948718	4335.89743611	
4202.82051275	4236.41025641	4229.61538455	4264.61538462	4236.7948718	4226.41025634	4224.35897429	4205.51282045	4231.02564096	4217.43589737	4236.53846154	4226.15384609	4250.51282052	4338.33333355	
4202.69230763	4235.12820513	4226.6666666	4263.71794872	4233.58974352	4221.41025634	4219.10256404	4202.17948711	4228.07692301	4216.92307686	4232.94871788	4224.48717942	4245.12820513	4329.48717963	
4205.51282045	4233.58974352	4226.02564096	4263.20512821	4231.92307686	4219.23076917	4219.48717942	4198.20512807	4223.4615384	4218.4615384	4238.20512821	4223.33333327	4248.20512821	4324.23076937	
4199.10256397	4227.17948711	4221.28205122	4258.33333334	4227.17948711	4213.33333327	4219.10256404	4191.41025628	4219.74358968	4212.82051275	4235.0	4218.07692301	4245.12820513	4305.76923091	
4192.69230756	4224.61538455	4217.17948711	4254.74358975	4224.61538455	4210.7692307	4217.5641025	4186.15384602	4220.64102558	4208.33333327	4226.41025634	4212.5641025	4237.56410257	4298.33333341	
4196.15384602	4228.33333327	4218.71794865	4256.66666667	4229.87179481	4213.33333327	4220.38461532	4194.48717935	4226.28205122	4214.35897429	4227.5641025	4213.33333327	4240.12820513	4317.56410271	
4198.71794858	4229.61538455	4221.15384609	4260.76923077	4236.15384616	4216.79487173	4222.05128199	4201.41025634	4230.38461532	4218.97435891	4232.43589737	4216.28205122	4242.6923077	4325.89743604	
4192.17948704	4227.30769224	4219.74358968	4261.66666667	4234.35897436	4217.69230763	4220.64102558	4194.74358961	4225.89743583	4211.6666666	4232.17948711	4215.12820506	4238.97435898	4314.74358989	
4185.64102551	4223.84615378	4215.64102558	4254.74358975	4224.35897429	4211.02564096	4217.94871788	4182.30769217	4215.12820506	4201.41025634	4225.89743583	4208.84615378	4235.64102564	4287.17948725	
4183.97435884	4221.92307686	4213.07692301	4248.84615385	4218.84615378	4202.5641025	4214.61538455	4175.12820499	4208.84615378	4197.4358973	4218.33333327	4202.94871788	4231.02564096	4269.74358982	
4183.97435884	4222.69230763	4214.10256404	4253.20512821	4224.10256404	4203.97435891	4215.38461532	4176.79487166	4211.15384609	4198.07692294	4216.92307686	4201.28205122	4226.15384609	4281.923077	
4182.56410243	4223.07692301	4215.38461532	4257.30769231	4228.20512814	4209.87179481	4217.17948711	4176.41025628	4211.15384609	4198.07692294	4219.74358968	4202.94871788	4227.05128199	4285.25641033	
4180.64102551	4220.7692307	4212.94871788	4253.33333334	4223.33333327	4206.53846147	4214.10256404	4170.76923063	4208.71794865	4193.71794858	4218.33333327	4201.79487173	4227.05128199	4276.15384623	
4180.38461525	4218.4615384	4212.43589737	4248.07692308	4216.92307686	4202.94871788	4211.6666666	4168.58974345	4210.25641019	4193.97435884	4213.84615378	4197.56410243	4223.07692301	4273.58974366	
4181.15384602	4220.25641019	4217.30769224	4249.10256411	4214.23076917	4206.28205122	4213.84615378	4171.15384602	4212.05128199	4199.48717935	4214.61538455	4199.74358961	4222.43589737	4272.94871802	
4180.64102551	4224.23076917	4219.10256404	4253.84615385	4214.48717942	4207.43589737	4214.48717942	4172.05128192	4208.84615378	4198.20512807	4215.12820506	4204.10256404	4223.33333327	4272.94871802	
4180.89743576	4227.69230763	4218.58974352	4256.15384616	4218.97435891	4207.30769224	4214.99999993	4175.38461525	4207.69230763	4196.92307679	4217.30769224	4206.41025634	4227.5641025	4275.38461546	
4182.56410243	4228.71794865	4221.79487173	4256.53846154	4223.84615378	4211.79487173	4216.6666666	4187.05128192	4215.7692307	4204.10256404	4223.33333327	4212.5641025	4236.7948718	4295.89743597	
4183.07692294	4232.05128199	4226.28205122	4260.76923077	4226.6666666	4217.05128199	4218.33333327	4194.99999986	4223.84615378	4212.17948711	4226.6666666	4217.69230763	4240.38461539	4321.28205142	
4181.02564089	4241.28205129	4231.53846147	4270.00000007	4232.82051275	4222.94871788	4225.51282045	4202.94871788	4231.15384609	4218.71794865	4232.82051275	4221.53846147	4244.87179488	4336.28205149	
4184.10256397	4248.84615385	4237.30769231	4273.33333341	4236.02564103	4229.48717942	4232.82051275	4217.5641025	4239.61538462	4223.97435891	4240.0	4231.79487173	4253.46153847	4362.05128226	
4188.07692294	4251.66666667	4241.41025641	4274.35897443	4236.7948718	4232.82051275	4233.58974352	4227.30769224	4246.41025641	4229.61538455	4246.92307693	4242.94871795	4260.64102564	4386.79487208	
4186.28205115	4253.97435898	4243.58974359	4279.10256418	4243.07692308	4236.41025641	4235.38461539	4230.25641019	4253.97435898	4236.28205129	4253.97435898	4245.12820513	4266.53846154	4396.15384644	
4189.2307691	4256.53846154	4244.23076923	4279.74358982	4246.02564103	4239.23076923	4239.61538462	4231.79487173	4256.66666667	4236.53846154	4254.48717949	4243.07692308	4269.35897443	4404.10256445	
4195.25641012	4263.71794872	4249.48717949	4282.94871802	4249.87179488	4245.64102564	4244.48717949	4239.10256411	4261.28205129	4240.0	4258.84615385	4247.94871795	4275.00000007	4422.17948753	
4193.58974345	4267.05128212	4251.02564103	4287.30769238	4258.07692308	4253.97435898	4247.30769231	4246.66666667	4266.02564103	4245.76923077	4263.58974359	4249.35897436	4278.97435905	4433.9743594	
4189.2307691	4260.8974359	4241.92307693	4282.17948725	4254.23076923	4250.38461539	4243.84615385	4234.48717949	4257.05128206	4240.12820513	4253.84615385	4239.48717949	4268.20512828	4410.12820548	
4188.20512807	4260.76923077	4238.58974359	4276.0256411	4246.92307693	4242.82051282	4239.61538462	4222.30769224	4249.48717949	4236.28205129	4247.6923077	4236.15384616	4261.02564103	4391.02564131	
4189.74358961	4261.7948718	4242.17948718	4275.64102571	4247.17948718	4241.15384616	4236.7948718	4225.25641019	4248.58974359	4235.8974359	4251.15384616	4240.8974359	4264.10256411	4398.20512856	
4188.07692294	4259.35897436	4244.23076923	4278.58974366	4248.07692308	4242.56410257	4235.25641026	4226.53846147	4244.61538462	4232.05128199	4248.46153847	4241.66666667	4265.25641026	4397.30769259	
4185.51282038	4260.12820513	4244.23076923	4277.17948725	4243.84615385	4241.92307693	4234.61538462	4226.02564096	4244.10256411	4232.30769224	4246.28205129	4241.7948718	4263.84615385	4398.71794907	
4183.20512807	4254.48717949	4238.84615385	4266.41025641	4235.51282052	4235.51282052	4228.71794865	4215.25641019	4238.07692308	4229.23076917	4244.10256411	4239.23076923	4255.12820513	4381.79487208	
4178.46153833	4246.53846154	4232.82051275	4261.53846154	4232.43589737	4233.20512814	4224.61538455	4203.84615378	4230.64102558	4223.07692301	4237.6923077	4234.35897436	4248.71794872	4356.28205149	
4177.82051269	4244.23076923	4232.05128199	4263.46153847	4235.0	4237.30769231	4227.5641025	4213.58974352	4240.76923077	4229.61538455	4236.66666667	4233.4615384	4256.53846154	4372.17948746	
4178.71794858	4246.15384616	4238.07692308	4263.97435898	4238.58974359	4238.97435898	4231.41025634	4221.6666666	4250.12820513	4238.20512821	4244.74358975	4238.46153847	4262.6923077	4389.10256438	
4176.28205115	4247.6923077	4242.43589744	4264.74358975	4237.05128206	4233.33333327	4228.97435891	4216.28205122	4242.43589744	4234.74358975	4251.02564103	4243.46153847	4260.51282052	4379.48717977	
4176.41025628	4243.33333334	4237.94871795	4260.64102564	4231.15384609	4224.23076917	4222.30769224	4210.25641019	4236.7948718	4229.35897429	4246.7948718	4241.28205129	4257.43589744	4360.3846156	
4175.51282038	4242.05128206	4234.35897436	4256.92307693	4229.48717942	4224.74358968	4219.10256404	4209.48717942	4238.71794872	4232.69230763	4243.58974359	4237.82051282	4255.64102564	4351.53846175	
4171.66666653	4240.76923077	4233.58974352	4253.71794872	4229.48717942	4228.71794865	4218.97435891	4206.92307686	4234.23076923	4232.17948711	4241.92307693	4232.69230763	4249.35897436	4352.56410278	
4171.41025628	4234.23076923	4229.23076917	4247.30769231	4228.97435891	4228.33333327	4219.61538455	4197.4358973	4227.43589737	4223.71794865	4236.66666667	4227.30769224	4245.51282052	4336.15384637	
4171.15384602	4230.51282045	4222.5641025	4242.43589744	4224.48717942	4222.94871788	4218.07692301	4190.76923063	4226.41025634	4219.99999993	4232.05128199	4225.38461532	4243.97435898	4314.48717963	
4168.58974345	4226.53846147	4215.89743583	4235.51282052	4212.94871788	4212.30769224	4212.69230763	4186.92307679	4219.61538455	4213.97435891	4223.97435891	4219.74358968	4233.33333327	4306.79487194	
4167.17948697	4222.69230763	4216.41025634	4236.28205129	4211.92307686	4212.05128199	4209.48717942	4183.97435884	4216.6666666	4210.7692307	4220.89743583	4215.51282045	4228.97435891	4299.87179501	
4164.9999998	4219.87179481	4213.71794865	4240.64102564	4214.87179481	4213.71794865	4202.17948711	4177.30769217	4212.43589737	4208.97435891	4218.4615384	4208.33333327	4226.92307686	4275.89743597	
4162.05128185	4215.38461532	4205.89743583	4235.38461539	4208.4615384	4207.05128199	4193.97435884	4164.23076903	4197.94871781	4198.71794858	4207.43589737	4198.3333332	4210.7692307	4246.02564103	
4160.25641005	4217.30769224	4210.38461532	4236.92307693	4212.43589737	4211.15384609	4197.4358973	4164.35897415	4202.05128199	4198.97435884	4207.17948711	4204.10256404	4209.74358968	4248.58974359	
4164.23076903	4226.15384609	4217.05128199	4246.41025641	4220.12820506	4217.5641025	4203.20512814	4174.74358961	4213.4615384	4207.05128199	4218.4615384	4213.84615378	4226.79487173	4275.89743597	
4166.41025621	4226.6666666	4212.94871788	4245.12820513	4216.6666666	4211.53846147	4199.74358961	4174.10256397	4210.51282045	4211.28205122	4220.7692307	4209.74358968	4229.61538455	4274.74358982	
4157.94871774	4218.33333327	4209.35897429	4239.61538462	4214.23076917	4205.7692307	4194.35897422	4169.10256397	4208.58974352	4212.30769224	4219.35897429	4207.43589737	4221.02564096	4263.97435898	
4152.43589723	4214.87179481	4208.58974352	4238.84615385	4213.20512814	4206.15384609	4191.02564089	4168.46153833	4207.30769224	4207.94871788	4222.17948711	4208.71794865	4217.5641025	4263.46153847	
4153.07692287	4213.97435891	4204.10256404	4235.51282052	4208.58974352	4202.69230763	4188.97435884	4164.1025639	4200.64102551	4200.51282038	4217.17948711	4203.84615378	4217.43589737	4245.25641026	
4152.43589723	4209.87179481	4200.51282038	4229.61538455	4205.38461532	4198.46153833	4190.12820499	4161.92307672	4201.41025634	4199.99999986	4212.82051275	4200.64102551	4216.41025634	4230.51282045	
4152.56410236	4210.51282045	4202.43589737	4229.35897429	4206.79487173	4200.76923063	4193.71794858	4167.43589723	4208.20512814	4207.94871788	4218.97435891	4201.41025634	4219.48717942	4241.02564103	
4151.79487159	4210.89743583	4202.43589737	4229.35897429	4206.53846147	4203.84615378	4194.48717935	4165.25641005	4202.82051275	4204.87179481	4214.35897429	4196.15384602	4216.15384609	4242.82051282	
4148.84615364	4204.48717942	4197.69230756	4224.99999993	4202.94871788	4200.89743576	4191.79487166	4156.02564082	4196.02564089	4195.38461525	4201.79487173	4189.35897422	4205.64102558	4218.97435891	
4147.82051262	4206.6666666	4198.84615371	4227.05128199	4206.02564096	4199.99999986	4191.79487166	4162.94871774	4202.94871788	4201.6666666	4207.82051275	4196.02564089	4209.87179481	4225.12820506	
4150.76923056	4214.74358968	4206.53846147	4236.7948718	4213.20512814	4203.58974352	4195.12820499	4176.41025628	4208.58974352	4208.33333327	4218.97435891	4205.12820506	4220.64102558	4260.76923077	
4152.56410236	4217.5641025	4212.82051275	4242.94871795	4218.4615384	4206.92307686	4198.71794858	4177.56410243	4207.17948711	4203.07692301	4218.20512814	4205.64102558	4221.02564096	4264.61538462	
4152.69230749	4222.5641025	4215.25641019	4243.20512821	4219.35897429	4208.07692301	4199.61538448	4179.10256397	4209.48717942	4202.82051275	4217.17948711	4209.10256404	4221.15384609	4260.25641026	
4156.79487159	4226.41025634	4215.25641019	4246.15384616	4219.35897429	4207.82051275	4197.30769217	4184.35897422	4214.23076917	4208.4615384	4221.79487173	4215.64102558	4226.53846147	4275.51282059	
4159.1025639	4228.71794865	4217.43589737	4254.10256411	4225.38461532	4213.20512814	4198.84615371	4188.58974345	4216.79487173	4210.12820506	4227.30769224	4221.02564096	4232.30769224	4290.1282052	
4156.66666646	4227.5641025	4217.30769224	4250.64102564	4227.17948711	4216.92307686	4199.48717935	4193.84615371	4223.07692301	4213.58974352	4227.94871788	4221.02564096	4234.74358975	4297.30769238	
4157.05128185	4224.87179481	4212.43589737	4243.07692308	4223.33333327	4212.5641025	4199.35897422	4193.84615371	4231.02564096	4222.05128199	4229.61538455	4217.94871788	4237.6923077	4295.64102571	
4162.3076921	4232.05128199	4218.71794865	4253.84615385	4231.53846147	4218.71794865	4208.4615384	4204.61538455	4240.76923077	4232.30769224	4241.15384616	4224.99999993	4247.56410257	4320.51282066	
4165.76923056	4237.94871795	4226.02564096	4261.53846154	4238.33333334	4228.07692301	4214.99999993	4218.07692301	4239.74358975	4230.12820506	4244.10256411	4231.79487173	4250.12820513	4347.56410278	
4162.05128185	4232.43589737	4220.7692307	4251.02564103	4231.28205122	4227.43589737	4211.79487173	4209.23076917	4226.53846147	4220.7692307	4236.02564103	4227.5641025	4244.10256411	4330.38461553	
4161.02564082	4230.38461532	4218.84615378	4247.43589744	4231.92307686	4228.71794865	4212.43589737	4205.64102558	4229.48717942	4226.79487173	4239.61538462	4227.94871788	4247.43589744	4331.41025655	
4163.97435877	4234.10256411	4221.92307686	4254.35897436	4236.7948718	4230.51282045	4215.38461532	4215.7692307	4243.97435898	4238.46153847	4246.41025641	4231.6666666	4252.56410257	4350.51282073	
4159.74358954	4230.7692307	4217.94871788	4252.56410257	4230.89743583	4224.87179481	4208.33333327	4208.4615384	4240.51282052	4232.5641025	4241.7948718	4223.07692301	4247.05128206	4329.61538476	
4157.69230749	4225.25641019	4211.92307686	4244.61538462	4226.02564096	4222.17948711	4202.43589737	4192.4358973	4223.84615378	4215.38461532	4232.5641025	4212.5641025	4236.7948718	4301.1538463	
4163.46153826	4228.84615378	4217.05128199	4248.46153847	4232.05128199	4228.4615384	4209.61538455	4200.64102551	4229.23076917	4215.7692307	4234.10256411	4219.23076917	4237.6923077	4314.74358989	
4164.9999998	4230.89743583	4219.87179481	4252.94871795	4230.89743583	4225.7692307	4209.74358968	4211.92307686	4245.25641026	4228.58974352	4239.74358975	4227.17948711	4243.46153847	4336.02564124	
4160.25641005	4221.6666666	4208.07692301	4243.84615385	4219.23076917	4214.61538455	4199.2307691	4193.71794858	4230.38461532	4222.17948711	4227.82051275	4213.84615378	4232.94871788	4304.3589745	
4157.3076921	4216.41025634	4201.92307686	4237.43589744	4219.10256404	4213.97435891	4198.3333332	4177.94871781	4212.17948711	4209.23076917	4214.87179481	4202.30769224	4219.99999993	4267.82051289	
4159.74358954	4220.51282045	4205.38461532	4238.46153847	4222.43589737	4217.17948711	4203.97435891	4183.07692294	4217.05128199	4209.48717942	4217.30769224	4205.89743583	4218.84615378	4277.17948725	
4162.17948697	4219.99999993	4206.02564096	4236.7948718	4219.74358968	4215.64102558	4203.58974352	4184.74358961	4220.64102558	4210.38461532	4222.17948711	4212.05128199	4223.20512814	4283.07692315	
4158.33333313	4215.12820506	4197.94871781	4229.74358968	4213.58974352	4207.69230763	4197.94871781	4173.07692294	4209.87179481	4199.74358961	4218.84615378	4208.84615378	4219.61538455	4257.6923077	
4153.58974339	4210.64102558	4191.66666653	4223.33333327	4206.02564096	4196.79487166	4190.89743576	4158.07692287	4199.61538448	4188.97435884	4207.94871788	4196.66666653	4203.84615378	4228.33333327	
4151.92307672	4209.10256404	4194.48717935	4223.84615378	4204.61538455	4193.84615371	4187.94871781	4156.02564082	4198.84615371	4189.74358961	4201.92307686	4194.2307691	4199.35897422	4221.41025634	
4149.48717928	4208.71794865	4193.97435884	4223.58974352	4203.97435891	4196.15384602	4192.94871781	4165.38461518	4196.28205115	4194.10256397	4205.64102558	4201.53846147	4210.38461532	4233.71794865	
4147.56410236	4205.89743583	4189.48717935	4217.69230763	4200.25641012	4195.38461525	4195.51282038	4166.53846133	4193.20512807	4194.48717935	4208.4615384	4201.53846147	4209.35897429	4231.92307686	
4147.69230749	4202.17948711	4187.56410243	4213.71794865	4198.3333332	4191.28205115	4187.69230756	4156.92307672	4190.12820499	4188.58974345	4202.94871788	4193.97435884	4197.17948704	4210.38461532	
4146.02564082	4199.61538448	4184.87179474	4213.20512814	4194.74358961	4182.94871781	4178.58974345	4142.82051262	4177.69230756	4178.71794858	4192.69230756	4186.79487166	4189.2307691	4177.05128192	
4143.58974339	4197.69230756	4182.17948704	4211.28205122	4189.61538448	4174.99999986	4177.4358973	4130.64102537	4168.71794858	4174.87179474	4187.05128192	4181.79487166	4182.69230756	4148.71794851	
4142.05128185	4192.82051269	4181.66666653	4207.05128199	4188.07692294	4174.87179474	4177.82051269	4124.61538434	4168.97435884	4172.94871781	4185.64102551	4177.4358973	4176.15384602	4137.82051262	
4139.9999998	4191.28205115	4180.89743576	4205.7692307	4186.66666653	4175.38461525	4172.82051269	4122.30769203	4167.56410236	4168.97435884	4184.99999986	4176.79487166	4177.69230756	4129.99999973	
4140.38461518	4193.84615371	4180.12820499	4206.92307686	4184.2307691	4173.07692294	4172.94871781	4126.02564075	4165.51282031	4171.02564089	4187.69230756	4178.46153833	4182.05128192	4134.35897408	
4143.58974339	4192.05128192	4181.79487166	4204.10256404	4183.84615371	4173.20512807	4176.66666653	4128.46153819	4168.97435884	4178.46153833	4190.25641012	4178.97435884	4182.82051269	4145.12820492	
4140.51282031	4189.10256397	4180.51282038	4200.12820499	4187.30769217	4173.71794858	4174.61538448	4124.10256383	4171.02564089	4179.74358961	4188.84615371	4177.30769217	4181.92307679	4143.07692287	
4135.89743569	4189.10256397	4178.58974345	4203.97435891	4192.56410243	4173.46153833	4171.02564089	4125.51282024	4169.87179474	4178.3333332	4185.64102551	4174.87179474	4181.02564089	4145.64102544	
4137.82051262	4187.30769217	4177.82051269	4205.89743583	4189.87179474	4171.41025628	4168.97435884	4126.79487152	4168.46153833	4179.87179474	4184.87179474	4171.28205115	4178.71794858	4142.3076921	
4138.71794851	4184.61538448	4173.3333332	4201.02564096	4184.48717935	4168.20512807	4167.69230749	4122.56410229	4166.02564082	4177.30769217	4186.92307679	4168.84615371	4175.12820499	4130.25640998	
4137.56410236	4186.92307679	4173.97435884	4202.94871788	4188.20512807	4169.61538448	4172.4358973	4128.33333306	4169.2307691	4174.61538448	4184.87179474	4171.92307679	4175.51282038	4138.71794851	
4139.87179467	4186.79487166	4180.64102551	4207.94871788	4191.5384614	4175.89743576	4175.76923063	4140.76923056	4180.12820499	4181.02564089	4181.79487166	4177.4358973	4179.2307691	4157.43589723	
4139.74358954	4181.79487166	4183.20512807	4203.20512814	4187.94871781	4178.3333332	4176.15384602	4148.84615364	4190.12820499	4192.17948704	4194.74358961	4184.35897422	4187.56410243	4174.61538448	
4137.69230749	4181.15384602	4182.82051269	4197.82051269	4187.17948704	4178.97435884	4181.66666653	4157.69230749	4194.35897422	4200.64102551	4217.94871788	4191.28205115	4202.05128199	4187.05128192	
4138.71794851	4183.58974345	4183.58974345	4202.05128199	4188.58974345	4182.05128192	4183.71794858	4165.51282031	4195.64102551	4202.43589737	4221.53846147	4191.92307679	4205.38461532	4196.5384614	
4138.33333313	4182.05128192	4182.56410243	4204.23076917	4187.30769217	4182.94871781	4177.17948704	4162.43589723	4196.79487166	4202.5641025	4213.33333327	4188.07692294	4199.61538448	4203.4615384	
4137.3076921	4178.97435884	4182.4358973	4199.48717935	4187.69230756	4183.20512807	4177.30769217	4153.46153826	4195.76923063	4202.43589737	4211.79487173	4186.79487166	4200.51282038	4195.38461525	
4143.07692287	4183.97435884	4187.82051269	4201.15384609	4191.92307679	4188.97435884	4188.07692294	4162.56410236	4197.69230756	4201.6666666	4214.87179481	4193.58974345	4207.94871788	4208.71794865	
4152.94871774	4196.92307679	4196.5384614	4211.28205122	4203.97435891	4201.92307686	4200.12820499	4184.74358961	4209.35897429	4207.17948711	4224.48717942	4204.74358968	4215.51282045	4250.38461539	
4156.53846133	4206.53846147	4202.69230763	4219.87179481	4214.87179481	4210.25641019	4207.05128199	4197.17948704	4219.61538455	4217.69230763	4235.0	4212.69230763	4224.87179481	4281.41025648	
4157.94871774	4207.30769224	4204.23076917	4222.94871788	4212.94871788	4210.64102558	4208.33333327	4202.30769224	4221.15384609	4219.61538455	4235.8974359	4217.05128199	4232.94871788	4293.46153853	
4163.205128	4209.10256404	4209.35897429	4226.28205122	4216.6666666	4218.84615378	4213.20512814	4214.35897429	4229.10256404	4217.5641025	4235.64102564	4222.17948711	4237.17948718	4307.82051296	
4166.28205108	4214.48717942	4216.41025634	4230.7692307	4227.30769224	4229.10256404	4219.87179481	4227.30769224	4245.25641026	4227.43589737	4242.82051282	4224.99999993	4242.56410257	4332.94871816	
4164.9999998	4213.84615378	4215.25641019	4231.02564096	4223.97435891	4223.20512814	4216.28205122	4223.07692301	4243.71794872	4234.35897436	4242.17948718	4221.6666666	4244.10256411	4333.97435919	
4161.79487159	4206.28205122	4211.28205122	4227.30769224	4213.20512814	4215.89743583	4212.43589737	4215.12820506	4235.0	4226.28205122	4229.48717942	4217.43589737	4238.58974359	4305.2564104	
4157.82051262	4202.17948711	4208.4615384	4223.97435891	4210.12820506	4218.4615384	4216.6666666	4219.48717942	4243.46153847	4220.38461532	4223.71794865	4215.51282045	4233.58974352	4302.43589758	
4156.53846133	4208.20512814	4206.6666666	4226.53846147	4210.12820506	4214.99999993	4215.12820506	4214.74358968	4242.94871795	4222.94871788	4227.82051275	4215.89743583	4231.28205122	4312.82051296	
4158.33333313	4213.20512814	4208.4615384	4230.89743583	4207.94871788	4210.12820506	4208.84615378	4199.35897422	4227.30769224	4223.33333327	4229.74358968	4217.69230763	4231.15384609	4299.2307693	
4157.56410236	4207.05128199	4204.61538455	4226.28205122	4203.4615384	4208.84615378	4207.17948711	4192.17948704	4222.30769224	4216.02564096	4221.41025634	4213.33333327	4227.17948711	4279.61538469	
4156.79487159	4206.28205122	4199.87179474	4223.71794865	4204.61538455	4210.89743583	4206.6666666	4192.94871781	4225.25641019	4213.07692301	4220.38461532	4210.25641019	4226.28205122	4280.76923084	
4159.61538441	4210.12820506	4203.84615378	4228.97435891	4209.87179481	4214.10256404	4205.38461532	4193.46153833	4221.28205122	4214.35897429	4227.43589737	4211.92307686	4229.99999993	4292.94871802	
4158.33333313	4205.51282045	4200.76923063	4225.12820506	4205.12820506	4208.84615378	4203.4615384	4184.87179474	4211.02564096	4205.89743583	4221.53846147	4205.51282045	4224.87179481	4275.25641033	
4152.69230749	4202.17948711	4189.48717935	4216.28205122	4199.74358961	4200.51282038	4197.30769217	4169.74358961	4202.30769224	4197.94871781	4215.38461532	4198.20512807	4213.97435891	4243.71794872	
4151.53846133	4196.41025628	4184.35897422	4211.79487173	4194.2307691	4192.69230756	4187.82051269	4160.64102544	4193.46153833	4195.64102551	4214.23076917	4195.76923063	4205.25641019	4228.84615378	
4151.02564082	4187.82051269	4183.97435884	4207.17948711	4185.76923063	4187.30769217	4184.87179474	4157.82051262	4187.05128192	4191.92307679	4208.71794865	4193.46153833	4203.84615378	4212.5641025	
4146.15384595	4187.69230756	4180.25641012	4201.6666666	4184.10256397	4185.64102551	4186.66666653	4155.25641005	4184.87179474	4190.38461525	4204.10256404	4193.46153833	4204.87179481	4204.48717942	
4144.61538441	4183.58974345	4175.25641012	4192.82051269	4178.84615371	4179.35897422	4181.5384614	4144.35897415	4179.61538448	4187.94871781	4198.97435884	4189.74358961	4195.64102551	4196.79487166	
4142.82051262	4176.5384614	4181.15384602	4184.61538448	4177.17948704	4179.35897422	4183.07692294	4144.1025639	4183.20512807	4189.87179474	4200.12820499	4189.2307691	4194.48717935	4189.87179474	
4141.02564082	4177.05128192	4189.74358961	4180.51282038	4186.92307679	4188.84615371	4192.56410243	4162.17948697	4193.20512807	4196.41025628	4207.05128199	4197.4358973	4206.15384609	4210.25641019	
4140.12820492	4175.12820499	4187.82051269	4178.58974345	4188.3333332	4186.66666653	4186.66666653	4157.05128185	4186.79487166	4190.25641012	4204.87179481	4197.17948704	4201.53846147	4202.17948711	
4129.8717946	4168.20512807	4182.17948704	4174.35897422	4178.71794858	4174.48717935	4173.3333332	4132.82051255	4171.92307679	4179.35897422	4193.84615371	4186.92307679	4185.64102551	4152.05128185	
4117.69230742	4162.94871774	4173.84615371	4163.07692287	4169.48717935	4167.82051262	4173.07692294	4123.9743587	4163.07692287	4174.2307691	4184.2307691	4175.76923063	4175.51282038	4129.35897408	
4112.94871767	4162.69230749	4170.51282038	4160.64102544	4169.74358961	4167.05128185	4180.12820499	4123.20512793	4162.17948697	4173.58974345	4181.92307679	4170.76923063	4173.84615371	4130.51282024	
4103.33333306	4165.51282031	4175.76923063	4167.56410236	4173.3333332	4164.35897415	4178.58974345	4117.94871767	4163.33333313	4173.84615371	4185.25641012	4171.15384602	4177.30769217	4119.35897408	
4081.15384581	4164.23076903	4176.41025628	4165.38461518	4169.10256397	4161.53846133	4172.56410243	4111.02564075	4154.9999998	4170.64102551	4182.17948704	4169.87179474	4172.94871781	4096.28205094	
4061.53846113	4162.17948697	4174.2307691	4160.25641005	4166.53846133	4163.33333313	4174.87179474	4114.48717921	4149.23076903	4171.41025628	4174.87179474	4171.28205115	4166.79487159	4090.51282017	
4061.02564061	4159.87179467	4174.2307691	4160.64102544	4167.69230749	4163.46153826	4176.28205115	4117.82051255	4154.35897415	4172.30769217	4174.87179474	4173.20512807	4168.58974345	4094.10256376	
4068.07692266	4156.28205108	4173.71794858	4164.1025639	4167.05128185	4163.84615364	4173.20512807	4114.35897408	4158.46153826	4174.87179474	4182.30769217	4172.82051269	4172.82051269	4087.82051248	
4074.23076889	4157.05128185	4175.51282038	4166.15384595	4168.97435884	4168.58974345	4173.46153833	4122.05128178	4161.41025621	4178.46153833	4186.66666653	4175.25641012	4174.74358961	4106.15384588	
4088.97435863	4162.69230749	4181.5384614	4164.1025639	4174.74358961	4173.07692294	4179.10256397	4132.56410229	4165.51282031	4178.20512807	4183.07692294	4178.71794858	4177.4358973	4134.74358947	
4101.92307658	4165.12820492	4184.74358961	4163.97435877	4177.17948704	4175.89743576	4182.4358973	4132.30769203	4164.87179467	4175.51282038	4180.12820499	4178.3333332	4180.76923063	4134.99999973	
4102.69230742	4163.33333313	4184.2307691	4169.99999986	4177.4358973	4178.3333332	4184.87179474	4136.28205108	4166.02564082	4176.28205115	4186.5384614	4178.58974345	4181.02564089	4140.51282031	
4103.9743587	4165.76923056	4184.99999986	4174.35897422	4179.48717935	4178.84615371	4187.69230756	4146.53846133	4171.5384614	4181.92307679	4193.20512807	4182.94871781	4181.41025628	4158.84615364	
4110.25640998	4167.17948697	4181.79487166	4171.41025628	4178.46153833	4178.58974345	4185.25641012	4146.28205108	4171.41025628	4183.97435884	4190.64102551	4182.05128192	4183.46153833	4162.94871774	
4116.15384588	4165.12820492	4180.76923063	4167.69230749	4179.10256397	4181.79487166	4186.15384602	4146.79487159	4176.15384602	4187.05128192	4193.58974345	4180.64102551	4184.99999986	4169.74358961	
4117.05128178	4165.89743569	4187.30769217	4170.51282038	4187.30769217	4187.69230756	4192.4358973	4162.56410236	4190.38461525	4195.64102551	4207.69230763	4188.97435884	4193.58974345	4195.51282038	
4114.23076896	4169.87179474	4189.10256397	4175.51282038	4191.79487166	4190.89743576	4195.64102551	4171.28205115	4191.02564089	4198.3333332	4208.84615378	4193.3333332	4204.87179481	4210.64102558	
4121.41025614	4177.05128192	4192.94871781	4182.4358973	4193.07692294	4198.20512807	4201.6666666	4173.3333332	4189.87179474	4200.38461525	4206.28205122	4194.61538448	4210.89743583	4219.48717942	
4131.15384588	4188.71794858	4206.15384609	4193.07692294	4204.10256404	4210.64102558	4211.79487173	4190.76923063	4206.6666666	4211.53846147	4222.43589737	4206.6666666	4220.64102558	4263.20512821	
4122.56410229	4197.82051269	4209.87179481	4200.51282038	4214.74358968	4214.74358968	4216.15384609	4207.82051275	4219.61538455	4221.41025634	4235.8974359	4218.07692301	4232.30769224	4302.30769245	
4110.7692305	4203.58974352	4209.23076917	4205.12820506	4216.41025634	4218.33333327	4219.74358968	4213.84615378	4224.61538455	4227.30769224	4233.20512814	4219.74358968	4237.05128206	4308.97435912	
4114.8717946	4206.92307686	4218.20512814	4210.38461532	4223.20512814	4231.02564096	4228.07692301	4225.89743583	4236.02564103	4236.53846154	4236.7948718	4225.7692307	4243.20512821	4336.53846175	
4120.64102537	4206.92307686	4222.94871788	4213.71794865	4233.20512814	4239.87179488	4232.30769224	4239.74358975	4246.66666667	4239.23076923	4248.07692308	4234.87179488	4251.15384616	4366.15384644	
4117.43589716	4207.30769224	4216.6666666	4211.92307686	4229.74358968	4231.15384609	4226.28205122	4235.25641026	4244.48717949	4234.74358975	4244.61538462	4231.6666666	4249.74358975	4349.74358996	
4117.56410229	4203.07692301	4213.58974352	4206.28205122	4220.12820506	4221.6666666	4218.97435891	4219.74358968	4231.15384609	4229.99999993	4231.02564096	4222.94871788	4238.33333334	4317.05128219	
4120.89743562	4202.94871788	4220.12820506	4207.5641025	4224.74358968	4231.53846147	4223.07692301	4217.43589737	4226.41025634	4230.12820506	4231.15384609	4225.25641019	4235.25641026	4315.38461553	
4122.56410229	4210.51282045	4225.12820506	4213.33333327	4232.69230763	4237.6923077	4226.92307686	4228.20512814	4234.10256411	4232.94871788	4237.30769231	4232.43589737	4242.94871795	4338.07692329	
4123.9743587	4208.71794865	4222.30769224	4212.5641025	4224.48717942	4225.38461532	4220.25641019	4228.97435891	4235.76923077	4232.82051275	4234.74358975	4232.69230763	4247.56410257	4340.64102585	
4119.8717946	4202.05128199	4222.05128199	4206.6666666	4215.38461532	4221.02564096	4214.10256404	4219.23076917	4229.35897429	4229.99999993	4232.5641025	4229.48717942	4245.38461539	4321.79487194	
4117.05128178	4198.20512807	4219.74358968	4199.2307691	4214.74358968	4223.97435891	4210.51282045	4208.33333327	4221.79487173	4222.43589737	4227.82051275	4223.07692301	4235.25641026	4300.00000014	
4121.41025614	4197.30769217	4215.25641019	4198.3333332	4219.23076917	4219.48717942	4209.99999993	4201.6666666	4218.4615384	4220.38461532	4223.33333327	4221.15384609	4231.79487173	4288.20512828	
4124.61538434	4198.58974345	4218.58974352	4202.69230763	4224.99999993	4218.71794865	4214.87179481	4208.20512814	4224.87179481	4226.28205122	4229.99999993	4229.10256404	4238.71794872	4305.76923091	
4119.74358947	4193.3333332	4217.43589737	4194.35897422	4218.58974352	4218.97435891	4212.82051275	4206.15384609	4224.48717942	4222.82051275	4229.10256404	4223.58974352	4233.84615385	4302.30769245	
4113.20512793	4183.71794858	4204.87179481	4182.56410243	4209.87179481	4214.23076917	4206.02564096	4191.79487166	4214.87179481	4216.41025634	4219.74358968	4209.48717942	4221.6666666	4267.56410264	
4115.64102537	4180.38461525	4195.51282038	4180.38461525	4211.92307686	4212.17948711	4206.15384609	4188.20512807	4209.10256404	4213.4615384	4213.4615384	4205.64102558	4217.05128199	4256.15384616	
4117.94871767	4180.89743576	4193.46153833	4177.82051269	4211.02564096	4210.25641019	4205.51282045	4183.07692294	4200.64102551	4204.87179481	4207.30769224	4200.12820499	4210.38461532	4241.92307693	
4116.15384588	4180.64102551	4194.2307691	4175.12820499	4207.17948711	4209.61538455	4201.28205122	4175.38461525	4197.05128192	4199.10256397	4205.64102558	4193.84615371	4202.94871788	4224.35897429	
4119.48717921	4181.79487166	4195.64102551	4177.94871781	4211.92307686	4213.20512814	4202.05128199	4181.5384614	4203.58974352	4203.84615378	4209.10256404	4197.4358973	4207.43589737	4236.66666667	
4122.17948691	4180.38461525	4192.82051269	4179.74358961	4213.84615378	4210.7692307	4203.97435891	4188.20512807	4205.25641019	4205.51282045	4205.7692307	4200.89743576	4209.48717942	4246.92307693	
4121.53846126	4178.97435884	4190.12820499	4179.10256397	4210.12820506	4205.51282045	4201.53846147	4183.07692294	4203.58974352	4203.58974352	4202.30769224	4199.35897422	4205.51282045	4241.02564103	
4125.38461511	4185.12820499	4196.28205115	4183.3333332	4214.35897429	4209.48717942	4201.79487173	4182.05128192	4206.15384609	4208.58974352	4210.12820506	4203.58974352	4211.02564096	4243.97435898	
4129.48717921	4189.2307691	4203.20512814	4187.56410243	4217.82051275	4212.69230763	4205.89743583	4189.74358961	4206.79487173	4211.92307686	4216.53846147	4209.23076917	4217.05128199	4264.48717949	
4128.9743587	4188.07692294	4205.7692307	4186.66666653	4213.97435891	4207.5641025	4208.33333327	4191.15384602	4203.33333327	4210.25641019	4214.99999993	4209.23076917	4215.12820506	4274.35897443	
4128.9743587	4189.87179474	4206.28205122	4186.5384614	4211.92307686	4205.38461532	4209.10256404	4187.69230756	4203.58974352	4212.43589737	4216.53846147	4211.28205122	4217.5641025	4269.74358982	
4131.02564075	4188.84615371	4204.35897429	4187.56410243	4213.58974352	4209.74358968	4212.17948711	4192.82051269	4210.89743583	4217.69230763	4222.17948711	4215.12820506	4224.87179481	4276.79487187	
4130.89743562	4184.2307691	4204.10256404	4185.89743576	4215.12820506	4212.30769224	4215.12820506	4199.2307691	4217.43589737	4220.7692307	4221.28205122	4214.87179481	4223.97435891	4287.17948725	
4127.82051255	4184.10256397	4203.84615378	4182.17948704	4214.99999993	4212.5641025	4215.51282045	4201.6666666	4218.07692301	4221.92307686	4217.82051275	4210.64102558	4220.38461532	4292.05128212	
4124.48717921	4183.07692294	4199.61538448	4180.64102551	4211.15384609	4213.58974352	4214.23076917	4200.89743576	4214.87179481	4222.69230763	4219.48717942	4206.92307686	4220.64102558	4284.10256418	
4125.51282024	4176.15384602	4196.41025628	4180.76923063	4207.05128199	4210.89743583	4210.89743583	4193.46153833	4209.35897429	4219.87179481	4219.10256404	4205.25641019	4218.58974352	4269.10256418	
4128.46153819	4175.51282038	4195.76923063	4181.41025628	4208.84615378	4207.69230763	4210.12820506	4193.20512807	4208.97435891	4218.07692301	4217.69230763	4205.51282045	4218.58974352	4273.46153853	
4133.46153819	4180.51282038	4195.25641012	4183.3333332	4212.17948711	4210.64102558	4212.69230763	4199.74358961	4214.35897429	4218.4615384	4219.74358968	4206.02564096	4220.89743583	4277.43589751	
4144.23076903	4181.02564089	4197.4358973	4185.12820499	4213.33333327	4214.74358968	4214.99999993	4201.15384609	4214.74358968	4216.02564096	4220.89743583	4208.20512814	4219.48717942	4276.53846161	
4154.87179467	4182.05128192	4203.58974352	4186.41025628	4212.17948711	4210.12820506	4211.15384609	4196.92307679	4207.82051275	4212.5641025	4222.17948711	4212.30769224	4217.17948711	4280.38461546	
4159.9999998	4183.07692294	4207.69230763	4189.10256397	4210.64102558	4199.99999986	4204.23076917	4192.56410243	4205.89743583	4213.97435891	4225.12820506	4215.38461532	4218.71794865	4280.38461546	
4156.92307672	4178.84615371	4203.20512814	4187.94871781	4206.53846147	4196.41025628	4206.02564096	4195.51282038	4210.38461532	4218.07692301	4223.4615384	4214.74358968	4220.64102558	4285.25641033	
4147.94871774	4177.69230756	4197.05128192	4180.64102551	4200.89743576	4197.69230756	4213.84615378	4194.10256397	4208.07692301	4218.20512814	4219.23076917	4211.53846147	4219.10256404	4277.43589751	
4152.17948697	4184.10256397	4199.87179474	4182.17948704	4204.10256404	4198.3333332	4215.89743583	4186.66666653	4203.33333327	4216.02564096	4220.7692307	4211.92307686	4216.15384609	4263.84615385	
4167.43589723	4187.17948704	4204.35897429	4193.46153833	4212.17948711	4199.99999986	4213.07692301	4186.92307679	4202.82051275	4212.17948711	4220.7692307	4209.99999993	4212.17948711	4277.05128212	
4157.69230749	4193.58974345	4210.51282045	4202.69230763	4218.97435891	4207.43589737	4218.33333327	4198.84615371	4208.07692301	4214.87179481	4220.64102558	4209.87179481	4215.89743583	4297.30769238	
4133.71794844	4206.15384609	4217.5641025	4207.17948711	4220.7692307	4214.10256404	4224.35897429	4209.99999993	4214.74358968	4222.94871788	4226.79487173	4219.61538455	4225.38461532	4308.97435912	
4137.3076921	4203.84615378	4215.7692307	4204.87179481	4217.05128199	4212.17948711	4222.94871788	4208.33333327	4214.23076917	4221.53846147	4230.25641019	4223.33333327	4224.99999993	4315.76923091	
4151.28205108	4204.23076917	4218.84615378	4211.28205122	4225.12820506	4221.15384609	4228.58974352	4216.92307686	4221.92307686	4225.51282045	4240.12820513	4228.4615384	4233.58974352	4328.33333348	
4149.61538441	4216.6666666	4229.10256404	4220.89743583	4236.66666667	4232.30769224	4234.87179488	4238.84615385	4238.84615385	4237.94871795	4252.30769231	4242.6923077	4252.56410257	4359.4871797	
4151.02564082	4217.94871788	4229.10256404	4217.43589737	4235.12820513	4228.33333327	4234.61538462	4245.8974359	4246.15384616	4242.94871795	4251.15384616	4249.23076923	4258.07692308	4386.41025669	
4159.9999998	4218.84615378	4230.7692307	4222.17948711	4239.87179488	4233.97435898	4241.92307693	4251.28205129	4252.94871795	4250.38461539	4256.02564103	4251.66666667	4261.02564103	4404.48717984	
4167.82051262	4225.64102558	4237.17948718	4231.53846147	4248.97435898	4248.20512821	4249.87179488	4265.38461539	4261.92307693	4255.8974359	4262.05128206	4255.0	4265.38461539	4428.46153881	
4171.79487166	4227.5641025	4238.33333334	4229.61538455	4251.41025641	4254.87179488	4247.30769231	4267.94871802	4264.35897436	4252.82051282	4257.94871795	4254.10256411	4266.79487187	4431.2820517	
4172.94871781	4226.92307686	4235.8974359	4226.79487173	4250.38461539	4252.94871795	4242.56410257	4259.87179488	4263.33333334	4254.87179488	4255.38461539	4251.92307693	4267.30769238	4424.35897471	
4178.97435884	4224.99999993	4233.97435898	4226.02564096	4244.87179488	4246.28205129	4239.48717949	4248.46153847	4254.48717949	4250.25641026	4248.58974359	4249.48717949	4257.56410257	4413.8461542	
4182.30769217	4226.28205122	4237.30769231	4229.10256404	4245.8974359	4245.25641026	4237.82051282	4239.23076923	4245.38461539	4240.51282052	4241.92307693	4250.0	4250.38461539	4395.64102592	
4184.74358961	4227.30769224	4237.6923077	4231.02564096	4247.17948718	4243.97435898	4234.35897436	4236.53846154	4241.7948718	4238.58974359	4242.94871795	4249.48717949	4251.15384616	4396.66666695	
4187.30769217	4224.74358968	4231.53846147	4227.43589737	4240.76923077	4236.28205129	4229.74358968	4231.92307686	4239.48717949	4238.20512821	4245.25641026	4243.84615385	4248.97435898	4386.41025669	
4183.20512807	4225.38461532	4230.89743583	4227.30769224	4240.12820513	4235.0	4230.51282045	4232.82051275	4241.92307693	4237.56410257	4247.43589744	4244.35897436	4250.8974359	4377.05128233	
4185.38461525	4226.79487173	4230.51282045	4227.82051275	4243.07692308	4240.25641026	4233.20512814	4237.17948718	4240.8974359	4235.0	4243.46153847	4246.28205129	4249.48717949	4393.46153874	
4189.74358961	4223.4615384	4227.17948711	4222.43589737	4238.20512821	4236.7948718	4229.48717942	4230.25641019	4234.10256411	4234.74358975	4235.25641026	4240.12820513	4241.02564103	4391.53846182	
4186.66666653	4213.07692301	4220.51282045	4212.69230763	4224.99999993	4223.07692301	4221.15384609	4219.99999993	4228.97435891	4232.05128199	4230.38461532	4229.87179481	4235.38461539	4359.23076944	
4185.76923063	4210.89743583	4218.07692301	4212.30769224	4222.05128199	4218.58974352	4222.43589737	4221.28205122	4231.92307686	4229.61538455	4230.64102558	4229.61538455	4234.48717949	4345.89743611	
4189.10256397	4214.74358968	4221.28205122	4218.33333327	4227.05128199	4224.23076917	4228.71794865	4225.12820506	4234.61538462	4233.20512814	4229.61538455	4236.41025641	4233.84615385	4357.56410278	
4185.89743576	4204.48717942	4212.94871788	4207.17948711	4217.43589737	4217.82051275	4223.20512814	4207.17948711	4218.20512814	4224.74358968	4219.99999993	4227.17948711	4222.17948711	4328.07692322	
4177.56410243	4195.38461525	4201.79487173	4193.20512807	4207.17948711	4208.71794865	4217.43589737	4191.41025628	4201.28205122	4213.4615384	4213.20512814	4216.92307686	4212.69230763	4284.87179495	
4175.12820499	4192.94871781	4198.84615371	4191.28205115	4207.43589737	4206.6666666	4218.4615384	4190.64102551	4195.38461525	4209.35897429	4207.17948711	4219.48717942	4209.61538455	4274.10256418	
4174.48717935	4186.02564089	4193.97435884	4186.5384614	4202.43589737	4199.10256397	4212.30769224	4174.74358961	4184.74358961	4201.28205122	4193.46153833	4214.99999993	4198.46153833	4253.71794872	
4172.4358973	4183.97435884	4190.12820499	4179.48717935	4196.02564089	4192.17948704	4203.07692301	4162.43589723	4178.71794858	4194.2307691	4186.02564089	4206.92307686	4187.4358973	4236.7948718	
4173.71794858	4185.38461525	4189.61538448	4182.69230756	4196.41025628	4191.41025628	4202.17948711	4168.46153833	4180.25641012	4190.76923063	4185.89743576	4205.25641019	4183.07692294	4227.82051275	
4171.41025628	4180.12820499	4187.4358973	4184.61538448	4194.35897422	4189.74358961	4202.82051275	4163.71794851	4174.35897422	4185.76923063	4184.2307691	4203.20512814	4180.51282038	4197.56410243	
4163.58974339	4175.38461525	4182.69230756	4172.82051269	4185.51282038	4181.15384602	4193.58974345	4145.64102544	4164.61538441	4181.92307679	4180.25641012	4199.99999986	4176.15384602	4176.28205115	
4158.84615364	4174.74358961	4177.94871781	4161.79487159	4177.17948704	4168.46153833	4183.3333332	4134.74358947	4156.41025621	4178.20512807	4173.71794858	4195.89743576	4170.64102551	4161.41025621	
4157.17948697	4171.79487166	4173.46153833	4157.94871774	4168.58974345	4159.23076903	4182.82051269	4131.66666639	4150.51282031	4171.5384614	4166.53846133	4187.82051269	4162.82051262	4139.35897415	
4156.66666646	4170.51282038	4173.71794858	4155.64102544	4161.53846133	4158.33333313	4184.74358961	4129.74358947	4150.25641005	4168.07692287	4166.41025621	4185.76923063	4159.61538441	4123.84615357	
4156.79487159	4169.99999986	4174.74358961	4154.61538441	4163.84615364	4161.92307672	4183.46153833	4125.51282024	4149.87179467	4169.35897422	4171.28205115	4188.97435884	4164.87179467	4099.87179453	
4153.84615364	4167.82051262	4170.64102551	4153.58974339	4169.35897422	4165.51282031	4186.92307679	4127.17948691	4148.07692287	4171.5384614	4171.41025628	4185.76923063	4168.71794858	4094.48717914	
4154.35897415	4172.05128192	4173.20512807	4157.05128185	4171.41025628	4173.20512807	4194.87179474	4141.66666646	4154.9999998	4176.92307679	4172.82051269	4183.97435884	4171.28205115	4131.28205101	
4161.53846133	4176.28205115	4178.58974345	4160.64102544	4171.5384614	4178.58974345	4195.89743576	4149.9999998	4161.02564082	4177.05128192	4178.3333332	4188.20512807	4173.58974345	4163.46153826	
4161.41025621	4173.84615371	4175.51282038	4157.94871774	4169.87179474	4175.51282038	4192.30769217	4145.12820492	4158.46153826	4176.15384602	4180.64102551	4190.38461525	4175.76923063	4154.74358954	
4155.51282031	4169.61538448	4168.20512807	4152.69230749	4164.74358954	4169.99999986	4189.10256397	4139.61538441	4157.3076921	4179.61538448	4175.38461525	4182.82051269	4172.30769217	4130.12820485	
4158.33333313	4169.10256397	4165.64102544	4153.97435877	4166.15384595	4170.89743576	4188.97435884	4139.35897415	4156.66666646	4177.17948704	4165.38461518	4173.71794858	4161.41025621	4133.71794844	
4166.28205108	4177.30769217	4171.92307679	4159.74358954	4177.4358973	4180.38461525	4197.4358973	4147.43589723	4160.12820492	4180.12820499	4169.10256397	4182.94871781	4163.58974339	4154.74358954	
4169.10256397	4184.10256397	4175.38461525	4156.53846133	4177.05128192	4183.20512807	4202.05128199	4155.51282031	4167.05128185	4188.20512807	4178.3333332	4195.25641012	4173.71794858	4161.53846133	
4165.89743569	4184.99999986	4174.99999986	4152.94871774	4168.84615371	4177.4358973	4198.20512807	4156.66666646	4169.99999986	4186.15384602	4178.71794858	4193.07692294	4177.05128192	4160.38461518	
4165.89743569	4191.66666653	4185.12820499	4162.56410236	4173.46153833	4182.05128192	4200.51282038	4163.46153826	4176.15384602	4190.51282038	4184.99999986	4197.69230756	4185.38461525	4176.41025628	
4174.99999986	4202.5641025	4200.76923063	4174.74358961	4181.79487166	4193.58974345	4209.10256404	4185.38461525	4191.02564089	4206.02564096	4201.79487173	4215.51282045	4203.07692301	4224.48717942	
4184.10256397	4211.79487173	4210.12820506	4181.5384614	4188.84615371	4199.61538448	4216.15384609	4206.79487173	4202.5641025	4213.97435891	4212.69230763	4225.89743583	4216.15384609	4279.87179495	
4186.66666653	4222.82051275	4220.7692307	4191.66666653	4203.20512814	4212.69230763	4226.92307686	4226.53846147	4212.69230763	4220.51282045	4218.71794865	4234.10256411	4227.69230763	4327.17948732	
4189.48717935	4232.82051275	4233.07692301	4202.43589737	4214.87179481	4230.51282045	4238.07692308	4247.43589744	4228.71794865	4233.07692301	4229.99999993	4248.97435898	4244.35897436	4363.84615406	
4196.5384614	4237.82051282	4236.7948718	4208.33333327	4214.74358968	4234.10256411	4238.46153847	4252.17948718	4238.07692308	4238.33333334	4236.02564103	4256.02564103	4251.28205129	4374.6153849	
4200.38461525	4243.97435898	4239.35897436	4217.43589737	4222.17948711	4236.53846154	4240.12820513	4256.66666667	4247.17948718	4245.12820513	4241.28205129	4259.23076923	4252.82051282	4390.76923105	
4201.41025634	4246.7948718	4241.41025641	4220.7692307	4234.10256411	4248.46153847	4248.71794872	4276.28205136	4261.66666667	4256.02564103	4250.8974359	4263.46153847	4260.25641026	4433.20512863	
4202.43589737	4244.74358975	4240.25641026	4215.89743583	4230.89743583	4249.10256411	4248.84615385	4282.17948725	4265.51282052	4259.48717949	4252.82051282	4263.84615385	4264.61538462	4453.9743594	
4200.89743576	4245.25641026	4241.66666667	4216.79487173	4222.69230763	4238.84615385	4241.02564103	4270.00000007	4256.02564103	4257.30769231	4250.25641026	4263.71794872	4260.8974359	4432.43589786	
4199.87179474	4244.23076923	4242.05128206	4219.35897429	4221.53846147	4236.92307693	4238.84615385	4260.76923077	4244.87179488	4250.25641026	4245.51282052	4261.92307693	4251.92307693	4406.41025676	
4200.76923063	4243.71794872	4239.23076923	4219.61538455	4225.38461532	4241.92307693	4242.17948718	4262.43589744	4247.05128206	4248.97435898	4245.76923077	4261.02564103	4253.97435898	4412.17948753	
4203.07692301	4242.6923077	4237.43589744	4217.30769224	4225.25641019	4244.10256411	4245.0	4272.17948725	4261.02564103	4260.38461539	4254.61538462	4263.84615385	4265.25641026	4438.33333375	
4203.97435891	4241.15384616	4236.66666667	4216.28205122	4222.5641025	4244.87179488	4247.30769231	4272.43589751	4263.46153847	4261.28205129	4252.82051282	4263.71794872	4263.07692308	4426.79487215	
4201.79487173	4239.35897436	4233.4615384	4214.10256404	4219.74358968	4240.76923077	4242.56410257	4256.66666667	4247.30769231	4244.61538462	4233.4615384	4254.23076923	4248.84615385	4385.51282079	
4199.2307691	4230.25641019	4224.10256404	4203.97435891	4212.30769224	4228.33333327	4232.94871788	4241.92307693	4237.94871795	4238.46153847	4220.25641019	4243.46153847	4240.64102564	4358.33333355	
4196.79487166	4225.12820506	4221.79487173	4201.15384609	4210.51282045	4223.97435891	4231.15384609	4241.66666667	4244.87179488	4247.56410257	4227.82051275	4244.74358975	4246.41025641	4360.64102585	
4196.92307679	4224.61538455	4223.4615384	4203.97435891	4209.35897429	4222.69230763	4230.25641019	4237.94871795	4238.46153847	4240.8974359	4228.84615378	4242.82051282	4244.87179488	4366.28205156	
4196.66666653	4218.58974352	4217.05128199	4198.20512807	4198.71794858	4214.23076917	4221.92307686	4213.97435891	4214.99999993	4221.41025634	4213.58974352	4230.7692307	4226.15384609	4322.43589758	
4191.79487166	4212.30769224	4207.94871788	4187.82051269	4191.92307679	4210.51282045	4216.6666666	4195.76923063	4203.4615384	4214.48717942	4200.64102551	4223.33333327	4210.12820506	4273.07692315	
4188.71794858	4205.64102558	4200.89743576	4178.71794858	4190.51282038	4209.48717942	4216.79487173	4192.30769217	4199.48717935	4211.79487173	4191.41025628	4219.23076917	4202.82051275	4268.84615392	
4188.71794858	4201.15384609	4201.15384609	4179.48717935	4191.41025628	4208.58974352	4219.35897429	4195.64102551	4196.15384602	4209.48717942	4194.48717935	4218.58974352	4205.51282045	4280.51282059	
4188.58974345	4201.02564096	4203.97435891	4181.41025628	4192.30769217	4210.25641019	4221.6666666	4204.10256404	4200.51282038	4211.53846147	4202.17948711	4221.41025634	4210.7692307	4272.94871802	
4187.94871781	4196.66666653	4202.69230763	4173.07692294	4190.25641012	4207.5641025	4218.84615378	4202.43589737	4202.30769224	4211.02564096	4197.4358973	4220.7692307	4205.38461532	4268.58974366	
4184.48717935	4190.89743576	4197.4358973	4167.05128185	4185.76923063	4202.05128199	4215.38461532	4190.38461525	4196.15384602	4204.99999993	4191.28205115	4216.92307686	4195.64102551	4264.87179488	
4181.15384602	4191.28205115	4191.79487166	4167.82051262	4179.61538448	4198.71794858	4212.94871788	4177.82051269	4187.56410243	4197.17948704	4191.41025628	4210.64102558	4191.02564089	4198.3333332	
4179.2307691	4192.69230756	4191.02564089	4167.17948697	4177.30769217	4197.05128192	4208.58974352	4174.61538448	4185.25641012	4198.46153833	4193.97435884	4206.28205122	4193.20512807	4144.9999998	
4176.28205115	4192.30769217	4191.15384602	4168.3333332	4180.12820499	4194.99999986	4206.41025634	4183.20512807	4192.17948704	4206.15384609	4194.48717935	4210.25641019	4195.89743576	4206.41025634	
4176.5384614	4193.84615371	4192.05128192	4171.5384614	4181.02564089	4193.58974345	4208.33333327	4189.61538448	4195.12820499	4205.7692307	4194.35897422	4214.48717942	4196.92307679	4274.35897443	
4174.87179474	4195.76923063	4193.58974345	4172.17948704	4179.99999986	4197.05128192	4209.99999993	4188.58974345	4191.66666653	4204.48717942	4197.69230756	4215.51282045	4202.5641025	4248.84615385	
4170.64102551	4197.69230756	4197.69230756	4174.48717935	4182.82051269	4202.5641025	4209.23076917	4188.97435884	4192.94871781	4210.12820506	4202.30769224	4220.25641019	4206.53846147	4226.6666666	
4171.41025628	4202.82051275	4201.92307686	4177.4358973	4190.89743576	4204.48717942	4211.79487173	4195.89743576	4199.61538448	4211.6666666	4205.25641019	4222.43589737	4205.25641019	4255.51282052	
4177.05128192	4207.69230763	4204.23076917	4177.30769217	4196.28205115	4205.51282045	4217.30769224	4207.82051275	4204.87179481	4211.41025634	4207.94871788	4222.30769224	4208.33333327	4292.56410264	
4181.02564089	4210.25641019	4208.33333327	4179.74358961	4201.02564096	4212.5641025	4219.48717942	4213.07692301	4207.5641025	4216.15384609	4208.20512814	4223.84615378	4211.28205122	4295.1282052	
4180.51282038	4212.82051275	4211.41025634	4187.17948704	4207.69230763	4218.97435891	4220.7692307	4207.94871788	4210.38461532	4219.10256404	4206.15384609	4223.33333327	4209.35897429	4268.33333341	
4180.76923063	4211.92307686	4210.12820506	4190.64102551	4207.17948711	4216.79487173	4224.61538455	4210.12820506	4213.07692301	4219.87179481	4208.33333327	4223.84615378	4212.30769224	4286.66666674	
4181.41025628	4212.69230763	4210.12820506	4191.79487166	4203.97435891	4217.17948711	4228.07692301	4226.02564096	4221.53846147	4224.87179481	4217.69230763	4232.43589737	4222.17948711	4332.17948732	
4179.35897422	4217.05128199	4213.58974352	4195.25641012	4205.89743583	4220.38461532	4227.5641025	4234.74358975	4233.07692301	4236.28205129	4228.58974352	4241.92307693	4230.89743583	4339.10256431	
4179.87179474	4217.05128199	4213.4615384	4194.74358961	4204.48717942	4214.74358968	4222.69230763	4226.41025634	4228.71794865	4235.64102564	4226.79487173	4238.97435898	4229.10256404	4335.12820534	
4182.4358973	4216.41025634	4209.48717942	4193.46153833	4205.12820506	4214.35897429	4221.79487173	4217.17948711	4215.64102558	4225.12820506	4219.10256404	4232.82051275	4221.28205122	4317.94871809	
4182.69230756	4218.71794865	4206.15384609	4194.74358961	4209.23076917	4218.07692301	4225.64102558	4215.38461532	4211.79487173	4223.84615378	4219.74358968	4230.12820506	4218.07692301	4263.71794872	
4184.35897422	4222.69230763	4207.05128199	4196.92307679	4214.23076917	4217.30769224	4227.5641025	4215.51282045	4214.74358968	4225.64102558	4221.92307686	4227.05128199	4219.61538455	4255.8974359	
4187.30769217	4227.43589737	4215.12820506	4202.43589737	4222.82051275	4222.5641025	4229.61538455	4227.5641025	4224.74358968	4225.38461532	4224.48717942	4231.28205122	4224.61538455	4333.33333355	
4191.15384602	4229.35897429	4218.71794865	4206.28205122	4225.25641019	4228.58974352	4236.41025641	4244.35897436	4236.7948718	4231.6666666	4230.12820506	4240.25641026	4232.05128199	4378.58974387	
4192.4358973	4228.97435891	4216.02564096	4203.33333327	4221.41025634	4226.53846147	4238.97435898	4245.51282052	4237.94871795	4239.10256411	4230.25641019	4241.53846154	4234.10256411	4352.6923079	
4187.56410243	4226.41025634	4211.79487173	4197.94871781	4219.61538455	4222.05128199	4230.51282045	4235.38461539	4230.38461532	4232.69230763	4223.97435891	4232.43589737	4227.05128199	4329.10256425	
4185.12820499	4221.41025634	4207.30769224	4193.20512807	4214.23076917	4219.74358968	4224.87179481	4223.84615378	4220.64102558	4219.61538455	4216.02564096	4226.28205122	4215.64102558	4333.07692329	
4185.64102551	4219.61538455	4207.82051275	4188.07692294	4208.71794865	4216.79487173	4227.17948711	4216.15384609	4213.4615384	4215.51282045	4209.23076917	4228.58974352	4210.38461532	4315.76923091	
4182.82051269	4217.05128199	4207.94871788	4183.3333332	4207.30769224	4208.4615384	4222.94871788	4205.25641019	4205.89743583	4212.30769224	4204.48717942	4224.35897429	4205.7692307	4240.76923077	
4180.12820499	4212.43589737	4206.15384609	4184.87179474	4206.53846147	4201.79487173	4215.12820506	4193.20512807	4200.76923063	4211.02564096	4204.48717942	4218.71794865	4202.82051275	4194.48717935	
4183.46153833	4212.5641025	4208.97435891	4188.71794858	4206.41025634	4202.69230763	4212.94871788	4202.05128199	4207.43589737	4218.84615378	4210.7692307	4225.38461532	4209.99999993	4273.58974366	
4185.89743576	4215.25641019	4210.51282045	4186.5384614	4206.15384609	4203.4615384	4213.71794865	4216.15384609	4213.4615384	4224.35897429	4214.74358968	4228.71794865	4214.48717942	4341.41025662	
4182.82051269	4219.23076917	4210.12820506	4191.41025628	4209.99999993	4208.20512814	4216.6666666	4219.35897429	4213.58974352	4223.84615378	4214.23076917	4226.79487173	4213.58974352	4327.94871809	
4183.84615371	4219.74358968	4209.99999993	4193.84615371	4214.23076917	4214.10256404	4220.12820506	4214.74358968	4212.17948711	4216.02564096	4212.17948711	4228.71794865	4211.15384609	4307.05128219	
4184.48717935	4214.10256404	4209.35897429	4184.87179474	4209.87179481	4211.6666666	4222.69230763	4209.48717942	4209.87179481	4211.02564096	4212.43589737	4229.87179481	4210.51282045	4304.61538476	
4179.35897422	4209.61538455	4208.20512814	4180.51282038	4206.53846147	4207.82051275	4223.4615384	4215.89743583	4210.64102558	4214.10256404	4213.07692301	4231.15384609	4214.35897429	4342.56410278	
4176.79487166	4206.15384609	4204.99999993	4178.71794858	4207.43589737	4204.74358968	4220.64102558	4204.99999993	4202.5641025	4212.43589737	4209.87179481	4227.05128199	4208.84615378	4223.97435891	
4177.4358973	4206.79487173	4204.23076917	4179.10256397	4212.94871788	4204.87179481	4220.38461532	4169.74358961	4189.10256397	4210.51282045	4210.25641019	4218.20512814	4199.10256397	3926.7948711	
4178.97435884	4208.33333327	4206.02564096	4183.07692294	4217.30769224	4206.28205122	4220.51282045	4161.28205108	4190.76923063	4213.97435891	4209.99999993	4214.61538455	4198.84615371	3846.53846071	
4180.51282038	4204.99999993	4207.94871788	4183.46153833	4212.82051275	4203.33333327	4217.5641025	4182.17948704	4203.07692301	4222.30769224	4208.84615378	4218.84615378	4205.51282045	3985.89743535	
4178.20512807	4205.51282045	4205.51282045	4182.05128192	4209.48717942	4201.28205122	4214.10256404	4183.46153833	4201.92307686	4226.02564096	4208.71794865	4219.74358968	4205.12820506	4003.20512765	
4177.4358973	4206.92307686	4199.35897422	4183.07692294	4207.5641025	4196.15384602	4210.51282045	4163.33333313	4185.76923063	4214.23076917	4201.28205122	4213.20512814	4195.64102551	3934.74358905	
4180.64102551	4205.51282045	4203.20512814	4187.05128192	4205.7692307	4191.41025628	4209.23076917	4161.79487159	4184.2307691	4207.82051275	4201.41025634	4215.51282045	4196.92307679	3958.58974297	
4181.41025628	4205.64102558	4207.5641025	4191.15384602	4205.51282045	4193.97435884	4211.41025634	4171.5384614	4188.97435884	4212.30769224	4204.87179481	4218.4615384	4200.76923063	3988.84615329	
4180.64102551	4204.23076917	4201.92307686	4189.10256397	4202.82051275	4195.76923063	4209.48717942	4166.28205108	4182.05128192	4206.6666666	4196.92307679	4211.79487173	4193.07692294	3955.64102502	
4181.41025628	4202.82051275	4200.51282038	4187.30769217	4199.99999986	4192.17948704	4206.92307686	4160.89743569	4181.02564089	4203.20512814	4196.79487166	4212.30769224	4192.56410243	3920.76923008	
4182.17948704	4203.4615384	4202.94871788	4190.25641012	4198.84615371	4191.79487166	4209.61538455	4166.28205108	4182.94871781	4207.17948711	4202.82051275	4218.20512814	4198.71794858	3919.10256341	
4182.4358973	4206.28205122	4203.07692301	4192.4358973	4203.20512814	4196.66666653	4214.23076917	4168.46153833	4180.64102551	4206.79487173	4200.64102551	4217.17948711	4197.05128192	3930.25640957	
4183.84615371	4208.58974352	4201.02564096	4194.2307691	4207.43589737	4198.46153833	4216.92307686	4171.92307679	4186.66666653	4212.05128199	4202.5641025	4216.28205122	4199.2307691	3942.17948656	
4183.84615371	4207.05128199	4198.20512807	4193.58974345	4205.7692307	4198.20512807	4217.94871788	4176.5384614	4195.38461525	4215.25641019	4206.15384609	4214.48717942	4203.97435891	3949.35897374	
4181.5384614	4204.99999993	4197.4358973	4190.51282038	4201.79487173	4202.82051275	4218.07692301	4171.66666653	4191.41025628	4206.6666666	4202.94871788	4207.05128199	4197.4358973	3938.84615322	
4180.51282038	4204.99999993	4192.69230756	4188.97435884	4197.4358973	4203.33333327	4216.02564096	4167.05128185	4182.17948704	4199.87179474	4196.92307679	4201.28205122	4186.66666653	3929.35897367	
4181.92307679	4204.87179481	4186.79487166	4189.74358961	4200.89743576	4198.07692294	4213.33333327	4165.64102544	4180.76923063	4201.79487173	4189.87179474	4200.38461525	4183.71794858	3924.99999931	
4182.69230756	4202.69230763	4189.48717935	4189.61538448	4206.79487173	4196.28205115	4209.74358968	4160.25641005	4178.97435884	4200.51282038	4187.69230756	4200.64102551	4185.89743576	3918.33333264	
4185.64102551	4203.07692301	4195.64102551	4190.38461525	4205.7692307	4195.38461525	4205.89743583	4156.92307672	4171.41025628	4193.20512807	4191.02564089	4198.20512807	4186.02564089	3913.97435828	
4189.61538448	4207.17948711	4196.66666653	4196.15384602	4203.58974352	4192.30769217	4204.99999993	4162.3076921	4169.74358961	4193.58974345	4195.38461525	4198.97435884	4187.94871781	3918.07692239	
4191.79487166	4204.35897429	4193.84615371	4195.38461525	4201.15384609	4189.35897422	4202.17948711	4162.56410236	4174.61538448	4198.46153833	4193.3333332	4201.15384609	4188.20512807	3919.87179418	
4198.46153833	4204.10256404	4196.5384614	4194.2307691	4202.43589737	4192.17948704	4204.61538455	4162.05128185	4178.3333332	4201.02564096	4193.46153833	4205.7692307	4190.38461525	3922.82051213	
4206.15384609	4213.97435891	4206.15384609	4201.41025634	4207.69230763	4199.35897422	4215.89743583	4180.89743576	4187.56410243	4209.10256404	4204.74358968	4216.6666666	4203.58974352	3957.56410194	
4204.87179481	4211.02564096	4205.51282045	4199.48717935	4201.79487173	4194.87179474	4214.61538455	4186.5384614	4192.30769217	4216.53846147	4203.58974352	4214.10256404	4204.23076917	3964.61538399	
4199.48717935	4198.97435884	4194.35897422	4189.87179474	4188.3333332	4184.10256397	4200.38461525	4161.02564082	4179.99999986	4206.02564096	4183.71794858	4199.2307691	4182.82051269	3906.53846085	
4203.71794865	4200.76923063	4189.99999986	4189.10256397	4188.58974345	4183.07692294	4197.82051269	4147.43589723	4168.07692287	4189.61538448	4174.87179474	4193.07692294	4170.51282038	3883.20512744	
4210.25641019	4207.05128199	4191.5384614	4192.94871781	4192.94871781	4187.69230756	4202.69230763	4153.84615364	4169.2307691	4190.64102551	4181.41025628	4193.46153833	4175.51282038	3909.23076854	
4206.79487173	4206.6666666	4194.35897422	4193.07692294	4192.82051269	4188.3333332	4201.41025634	4156.53846133	4172.30769217	4197.69230756	4181.66666653	4193.46153833	4176.5384614	3918.20512751	
4206.79487173	4207.30769224	4200.38461525	4193.97435884	4194.87179474	4185.89743576	4201.53846147	4159.9999998	4172.56410243	4197.30769217	4179.61538448	4198.71794858	4174.10256397	3929.61538392	
4210.38461532	4208.07692301	4201.15384609	4192.69230756	4193.07692294	4186.02564089	4205.25641019	4165.25641005	4172.82051269	4196.02564089	4184.74358961	4202.69230763	4178.20512807	3945.64102502	
4206.02564096	4202.69230763	4196.66666653	4184.87179474	4187.17948704	4186.02564089	4203.20512814	4157.05128185	4165.25641005	4193.58974345	4187.69230756	4198.46153833	4179.2307691	3924.99999931	
4201.92307686	4197.56410243	4196.15384602	4183.20512807	4187.56410243	4182.30769217	4196.66666653	4148.205128	4155.12820492	4188.97435884	4185.38461525	4196.02564089	4174.61538448	3897.17948642	
4204.87179481	4202.05128199	4201.6666666	4195.38461525	4197.05128192	4184.87179474	4201.28205122	4166.15384595	4169.48717935	4196.02564089	4191.92307679	4202.43589737	4185.76923063	3929.23076854	
4206.92307686	4205.25641019	4208.07692301	4201.41025634	4199.87179474	4193.3333332	4210.38461532	4184.35897422	4190.51282038	4208.97435891	4203.20512814	4209.74358968	4201.02564096	3971.28205073	
4203.84615378	4198.97435884	4209.10256404	4197.69230756	4192.30769217	4192.4358973	4207.05128199	4172.82051269	4187.4358973	4209.23076917	4201.6666666	4209.87179481	4196.66666653	3955.38461476	
4199.87179474	4194.10256397	4201.02564096	4196.15384602	4189.10256397	4187.4358973	4201.15384609	4165.89743569	4180.12820499	4204.48717942	4191.41025628	4202.82051275	4185.38461525	3936.41025572	
4200.12820499	4193.97435884	4193.84615371	4194.35897422	4196.15384602	4190.76923063	4207.94871788	4172.56410243	4182.69230756	4202.30769224	4186.92307679	4197.05128192	4184.48717935	3946.9230763	
4201.15384609	4197.30769217	4202.43589737	4197.05128192	4205.51282045	4197.82051269	4218.33333327	4179.99999986	4190.64102551	4207.17948711	4196.79487166	4206.15384609	4196.28205115	3968.20512758	
4201.53846147	4200.76923063	4209.61538455	4198.97435884	4202.05128199	4196.02564089	4214.48717942	4187.69230756	4195.12820499	4212.17948711	4203.97435891	4213.84615378	4200.89743576	3985.38461483	
