4103.58974332	4110.12820485	4125.89743562	4112.82051255	4097.94871761	4110.38461511	4117.30769203	4107.17948691	4118.20512793	4111.02564075	4061.79487138	4093.97435863	4106.92307665	4130.64102537	
4092.17948684	4105.51282024	4113.0769228	4099.99999966	4104.48717921	4102.82051255	4109.23076896	4095.38461504	4108.58974332	4106.15384588	4050.76923036	4082.17948684	4099.48717914	4121.15384588	
4086.79487145	4101.66666632	4108.46153819	4100.38461504	4126.41025614	4103.46153819	4105.12820485	4085.89743555	4102.56410229	4098.46153812	4037.94871754	4072.94871761	4087.69230735	4116.92307665	
4088.8461535	4099.48717914	4116.92307665	4109.23076896	4118.46153819	4104.8717946	4110.12820485	4097.17948684	4109.8717946	4106.66666639	4046.28205087	4082.82051248	4093.46153812	4121.15384588	
4089.23076889	4103.46153819	4122.43589716	4111.53846126	4079.87179453	4107.17948691	4116.92307665	4109.23076896	4118.20512793	4117.05128178	4061.66666625	4089.99999966	4104.8717946	4124.8717946	
4086.15384581	4107.82051255	4115.89743562	4108.20512793	4086.41025607	4111.41025614	4113.46153819	4100.12820478	4116.41025614	4112.43589716	4056.02564061	4081.66666632	4101.92307658	4120.51282024	
4088.8461535	4106.28205101	4114.10256383	4107.17948691	4132.56410229	4113.71794844	4112.30769203	4100.38461504	4118.84615357	4115.51282024	4052.43589702	4082.43589709	4102.05128171	4120.38461511	
4096.15384581	4104.99999973	4121.66666639	4109.35897408	4147.05128185	4118.20512793	4121.79487152	4117.69230742	4127.56410229	4125.64102537	4065.12820472	4094.48717914	4111.66666639	4129.99999973	
4093.46153812	4106.15384588	4121.41025614	4115.25640998	4105.7692305	4118.9743587	4119.35897408	4110.64102537	4119.10256383	4112.17948691	4064.48717907	4090.12820478	4105.51282024	4129.8717946	
4092.43589709	4106.02564075	4114.8717946	4110.64102537	4084.35897402	4116.02564075	4114.48717921	4098.58974325	4108.84615357	4098.20512786	4056.28205087	4082.17948684	4093.97435863	4121.92307665	
4100.6410253	4105.38461511	4116.79487152	4095.6410253	4126.28205101	4125.64102537	4127.69230742	4119.61538434	4127.56410229	4126.66666639	4068.58974318	4093.33333299	4109.48717921	4130.51282024	
4102.94871767	4113.46153819	4128.84615357	4110.25640998	4140.51282031	4131.92307665	4134.99999973	4134.35897408	4142.05128185	4147.82051262	4084.99999966	4106.53846126	4127.82051255	4143.71794851	
4098.20512786	4125.25640998	4134.8717946	4146.66666646	4110.7692305	4119.23076896	4118.33333306	4110.38461511	4119.48717921	4116.79487152	4074.23076889	4100.89743555	4113.71794844	4135.76923056	
4099.10256376	4127.17948691	4131.41025614	4151.28205108	4121.02564075	4109.74358947	4106.79487152	4091.53846119	4104.10256383	4094.87179453	4056.02564061	4091.15384581	4097.05128171	4123.46153819	
4107.30769203	4128.46153819	4136.28205108	4151.02564082	4143.46153826	4118.33333306	4115.7692305	4108.20512793	4123.46153819	4117.05128178	4064.10256369	4101.28205094	4108.33333306	4133.84615357	
4109.35897408	4130.12820485	4146.15384595	4173.71794858	4124.10256383	4125.7692305	4118.9743587	4118.58974332	4131.41025614	4126.66666639	4070.6410253	4109.35897408	4113.46153819	4146.41025621	
4099.7435894	4117.05128178	4134.10256383	4173.46153833	4104.99999973	4112.56410229	4106.41025614	4098.07692273	4109.35897408	4097.82051248	4044.23076882	4090.25640991	4086.41025607	4130.64102537	
4086.02564068	4105.12820485	4112.56410229	4151.66666646	4097.56410222	4100.76923043	4097.82051248	4078.33333299	4091.41025607	4074.87179453	4018.07692259	4065.64102523	4063.20512779	4106.28205101	
4082.05128171	4104.10256383	4107.17948691	4144.35897415	4093.97435863	4104.10256383	4097.17948684	4076.79487145	4090.38461504	4073.8461535	4018.97435849	4060.89743548	4062.30769189	4101.92307658	
4088.71794837	4099.35897402	4112.82051255	4147.3076921	4120.64102537	4104.8717946	4098.71794837	4081.02564068	4095.38461504	4077.05128171	4028.46153798	4069.99999966	4066.66666625	4111.15384588	
4089.7435894	4092.69230735	4115.25640998	4150.51282031	4120.7692305	4097.94871761	4100.89743555	4085.89743555	4101.66666632	4082.69230735	4032.30769183	4074.48717914	4069.48717907	4113.46153819	
4082.69230735	4092.43589709	4104.48717921	4144.9999998	4088.07692273	4096.79487145	4100.6410253	4085.89743555	4100.51282017	4081.92307658	4029.61538413	4067.43589702	4064.74358933	4105.38461511	
4088.8461535	4101.92307658	4104.8717946	4142.94871774	4098.20512786	4106.28205101	4105.38461511	4092.43589709	4103.9743587	4086.28205094	4039.87179446	4075.25640991	4069.10256369	4111.66666639	
4098.46153812	4108.33333306	4118.20512793	4150.76923056	4122.69230742	4112.30769203	4113.33333306	4102.69230742	4115.12820485	4101.28205094	4057.56410215	4088.8461535	4085.12820478	4123.84615357	
4090.89743555	4101.53846119	4114.48717921	4150.51282031	4110.12820485	4104.74358947	4108.33333306	4094.87179453	4109.99999973	4105.12820485	4055.25640984	4077.82051248	4084.7435894	4116.15384588	
4088.33333299	4096.53846119	4110.12820485	4149.9999998	4100.76923043	4099.48717914	4103.71794844	4090.76923043	4104.35897408	4099.7435894	4053.58974318	4072.05128171	4078.97435863	4109.8717946	
4093.97435863	4098.46153812	4110.7692305	4153.205128	4104.23076896	4112.30769203	4109.8717946	4098.71794837	4110.89743562	4094.87179453	4059.74358933	4078.71794837	4077.69230735	4114.74358947	
4090.51282017	4097.43589709	4104.61538434	4146.66666646	4098.07692273	4121.92307665	4113.71794844	4095.38461504	4110.7692305	4091.92307658	4055.89743548	4073.46153812	4074.61538427	4113.33333306	
4084.35897402	4086.02564068	4099.48717914	4135.38461518	4103.46153819	4107.69230742	4109.61538434	4089.61538427	4103.9743587	4088.71794837	4054.10256369	4064.87179446	4074.87179453	4106.92307665	
4088.97435863	4081.28205094	4102.94871767	4137.05128185	4122.30769203	4103.58974332	4111.66666639	4098.07692273	4108.58974332	4095.12820478	4063.84615343	4070.12820478	4082.56410222	4108.9743587	
4099.7435894	4098.58974325	4111.02564075	4156.02564082	4126.79487152	4124.10256383	4125.25640998	4113.46153819	4125.38461511	4112.69230742	4073.97435863	4085.51282017	4092.17948684	4121.53846126	
4099.10256376	4106.53846126	4115.89743562	4167.69230749	4108.33333306	4124.10256383	4122.56410229	4112.17948691	4125.12820485	4113.33333306	4082.05128171	4090.89743555	4096.53846119	4124.99999973	
4087.94871761	4088.20512786	4105.64102537	4146.15384595	4107.17948691	4118.20512793	4111.92307665	4098.97435863	4114.61538434	4097.43589709	4069.99999966	4075.76923043	4084.48717914	4112.43589716	
4083.8461535	4081.66666632	4088.58974325	4116.92307665	4130.38461511	4136.02564082	4119.99999973	4104.35897408	4117.94871767	4093.58974325	4038.07692266	4057.56410215	4065.76923036	4106.79487152	
4090.25640991	4092.43589709	4094.87179453	4124.8717946	4123.9743587	4129.35897408	4122.69230742	4114.35897408	4121.66666639	4101.02564068	4044.99999959	4066.66666625	4075.25640991	4117.82051255	
4094.23076889	4088.07692273	4111.92307665	4142.17948697	4096.53846119	4103.33333306	4109.61538434	4109.61538434	4119.48717921	4111.02564075	4093.33333299	4089.10256376	4102.69230742	4125.12820485	
4086.53846119	4075.89743555	4105.38461511	4117.17948691	4085.38461504	4104.48717921	4105.7692305	4103.71794844	4120.38461511	4115.38461511	4112.05128178	4087.43589709	4105.12820485	4119.61538434	
4081.92307658	4073.20512786	4091.79487145	4081.53846119	4094.23076889	4115.89743562	4112.17948691	4107.82051255	4122.43589716	4109.10256383	4104.10256383	4075.6410253	4100.6410253	4117.82051255	
4096.92307658	4077.56410222	4104.23076896	4088.20512786	4124.10256383	4120.7692305	4120.89743562	4121.28205101	4130.38461511	4123.84615357	4126.41025614	4091.41025607	4126.02564075	4131.79487152	
4110.12820485	4081.02564068	4115.51282024	4106.41025614	4132.17948691	4127.30769203	4132.30769203	4133.9743587	4144.35897415	4153.46153826	4151.41025621	4107.82051255	4146.28205108	4141.15384595	
4090.51282017	4063.58974318	4095.6410253	4092.56410222	4090.25640991	4117.05128178	4122.17948691	4121.02564075	4136.15384595	4140.51282031	4129.8717946	4084.61538427	4124.48717921	4124.10256383	
4061.02564061	4028.33333285	4066.92307651	4062.94871754	4059.35897395	4090.25640991	4090.6410253	4083.97435863	4103.9743587	4094.23076889	4093.07692273	4051.02564061	4087.82051248	4097.43589709	
4052.17948677	4006.66666618	4051.53846113	4041.53846113	4060.89743548	4080.38461504	4076.28205094	4062.05128164	4083.97435863	4074.99999966	4075.12820478	4037.69230728	4071.15384581	4084.61538427	
4052.43589702	4006.15384567	4048.7179483	4035.25640977	4067.69230728	4086.53846119	4081.02564068	4062.05128164	4083.46153812	4077.82051248	4071.15384581	4034.74358926	4070.25640991	4082.69230735	
4052.94871754	4006.79487131	4050.5128201	4039.6153842	4057.30769189	4091.02564068	4085.6410253	4068.20512779	4090.38461504	4075.38461504	4073.33333299	4031.2820508	4067.05128164	4082.17948684	
4062.05128164	4012.1794867	4059.74358933	4059.48717907	4048.58974318	4089.99999966	4090.89743555	4081.28205094	4102.94871767	4082.17948684	4085.89743555	4038.84615343	4072.43589709	4086.92307658	
4074.10256376	4029.99999952	4070.25640991	4079.35897402	4096.66666632	4097.82051248	4104.48717921	4096.53846119	4112.30769203	4101.02564068	4097.30769196	4054.99999959	4089.99999966	4098.71794837	
4082.69230735	4044.10256369	4077.17948684	4075.25640991	4138.58974339	4117.05128178	4118.46153819	4104.99999973	4116.79487152	4112.17948691	4101.53846119	4064.6153842	4102.56410229	4110.7692305	
4089.87179453	4047.56410215	4083.8461535	4072.82051248	4110.7692305	4128.20512793	4125.25640998	4113.33333306	4126.53846126	4112.69230742	4112.05128178	4070.76923043	4104.23076896	4116.66666639	
4094.10256376	4047.05128164	4089.87179453	4091.53846119	4085.38461504	4124.8717946	4128.58974332	4122.56410229	4136.15384595	4119.74358947	4119.99999973	4077.69230735	4105.64102537	4119.35897408	
4096.28205094	4054.87179446	4094.35897402	4109.74358947	4099.99999966	4125.64102537	4131.79487152	4126.02564075	4137.17948697	4132.17948691	4118.58974332	4082.30769196	4113.84615357	4124.35897408	
4095.12820478	4061.92307651	4091.66666632	4105.12820485	4134.10256383	4133.58974332	4133.58974332	4124.61538434	4133.9743587	4133.84615357	4117.69230742	4079.61538427	4119.61538434	4122.82051255	
4090.51282017	4056.92307651	4082.05128171	4086.92307658	4159.48717928	4132.56410229	4131.02564075	4116.66666639	4128.84615357	4121.53846126	4111.41025614	4067.69230728	4109.8717946	4113.0769228	
4092.56410222	4059.10256369	4079.99999966	4080.76923043	4131.92307665	4130.7692305	4134.74358947	4115.64102537	4130.64102537	4116.15384588	4109.48717921	4065.5128201	4100.25640991	4114.23076896	
4102.30769196	4070.38461504	4094.87179453	4098.20512786	4090.89743555	4135.64102544	4145.12820492	4133.71794844	4143.84615364	4129.74358947	4124.74358947	4082.17948684	4111.53846126	4129.48717921	
4108.9743587	4077.56410222	4104.74358947	4117.05128178	4110.89743562	4138.46153826	4146.79487159	4144.74358954	4148.71794851	4141.66666646	4138.71794851	4091.02564068	4127.82051255	4138.97435877	
4110.7692305	4081.92307658	4104.61538434	4118.20512793	4126.02564075	4138.97435877	4147.56410236	4144.1025639	4147.56410236	4153.58974339	4143.58974339	4088.46153812	4137.69230749	4142.43589723	
4110.7692305	4090.76923043	4108.58974332	4115.51282024	4124.74358947	4144.1025639	4154.1025639	4146.41025621	4149.61538441	4157.94871774	4143.33333313	4087.69230735	4136.41025621	4141.92307672	
4111.53846126	4101.92307658	4112.56410229	4112.30769203	4173.07692294	4154.35897415	4157.17948697	4146.92307672	4149.23076903	4144.23076903	4135.64102544	4084.23076889	4126.66666639	4136.28205108	
4114.8717946	4104.48717921	4114.99999973	4112.05128178	4176.41025628	4152.43589723	4154.61538441	4149.35897415	4151.66666646	4139.9999998	4136.41025621	4085.25640991	4129.61538434	4137.94871774	
4116.28205101	4099.10256376	4121.53846126	4122.69230742	4124.48717921	4138.84615364	4151.28205108	4152.43589723	4154.1025639	4153.58974339	4148.46153826	4093.46153812	4139.23076903	4142.94871774	
4115.38461511	4101.66666632	4120.25640998	4126.15384588	4125.12820485	4143.07692287	4155.12820492	4151.15384595	4150.51282031	4156.92307672	4136.28205108	4087.69230735	4129.99999973	4139.1025639	
4119.74358947	4112.94871767	4116.02564075	4120.12820485	4155.76923056	4161.92307672	4164.48717928	4154.9999998	4153.205128	4150.12820492	4122.56410229	4081.66666632	4121.79487152	4138.97435877	
4128.71794844	4118.46153819	4131.15384588	4123.33333306	4178.58974345	4163.07692287	4167.43589723	4162.3076921	4159.48717928	4154.23076903	4149.74358954	4100.76923043	4142.3076921	4152.05128185	
4130.38461511	4120.51282024	4145.12820492	4129.74358947	4178.46153833	4151.15384595	4158.58974339	4157.94871774	4155.64102544	4166.28205108	4172.56410243	4118.46153819	4159.35897415	4158.205128	
4127.43589716	4122.43589716	4142.56410236	4131.92307665	4125.64102537	4147.69230749	4152.17948697	4154.48717928	4155.12820492	4175.64102551	4164.61538441	4117.43589716	4153.84615364	4155.12820492	
4128.33333306	4122.94871767	4145.12820492	4134.35897408	4106.15384588	4151.28205108	4156.53846133	4158.33333313	4161.79487159	4168.20512807	4165.38461518	4117.30769203	4149.48717928	4155.38461518	
4124.8717946	4119.99999973	4144.1025639	4127.17948691	4172.56410243	4146.66666646	4155.51282031	4152.05128185	4158.33333313	4150.76923056	4174.10256397	4117.69230742	4149.9999998	4152.05128185	
4116.92307665	4113.33333306	4133.58974332	4115.89743562	4183.84615371	4138.84615364	4148.205128	4145.12820492	4151.92307672	4156.79487159	4169.99999986	4112.69230742	4151.02564082	4147.82051262	
4117.69230742	4114.8717946	4135.12820485	4119.74358947	4119.35897408	4139.48717928	4148.07692287	4149.35897415	4154.48717928	4171.15384602	4165.38461518	4113.84615357	4154.35897415	4151.53846133	
4123.20512793	4116.41025614	4141.28205108	4127.69230742	4102.94871767	4139.23076903	4152.3076921	4154.23076903	4157.82051262	4164.9999998	4167.69230749	4118.0769228	4152.82051262	4154.23076903	
4119.8717946	4113.0769228	4136.15384595	4124.48717921	4134.8717946	4138.84615364	4153.97435877	4150.51282031	4152.82051262	4150.25641005	4164.9999998	4111.66666639	4145.76923056	4148.84615364	
4110.38461511	4115.89743562	4127.43589716	4110.51282024	4140.38461518	4138.33333313	4152.56410236	4139.87179467	4141.41025621	4139.48717928	4154.87179467	4101.66666632	4139.74358954	4140.38461518	
4104.23076896	4115.51282024	4120.51282024	4103.0769228	4131.28205101	4135.89743569	4147.05128185	4135.12820485	4136.41025621	4133.71794844	4147.56410236	4098.46153812	4134.61538434	4136.02564082	
4107.30769203	4110.89743562	4121.53846126	4116.15384588	4146.79487159	4138.58974339	4144.23076903	4141.53846133	4144.9999998	4144.23076903	4155.25641005	4106.02564075	4138.07692287	4140.89743569	
4107.05128178	4111.66666639	4122.05128178	4122.17948691	4140.64102544	4136.53846133	4142.69230749	4142.05128185	4147.94871774	4153.07692287	4156.79487159	4105.64102537	4138.84615364	4142.94871774	
4099.23076889	4109.99999973	4112.17948691	4107.94871767	4108.84615357	4123.9743587	4134.23076896	4129.23076896	4137.43589723	4139.74358954	4142.17948697	4091.53846119	4126.53846126	4131.92307665	
4093.20512786	4099.23076889	4103.33333306	4095.89743555	4120.51282024	4116.41025614	4127.43589716	4117.82051255	4128.58974332	4125.64102537	4133.58974332	4083.97435863	4117.69230742	4123.9743587	
4094.99999966	4096.79487145	4109.61538434	4101.15384581	4153.71794851	4121.15384588	4132.05128178	4119.35897408	4129.74358947	4132.05128178	4139.23076903	4094.23076889	4125.12820485	4131.53846126	
4103.84615357	4106.92307665	4122.43589716	4113.0769228	4133.20512793	4126.41025614	4138.71794851	4129.48717921	4134.48717921	4144.87179467	4145.76923056	4106.28205101	4132.94871767	4140.12820492	
4105.51282024	4108.58974332	4123.58974332	4112.56410229	4103.9743587	4127.94871767	4138.33333313	4130.7692305	4132.17948691	4137.43589723	4143.58974339	4103.33333306	4128.33333306	4135.38461518	
4099.87179453	4100.89743555	4117.94871767	4105.64102537	4123.58974332	4127.43589716	4136.15384595	4124.35897408	4127.30769203	4123.46153819	4142.56410236	4099.7435894	4125.7692305	4132.17948691	
4095.51282017	4094.35897402	4114.8717946	4103.84615357	4135.51282031	4122.56410229	4133.46153819	4122.56410229	4127.43589716	4127.05128178	4141.15384595	4100.38461504	4124.10256383	4134.74358947	
4096.92307658	4097.56410222	4113.0769228	4108.46153819	4115.25640998	4120.51282024	4132.56410229	4127.30769203	4132.05128178	4139.1025639	4136.02564082	4097.56410222	4120.25640998	4131.66666639	
4099.99999966	4105.12820485	4114.48717921	4115.25640998	4103.0769228	4122.69230742	4137.3076921	4136.15384595	4141.53846133	4145.76923056	4145.51282031	4101.41025607	4128.9743587	4133.46153819	
4096.15384581	4104.8717946	4113.71794844	4115.64102537	4112.30769203	4124.61538434	4138.33333313	4140.12820492	4146.92307672	4146.28205108	4158.58974339	4106.66666639	4139.74358954	4140.25641005	
4093.20512786	4100.51282017	4111.15384588	4111.79487152	4135.51282031	4130.38461511	4135.89743569	4135.51282031	4140.38461518	4145.38461518	4153.46153826	4103.84615357	4137.05128185	4139.1025639	
4102.43589709	4107.94871767	4121.41025614	4119.74358947	4142.94871774	4134.99999973	4137.56410236	4133.46153819	4137.94871774	4147.3076921	4155.12820492	4110.64102537	4136.66666646	4140.25641005	
4113.0769228	4122.82051255	4135.51282031	4136.79487159	4126.79487152	4126.66666639	4134.61538434	4137.05128185	4145.38461518	4153.58974339	4170.38461525	4125.51282024	4149.48717928	4147.69230749	
4108.0769228	4124.99999973	4130.7692305	4138.84615364	4118.84615357	4118.0769228	4127.43589716	4137.3076921	4143.97435877	4151.28205108	4167.94871774	4122.43589716	4147.94871774	4146.28205108	
4101.02564068	4114.74358947	4119.10256383	4126.92307665	4122.43589716	4125.51282024	4129.74358947	4133.9743587	4136.41025621	4140.76923056	4154.23076903	4110.64102537	4133.33333306	4139.23076903	
4104.23076896	4109.35897408	4119.99999973	4121.92307665	4117.17948691	4130.7692305	4134.99999973	4135.76923056	4138.07692287	4137.43589723	4153.97435877	4111.41025614	4134.8717946	4139.48717928	
4101.79487145	4110.25640998	4120.89743562	4121.15384588	4113.33333306	4122.05128178	4131.53846126	4139.48717928	4142.56410236	4144.61538441	4158.97435877	4111.66666639	4144.1025639	4140.12820492	
4092.30769196	4104.48717921	4111.02564075	4111.53846126	4126.92307665	4115.51282024	4125.89743562	4134.61538434	4137.69230749	4145.51282031	4151.28205108	4102.69230742	4135.12820485	4134.23076896	
4095.6410253	4106.41025614	4113.71794844	4111.66666639	4126.66666639	4118.9743587	4127.56410229	4132.05128178	4137.17948697	4143.33333313	4150.51282031	4105.64102537	4127.43589716	4134.74358947	
4102.94871767	4114.35897408	4123.9743587	4122.05128178	4099.99999966	4124.74358947	4133.20512793	4138.46153826	4142.3076921	4148.84615364	4160.89743569	4113.84615357	4137.56410236	4140.64102544	
4097.94871761	4109.10256383	4117.17948691	4117.69230742	4097.69230735	4124.74358947	4134.48717921	4137.17948697	4139.1025639	4145.25641005	4154.1025639	4105.89743562	4136.66666646	4135.76923056	
4094.35897402	4103.58974332	4108.84615357	4112.69230742	4113.0769228	4119.35897408	4128.33333306	4128.9743587	4135.64102544	4137.82051262	4144.23076903	4100.76923043	4124.10256383	4126.15384588	
4091.28205094	4102.56410229	4106.28205101	4111.28205101	4109.74358947	4113.0769228	4121.53846126	4122.94871767	4133.33333306	4134.8717946	4144.48717928	4101.02564068	4116.79487152	4123.84615357	
4084.23076889	4097.56410222	4096.79487145	4097.82051248	4105.89743562	4111.28205101	4121.15384588	4118.58974332	4125.89743562	4128.20512793	4141.53846133	4093.71794837	4117.56410229	4124.35897408	
4080.12820478	4089.48717914	4087.56410222	4084.48717914	4101.79487145	4110.25640998	4120.25640998	4115.38461511	4119.10256383	4119.10256383	4134.74358947	4087.69230735	4120.64102537	4120.38461511	
4076.79487145	4085.12820478	4083.97435863	4080.12820478	4090.38461504	4103.58974332	4116.28205101	4113.20512793	4118.58974332	4119.61538434	4129.48717921	4084.87179453	4113.0769228	4114.99999973	
4079.35897402	4089.10256376	4086.92307658	4086.79487145	4093.20512786	4100.51282017	4116.41025614	4116.41025614	4123.0769228	4128.71794844	4131.53846126	4086.79487145	4109.23076896	4117.43589716	
4086.66666632	4097.69230735	4092.82051248	4095.12820478	4114.23076896	4108.58974332	4118.84615357	4121.79487152	4123.9743587	4128.33333306	4141.41025621	4095.51282017	4120.25640998	4123.9743587	
4089.7435894	4103.58974332	4099.48717914	4099.87179453	4118.84615357	4121.15384588	4124.48717921	4127.82051255	4126.79487152	4133.71794844	4149.35897415	4104.74358947	4130.12820485	4127.69230742	
4090.76923043	4104.23076896	4103.20512793	4104.61538434	4102.82051255	4121.28205101	4129.61538434	4130.51282024	4131.79487152	4142.17948697	4147.17948697	4105.25640998	4125.51282024	4129.23076896	
4084.99999966	4098.58974325	4094.99999966	4094.99999966	4099.23076889	4109.48717921	4123.71794844	4119.74358947	4122.30769203	4124.48717921	4133.20512793	4091.79487145	4108.0769228	4120.25640998	
4073.07692273	4090.76923043	4081.02564068	4075.89743555	4102.43589709	4101.28205094	4111.15384588	4106.92307665	4108.71794844	4103.46153819	4119.35897408	4079.61538427	4096.15384581	4109.48717921	
4075.38461504	4093.07692273	4081.15384581	4084.10256376	4091.41025607	4104.99999973	4108.46153819	4110.25640998	4113.58974332	4111.92307665	4125.7692305	4087.05128171	4104.61538434	4114.10256383	
4085.12820478	4098.07692273	4092.17948684	4107.43589716	4095.51282017	4115.7692305	4114.99999973	4120.89743562	4126.66666639	4131.53846126	4143.07692287	4098.97435863	4121.28205101	4122.94871767	
4083.33333299	4099.35897402	4093.8461535	4105.25640998	4123.33333306	4121.41025614	4120.38461511	4123.9743587	4131.53846126	4132.82051255	4142.94871774	4096.15384581	4120.25640998	4121.66666639	
4083.58974325	4104.23076896	4096.41025607	4100.25640991	4101.92307658	4117.05128178	4122.69230742	4127.56410229	4135.76923056	4133.71794844	4141.66666646	4094.61538427	4115.7692305	4122.05128178	
4089.61538427	4110.51282024	4103.46153819	4112.69230742	4080.51282017	4116.15384588	4123.0769228	4133.84615357	4140.25641005	4145.25641005	4150.89743569	4102.69230742	4125.64102537	4127.30769203	
4086.28205094	4107.56410229	4098.58974325	4118.20512793	4128.0769228	4125.64102537	4121.28205101	4129.8717946	4133.9743587	4138.71794851	4148.07692287	4102.30769196	4126.92307665	4121.79487152	
4083.33333299	4102.43589709	4094.87179453	4117.56410229	4138.71794851	4121.92307665	4117.56410229	4119.10256383	4123.9743587	4121.28205101	4143.46153826	4097.82051248	4116.66666639	4114.74358947	
4088.07692273	4104.8717946	4100.51282017	4118.71794844	4105.51282024	4107.17948691	4113.71794844	4114.99999973	4122.94871767	4121.92307665	4150.89743569	4102.43589709	4117.56410229	4120.89743562	
4091.28205094	4102.17948684	4102.82051255	4117.30769203	4103.9743587	4105.64102537	4110.64102537	4118.20512793	4128.71794844	4135.51282031	4153.71794851	4110.12820485	4127.05128178	4128.71794844	
4089.99999966	4095.89743555	4101.41025607	4118.9743587	4109.23076896	4112.56410229	4111.41025614	4119.74358947	4128.58974332	4137.69230749	4150.25641005	4115.38461511	4127.43589716	4128.71794844	
4087.43589709	4101.41025607	4100.51282017	4119.99999973	4103.71794844	4112.30769203	4114.74358947	4116.79487152	4120.7692305	4123.84615357	4146.66666646	4112.30769203	4117.43589716	4124.61538434	
4090.89743555	4108.84615357	4098.8461535	4120.38461511	4105.7692305	4107.94871767	4114.35897408	4114.99999973	4120.12820485	4116.79487152	4146.66666646	4108.0769228	4115.89743562	4120.12820485	
4096.79487145	4106.15384588	4103.20512793	4128.0769228	4099.10256376	4110.7692305	4113.9743587	4118.0769228	4125.64102537	4126.79487152	4151.92307672	4113.58974332	4125.12820485	4120.38461511	
4095.25640991	4102.94871767	4105.12820485	4130.64102537	4080.38461504	4110.7692305	4112.56410229	4115.25640998	4123.0769228	4130.51282024	4150.25641005	4115.12820485	4122.17948691	4122.17948691	
4087.30769196	4101.15384581	4091.02564068	4119.10256383	4091.02564068	4104.35897408	4104.99999973	4104.10256383	4113.46153819	4113.0769228	4135.76923056	4104.10256383	4106.41025614	4113.46153819	
4080.12820478	4093.46153812	4080.89743555	4111.92307665	4105.7692305	4094.99999966	4095.12820478	4093.58974325	4104.61538434	4100.25640991	4127.69230742	4098.58974325	4100.51282017	4104.74358947	
4082.82051248	4091.15384581	4085.89743555	4117.17948691	4092.43589709	4090.38461504	4092.94871761	4090.89743555	4101.79487145	4103.9743587	4130.12820485	4103.20512793	4102.30769196	4106.66666639	
4082.56410222	4085.51282017	4079.61538427	4112.69230742	4084.35897402	4093.33333299	4091.92307658	4086.41025607	4098.8461535	4093.71794837	4120.51282024	4094.99999966	4091.02564068	4101.79487145	
4063.46153805	4057.56410215	4054.87179446	4092.69230735	4077.56410222	4080.89743555	4076.15384581	4065.25640984	4082.69230735	4064.48717907	4094.35897402	4069.23076882	4066.02564061	4080.38461504	
4049.48717907	4029.23076875	4043.58974318	4079.87179453	4044.23076882	4060.38461497	4060.5128201	4048.84615343	4068.33333292	4050.25640984	4080.25640991	4056.53846113	4052.05128164	4067.69230728	
4055.12820472	4017.56410208	4044.35897395	4074.87179453	4024.99999952	4052.30769189	4056.66666625	4048.46153805	4065.5128201	4053.07692266	4078.58974325	4056.53846113	4048.33333292	4067.82051241	
4054.87179446	4015.25640977	4035.51282003	4067.05128164	4039.35897395	4052.30769189	4051.53846113	4040.89743548	4057.94871754	4041.15384574	4063.97435856	4045.76923036	4037.56410215	4062.82051241	
4049.48717907	4017.94871747	4031.79487131	4068.33333292	4048.33333292	4056.410256	4053.20512779	4034.99999952	4052.94871754	4031.41025593	4058.58974318	4041.15384574	4035.12820465	4059.10256369	
4051.28205087	4014.35897388	4036.2820508	4075.12820478	4041.92307651	4061.53846113	4063.20512779	4045.5128201	4063.58974318	4045.76923036	4073.33333299	4052.05128164	4045.5128201	4061.410256	
4056.02564061	4010.64102516	4037.82051241	4074.35897402	4050.38461497	4066.92307651	4069.10256369	4054.35897395	4071.79487145	4053.97435856	4072.82051248	4052.94871754	4046.92307651	4065.64102523	
4063.97435856	4024.35897388	4043.58974318	4083.97435863	4073.20512786	4073.97435863	4073.20512786	4058.7179483	4071.15384581	4047.94871754	4063.20512779	4052.69230728	4043.97435856	4073.71794837	
4071.53846119	4038.20512779	4054.10256369	4097.43589709	4084.87179453	4084.48717914	4082.30769196	4068.07692266	4076.02564068	4053.84615343	4069.6153842	4069.48717907	4052.94871754	4080.89743555	
4086.53846119	4043.84615343	4070.6410253	4091.92307658	4075.76923043	4101.66666632	4103.84615357	4095.89743555	4102.30769196	4097.94871761	4100.12820478	4098.58974325	4086.28205094	4101.15384581	
4102.30769196	4059.23076882	4089.87179453	4097.30769196	4074.61538427	4112.43589716	4120.38461511	4121.53846126	4125.89743562	4132.05128178	4128.0769228	4116.53846126	4117.30769203	4124.35897408	
4101.92307658	4080.6410253	4095.6410253	4133.46153819	4125.89743562	4105.64102537	4109.74358947	4107.17948691	4112.05128178	4105.7692305	4116.66666639	4110.51282024	4103.9743587	4115.51282024	
4103.71794844	4092.69230735	4100.38461504	4160.64102544	4154.48717928	4103.33333306	4105.38461511	4093.8461535	4102.17948684	4091.15384581	4102.43589709	4110.7692305	4089.48717914	4107.30769203	
4116.79487152	4098.71794837	4114.61538434	4163.97435877	4104.74358947	4116.79487152	4124.74358947	4115.64102537	4119.35897408	4118.71794844	4116.92307665	4125.12820485	4106.66666639	4124.48717921	
4118.84615357	4112.05128178	4118.20512793	4176.5384614	4104.8717946	4126.41025614	4131.53846126	4123.9743587	4119.99999973	4121.79487152	4114.35897408	4123.20512793	4108.84615357	4125.12820485	
4112.82051255	4123.33333306	4113.58974332	4194.2307691	4155.89743569	4127.43589716	4125.38461511	4112.56410229	4110.25640998	4107.17948691	4093.20512786	4112.43589716	4094.23076889	4114.99999973	
4116.53846126	4118.58974332	4117.17948691	4194.74358961	4155.51282031	4131.41025614	4132.30769203	4119.61538434	4119.74358947	4121.41025614	4099.35897402	4121.15384588	4100.12820478	4123.33333306	
4123.0769228	4123.46153819	4126.28205101	4198.58974345	4160.38461518	4140.89743569	4143.33333313	4131.92307665	4129.23076896	4131.53846126	4117.56410229	4135.25640998	4111.53846126	4131.15384588	
4127.30769203	4140.64102544	4130.64102537	4207.17948711	4203.84615378	4147.3076921	4147.69230749	4132.05128178	4128.46153819	4128.46153819	4118.46153819	4136.15384595	4116.53846126	4130.38461511	
4131.66666639	4143.84615364	4135.76923056	4208.71794865	4193.71794858	4146.02564082	4148.84615364	4135.25640998	4134.48717921	4136.92307672	4120.38461511	4140.51282031	4125.7692305	4136.92307672	
4136.15384595	4144.1025639	4144.9999998	4211.02564096	4153.07692287	4149.1025639	4151.02564082	4143.58974339	4140.89743569	4141.79487159	4130.89743562	4150.38461518	4128.20512793	4144.48717928	
4138.58974339	4153.84615364	4146.41025621	4207.69230763	4157.43589723	4154.35897415	4153.58974339	4146.41025621	4138.58974339	4148.33333313	4137.56410236	4151.15384595	4127.94871767	4144.48717928	
4137.3076921	4161.66666646	4144.87179467	4206.15384609	4178.07692294	4158.33333313	4156.79487159	4148.46153826	4140.25641005	4155.76923056	4137.05128185	4149.9999998	4134.99999973	4143.46153826	
4136.41025621	4160.51282031	4146.41025621	4214.10256404	4172.30769217	4161.02564082	4158.46153826	4152.43589723	4145.89743569	4144.48717928	4130.89743562	4151.53846133	4132.82051255	4142.43589723	
4134.23076896	4156.92307672	4144.23076903	4214.74358968	4158.84615364	4156.79487159	4153.46153826	4148.46153826	4142.82051262	4132.69230742	4126.41025614	4149.61538441	4121.92307665	4140.51282031	
4133.84615357	4162.56410236	4144.61538441	4209.99999993	4161.92307672	4158.46153826	4153.07692287	4147.94871774	4141.28205108	4145.64102544	4129.61538434	4153.84615364	4127.69230742	4142.3076921	
4135.89743569	4171.15384602	4149.74358954	4214.23076917	4174.74358961	4169.2307691	4163.205128	4161.02564082	4152.3076921	4161.66666646	4133.9743587	4161.92307672	4140.51282031	4148.97435877	
4133.58974332	4171.92307679	4150.38461518	4217.82051275	4197.56410243	4171.79487166	4166.53846133	4164.48717928	4154.74358954	4157.94871774	4131.28205101	4154.87179467	4136.66666646	4148.205128	
4131.53846126	4169.99999986	4146.41025621	4207.05128199	4204.87179481	4166.28205108	4159.61538441	4151.41025621	4144.74358954	4148.07692287	4122.56410229	4141.02564082	4127.56410229	4139.23076903	
4138.58974339	4170.64102551	4149.9999998	4203.20512814	4180.25641012	4170.64102551	4161.28205108	4150.64102544	4145.51282031	4143.33333313	4121.41025614	4142.69230749	4128.58974332	4142.94871774	
4147.05128185	4172.69230756	4159.23076903	4215.51282045	4163.97435877	4176.28205115	4167.43589723	4163.07692287	4155.25641005	4154.1025639	4136.53846133	4151.79487159	4139.87179467	4155.64102544	
4147.05128185	4174.48717935	4162.94871774	4219.99999993	4171.28205115	4170.76923063	4166.79487159	4169.61538448	4159.74358954	4171.79487166	4147.05128185	4154.74358954	4153.58974339	4159.9999998	
4149.48717928	4179.74358961	4167.56410236	4217.43589737	4182.56410243	4171.66666653	4168.58974345	4172.30769217	4164.35897415	4176.41025628	4143.205128	4157.17948697	4159.1025639	4162.43589723	
4155.51282031	4188.46153833	4174.10256397	4223.84615378	4200.12820499	4177.30769217	4172.69230756	4173.3333332	4168.58974345	4176.02564089	4141.41025621	4158.58974339	4152.94871774	4163.97435877	
4158.97435877	4196.15384602	4178.71794858	4230.25641019	4212.30769224	4180.89743576	4179.61538448	4176.41025628	4168.58974345	4178.3333332	4146.15384595	4159.23076903	4148.97435877	4163.07692287	
4163.84615364	4198.3333332	4184.2307691	4228.4615384	4204.23076917	4185.89743576	4186.5384614	4183.84615371	4170.64102551	4180.64102551	4150.12820492	4164.35897415	4159.48717928	4168.58974345	
4163.71794851	4191.5384614	4183.46153833	4223.84615378	4199.2307691	4182.17948704	4177.56410243	4180.89743576	4168.20512807	4177.82051269	4148.33333313	4163.84615364	4164.74358954	4172.17948704	
4163.205128	4187.30769217	4183.3333332	4225.25641019	4188.58974345	4173.3333332	4169.99999986	4178.07692294	4167.3076921	4182.82051269	4153.84615364	4162.17948697	4163.33333313	4170.89743576	
4170.12820499	4195.12820499	4191.66666653	4233.4615384	4180.64102551	4177.56410243	4179.35897422	4186.5384614	4171.41025628	4190.76923063	4164.9999998	4168.20512807	4169.35897422	4174.87179474	
4174.99999986	4201.79487173	4196.5384614	4234.48717949	4205.89743583	4183.97435884	4183.97435884	4184.10256397	4166.15384595	4183.20512807	4163.97435877	4168.3333332	4171.41025628	4176.92307679	
4175.89743576	4198.46153833	4196.66666653	4229.35897429	4210.7692307	4180.25641012	4179.74358961	4180.12820499	4165.76923056	4188.3333332	4158.58974339	4165.64102544	4173.20512807	4177.94871781	
4181.41025628	4202.05128199	4205.12820506	4237.17948718	4190.38461525	4183.58974345	4186.41025628	4192.17948704	4176.79487166	4203.33333327	4163.97435877	4171.79487166	4179.2307691	4185.12820499	
4191.5384614	4218.4615384	4216.15384609	4248.46153847	4216.15384609	4197.05128192	4197.56410243	4199.2307691	4180.64102551	4197.69230756	4171.92307679	4178.84615371	4182.56410243	4191.79487166	
4194.48717935	4221.15384609	4216.15384609	4241.66666667	4236.66666667	4198.71794858	4197.94871781	4193.97435884	4179.2307691	4191.28205115	4173.3333332	4181.92307679	4186.92307679	4194.48717935	
4192.69230756	4211.53846147	4212.05128199	4237.05128206	4199.10256397	4193.84615371	4194.99999986	4194.74358961	4181.79487166	4204.87179481	4173.58974345	4181.66666653	4189.99999986	4194.74358961	
4192.30769217	4213.4615384	4212.05128199	4244.10256411	4203.71794865	4195.76923063	4196.28205115	4199.35897422	4181.28205115	4210.7692307	4172.30769217	4177.4358973	4183.84615371	4191.5384614	
4188.3333332	4214.99999993	4208.4615384	4238.71794872	4243.84615385	4193.84615371	4196.02564089	4191.15384602	4174.35897422	4193.3333332	4164.61538441	4169.48717935	4173.58974345	4184.48717935	
4187.69230756	4208.33333327	4205.7692307	4234.74358975	4213.4615384	4189.48717935	4194.2307691	4185.12820499	4174.35897422	4188.58974345	4167.05128185	4168.71794858	4181.41025628	4185.51282038	
4191.92307679	4212.43589737	4209.10256404	4245.12820513	4178.71794858	4196.92307679	4199.99999986	4194.99999986	4178.46153833	4200.25641012	4178.07692294	4173.20512807	4192.82051269	4193.46153833	
4198.3333332	4223.33333327	4211.15384609	4246.28205129	4222.82051275	4210.51282045	4212.30769224	4208.58974352	4184.48717935	4210.12820506	4176.79487166	4174.35897422	4192.94871781	4199.2307691	
4206.28205122	4228.20512814	4214.74358968	4244.61538462	4267.05128212	4216.15384609	4217.05128199	4212.82051275	4191.02564089	4212.5641025	4178.97435884	4180.76923063	4198.46153833	4203.84615378	
4206.15384609	4227.82051275	4217.05128199	4248.84615385	4250.76923077	4207.17948711	4208.4615384	4204.61538455	4184.74358961	4202.30769224	4186.28205115	4183.20512807	4199.48717935	4201.92307686	
4201.92307686	4227.94871788	4218.4615384	4249.61538462	4219.74358968	4196.28205115	4202.30769224	4199.99999986	4178.58974345	4202.05128199	4187.4358973	4183.3333332	4196.15384602	4199.87179474	
4204.99999993	4227.94871788	4223.97435891	4249.48717949	4219.35897429	4196.02564089	4203.07692301	4203.4615384	4185.89743576	4212.05128199	4191.79487166	4191.41025628	4201.15384609	4203.97435891	
4201.6666666	4221.53846147	4220.12820506	4242.94871795	4231.02564096	4194.99999986	4195.89743576	4198.3333332	4182.17948704	4201.53846147	4187.30769217	4188.58974345	4197.4358973	4199.99999986	
4186.66666653	4211.79487173	4206.53846147	4226.6666666	4222.43589737	4187.05128192	4188.58974345	4186.28205115	4167.3076921	4184.2307691	4171.92307679	4174.48717935	4182.17948704	4187.4358973	
4182.82051269	4207.43589737	4204.35897429	4220.51282045	4192.56410243	4186.79487166	4190.76923063	4187.30769217	4169.61538448	4186.41025628	4171.79487166	4172.30769217	4184.48717935	4186.02564089	
4194.2307691	4213.07692301	4212.43589737	4223.20512814	4199.87179474	4196.02564089	4195.64102551	4196.79487166	4181.15384602	4195.25641012	4183.84615371	4179.99999986	4199.35897422	4196.66666653	
4200.25641012	4222.17948711	4215.38461532	4222.5641025	4246.28205129	4206.79487173	4205.89743583	4207.69230763	4188.3333332	4208.97435891	4186.5384614	4186.02564089	4205.38461532	4205.25641019	
4200.12820499	4225.12820506	4216.79487173	4226.28205122	4247.56410257	4211.92307686	4215.64102558	4215.38461532	4194.61538448	4224.23076917	4187.69230756	4193.84615371	4208.33333327	4206.15384609	
4203.33333327	4222.82051275	4220.38461532	4229.35897429	4215.89743583	4212.69230763	4213.84615378	4213.71794865	4196.15384602	4217.30769224	4196.92307679	4194.99999986	4210.12820506	4205.7692307	
4206.28205122	4223.97435891	4218.84615378	4225.12820506	4227.30769224	4212.5641025	4211.6666666	4209.74358968	4191.41025628	4205.64102558	4199.48717935	4189.2307691	4208.84615378	4208.4615384	
4203.33333327	4229.10256404	4213.20512814	4224.35897429	4248.58974359	4208.20512814	4211.6666666	4207.94871788	4187.30769217	4209.35897429	4188.07692294	4185.38461525	4202.82051275	4205.7692307	
4203.84615378	4232.30769224	4210.89743583	4226.53846147	4229.99999993	4204.48717942	4208.20512814	4210.51282045	4188.3333332	4212.17948711	4181.41025628	4183.20512807	4200.25641012	4202.30769224	
4205.7692307	4227.94871788	4207.17948711	4218.20512814	4206.92307686	4202.05128199	4203.33333327	4207.30769224	4185.12820499	4209.23076917	4184.99999986	4182.17948704	4201.02564096	4203.20512814	
4203.20512814	4229.99999993	4205.25641019	4215.12820506	4203.4615384	4201.28205122	4201.53846147	4198.97435884	4178.97435884	4206.53846147	4183.58974345	4180.89743576	4197.56410243	4200.89743576	
4201.92307686	4240.64102564	4208.33333327	4221.6666666	4220.38461532	4206.15384609	4204.23076917	4196.41025628	4177.17948704	4200.64102551	4176.41025628	4177.56410243	4192.56410243	4196.02564089	
4199.87179474	4234.48717949	4203.33333327	4215.12820506	4241.15384616	4206.53846147	4205.38461532	4196.41025628	4177.94871781	4194.99999986	4171.15384602	4172.82051269	4189.87179474	4192.82051269	
4198.84615371	4218.33333327	4195.76923063	4208.4615384	4231.53846147	4200.25641012	4199.87179474	4194.87179474	4178.58974345	4201.41025634	4171.79487166	4172.05128192	4192.05128192	4193.71794858	
4200.25641012	4211.79487173	4194.2307691	4209.61538455	4196.02564089	4194.87179474	4190.64102551	4189.74358961	4174.87179474	4207.17948711	4172.82051269	4171.92307679	4192.05128192	4193.07692294	
4195.76923063	4206.41025634	4187.17948704	4201.28205122	4190.64102551	4190.12820499	4186.5384614	4181.41025628	4168.3333332	4195.89743576	4163.46153826	4162.17948697	4183.97435884	4185.25641012	
4187.17948704	4194.74358961	4177.82051269	4188.71794858	4217.5641025	4187.4358973	4185.12820499	4176.15384602	4164.61538441	4181.02564089	4152.69230749	4152.94871774	4177.94871781	4177.17948704	
4188.46153833	4186.28205115	4178.46153833	4188.20512807	4212.30769224	4188.07692294	4180.51282038	4175.12820499	4163.71794851	4175.76923063	4154.23076903	4154.23076903	4179.2307691	4176.92307679	
4199.61538448	4191.5384614	4184.74358961	4200.51282038	4195.64102551	4193.84615371	4186.41025628	4178.20512807	4167.69230749	4186.66666653	4160.38461518	4161.02564082	4182.56410243	4184.99999986	
4208.71794865	4202.69230763	4192.30769217	4211.79487173	4213.07692301	4202.5641025	4200.89743576	4186.02564089	4174.99999986	4201.15384609	4164.23076903	4168.84615371	4185.76923063	4196.79487166	
4214.61538455	4206.79487173	4200.76923063	4211.79487173	4231.41025634	4207.94871788	4202.94871788	4193.3333332	4178.3333332	4202.69230763	4171.41025628	4178.58974345	4192.30769217	4202.82051275	
4222.05128199	4211.15384609	4209.10256404	4213.58974352	4230.64102558	4208.58974352	4200.25641012	4201.53846147	4184.10256397	4209.35897429	4183.3333332	4189.87179474	4205.7692307	4206.92307686	
4227.05128199	4216.79487173	4214.99999993	4225.7692307	4231.53846147	4208.58974352	4207.94871788	4210.89743583	4191.02564089	4215.89743583	4187.56410243	4195.25641012	4211.79487173	4214.48717942	
4228.58974352	4215.12820506	4217.5641025	4236.15384616	4214.35897429	4212.5641025	4212.43589737	4214.35897429	4191.66666653	4210.12820506	4184.61538448	4195.64102551	4204.61538455	4216.02564096	
4232.82051275	4218.4615384	4220.38461532	4238.07692308	4223.33333327	4223.07692301	4216.02564096	4217.82051275	4194.48717935	4214.74358968	4184.35897422	4198.46153833	4206.79487173	4213.20512814	
4232.82051275	4218.4615384	4220.38461532	4238.07692308	4223.33333327	4223.07692301	4216.02564096	4217.82051275	4194.48717935	4214.74358968	4184.35897422	4198.46153833	4206.79487173	4213.20512814	
4236.66666667	4228.71794865	4223.71794865	4238.07692308	4272.56410264	4231.92307686	4224.87179481	4221.15384609	4200.38461525	4229.48717942	4186.15384602	4201.53846147	4220.64102558	4217.94871788	
4241.41025641	4234.35897436	4230.51282045	4251.02564103	4277.17948725	4237.6923077	4231.6666666	4225.7692307	4208.07692301	4235.51282052	4193.97435884	4211.6666666	4230.64102558	4228.71794865	
4255.12820513	4242.6923077	4243.58974359	4271.15384623	4256.7948718	4245.8974359	4240.12820513	4239.10256411	4222.94871788	4241.28205129	4209.23076917	4229.23076917	4239.48717949	4238.46153847	
4265.8974359	4253.84615385	4253.84615385	4277.30769238	4260.25641026	4253.58974359	4248.46153847	4251.66666667	4231.02564096	4251.7948718	4217.69230763	4238.58974359	4250.38461539	4245.12820513	
4264.23076923	4253.46153847	4252.05128206	4270.64102571	4270.89743597	4253.58974359	4248.33333334	4250.51282052	4224.35897429	4246.92307693	4216.53846147	4233.71794865	4249.10256411	4245.51282052	
4265.64102564	4252.17948718	4250.25641026	4271.15384623	4284.2307693	4253.20512821	4248.46153847	4250.0	4224.87179481	4244.74358975	4218.84615378	4231.02564096	4246.02564103	4245.64102564	
4276.41025648	4261.28205129	4258.46153847	4282.69230777	4285.76923084	4260.0	4257.17948718	4263.97435898	4239.23076923	4264.10256411	4227.17948711	4241.41025641	4259.61538462	4253.33333334	
4276.923077	4266.28205129	4259.10256411	4288.71794879	4277.05128212	4264.61538462	4257.94871795	4268.33333341	4237.56410257	4268.58974366	4229.48717942	4245.8974359	4264.87179488	4257.05128206	
4270.25641033	4262.56410257	4250.64102564	4282.56410264	4297.82051289	4263.97435898	4249.61538462	4253.58974359	4223.4615384	4249.23076923	4224.74358968	4240.76923077	4253.71794872	4250.8974359	
4277.17948725	4264.23076923	4254.87179488	4279.35897443	4326.28205142	4267.17948725	4255.0	4250.64102564	4229.74358968	4248.71794872	4227.94871788	4248.07692308	4257.56410257	4255.8974359	
4291.66666674	4274.61538469	4270.38461546	4292.17948725	4301.53846168	4274.61538469	4270.00000007	4267.56410264	4246.66666667	4269.87179495	4243.97435898	4267.17948725	4277.82051289	4272.05128212	
4295.89743597	4283.84615392	4277.82051289	4305.89743604	4272.43589751	4279.10256418	4275.38461546	4278.58974366	4249.35897436	4277.56410264	4258.07692308	4276.15384623	4286.923077	4279.10256418	
4288.46153853	4282.94871802	4271.15384623	4299.74358989	4309.61538476	4279.48717956	4269.35897443	4271.53846161	4242.05128206	4265.76923077	4254.61538462	4269.74358982	4279.61538469	4273.84615392	
4287.69230777	4277.17948725	4267.69230777	4290.25641033	4342.56410278	4280.25641033	4267.30769238	4270.1282052	4243.71794872	4266.41025641	4249.74358975	4268.84615392	4276.923077	4272.69230777	
4294.35897443	4275.51282059	4272.43589751	4292.30769238	4302.17948732	4280.1282052	4271.53846161	4278.97435905	4249.74358975	4277.56410264	4254.87179488	4273.33333341	4281.66666674	4279.87179495	
4288.46153853	4274.48717956	4268.71794879	4291.66666674	4286.923077	4275.76923084	4270.76923084	4275.1282052	4245.12820513	4268.07692315	4249.10256411	4265.51282052	4274.2307693	4275.00000007	
4277.30769238	4270.25641033	4257.82051282	4284.35897443	4334.87179508	4271.79487187	4265.64102564	4265.64102564	4240.64102564	4257.17948718	4242.05128206	4256.7948718	4265.0	4259.48717949	
4275.38461546	4266.28205129	4252.56410257	4279.48717956	4318.97435912	4272.17948725	4260.64102564	4269.74358982	4247.05128206	4270.1282052	4250.76923077	4258.07692308	4271.0256411	4258.20512821	
4279.61538469	4270.25641033	4256.7948718	4283.58974366	4261.28205129	4274.87179495	4263.46153847	4276.923077	4253.58974359	4278.46153853	4254.23076923	4260.8974359	4275.1282052	4266.66666674	
4284.74358982	4284.35897443	4264.10256411	4297.56410264	4294.10256418	4284.61538469	4274.48717956	4274.35897443	4250.64102564	4270.1282052	4245.8974359	4263.71794872	4271.28205136	4269.2307693	
4288.71794879	4289.61538469	4265.12820513	4304.61538476	4338.20512842	4291.0256411	4277.30769238	4268.84615392	4246.53846154	4271.41025648	4247.05128206	4268.84615392	4275.38461546	4269.35897443	
4290.76923084	4285.76923084	4266.53846154	4302.56410271	4309.87179501	4286.79487187	4277.30769238	4273.46153853	4252.05128206	4284.2307693	4248.20512821	4273.46153853	4283.33333341	4275.89743597	
4291.15384623	4290.51282059	4272.17948725	4305.2564104	4301.41025655	4290.64102571	4286.41025648	4285.76923084	4261.02564103	4287.82051289	4228.84615378	4275.38461546	4286.0256411	4280.25641033	
4293.07692315	4295.64102571	4272.05128212	4305.2564104	4347.56410278	4299.2307693	4290.25641033	4286.53846161	4260.0	4283.97435905	4211.92307686	4274.2307693	4285.76923084	4277.56410264	
4295.51282059	4291.66666674	4270.89743597	4297.30769238	4352.6923079	4294.35897443	4284.2307693	4282.30769238	4258.46153847	4289.74358982	4218.97435891	4275.76923084	4287.82051289	4277.69230777	
4293.33333341	4285.89743597	4271.66666674	4296.53846161	4298.71794879	4282.43589751	4280.76923084	4285.25641033	4261.02564103	4290.89743597	4226.92307686	4274.48717956	4287.82051289	4278.46153853	
4290.25641033	4287.43589751	4270.00000007	4302.56410271	4289.74358982	4283.97435905	4283.07692315	4284.2307693	4256.02564103	4273.46153853	4220.64102558	4268.58974366	4283.46153853	4277.30769238	
4299.2307693	4296.0256411	4275.64102571	4307.56410271	4318.84615399	4294.48717956	4289.2307693	4286.15384623	4255.0	4276.66666674	4225.64102558	4276.53846161	4288.20512828	4284.2307693	
4307.69230784	4299.48717963	4282.05128212	4308.4615386	4310.2564104	4294.35897443	4292.30769238	4293.20512828	4261.92307693	4297.05128212	4241.66666667	4289.61538469	4299.10256418	4292.56410264	
4301.41025655	4296.41025648	4278.84615392	4305.64102578	4303.33333348	4291.28205136	4292.43589751	4293.33333341	4263.58974359	4293.97435905	4240.64102564	4287.05128212	4297.69230777	4290.25641033	
4297.69230777	4294.74358982	4277.17948725	4305.2564104	4315.2564104	4297.17948725	4296.15384623	4294.87179495	4261.66666667	4281.28205136	4229.99999993	4282.56410264	4287.56410264	4285.00000007	
4304.3589745	4297.30769238	4278.71794879	4306.02564117	4325.38461553	4306.41025655	4303.4615386	4297.05128212	4262.94871795	4281.53846161	4229.35897429	4286.79487187	4284.35897443	4287.56410264	
4306.79487194	4297.69230777	4277.56410264	4304.23076937	4343.5897438	4307.43589758	4304.74358989	4292.94871802	4265.51282052	4285.1282052	4235.12820513	4289.48717956	4289.2307693	4290.76923084	
4302.30769245	4292.43589751	4276.923077	4303.07692322	4331.79487194	4298.07692315	4297.05128212	4291.53846161	4264.35897436	4280.00000007	4234.10256411	4287.17948725	4289.74358982	4290.00000007	
4306.66666681	4293.20512828	4282.56410264	4307.30769245	4292.43589751	4294.87179495	4294.2307693	4300.00000014	4269.2307693	4287.30769238	4241.41025641	4293.84615392	4295.25641033	4295.89743597	
4313.33333348	4300.51282066	4286.0256411	4310.64102578	4304.74358989	4301.28205142	4297.69230777	4300.64102578	4273.33333341	4304.87179501	4253.97435898	4303.71794886	4307.56410271	4302.69230784	
4304.23076937	4297.17948725	4278.58974366	4303.20512835	4333.07692329	4300.64102578	4293.46153853	4286.79487187	4261.92307693	4291.66666674	4244.87179488	4294.35897443	4301.66666681	4295.38461546	
4297.56410264	4288.33333341	4273.46153853	4300.12820527	4311.28205142	4291.15384623	4285.00000007	4281.15384623	4252.17948718	4263.97435898	4233.20512814	4283.97435905	4285.25641033	4286.66666674	
4303.33333348	4291.79487187	4278.71794879	4308.20512835	4300.00000014	4287.94871802	4286.28205136	4290.89743597	4263.20512821	4274.35897443	4242.6923077	4293.33333341	4291.28205136	4290.89743597	
4305.51282066	4299.35897443	4283.58974366	4312.43589758	4320.38461553	4292.05128212	4292.82051289	4301.02564117	4276.79487187	4303.33333348	4252.30769231	4300.12820527	4307.69230784	4295.51282059	
4300.12820527	4297.17948725	4278.58974366	4305.38461553	4318.20512835	4292.30769238	4291.53846161	4292.94871802	4271.66666674	4295.64102571	4244.61538462	4289.10256418	4298.07692315	4287.82051289	
4291.79487187	4291.53846161	4267.30769238	4296.53846161	4300.00000014	4285.25641033	4280.51282059	4271.41025648	4256.92307693	4267.94871802	4231.6666666	4273.58974366	4275.1282052	4275.1282052	
4285.76923084	4292.82051289	4264.10256411	4301.79487194	4306.79487194	4285.38461546	4276.923077	4266.53846154	4252.05128206	4260.38461539	4229.35897429	4269.10256418	4274.35897443	4272.17948725	
4291.923077	4300.76923091	4271.66666674	4311.79487194	4329.61538476	4293.97435905	4287.94871802	4280.38461546	4260.51282052	4270.89743597	4239.35897436	4273.97435905	4286.0256411	4277.56410264	
4302.69230784	4305.12820527	4276.923077	4313.07692322	4322.30769245	4295.64102571	4294.74358982	4288.84615392	4269.87179495	4291.15384623	4247.6923077	4281.53846161	4288.33333341	4280.76923084	
4300.38461553	4303.20512835	4274.48717956	4310.64102578	4303.97435912	4294.48717956	4291.53846161	4285.1282052	4266.66666674	4294.48717956	4242.05128206	4284.2307693	4283.58974366	4282.30769238	
4289.87179495	4297.82051289	4268.97435905	4303.33333348	4312.30769245	4291.15384623	4285.76923084	4275.64102571	4255.25641026	4268.84615392	4232.82051275	4280.00000007	4277.56410264	4281.0256411	
4286.923077	4291.79487187	4264.87179488	4295.00000007	4312.56410271	4280.76923084	4279.2307693	4268.71794879	4250.64102564	4254.61538462	4232.17948711	4276.41025648	4274.61538469	4277.43589751	
4287.56410264	4287.69230777	4262.17948718	4289.2307693	4289.35897443	4275.00000007	4274.10256418	4269.87179495	4255.8974359	4267.30769238	4233.58974352	4275.76923084	4276.28205136	4276.15384623	
4284.74358982	4286.0256411	4260.0	4287.82051289	4284.48717956	4278.84615392	4272.94871802	4274.35897443	4257.43589744	4276.0256411	4236.92307693	4272.82051289	4277.17948725	4275.64102571	
4283.46153853	4288.20512828	4262.56410257	4286.923077	4311.02564117	4282.56410264	4274.87179495	4275.51282059	4254.87179488	4273.33333341	4243.84615385	4268.20512828	4278.20512828	4275.38461546	
4287.17948725	4293.71794879	4266.41025641	4287.17948725	4322.69230784	4285.1282052	4278.33333341	4277.82051289	4259.23076923	4275.1282052	4242.82051282	4266.15384616	4280.00000007	4277.30769238	
4291.79487187	4301.66666681	4270.25641033	4294.48717956	4297.43589751	4288.20512828	4282.82051289	4281.66666674	4267.17948725	4282.56410264	4240.25641026	4266.28205129	4281.15384623	4280.64102571	
4288.58974366	4306.41025655	4268.71794879	4301.28205142	4285.25641033	4285.25641033	4283.20512828	4277.43589751	4263.33333334	4281.15384623	4240.51282052	4259.10256411	4277.69230777	4279.2307693	
4281.66666674	4299.87179501	4262.43589744	4295.25641033	4295.89743597	4279.87179495	4275.51282059	4268.46153853	4252.05128206	4273.71794879	4235.8974359	4248.84615385	4273.97435905	4273.97435905	
4280.00000007	4294.2307693	4261.28205129	4282.69230777	4301.02564117	4276.53846161	4268.20512828	4264.74358975	4250.25641026	4270.00000007	4231.41025634	4245.38461539	4275.00000007	4272.56410264	
4278.46153853	4292.82051289	4262.82051282	4281.41025648	4302.17948732	4275.00000007	4267.43589751	4263.07692308	4252.82051282	4264.74358975	4231.79487173	4242.43589744	4267.94871802	4271.15384623	
4273.71794879	4291.15384623	4262.17948718	4285.1282052	4295.38461546	4273.71794879	4265.12820513	4259.87179488	4250.64102564	4257.17948718	4231.02564096	4236.7948718	4257.82051282	4264.23076923	
4270.51282059	4291.0256411	4263.07692308	4283.97435905	4275.1282052	4268.71794879	4261.15384616	4263.33333334	4253.33333334	4262.30769231	4231.41025634	4235.0	4260.64102564	4260.8974359	
4275.89743597	4291.923077	4266.79487187	4283.84615392	4274.35897443	4268.46153853	4264.35897436	4271.0256411	4261.15384616	4272.05128212	4237.6923077	4238.33333334	4270.00000007	4267.30769238	
4281.79487187	4292.69230777	4269.10256418	4283.46153853	4296.66666674	4274.61538469	4268.71794879	4272.82051289	4263.20512821	4276.66666674	4242.05128206	4243.33333334	4275.51282059	4275.1282052	
4278.20512828	4289.2307693	4267.17948725	4278.07692315	4299.61538476	4269.2307693	4262.05128206	4266.41025641	4254.87179488	4271.79487187	4237.82051282	4241.53846154	4270.64102571	4271.66666674	
4273.07692315	4284.74358982	4263.97435898	4272.82051289	4290.25641033	4261.66666667	4258.07692308	4261.53846154	4250.51282052	4259.23076923	4233.84615385	4236.41025641	4263.97435898	4264.10256411	
4274.74358982	4281.923077	4263.58974359	4274.2307693	4267.82051289	4268.07692315	4264.61538462	4266.41025641	4256.41025641	4262.82051282	4241.66666667	4240.0	4267.05128212	4267.43589751	
4272.30769238	4277.05128212	4261.41025641	4270.1282052	4241.41025641	4269.10256418	4263.84615385	4263.20512821	4252.30769231	4267.30769238	4242.6923077	4239.48717949	4264.74358975	4269.2307693	
4261.53846154	4271.923077	4251.92307693	4254.35897436	4274.87179495	4262.43589744	4256.7948718	4251.02564103	4238.33333334	4251.92307693	4225.12820506	4224.74358968	4247.6923077	4258.46153847	
4260.64102564	4269.35897443	4246.92307693	4244.35897436	4307.17948732	4260.12820513	4255.0	4247.82051282	4237.43589744	4244.87179488	4223.20512814	4221.28205122	4242.56410257	4254.87179488	
4272.69230777	4273.46153853	4257.82051282	4257.30769231	4262.43589744	4263.71794872	4258.58974359	4255.64102564	4247.43589744	4255.64102564	4239.87179488	4235.38461539	4258.33333334	4268.71794879	
4278.33333341	4279.2307693	4267.30769238	4270.76923084	4247.05128206	4273.20512828	4264.48717949	4263.58974359	4251.02564103	4260.8974359	4242.30769231	4239.74358975	4264.61538462	4277.56410264	
4270.76923084	4275.51282059	4258.46153847	4260.51282052	4288.84615392	4271.923077	4263.07692308	4261.02564103	4245.8974359	4258.97435898	4235.12820513	4228.20512814	4253.20512821	4268.58974366	
4262.05128206	4266.923077	4249.23076923	4252.56410257	4283.46153853	4255.38461539	4250.64102564	4250.76923077	4241.28205129	4255.64102564	4240.38461539	4222.17948711	4247.6923077	4256.28205129	
4260.38461539	4263.33333334	4253.20512821	4255.76923077	4247.43589744	4249.10256411	4243.33333334	4245.38461539	4240.76923077	4249.48717949	4250.25641026	4228.20512814	4253.97435898	4254.61538462	
4262.05128206	4262.17948718	4256.41025641	4248.58974359	4251.7948718	4255.25641026	4247.17948718	4247.30769231	4241.7948718	4249.35897436	4258.07692308	4235.76923077	4257.82051282	4259.35897436	
4260.12820513	4259.10256411	4252.30769231	4236.53846154	4270.76923084	4254.10256411	4248.07692308	4241.02564103	4239.10256411	4248.58974359	4267.17948725	4239.87179488	4257.94871795	4259.10256411	
4258.20512821	4255.8974359	4249.74358975	4229.35897429	4260.51282052	4249.61538462	4246.15384616	4238.97435898	4237.94871795	4248.71794872	4271.79487187	4242.05128206	4265.64102564	4259.48717949	
4265.0	4258.46153847	4255.0	4226.15384609	4247.6923077	4252.6923077	4252.94871795	4256.28205129	4247.94871795	4268.97435905	4279.35897443	4247.56410257	4276.79487187	4270.64102571	
4268.46153853	4260.64102564	4258.58974359	4228.20512814	4254.48717949	4255.12820513	4259.87179488	4265.8974359	4255.0	4281.15384623	4287.43589751	4251.53846154	4278.46153853	4277.30769238	
4260.64102564	4254.23076923	4250.76923077	4226.15384609	4259.87179488	4255.0	4258.97435898	4255.51282052	4248.84615385	4259.10256411	4277.94871802	4245.12820513	4265.38461539	4266.923077	
4258.20512821	4247.30769231	4243.20512821	4217.05128199	4256.66666667	4258.07692308	4256.66666667	4251.92307693	4243.46153847	4243.97435898	4268.97435905	4239.61538462	4254.23076923	4262.05128206	
4259.74358975	4245.76923077	4243.07692308	4213.71794865	4251.92307693	4257.94871795	4253.20512821	4255.0	4243.84615385	4254.74358975	4272.05128212	4240.8974359	4256.7948718	4266.79487187	
4257.82051282	4247.82051282	4244.48717949	4220.89743583	4246.7948718	4253.46153847	4252.43589744	4254.61538462	4246.02564103	4262.82051282	4277.05128212	4246.53846154	4264.48717949	4267.69230777	
4256.92307693	4246.15384616	4240.76923077	4223.58974352	4232.82051275	4249.61538462	4254.10256411	4258.33333334	4247.82051282	4261.28205129	4281.28205136	4250.12820513	4268.71794879	4266.53846154	
4249.35897436	4238.71794872	4231.53846147	4213.71794865	4236.53846154	4248.71794872	4249.10256411	4255.25641026	4244.35897436	4258.20512821	4276.41025648	4242.43589744	4264.23076923	4261.53846154	
4243.71794872	4240.38461539	4230.51282045	4211.41025634	4272.05128212	4257.94871795	4251.28205129	4251.15384616	4241.53846154	4254.74358975	4270.00000007	4239.74358975	4259.48717949	4256.92307693	
4250.12820513	4250.76923077	4237.56410257	4221.92307686	4286.0256411	4268.46153853	4262.43589744	4259.10256411	4245.8974359	4250.25641026	4275.76923084	4248.20512821	4260.51282052	4260.25641026	
4252.56410257	4248.84615385	4239.87179488	4226.6666666	4252.30769231	4262.82051282	4263.97435898	4266.28205129	4252.94871795	4255.38461539	4286.28205136	4252.6923077	4267.43589751	4265.64102564	
4252.82051282	4242.56410257	4240.76923077	4223.84615378	4228.97435891	4254.23076923	4259.48717949	4267.82051289	4259.10256411	4278.20512828	4291.53846161	4255.51282052	4281.0256411	4268.20512828	
4251.53846154	4243.46153847	4236.53846154	4220.12820506	4259.48717949	4253.58974359	4255.76923077	4261.66666667	4255.51282052	4278.97435905	4282.69230777	4251.41025641	4274.10256418	4262.43589744	
4243.84615385	4239.74358975	4229.23076917	4217.94871788	4275.1282052	4249.61538462	4251.15384616	4251.53846154	4245.12820513	4252.05128206	4271.923077	4241.53846154	4252.05128206	4255.0	
4237.05128206	4231.53846147	4228.33333327	4218.4615384	4232.30769224	4242.17948718	4246.92307693	4247.82051282	4241.41025641	4247.17948718	4272.69230777	4239.87179488	4248.58974359	4253.46153847	
4233.07692301	4227.43589737	4225.12820506	4214.87179481	4205.25641019	4238.33333334	4242.82051282	4244.61538462	4241.41025641	4256.53846154	4273.07692315	4239.35897436	4253.46153847	4250.12820513	
4229.23076917	4226.92307686	4216.79487173	4209.10256404	4236.15384616	4240.8974359	4238.84615385	4237.43589744	4235.76923077	4246.28205129	4262.56410257	4230.89743583	4246.41025641	4245.0	
4230.25641019	4228.71794865	4216.41025634	4210.12820506	4268.07692315	4247.94871795	4239.74358975	4236.66666667	4232.30769224	4237.94871795	4256.53846154	4226.15384609	4239.61538462	4245.12820513	
4237.30769231	4233.71794865	4222.43589737	4215.12820506	4257.82051282	4250.25641026	4242.6923077	4239.23076923	4234.74358975	4246.53846154	4264.23076923	4231.28205122	4242.6923077	4248.33333334	
4238.46153847	4234.35897436	4224.74358968	4216.41025634	4225.89743583	4244.48717949	4242.94871795	4238.84615385	4234.87179488	4247.05128206	4271.79487187	4234.23076923	4246.02564103	4251.53846154	
4233.97435898	4228.71794865	4222.43589737	4212.94871788	4214.87179481	4242.94871795	4241.7948718	4239.87179488	4231.15384609	4242.05128206	4268.71794879	4230.89743583	4247.94871795	4252.30769231	
4228.58974352	4226.28205122	4217.05128199	4207.69230763	4231.92307686	4241.7948718	4238.58974359	4238.46153847	4229.10256404	4244.87179488	4261.66666667	4227.05128199	4246.28205129	4247.43589744	
4221.6666666	4223.84615378	4207.43589737	4202.05128199	4233.4615384	4234.61538462	4233.84615385	4230.12820506	4226.53846147	4237.05128206	4258.84615385	4224.87179481	4234.61538462	4238.84615385	
4219.35897429	4220.12820506	4200.51282038	4199.10256397	4224.74358968	4231.41025634	4231.41025634	4225.64102558	4221.6666666	4222.43589737	4256.15384616	4222.17948711	4226.41025634	4236.7948718	
4212.5641025	4205.7692307	4192.30769217	4189.48717935	4221.92307686	4222.30769224	4226.53846147	4221.6666666	4218.33333327	4216.28205122	4246.41025641	4211.15384609	4221.02564096	4232.94871788	
4195.38461525	4169.87179474	4170.64102551	4163.33333313	4189.10256397	4195.38461525	4207.17948711	4204.35897429	4210.12820506	4209.10256404	4228.20512814	4191.41025628	4204.48717942	4215.25641019	
4179.61538448	4138.71794851	4148.97435877	4142.43589723	4162.82051262	4179.61538448	4186.92307679	4184.99999986	4194.35897422	4189.87179474	4207.5641025	4170.12820499	4180.51282038	4196.15384602	
4180.25641012	4135.25640998	4148.33333313	4140.89743569	4182.94871781	4187.94871781	4186.15384602	4179.2307691	4185.38461525	4178.84615371	4200.12820499	4163.97435877	4174.48717935	4195.12820499	
4189.87179474	4138.71794851	4159.74358954	4146.92307672	4190.12820499	4189.74358961	4193.07692294	4181.02564089	4187.05128192	4183.3333332	4208.4615384	4174.48717935	4186.66666653	4204.48717942	
4197.4358973	4144.87179467	4169.48717935	4159.74358954	4172.82051269	4187.56410243	4199.10256397	4187.56410243	4194.10256397	4190.12820499	4219.87179481	4186.41025628	4195.38461525	4212.43589737	
4205.64102558	4165.12820492	4182.17948704	4177.82051269	4192.94871781	4200.76923063	4209.48717942	4197.94871781	4202.17948711	4201.41025634	4229.99999993	4197.82051269	4200.76923063	4222.17948711	
4209.61538455	4176.92307679	4192.82051269	4184.74358961	4226.6666666	4210.12820506	4213.07692301	4202.82051275	4205.7692307	4209.48717942	4238.46153847	4207.05128199	4207.5641025	4227.5641025	
4210.64102558	4174.2307691	4194.10256397	4184.99999986	4212.82051275	4204.74358968	4211.02564096	4204.35897429	4208.4615384	4209.87179481	4242.56410257	4210.7692307	4213.71794865	4227.94871788	
4218.71794865	4183.20512807	4199.99999986	4199.35897422	4189.61538448	4209.23076917	4220.64102558	4214.99999993	4218.07692301	4215.7692307	4251.92307693	4219.61538455	4224.99999993	4235.12820513	
4228.33333327	4200.25641012	4212.69230763	4212.82051275	4218.84615378	4226.79487173	4231.79487173	4227.82051275	4227.17948711	4227.30769224	4263.97435898	4231.6666666	4234.74358975	4244.87179488	
4229.10256404	4202.17948711	4215.25641019	4204.35897429	4260.25641026	4231.28205122	4231.79487173	4232.05128199	4228.58974352	4235.12820513	4265.25641026	4233.58974352	4235.12820513	4246.53846154	
4231.28205122	4202.30769224	4220.89743583	4207.5641025	4243.20512821	4231.41025634	4236.53846154	4239.48717949	4237.17948718	4244.48717949	4274.2307693	4240.0	4247.82051282	4253.33333334	
4240.8974359	4216.41025634	4235.51282052	4232.82051275	4210.12820506	4241.28205129	4248.97435898	4249.74358975	4249.61538462	4256.7948718	4292.30769238	4256.41025641	4266.53846154	4266.02564103	
4242.82051282	4224.61538455	4233.58974352	4235.64102564	4225.38461532	4243.20512821	4250.64102564	4247.56410257	4242.94871795	4254.48717949	4289.10256418	4255.38461539	4256.66666667	4263.33333334	
4237.17948718	4219.99999993	4221.92307686	4218.33333327	4249.74358975	4237.30769231	4246.53846154	4241.7948718	4235.38461539	4246.92307693	4278.33333341	4243.97435898	4242.94871795	4256.02564103	
4235.0	4218.4615384	4222.43589737	4220.89743583	4241.41025641	4240.64102564	4248.07692308	4247.17948718	4243.97435898	4245.38461539	4281.41025648	4246.15384616	4252.82051282	4259.74358975	
4243.58974359	4232.30769224	4234.35897436	4239.10256411	4244.23076923	4252.82051282	4256.7948718	4258.84615385	4252.82051282	4250.38461539	4287.69230777	4258.07692308	4266.66666674	4268.71794879	
4253.84615385	4247.43589744	4246.53846154	4247.17948718	4278.84615392	4255.64102564	4264.74358975	4261.92307693	4251.28205129	4262.30769231	4292.56410264	4266.923077	4270.1282052	4275.51282059	
4257.56410257	4250.0	4250.38461539	4244.61538462	4281.15384623	4251.92307693	4265.51282052	4260.38461539	4250.0	4268.97435905	4298.33333341	4270.25641033	4270.38461546	4277.17948725	
4254.87179488	4248.97435898	4247.6923077	4242.17948718	4250.8974359	4254.23076923	4263.33333334	4262.05128206	4252.94871795	4265.51282052	4296.15384623	4268.46153853	4267.43589751	4274.87179495	
4249.35897436	4248.58974359	4241.92307693	4241.02564103	4239.87179488	4250.25641026	4260.64102564	4256.15384616	4246.92307693	4258.84615385	4288.97435905	4261.02564103	4263.33333334	4270.51282059	
4246.28205129	4250.38461539	4237.17948718	4243.58974359	4246.41025641	4241.41025641	4258.07692308	4247.82051282	4239.48717949	4257.43589744	4286.0256411	4257.30769231	4261.92307693	4267.82051289	
4243.71794872	4252.6923077	4232.82051275	4247.82051282	4257.6923077	4242.94871795	4256.92307693	4246.7948718	4241.15384616	4250.8974359	4282.17948725	4255.64102564	4255.25641026	4262.82051282	
4240.12820513	4250.76923077	4229.87179481	4243.46153847	4263.20512821	4248.84615385	4255.64102564	4246.41025641	4243.33333334	4244.48717949	4278.84615392	4250.76923077	4248.97435898	4258.71794872	
4243.33333334	4252.94871795	4235.25641026	4241.41025641	4258.58974359	4251.92307693	4257.6923077	4248.46153847	4244.74358975	4256.15384616	4285.38461546	4255.64102564	4255.8974359	4264.23076923	
4250.51282052	4263.20512821	4242.82051282	4251.15384616	4260.64102564	4254.48717949	4258.97435898	4252.43589744	4248.58974359	4262.82051282	4290.25641033	4266.66666674	4261.7948718	4267.94871802	
4247.94871795	4265.25641026	4238.58974359	4253.97435898	4265.76923077	4252.94871795	4252.94871795	4248.20512821	4245.8974359	4250.12820513	4285.1282052	4262.43589744	4254.74358975	4262.17948718	
4239.61538462	4254.61538462	4230.64102558	4245.25641026	4255.0	4245.64102564	4245.51282052	4240.12820513	4235.38461539	4243.71794872	4281.0256411	4253.20512821	4251.41025641	4259.35897436	
4239.10256411	4250.38461539	4233.20512814	4245.12820513	4246.92307693	4244.61538462	4246.02564103	4238.46153847	4231.92307686	4253.97435898	4283.33333341	4256.66666667	4255.64102564	4262.82051282	
4243.07692308	4254.74358975	4235.38461539	4250.51282052	4252.56410257	4247.43589744	4250.0	4240.38461539	4235.64102564	4251.92307693	4282.30769238	4258.84615385	4252.05128206	4262.17948718	
4239.87179488	4252.82051282	4226.79487173	4242.17948718	4250.12820513	4244.61538462	4247.6923077	4241.15384616	4237.17948718	4237.43589744	4274.87179495	4250.38461539	4244.10256411	4256.66666667	
4237.05128206	4247.56410257	4222.30769224	4235.0	4240.51282052	4245.51282052	4247.05128206	4247.30769231	4243.07692308	4246.53846154	4275.51282059	4249.61538462	4246.66666667	4255.25641026	
4246.15384616	4256.41025641	4232.69230763	4243.71794872	4253.71794872	4257.05128206	4258.20512821	4260.64102564	4255.64102564	4268.20512828	4287.30769238	4262.94871795	4259.74358975	4263.46153847	
4254.10256411	4267.30769238	4241.7948718	4252.6923077	4276.15384623	4261.92307693	4265.38461539	4263.07692308	4254.23076923	4265.12820513	4288.58974366	4269.2307693	4262.82051282	4271.28205136	
4252.6923077	4266.28205129	4240.0	4251.41025641	4278.58974366	4258.20512821	4262.82051282	4259.35897436	4247.94871795	4255.8974359	4286.53846161	4265.8974359	4257.30769231	4269.48717956	
4250.25641026	4263.58974359	4237.43589744	4247.6923077	4256.53846154	4254.61538462	4261.41025641	4265.38461539	4255.8974359	4267.17948725	4296.28205136	4269.2307693	4263.33333334	4268.20512828	
4250.0	4262.94871795	4238.71794872	4245.25641026	4238.84615385	4249.10256411	4259.23076923	4262.17948718	4255.38461539	4267.56410264	4294.10256418	4267.94871802	4265.64102564	4268.20512828	
4252.30769231	4263.20512821	4241.15384616	4246.02564103	4249.87179488	4253.07692308	4258.58974359	4254.61538462	4247.17948718	4259.10256411	4283.20512828	4262.43589744	4260.38461539	4268.58974366	
4250.8974359	4258.71794872	4237.6923077	4244.48717949	4265.64102564	4259.23076923	4260.51282052	4257.82051282	4249.48717949	4260.64102564	4284.35897443	4260.0	4258.97435898	4268.20512828	
4242.6923077	4250.64102564	4226.92307686	4239.74358975	4271.41025648	4250.25641026	4254.87179488	4253.84615385	4248.07692308	4254.48717949	4285.38461546	4255.25641026	4253.84615385	4262.94871795	
4242.56410257	4254.74358975	4226.15384609	4244.74358975	4253.71794872	4243.84615385	4250.0	4246.02564103	4243.33333334	4251.53846154	4282.17948725	4254.35897436	4249.35897436	4260.51282052	
4249.74358975	4263.20512821	4235.12820513	4253.33333334	4239.61538462	4251.02564103	4256.7948718	4252.82051282	4250.0	4262.05128206	4281.0256411	4257.17948718	4253.33333334	4262.30769231	
4249.23076923	4259.23076923	4233.33333327	4250.25641026	4262.05128206	4254.87179488	4260.0	4257.94871795	4252.94871795	4263.58974359	4283.33333341	4254.48717949	4257.6923077	4261.28205129	
4244.48717949	4252.17948718	4223.71794865	4239.61538462	4268.71794879	4247.17948718	4248.97435898	4245.38461539	4241.15384616	4250.64102564	4282.43589751	4247.6923077	4252.17948718	4257.6923077	
4241.53846154	4249.74358975	4221.6666666	4231.6666666	4237.17948718	4240.25641026	4239.74358975	4232.82051275	4231.15384609	4238.46153847	4271.923077	4243.20512821	4241.02564103	4252.43589744	
4235.12820513	4241.02564103	4218.71794865	4228.20512814	4206.92307686	4235.51282052	4237.56410257	4231.02564096	4228.84615378	4230.12820506	4259.10256411	4238.97435898	4231.28205122	4246.28205129	
4225.25641019	4231.02564096	4207.43589737	4221.28205122	4216.92307686	4229.10256404	4228.84615378	4223.4615384	4224.35897429	4221.6666666	4251.66666667	4229.10256404	4220.89743583	4240.12820513	
4222.5641025	4231.15384609	4203.58974352	4216.28205122	4244.74358975	4226.92307686	4221.79487173	4213.07692301	4220.51282045	4220.51282045	4249.87179488	4224.35897429	4217.5641025	4236.7948718	
4230.38461532	4238.33333334	4214.10256404	4224.10256404	4248.20512821	4231.41025634	4230.38461532	4220.38461532	4224.35897429	4227.94871788	4254.61538462	4232.05128199	4227.30769224	4240.8974359	
4243.97435898	4247.82051282	4227.17948711	4239.35897436	4229.74358968	4240.0	4244.23076923	4239.61538462	4237.94871795	4242.05128206	4268.84615392	4247.82051282	4241.53846154	4254.48717949	
4248.07692308	4249.87179488	4227.69230763	4243.33333334	4227.5641025	4245.51282052	4244.10256411	4245.0	4246.28205129	4245.38461539	4271.53846161	4250.76923077	4242.6923077	4257.82051282	
4238.97435898	4238.33333334	4217.43589737	4232.05128199	4236.15384616	4240.25641026	4233.20512814	4233.71794865	4235.0	4229.99999993	4259.48717949	4238.97435898	4234.87179488	4246.53846154	
4236.41025641	4231.92307686	4216.15384609	4221.53846147	4230.89743583	4232.69230763	4231.02564096	4228.58974352	4226.79487173	4230.64102558	4258.46153847	4234.74358975	4237.30769231	4246.7948718	
4240.12820513	4235.25641026	4218.84615378	4216.53846147	4237.6923077	4233.33333327	4235.38461539	4235.64102564	4233.58974352	4243.97435898	4263.84615385	4236.02564103	4241.66666667	4254.10256411	
4238.46153847	4234.35897436	4215.38461532	4217.5641025	4243.58974359	4231.92307686	4234.61538462	4238.84615385	4237.6923077	4238.84615385	4263.33333334	4232.30769224	4240.0	4249.35897436	
4238.20512821	4235.12820513	4220.12820506	4223.58974352	4234.35897436	4231.15384609	4236.41025641	4238.33333334	4237.05128206	4239.74358975	4265.8974359	4231.53846147	4246.53846154	4248.33333334	
4240.51282052	4238.97435898	4227.82051275	4222.94871788	4227.05128199	4235.76923077	4238.33333334	4237.6923077	4237.56410257	4253.07692308	4269.61538469	4229.74358968	4252.43589744	4254.35897436	
4236.7948718	4235.8974359	4223.97435891	4218.20512814	4228.4615384	4235.0	4232.82051275	4232.82051275	4234.23076923	4238.20512821	4260.38461539	4219.35897429	4237.94871795	4249.87179488	
4231.79487173	4231.6666666	4218.97435891	4219.61538455	4237.94871795	4231.15384609	4230.51282045	4229.99999993	4229.87179481	4219.35897429	4251.15384616	4213.33333327	4226.02564096	4243.58974359	
4232.82051275	4233.07692301	4219.48717942	4221.41025634	4231.28205122	4233.4615384	4231.79487173	4231.53846147	4231.53846147	4235.0	4256.7948718	4214.99999993	4236.28205129	4244.87179488	
4230.64102558	4230.89743583	4214.74358968	4213.58974352	4216.28205122	4231.6666666	4224.48717942	4226.28205122	4230.12820506	4241.41025641	4256.92307693	4208.58974352	4238.07692308	4240.25641026	
4224.61538455	4225.38461532	4208.20512814	4205.89743583	4209.74358968	4222.82051275	4216.79487173	4217.69230763	4223.84615378	4225.51282045	4244.23076923	4197.56410243	4222.69230763	4233.71794865	
4225.51282045	4228.71794865	4213.20512814	4211.6666666	4208.4615384	4222.69230763	4217.82051275	4218.71794865	4223.4615384	4225.25641019	4242.94871795	4198.07692294	4217.94871788	4235.51282052	
4228.71794865	4231.53846147	4218.07692301	4217.69230763	4221.6666666	4228.84615378	4220.12820506	4222.5641025	4226.79487173	4232.82051275	4252.94871795	4203.07692301	4225.64102558	4235.51282052	
4228.07692301	4226.41025634	4214.48717942	4209.35897429	4237.05128206	4228.20512814	4218.97435891	4220.51282045	4228.84615378	4233.20512814	4255.12820513	4202.30769224	4231.02564096	4235.0	
4231.02564096	4226.28205122	4218.4615384	4207.17948711	4213.71794865	4226.92307686	4220.25641019	4224.99999993	4234.35897436	4239.35897436	4261.28205129	4208.33333327	4238.97435898	4243.07692308	
4235.0	4232.69230763	4225.64102558	4216.28205122	4198.3333332	4230.7692307	4223.97435891	4230.38461532	4237.56410257	4240.8974359	4267.30769238	4215.38461532	4240.25641026	4245.12820513	
4228.97435891	4230.64102558	4219.87179481	4212.05128199	4234.48717949	4232.30769224	4224.74358968	4223.4615384	4231.41025634	4230.25641019	4254.87179488	4209.61538455	4227.69230763	4236.02564103	
4219.10256404	4217.05128199	4208.84615378	4195.89743576	4233.84615385	4225.7692307	4219.10256404	4216.02564096	4225.25641019	4225.7692307	4243.07692308	4200.76923063	4220.64102558	4230.64102558	
4216.02564096	4208.58974352	4205.25641019	4186.02564089	4189.48717935	4219.10256404	4215.12820506	4217.17948711	4225.25641019	4227.43589737	4243.07692308	4198.97435884	4221.6666666	4230.12820506	
4220.12820506	4214.99999993	4207.94871788	4191.41025628	4187.94871781	4222.5641025	4218.97435891	4221.28205122	4229.35897429	4230.25641019	4243.84615385	4201.02564096	4221.41025634	4229.10256404	
4223.58974352	4222.94871788	4207.69230763	4202.17948711	4224.99999993	4230.89743583	4222.43589737	4220.89743583	4230.38461532	4226.41025634	4241.7948718	4203.84615378	4217.69230763	4229.48717942	
4224.10256404	4222.82051275	4207.17948711	4203.4615384	4235.64102564	4234.23076923	4222.30769224	4220.51282045	4227.94871788	4223.71794865	4245.38461539	4206.02564096	4219.87179481	4231.6666666	
4226.28205122	4221.02564096	4213.07692301	4203.07692301	4214.61538455	4233.20512814	4223.97435891	4223.71794865	4229.87179481	4234.48717949	4251.15384616	4207.69230763	4226.41025634	4234.10256411	
4225.89743583	4219.23076917	4214.48717942	4206.92307686	4203.97435891	4228.07692301	4222.05128199	4220.38461532	4229.23076917	4227.43589737	4245.0	4204.61538455	4219.35897429	4232.17948711	
4219.35897429	4216.15384609	4206.79487173	4202.30769224	4219.35897429	4226.53846147	4217.30769224	4213.97435891	4223.4615384	4208.84615378	4236.15384616	4198.71794858	4209.35897429	4226.15384609	
4217.30769224	4214.87179481	4204.35897429	4196.41025628	4223.4615384	4228.07692301	4216.6666666	4213.84615378	4222.43589737	4215.51282045	4239.10256411	4199.2307691	4208.84615378	4224.74358968	
4219.99999993	4210.12820506	4205.51282045	4198.20512807	4204.48717942	4222.5641025	4213.58974352	4212.43589737	4219.74358968	4219.48717942	4241.66666667	4199.2307691	4207.43589737	4225.51282045	
4216.6666666	4199.74358961	4201.28205122	4195.89743576	4186.28205115	4213.58974352	4207.43589737	4206.79487173	4213.20512814	4214.87179481	4238.46153847	4195.51282038	4208.07692301	4224.10256404	
4207.82051275	4189.87179474	4194.74358961	4186.5384614	4186.92307679	4209.74358968	4202.94871788	4199.10256397	4208.58974352	4217.17948711	4231.92307686	4192.05128192	4205.64102558	4216.79487173	
4207.5641025	4188.84615371	4190.64102551	4182.17948704	4211.6666666	4213.33333327	4204.48717942	4192.4358973	4205.38461532	4201.41025634	4221.41025634	4187.94871781	4191.15384602	4207.94871788	
4215.12820506	4192.69230756	4193.07692294	4185.89743576	4218.58974352	4218.97435891	4210.64102558	4196.92307679	4206.41025634	4185.12820499	4218.58974352	4188.07692294	4188.07692294	4212.43589737	
4215.12820506	4188.84615371	4197.17948704	4188.58974345	4187.69230756	4215.64102558	4210.25641019	4202.94871788	4209.61538455	4201.79487173	4223.4615384	4191.5384614	4198.58974345	4219.48717942	
4214.74358968	4184.48717935	4198.3333332	4187.69230756	4177.69230756	4209.74358968	4208.58974352	4201.41025634	4211.6666666	4214.87179481	4226.6666666	4194.2307691	4199.48717935	4218.58974352	
4221.02564096	4189.74358961	4200.51282038	4189.87179474	4208.58974352	4216.53846147	4213.97435891	4203.33333327	4215.25641019	4207.94871788	4228.71794865	4198.07692294	4197.05128192	4219.35897429	
4222.43589737	4196.92307679	4204.99999993	4198.20512807	4228.71794865	4226.41025634	4218.71794865	4209.10256404	4216.79487173	4210.51282045	4231.15384609	4203.4615384	4204.23076917	4223.84615378	
4219.99999993	4193.84615371	4205.7692307	4200.64102551	4207.43589737	4223.07692301	4217.43589737	4210.25641019	4213.4615384	4213.97435891	4233.07692301	4205.25641019	4210.38461532	4224.61538455	
4222.05128199	4184.87179474	4202.94871788	4194.61538448	4181.79487166	4213.20512814	4214.35897429	4205.7692307	4212.17948711	4208.07692301	4231.41025634	4202.69230763	4206.6666666	4221.41025634	
4224.23076917	4188.20512807	4206.53846147	4197.4358973	4192.69230756	4215.12820506	4214.61538455	4205.64102558	4215.25641019	4208.20512814	4229.23076917	4205.51282045	4204.10256404	4225.38461532	
4217.43589737	4189.61538448	4202.82051275	4197.94871781	4218.97435891	4218.71794865	4210.51282045	4201.15384609	4207.05128199	4201.02564096	4221.41025634	4200.89743576	4195.51282038	4220.51282045	
4203.71794865	4164.61538441	4183.97435884	4182.17948704	4198.58974345	4205.51282045	4198.07692294	4185.89743576	4190.12820499	4185.89743576	4206.15384609	4181.66666653	4175.38461525	4201.6666666	
4191.66666653	4137.69230749	4170.12820499	4166.66666646	4161.02564082	4189.10256397	4184.35897422	4175.12820499	4186.92307679	4182.17948704	4195.89743576	4167.3076921	4163.33333313	4189.99999986	
4188.84615371	4131.15384588	4167.82051262	4159.87179467	4159.87179467	4183.20512807	4178.71794858	4174.10256397	4191.15384602	4180.51282038	4193.20512807	4166.53846133	4165.76923056	4188.97435884	
4192.69230756	4128.58974332	4167.05128185	4157.94871774	4171.15384602	4185.12820499	4182.56410243	4175.51282038	4188.71794858	4172.82051269	4192.82051269	4166.66666646	4170.25641012	4189.61538448	
4192.05128192	4126.28205101	4167.17948697	4160.76923056	4165.64102544	4187.82051269	4185.89743576	4176.66666653	4187.82051269	4174.99999986	4195.12820499	4160.89743569	4170.12820499	4188.3333332	
4196.92307679	4134.35897408	4176.02564089	4166.79487159	4157.43589723	4189.99999986	4187.4358973	4185.51282038	4196.92307679	4191.02564089	4203.33333327	4165.38461518	4174.61538448	4196.02564089	
4215.64102558	4151.66666646	4195.25641012	4176.92307679	4178.3333332	4200.51282038	4200.51282038	4202.43589737	4209.99999993	4207.17948711	4217.05128199	4187.4358973	4190.38461525	4215.25641019	
4227.5641025	4164.61538441	4206.15384609	4187.82051269	4215.12820506	4216.02564096	4217.82051275	4214.87179481	4215.38461532	4213.97435891	4227.17948711	4203.4615384	4205.7692307	4227.82051275	
4220.89743583	4162.82051262	4198.97435884	4186.5384614	4229.61538455	4219.10256404	4217.43589737	4212.30769224	4211.02564096	4208.20512814	4223.84615378	4196.02564089	4202.43589737	4222.05128199	
4216.6666666	4157.43589723	4195.89743576	4180.89743576	4204.48717942	4214.35897429	4211.41025634	4208.4615384	4209.48717942	4202.17948711	4218.20512814	4191.02564089	4193.20512807	4217.94871788	
4221.6666666	4163.205128	4201.28205122	4187.56410243	4177.94871781	4217.17948711	4216.28205122	4209.87179481	4214.74358968	4204.99999993	4222.05128199	4200.38461525	4195.38461525	4223.58974352	
4221.02564096	4172.17948704	4198.84615371	4193.97435884	4204.74358968	4224.99999993	4222.30769224	4208.58974352	4214.48717942	4208.20512814	4222.17948711	4198.07692294	4196.15384602	4219.35897429	
4218.71794865	4172.82051269	4196.02564089	4189.87179474	4240.25641026	4229.99999993	4224.99999993	4215.38461532	4215.7692307	4215.12820506	4221.15384609	4193.07692294	4198.3333332	4216.41025634	
4224.48717942	4178.46153833	4204.48717942	4194.61538448	4228.71794865	4232.82051275	4227.82051275	4228.4615384	4229.35897429	4228.71794865	4231.53846147	4204.10256404	4211.92307686	4228.33333327	
4233.71794865	4194.48717935	4217.17948711	4213.58974352	4207.05128199	4236.41025641	4234.10256411	4236.02564103	4238.20512821	4240.12820513	4246.15384616	4219.10256404	4224.61538455	4239.87179488	
4239.35897436	4203.4615384	4223.97435891	4221.28205122	4217.17948711	4235.64102564	4236.28205129	4237.56410257	4233.97435898	4243.33333334	4253.58974359	4224.48717942	4227.94871788	4242.43589744	
4240.12820513	4202.30769224	4225.51282045	4213.58974352	4229.35897429	4232.82051275	4231.28205122	4237.56410257	4232.82051275	4237.94871795	4253.71794872	4226.28205122	4230.12820506	4243.20512821	
4236.92307693	4199.61538448	4223.07692301	4208.84615378	4219.10256404	4233.07692301	4225.51282045	4233.33333327	4233.84615385	4230.12820506	4248.46153847	4223.71794865	4228.33333327	4239.61538462	
4233.07692301	4201.6666666	4221.53846147	4213.71794865	4216.41025634	4231.53846147	4223.97435891	4227.69230763	4229.10256404	4226.92307686	4244.74358975	4218.33333327	4221.15384609	4233.97435898	
4233.07692301	4206.02564096	4222.30769224	4220.89743583	4227.43589737	4227.82051275	4225.51282045	4224.87179481	4227.94871788	4231.53846147	4247.6923077	4222.17948711	4223.71794865	4236.28205129	
4232.94871788	4206.02564096	4218.71794865	4219.35897429	4230.12820506	4227.82051275	4227.05128199	4220.64102558	4226.02564096	4229.35897429	4246.41025641	4223.84615378	4227.43589737	4237.56410257	
4232.82051275	4208.4615384	4217.82051275	4216.28205122	4230.25641019	4232.69230763	4228.71794865	4223.84615378	4224.74358968	4225.64102558	4245.0	4221.92307686	4227.05128199	4235.64102564	
4236.28205129	4216.41025634	4225.7692307	4220.25641019	4228.97435891	4235.51282052	4232.69230763	4234.10256411	4233.58974352	4234.35897436	4251.66666667	4228.33333327	4230.64102558	4237.43589744	
4239.87179488	4220.89743583	4231.53846147	4225.64102558	4212.94871788	4237.6923077	4238.46153847	4239.48717949	4241.02564103	4243.33333334	4257.05128206	4235.0	4234.23076923	4241.28205129	
4239.74358975	4218.58974352	4231.41025634	4227.05128199	4203.84615378	4237.94871795	4240.12820513	4238.58974359	4238.58974359	4245.8974359	4259.61538462	4234.61538462	4236.66666667	4242.30769231	
4235.64102564	4213.84615378	4224.61538455	4218.4615384	4234.48717949	4231.28205122	4232.5641025	4231.02564096	4229.48717942	4235.64102564	4254.74358975	4225.12820506	4231.02564096	4233.71794865	
4233.4615384	4212.94871788	4220.64102558	4211.41025634	4248.33333334	4228.4615384	4226.53846147	4226.6666666	4227.94871788	4222.43589737	4248.33333334	4220.51282045	4222.69230763	4228.33333327	
4234.61538462	4215.12820506	4224.74358968	4216.28205122	4215.51282045	4231.28205122	4227.69230763	4232.69230763	4233.58974352	4227.5641025	4248.84615385	4226.92307686	4224.10256404	4235.25641026	
4237.43589744	4215.12820506	4227.05128199	4222.82051275	4207.94871788	4229.99999993	4228.97435891	4233.84615385	4233.33333327	4236.7948718	4248.84615385	4230.38461532	4228.33333327	4239.10256411	
4240.8974359	4215.12820506	4231.41025634	4226.79487173	4220.38461532	4229.48717942	4228.4615384	4229.48717942	4227.5641025	4229.61538455	4249.74358975	4232.69230763	4230.51282045	4236.15384616	
4241.92307693	4221.92307686	4239.61538462	4231.02564096	4217.43589737	4233.20512814	4232.69230763	4231.92307686	4227.05128199	4219.35897429	4255.8974359	4239.48717949	4235.38461539	4241.15384616	
4244.23076923	4231.02564096	4243.33333334	4236.53846154	4234.48717949	4240.51282052	4242.43589744	4239.35897436	4233.20512814	4227.94871788	4260.64102564	4243.97435898	4239.23076923	4248.84615385	
4247.17948718	4230.7692307	4241.28205129	4236.66666667	4253.84615385	4245.76923077	4245.76923077	4241.92307693	4236.7948718	4233.58974352	4256.92307693	4240.51282052	4235.38461539	4245.38461539	
4246.53846154	4225.51282045	4240.64102564	4229.74358968	4230.89743583	4242.30769231	4239.61538462	4241.7948718	4237.6923077	4230.51282045	4255.38461539	4238.46153847	4234.87179488	4241.53846154	
4243.46153847	4224.10256404	4238.97435898	4224.23076917	4207.5641025	4238.20512821	4236.92307693	4246.02564103	4242.56410257	4242.6923077	4259.74358975	4243.07692308	4239.87179488	4244.74358975	
4238.46153847	4224.99999993	4233.71794865	4221.53846147	4226.53846147	4240.64102564	4238.07692308	4244.35897436	4243.46153847	4245.64102564	4254.61538462	4240.76923077	4234.48717949	4242.82051282	
4236.02564103	4225.25641019	4233.33333327	4221.41025634	4239.48717949	4239.74358975	4237.6923077	4236.53846154	4237.17948718	4230.64102558	4249.23076923	4235.0	4225.25641019	4236.28205129	
4237.56410257	4224.74358968	4233.97435898	4222.94871788	4225.64102558	4234.10256411	4234.74358975	4233.97435898	4233.33333327	4226.53846147	4253.84615385	4235.51282052	4226.79487173	4235.64102564	
4238.20512821	4223.20512814	4231.92307686	4222.43589737	4217.30769224	4233.20512814	4231.41025634	4235.25641026	4231.53846147	4228.71794865	4254.74358975	4237.17948718	4229.10256404	4238.20512821	
4240.64102564	4226.6666666	4240.0	4224.87179481	4220.7692307	4233.4615384	4232.30769224	4237.43589744	4232.5641025	4228.20512814	4256.02564103	4240.38461539	4233.20512814	4241.92307693	
4244.10256411	4229.35897429	4249.87179488	4232.94871788	4208.97435891	4229.35897429	4231.6666666	4240.64102564	4238.33333334	4238.71794872	4266.02564103	4247.56410257	4244.87179488	4248.07692308	
4239.23076923	4222.69230763	4241.7948718	4229.23076917	4214.74358968	4225.7692307	4226.28205122	4234.48717949	4235.25641026	4242.30769231	4258.20512821	4243.58974359	4241.15384616	4243.71794872	
4233.71794865	4217.30769224	4229.74358968	4217.05128199	4256.15384616	4226.6666666	4223.58974352	4220.7692307	4223.71794865	4217.82051275	4238.20512821	4226.92307686	4222.82051275	4230.64102558	
4234.87179488	4214.87179481	4229.48717942	4218.58974352	4237.56410257	4226.41025634	4222.43589737	4218.97435891	4218.84615378	4201.15384609	4235.51282052	4220.64102558	4213.84615378	4224.99999993	
4232.43589737	4210.12820506	4229.61538455	4224.10256404	4177.05128192	4222.05128199	4219.35897429	4221.41025634	4221.6666666	4207.82051275	4237.6923077	4224.61538455	4215.12820506	4226.79487173	
4229.23076917	4211.02564096	4226.92307686	4223.20512814	4184.99999986	4219.74358968	4219.87179481	4218.84615378	4225.12820506	4218.07692301	4235.0	4227.5641025	4217.30769224	4227.82051275	
4235.25641026	4218.4615384	4233.71794865	4224.48717942	4221.02564096	4226.6666666	4225.7692307	4225.51282045	4231.28205122	4232.43589737	4244.35897436	4235.51282052	4227.69230763	4234.74358975	
4240.38461539	4220.51282045	4239.10256411	4222.43589737	4225.25641019	4231.53846147	4226.02564096	4235.38461539	4234.87179488	4241.41025641	4253.46153847	4239.61538462	4237.94871795	4238.71794872	
4232.43589737	4214.35897429	4231.02564096	4216.6666666	4215.89743583	4220.51282045	4215.51282045	4225.89743583	4227.69230763	4229.74358968	4243.46153847	4228.97435891	4226.92307686	4227.5641025	
4227.43589737	4207.17948711	4224.74358968	4208.07692301	4217.94871788	4216.6666666	4215.64102558	4221.53846147	4222.82051275	4226.53846147	4237.43589744	4225.38461532	4217.94871788	4225.25641019	
4230.25641019	4204.23076917	4222.82051275	4201.92307686	4211.53846147	4224.74358968	4223.97435891	4234.23076923	4229.23076917	4239.35897436	4243.71794872	4231.53846147	4226.79487173	4234.87179488	
4225.12820506	4202.94871788	4216.41025634	4207.94871788	4191.02564089	4217.94871788	4216.28205122	4229.23076917	4230.38461532	4229.74358968	4235.8974359	4224.10256404	4225.25641019	4227.69230763	
4215.7692307	4201.92307686	4207.5641025	4211.92307686	4191.28205115	4204.23076917	4202.30769224	4212.05128199	4218.97435891	4206.02564096	4215.7692307	4211.15384609	4208.58974352	4213.33333327	
4214.10256404	4199.35897422	4203.20512814	4200.25641012	4206.79487173	4201.92307686	4200.12820499	4207.05128199	4206.41025634	4196.28205115	4206.15384609	4207.43589737	4200.12820499	4213.20512814	
4218.4615384	4200.89743576	4209.35897429	4198.3333332	4188.97435884	4208.20512814	4207.30769224	4211.28205122	4206.79487173	4198.71794858	4213.58974352	4208.97435891	4206.79487173	4218.58974352	
4219.61538455	4207.82051275	4216.41025634	4209.23076917	4174.99999986	4215.51282045	4214.61538455	4214.10256404	4213.33333327	4205.38461532	4218.84615378	4207.17948711	4209.23076917	4219.61538455	
4218.33333327	4207.82051275	4211.15384609	4202.94871788	4204.74358968	4216.92307686	4212.82051275	4210.7692307	4210.25641019	4206.6666666	4213.20512814	4198.3333332	4204.74358968	4217.43589737	
4221.79487173	4204.74358968	4209.61538455	4197.94871781	4204.61538455	4212.82051275	4206.92307686	4210.89743583	4206.79487173	4205.64102558	4212.43589737	4194.87179474	4208.84615378	4218.33333327	
4220.38461532	4204.74358968	4216.53846147	4204.74358968	4185.12820499	4211.79487173	4207.05128199	4212.69230763	4211.28205122	4207.82051275	4215.89743583	4194.35897422	4213.4615384	4219.61538455	
4217.69230763	4205.38461532	4217.94871788	4202.17948711	4206.02564096	4213.84615378	4209.48717942	4213.84615378	4214.23076917	4208.20512814	4216.28205122	4188.07692294	4210.64102558	4217.69230763	
4217.17948711	4202.94871788	4214.61538455	4193.71794858	4202.82051275	4210.38461532	4206.92307686	4216.28205122	4213.07692301	4209.87179481	4216.15384609	4183.20512807	4203.20512814	4213.33333327	
4213.71794865	4197.94871781	4211.41025634	4186.66666653	4181.66666653	4208.58974352	4206.15384609	4217.94871788	4213.97435891	4209.74358968	4212.17948711	4180.89743576	4198.07692294	4209.74358968	
4215.89743583	4200.12820499	4217.17948711	4193.84615371	4195.51282038	4219.35897429	4212.43589737	4223.58974352	4220.64102558	4209.87179481	4216.41025634	4185.51282038	4207.5641025	4215.64102558	
4219.35897429	4202.82051275	4222.5641025	4204.23076917	4204.35897429	4225.12820506	4215.51282045	4228.71794865	4226.15384609	4215.25641019	4227.69230763	4189.61538448	4217.82051275	4221.79487173	
4213.71794865	4198.20512807	4218.58974352	4196.92307679	4200.25641012	4217.69230763	4211.6666666	4224.87179481	4225.7692307	4216.53846147	4220.7692307	4184.48717935	4212.69230763	4217.05128199	
4209.74358968	4189.87179474	4215.7692307	4187.82051269	4197.17948704	4215.38461532	4207.82051275	4218.84615378	4220.25641019	4210.7692307	4206.53846147	4179.35897422	4205.25641019	4210.12820506	
4204.87179481	4174.99999986	4206.15384609	4181.5384614	4170.89743576	4209.99999993	4197.17948704	4210.64102558	4208.71794865	4196.92307679	4198.07692294	4170.64102551	4196.79487166	4202.43589737	
4191.41025628	4158.46153826	4190.64102551	4165.76923056	4161.92307672	4194.61538448	4183.84615371	4193.3333332	4196.28205115	4181.28205115	4181.66666653	4154.9999998	4178.46153833	4191.92307679	
4184.99999986	4150.51282031	4187.4358973	4152.3076921	4176.5384614	4186.41025628	4179.99999986	4180.76923063	4190.51282038	4176.92307679	4168.20512807	4148.71794851	4167.17948697	4184.61538448	
4186.28205115	4144.48717928	4186.66666653	4150.38461518	4160.89743569	4184.74358961	4176.41025628	4176.66666653	4185.64102551	4172.82051269	4170.51282038	4147.94871774	4167.05128185	4180.64102551	
4183.71794858	4143.97435877	4183.97435884	4152.69230749	4162.69230749	4183.97435884	4175.25641012	4177.05128192	4181.66666653	4164.23076903	4177.82051269	4147.69230749	4170.25641012	4182.30769217	
4188.97435884	4151.66666646	4194.48717935	4159.23076903	4187.4358973	4188.97435884	4184.48717935	4187.17948704	4189.48717935	4173.20512807	4184.10256397	4158.84615364	4182.56410243	4192.82051269	
4199.2307691	4154.74358954	4205.7692307	4168.71794858	4163.97435877	4195.25641012	4190.51282038	4195.64102551	4200.76923063	4193.07692294	4189.99999986	4170.12820499	4191.92307679	4196.79487166	
4197.4358973	4149.87179467	4200.76923063	4168.97435884	4138.46153826	4193.46153833	4185.76923063	4194.61538448	4199.74358961	4193.46153833	4191.15384602	4166.79487159	4187.69230756	4192.4358973	
4190.25641012	4146.41025621	4194.10256397	4161.02564082	4164.35897415	4191.66666653	4185.51282038	4193.71794858	4194.87179474	4187.94871781	4187.17948704	4162.05128185	4182.69230756	4190.51282038	
4193.3333332	4152.94871774	4199.74358961	4167.17948697	4182.94871781	4195.51282038	4192.17948704	4197.82051269	4200.64102551	4194.61538448	4188.07692294	4169.10256397	4188.71794858	4193.84615371	
4197.30769217	4157.69230749	4204.74358968	4178.84615371	4177.94871781	4194.10256397	4191.5384614	4197.56410243	4202.30769224	4196.92307679	4191.28205115	4174.2307691	4195.64102551	4197.56410243	
4197.94871781	4156.53846133	4203.71794865	4176.41025628	4183.58974345	4194.2307691	4188.97435884	4196.92307679	4198.71794858	4192.4358973	4191.5384614	4170.89743576	4193.58974345	4198.84615371	
4202.30769224	4164.61538441	4208.84615378	4177.17948704	4192.69230756	4205.7692307	4197.56410243	4206.79487173	4207.94871788	4199.61538448	4196.5384614	4176.15384602	4194.10256397	4203.07692301	
4208.71794865	4178.58974345	4220.51282045	4192.69230756	4193.20512807	4213.58974352	4207.5641025	4216.6666666	4216.28205122	4210.89743583	4207.43589737	4190.12820499	4204.74358968	4212.05128199	
4218.71794865	4187.4358973	4231.6666666	4204.99999993	4194.10256397	4215.7692307	4211.15384609	4222.43589737	4217.82051275	4215.51282045	4218.97435891	4204.10256404	4222.05128199	4221.6666666	
4223.84615378	4188.46153833	4235.51282052	4204.74358968	4202.17948711	4219.74358968	4212.82051275	4224.23076917	4223.71794865	4221.92307686	4222.30769224	4209.61538455	4227.43589737	4223.58974352	
4216.6666666	4184.74358961	4229.10256404	4199.35897422	4213.97435891	4217.69230763	4210.89743583	4220.64102558	4221.79487173	4220.7692307	4211.6666666	4202.30769224	4214.48717942	4214.87179481	
4213.07692301	4181.79487166	4224.61538455	4194.87179474	4209.74358968	4211.79487173	4206.53846147	4218.58974352	4214.35897429	4208.33333327	4199.87179474	4195.25641012	4204.61538455	4209.35897429	
4216.41025634	4184.99999986	4227.94871788	4199.35897422	4197.56410243	4210.64102558	4206.15384609	4219.61538455	4215.12820506	4205.12820506	4200.51282038	4199.35897422	4206.79487173	4210.7692307	
4219.74358968	4192.17948704	4232.82051275	4211.15384609	4207.05128199	4216.79487173	4211.92307686	4223.71794865	4221.02564096	4216.41025634	4207.30769224	4208.58974352	4212.5641025	4217.82051275	
4227.17948711	4199.2307691	4237.05128206	4211.53846147	4228.4615384	4230.89743583	4226.15384609	4238.97435898	4231.28205122	4228.07692301	4210.25641019	4214.61538455	4221.28205122	4229.61538455	
4236.7948718	4208.20512814	4247.30769231	4214.35897429	4219.23076917	4238.71794872	4237.17948718	4255.25641026	4243.97435898	4243.84615385	4223.97435891	4226.79487173	4236.92307693	4241.7948718	
4239.48717949	4215.7692307	4258.84615385	4227.82051275	4206.79487173	4236.28205129	4236.41025641	4255.12820513	4246.7948718	4258.07692308	4246.02564103	4244.48717949	4252.05128206	4248.46153847	
4241.92307693	4218.84615378	4265.51282052	4226.6666666	4221.28205122	4236.15384616	4234.61538462	4248.84615385	4238.97435898	4249.48717949	4252.56410257	4254.35897436	4257.43589744	4248.84615385	
4246.02564103	4218.58974352	4269.10256418	4219.61538455	4238.97435898	4237.56410257	4233.97435898	4248.07692308	4236.41025641	4240.38461539	4250.0	4256.7948718	4256.66666667	4247.6923077	
4242.94871795	4213.4615384	4267.69230777	4217.5641025	4235.25641026	4231.28205122	4229.35897429	4247.56410257	4238.97435898	4243.58974359	4253.84615385	4256.02564103	4258.46153847	4247.30769231	
4240.51282052	4207.5641025	4263.46153847	4207.43589737	4211.41025634	4230.25641019	4230.64102558	4248.58974359	4242.17948718	4250.0	4260.76923077	4257.6923077	4266.02564103	4249.23076923	
4243.58974359	4211.02564096	4263.84615385	4203.71794865	4227.05128199	4238.84615385	4238.71794872	4252.05128206	4246.28205129	4259.87179488	4265.64102564	4260.25641026	4269.61538469	4251.02564103	
4244.35897436	4221.53846147	4268.33333341	4219.61538455	4254.74358975	4241.28205129	4239.74358975	4254.48717949	4248.71794872	4261.66666667	4269.74358982	4261.92307693	4269.2307693	4252.17948718	
4250.25641026	4228.97435891	4277.56410264	4233.20512814	4235.51282052	4243.97435898	4243.46153847	4263.07692308	4255.8974359	4259.74358975	4271.66666674	4269.35897443	4275.1282052	4259.35897436	
4255.76923077	4227.5641025	4278.33333341	4229.61538455	4210.25641019	4250.8974359	4250.64102564	4267.94871802	4258.46153847	4266.15384616	4272.56410264	4274.2307693	4276.0256411	4261.7948718	
4248.20512821	4222.69230763	4266.41025641	4221.41025634	4220.7692307	4248.33333334	4244.35897436	4258.33333334	4249.74358975	4264.87179488	4268.07692315	4265.64102564	4267.30769238	4253.71794872	
4244.35897436	4225.51282045	4265.12820513	4222.43589737	4252.82051282	4243.46153847	4239.61538462	4253.20512821	4244.61538462	4255.64102564	4251.28205129	4261.28205129	4269.74358982	4252.05128206	
4250.76923077	4229.48717942	4271.0256411	4227.69230763	4258.71794872	4243.46153847	4244.10256411	4258.58974359	4246.7948718	4261.41025641	4231.41025634	4264.35897436	4277.17948725	4256.7948718	
4250.8974359	4227.5641025	4265.8974359	4225.51282045	4241.66666667	4241.92307693	4240.8974359	4259.74358975	4249.10256411	4269.61538469	4225.51282045	4259.61538462	4272.05128212	4254.10256411	
4245.0	4224.74358968	4261.28205129	4218.84615378	4227.05128199	4240.25641026	4235.64102564	4255.64102564	4248.33333334	4263.33333334	4231.02564096	4255.38461539	4266.923077	4249.23076923	
4243.97435898	4223.20512814	4262.30769231	4214.61538455	4228.71794865	4241.53846154	4238.97435898	4253.07692308	4247.30769231	4253.33333334	4226.41025634	4256.7948718	4263.58974359	4248.33333334	
4246.92307693	4227.05128199	4264.10256411	4218.4615384	4235.12820513	4243.71794872	4243.97435898	4259.61538462	4251.66666667	4250.8974359	4222.69230763	4259.23076923	4263.58974359	4251.02564103	
4249.35897436	4231.6666666	4266.53846154	4225.25641019	4232.17948711	4243.58974359	4242.30769231	4264.23076923	4254.87179488	4254.48717949	4229.74358968	4260.38461539	4269.74358982	4254.10256411	
4247.30769231	4228.07692301	4264.10256411	4222.94871788	4232.82051275	4243.07692308	4239.61538462	4255.38461539	4248.46153847	4254.23076923	4225.25641019	4253.97435898	4264.87179488	4250.51282052	
4245.0	4226.15384609	4262.82051282	4217.30769224	4223.33333327	4244.74358975	4241.15384616	4252.17948718	4246.53846154	4255.51282052	4220.12820506	4252.82051282	4257.94871795	4248.97435898	
4243.84615385	4226.02564096	4263.71794872	4213.33333327	4225.38461532	4240.0	4236.41025641	4252.17948718	4247.82051282	4256.53846154	4224.48717942	4257.05128206	4260.8974359	4250.0	
4241.7948718	4221.53846147	4259.10256411	4209.87179481	4243.58974359	4233.58974352	4231.79487173	4245.76923077	4240.38461539	4247.17948718	4221.92307686	4255.38461539	4260.64102564	4248.46153847	
4246.53846154	4223.4615384	4260.51282052	4212.5641025	4224.87179481	4238.20512821	4237.56410257	4250.38461539	4241.53846154	4243.46153847	4220.7692307	4258.46153847	4259.48717949	4253.46153847	
4252.6923077	4229.74358968	4266.41025641	4217.05128199	4202.05128199	4242.6923077	4242.30769231	4259.87179488	4251.53846154	4251.66666667	4233.33333327	4267.17948725	4268.07692315	4261.41025641	
4250.12820513	4234.48717949	4263.46153847	4216.6666666	4241.66666667	4240.76923077	4242.94871795	4256.53846154	4250.25641026	4254.48717949	4236.92307693	4264.61538462	4271.53846161	4260.25641026	
4247.43589744	4235.38461539	4259.61538462	4218.4615384	4267.82051289	4240.8974359	4243.58974359	4253.71794872	4245.38461539	4253.20512821	4227.43589737	4257.6923077	4261.02564103	4255.0	
4250.25641026	4232.43589737	4263.20512821	4222.94871788	4224.61538455	4244.48717949	4244.10256411	4260.64102564	4252.94871795	4256.28205129	4229.35897429	4261.15384616	4256.53846154	4256.41025641	
4245.8974359	4230.12820506	4257.56410257	4218.4615384	4213.4615384	4242.30769231	4240.64102564	4258.84615385	4255.64102564	4251.28205129	4230.12820506	4259.74358975	4257.82051282	4253.71794872	
4237.05128206	4224.61538455	4247.56410257	4211.15384609	4237.43589744	4231.28205122	4231.92307686	4246.15384616	4240.64102564	4240.51282052	4222.05128199	4251.92307693	4254.35897436	4244.10256411	
