4233.84615385	4421.66666702	4402.69230804	4382.43589772	4266.41025641	4217.43589737	4232.69230763	4228.20512814	4209.87179481	4235.64102564	4258.97435898	4280.00000007	4278.84615392	4271.15384623	
4233.4615384	4421.15384651	4403.58974394	4394.35897464	4249.10256411	4216.53846147	4230.12820506	4233.07692301	4217.17948711	4233.97435898	4265.38461539	4287.05128212	4286.53846161	4269.48717956	
4229.48717942	4414.61538497	4398.33333368	4401.15384651	4283.20512828	4206.92307686	4224.87179481	4231.53846147	4213.07692301	4235.25641026	4264.35897436	4284.87179495	4281.66666674	4266.41025641	
4235.8974359	4414.10256445	4403.46153881	4404.74359009	4282.43589751	4209.23076917	4232.05128199	4231.79487173	4217.05128199	4235.25641026	4270.25641033	4284.87179495	4279.48717956	4271.15384623	
4236.7948718	4415.76923112	4398.97435933	4394.87179515	4273.07692315	4219.48717942	4237.43589744	4227.30769224	4216.79487173	4220.51282045	4264.87179488	4279.61538469	4273.33333341	4270.64102571	
4234.87179488	4403.46153881	4387.8205131	4382.94871823	4291.79487187	4216.92307686	4234.10256411	4226.79487173	4211.6666666	4224.10256404	4263.58974359	4280.64102571	4278.71794879	4273.58974366	
4239.10256411	4377.8205131	4390.38461567	4384.87179515	4283.97435905	4204.48717942	4230.12820506	4231.41025634	4212.17948711	4247.43589744	4273.46153853	4289.10256418	4294.48717956	4283.07692315	
4217.82051275	4331.41025655	4371.53846182	4359.87179508	4250.12820513	4190.76923063	4214.99999993	4209.74358968	4195.89743576	4223.07692301	4246.15384616	4261.02564103	4265.64102564	4258.84615385	
4186.66666653	4274.74358982	4334.35897457	4317.94871809	4224.61538455	4188.20512807	4198.46153833	4187.4358973	4177.56410243	4179.99999986	4208.84615378	4220.51282045	4224.10256404	4226.15384609	
4176.66666653	4231.15384609	4315.2564104	4302.94871809	4216.02564096	4179.87179474	4192.4358973	4182.30769217	4172.82051269	4171.5384614	4199.99999986	4206.41025634	4215.64102558	4220.51282045	
4175.76923063	4208.33333327	4311.79487194	4292.82051289	4225.7692307	4166.92307672	4190.25641012	4178.07692294	4173.20512807	4181.92307679	4197.30769217	4203.20512814	4218.33333327	4221.6666666	
4173.07692294	4198.84615371	4310.12820527	4278.20512828	4233.58974352	4172.4358973	4186.5384614	4179.10256397	4175.51282038	4188.58974345	4197.69230756	4203.07692301	4219.23076917	4220.25641019	
4170.25641012	4194.61538448	4304.3589745	4275.00000007	4230.7692307	4178.20512807	4184.99999986	4177.94871781	4171.92307679	4177.82051269	4202.17948711	4199.99999986	4217.69230763	4219.23076917	
4178.07692294	4208.71794865	4310.89743604	4276.79487187	4239.87179488	4181.79487166	4191.66666653	4178.71794858	4174.99999986	4180.38461525	4209.99999993	4204.10256404	4224.61538455	4223.97435891	
4198.58974345	4233.4615384	4336.66666688	4293.20512828	4232.05128199	4190.51282038	4206.79487173	4204.35897429	4195.76923063	4218.97435891	4234.74358975	4230.38461532	4251.28205129	4244.87179488	
4208.58974352	4245.8974359	4352.6923079	4324.10256425	4217.30769224	4191.28205115	4217.94871788	4225.89743583	4207.05128199	4236.28205129	4259.87179488	4251.02564103	4269.10256418	4260.25641026	
4205.64102558	4251.41025641	4356.15384637	4325.64102578	4254.61538462	4195.25641012	4218.20512814	4222.94871788	4203.07692301	4218.84615378	4261.92307693	4254.61538462	4262.94871795	4258.84615385	
4209.74358968	4257.43589744	4362.6923079	4302.43589758	4270.76923084	4209.99999993	4222.69230763	4221.79487173	4199.87179474	4214.74358968	4251.28205129	4256.53846154	4254.61538462	4262.17948718	
4215.7692307	4264.10256411	4366.28205156	4310.64102578	4245.25641026	4209.74358968	4228.58974352	4225.38461532	4199.10256397	4220.38461532	4249.35897436	4256.66666667	4252.6923077	4265.51282052	
4227.30769224	4283.33333341	4377.56410285	4343.84615406	4262.94871795	4216.6666666	4240.25641026	4237.94871795	4213.71794865	4228.84615378	4267.94871802	4269.87179495	4266.02564103	4273.33333341	
4295.25641033	4359.35897457	4447.43589786	4407.30769266	4349.4871797	4293.46153853	4310.64102578	4307.82051296	4275.64102571	4304.10256425	4332.05128219	4345.64102585	4339.35897457	4335.12820534	
4398.07692343	4473.46153895	4555.51282114	4511.79487235	4460.51282093	4384.87179515	4409.48717984	4413.46153881	4360.51282073	4420.89743625	4430.12820548	4459.61538504	4449.61538504	4427.0512824	
4431.53846196	4514.23076979	4593.46153916	4560.7692314	4508.33333389	4392.30769259	4434.10256452	4448.9743594	4386.79487208	4450.76923119	4472.43589793	4502.82051338	4488.07692357	4454.61538504	
4426.92307727	4507.05128261	4589.61538531	4564.1025648	4507.82051338	4380.51282079	4423.20512856	4443.20512863	4379.48717977	4442.43589786	4475.25641075	4506.79487235	4490.12820562	4446.92307734	
4439.48717991	4526.15384671	4602.56410333	4578.2051289	4517.69230825	4405.64102599	4438.58974401	4457.30769273	4389.6153849	4470.38461587	4477.82051331	4523.71794928	4506.28205184	4456.41025683	
4430.89743632	4523.33333389	4592.17948788	4563.33333403	4501.66666723	4404.74359009	4440.25641068	4447.94871837	4383.58974387	4462.05128247	4458.58974401	4512.435898	4491.66666716	4448.46153888	
4422.43589779	4504.7435903	4581.92307762	4551.15384678	4478.46153895	4392.05128233	4432.05128247	4439.10256452	4375.64102592	4444.48717991	4461.92307734	4512.05128261	4489.10256459	4445.64102606	
4418.20512856	4497.05128261	4572.17948788	4555.00000063	4478.71794921	4391.41025669	4424.10256445	4434.10256452	4365.64102592	4435.51282093	4456.53846196	4513.46153902	4488.71794921	4445.00000042	
4395.51282079	4474.87179536	4545.12820576	4537.05128268	4471.4102569	4375.51282079	4405.00000035	4406.28205163	4343.97435919	4403.20512856	4415.76923112	4482.69230818	4457.43589786	4423.46153881	
4382.8205131	4443.84615427	4534.48718012	4514.87179543	4462.30769273	4358.46153867	4391.15384644	4396.02564131	4339.87179508	4393.717949	4406.66666702	4472.3076928	4449.10256452	4414.48717984	
4377.94871823	4422.43589779	4530.64102627	4518.97435953	4454.87179529	4349.4871797	4382.30769259	4392.69230797	4335.3846156	4397.56410285	4411.41025676	4474.23076972	4451.02564145	4411.02564138	
4371.15384644	4421.92307727	4528.33333389	4547.30769294	4426.41025676	4345.51282073	4374.6153849	4382.56410285	4325.2564104	4379.87179515	4398.71794907	4468.07692357	4437.43589786	4401.66666702	
4366.02564131	4423.71794907	4531.53846217	4557.05128268	4384.87179515	4338.97435919	4368.07692336	4374.23076951	4322.30769245	4361.28205149	4382.69230797	4463.84615434	4426.79487215	4398.20512856	
4356.53846175	4415.89743625	4526.92307748	4549.61538524	4386.9230772	4328.33333348	4355.89743611	4357.94871816	4311.66666681	4352.56410278	4362.56410278	4452.82051324	4415.64102599	4391.41025669	
4344.10256431	4418.33333368	4516.79487235	4568.2051289	4416.66666702	4323.07692322	4341.28205149	4335.12820534	4291.41025648	4335.89743611	4336.02564124	4433.71794914	4390.51282079	4377.69230797	
4329.87179501	4424.61538497	4499.87179543	4575.76923147	4401.79487215	4313.33333348	4332.30769252	4317.56410271	4276.41025648	4315.38461553	4304.61538476	4409.87179522	4363.46153867	4364.35897457	
4321.02564117	4429.74359009	4484.23076972	4552.43589807	4377.30769259	4310.76923091	4337.30769252	4324.61538476	4282.56410264	4318.58974373	4286.66666674	4395.51282079	4361.41025662	4362.05128226	
4321.66666681	4440.12820555	4486.02564152	4548.58974422	4394.6153849	4318.71794886	4345.64102585	4342.56410278	4295.76923084	4329.23076937	4299.87179501	4398.33333368	4373.58974387	4367.43589772	
4317.94871809	4445.38461581	4489.61538511	4544.48718012	4416.79487215	4321.02564117	4342.05128226	4340.76923098	4294.74358982	4325.12820527	4316.28205142	4401.41025676	4372.94871823	4366.02564131	
4314.61538476	4447.05128247	4487.94871844	4516.5384621	4404.23076958	4324.61538476	4341.79487201	4343.84615406	4297.56410264	4339.10256431	4327.69230784	4407.56410292	4388.20512849	4370.00000028	
4316.92307707	4446.15384657	4491.28205177	4503.33333389	4392.05128233	4328.71794886	4353.46153867	4361.15384637	4311.28205142	4364.87179508	4344.4871797	4415.89743625	4413.97435933	4379.6153849	
4316.41025655	4446.53846196	4495.64102613	4504.48718005	4408.33333368	4329.23076937	4359.87179508	4365.51282079	4317.94871809	4366.79487208	4352.17948739	4414.10256445	4414.61538497	4378.97435926	
4313.71794886	4452.1794876	4492.56410305	4490.89743639	4421.79487215	4326.41025655	4353.71794893	4360.76923098	4317.56410271	4366.79487208	4350.64102585	4412.82051317	4417.43589779	4376.79487208	
4304.10256425	4442.43589786	4476.92307741	4466.28205177	4402.56410292	4319.87179501	4343.20512842	4353.20512842	4310.51282066	4363.20512842	4342.94871816	4405.76923112	4420.38461574	4368.97435926	
4292.43589751	4428.07692343	4465.64102613	4457.1794876	4384.74359003	4319.61538476	4338.84615406	4345.89743611	4307.30769245	4347.56410278	4332.94871816	4390.25641054	4408.33333368	4358.5897438	
4281.15384623	4413.33333368	4454.10256452	4441.2820517	4402.69230804	4316.92307707	4333.20512842	4338.97435919	4305.89743604	4337.05128226	4319.87179501	4373.33333362	4395.12820541	4349.10256431	
4261.41025641	4364.61538483	4429.10256445	4403.33333368	4383.84615413	4297.30769238	4315.64102578	4316.92307707	4286.0256411	4320.76923091	4298.58974366	4349.10256431	4379.10256438	4330.51282066	
4229.87179481	4283.97435905	4393.717949	4364.87179508	4314.74358989	4267.69230777	4285.89743597	4283.07692315	4255.12820513	4285.89743597	4265.8974359	4309.3589745	4346.92307714	4298.71794879	
4191.28205115	4204.74358968	4346.53846175	4317.69230784	4280.00000007	4238.46153847	4250.51282052	4247.43589744	4227.94871788	4245.8974359	4220.38461532	4256.41025641	4303.33333348	4256.7948718	
4171.41025628	4152.43589723	4321.41025655	4279.48717956	4275.38461546	4224.23076917	4231.53846147	4228.33333327	4214.61538455	4226.28205122	4196.5384614	4228.4615384	4282.69230777	4237.56410257	
4167.43589723	4126.79487152	4322.30769245	4271.15384623	4240.76923077	4222.17948711	4227.05128199	4221.6666666	4209.74358968	4213.58974352	4194.35897422	4225.64102558	4277.30769238	4236.28205129	
4160.64102544	4119.74358947	4313.84615399	4265.76923077	4223.20512814	4218.84615378	4221.53846147	4213.97435891	4203.84615378	4201.41025634	4183.97435884	4214.35897429	4264.87179488	4224.74358968	
4163.33333313	4135.51282031	4312.17948732	4264.23076923	4252.6923077	4223.4615384	4222.82051275	4221.41025634	4209.87179481	4217.05128199	4187.94871781	4215.64102558	4270.89743597	4226.02564096	
4167.05128185	4153.84615364	4315.00000014	4271.923077	4248.84615385	4227.05128199	4228.33333327	4228.97435891	4215.89743583	4229.74358968	4199.99999986	4225.38461532	4283.07692315	4237.6923077	
4168.07692287	4166.15384595	4315.12820527	4282.82051289	4253.46153847	4224.74358968	4234.23076923	4235.76923077	4223.84615378	4226.28205122	4202.5641025	4229.87179481	4287.94871802	4240.25641026	
4176.15384602	4184.48717935	4321.41025655	4289.87179495	4290.38461546	4231.92307686	4242.56410257	4252.30769231	4238.46153847	4229.48717942	4204.23076917	4240.51282052	4295.76923084	4244.35897436	
4187.82051269	4212.5641025	4326.66666681	4297.94871802	4298.07692315	4256.66666667	4255.38461539	4263.33333334	4245.25641026	4243.71794872	4209.35897429	4254.35897436	4306.02564117	4255.12820513	
4212.69230763	4250.25641026	4350.3846156	4332.6923079	4311.92307707	4278.20512828	4270.25641033	4286.53846161	4267.69230777	4285.00000007	4243.84615385	4286.923077	4336.41025662	4273.20512828	
4225.25641019	4270.89743597	4368.97435926	4350.76923098	4315.51282066	4272.30769238	4273.33333341	4303.33333348	4284.48717956	4307.94871809	4269.74358982	4311.92307707	4354.61538483	4282.05128212	
4214.87179481	4275.38461546	4354.61538483	4335.25641047	4300.2564104	4265.8974359	4273.97435905	4291.28205136	4272.30769238	4286.28205136	4247.94871795	4302.05128219	4335.12820534	4279.74358982	
4212.05128199	4285.38461546	4343.97435919	4335.3846156	4324.87179501	4267.43589751	4277.56410264	4284.35897443	4268.84615392	4276.923077	4239.48717949	4296.923077	4330.76923091	4284.35897443	
4215.25641019	4293.20512828	4350.25641047	4343.5897438	4345.3846156	4266.923077	4276.41025648	4287.17948725	4270.1282052	4280.1282052	4257.05128206	4305.51282066	4341.53846175	4286.66666674	
4223.07692301	4307.43589758	4362.30769252	4347.6923079	4315.89743604	4278.84615392	4281.923077	4292.05128212	4267.69230777	4279.48717956	4268.07692315	4316.28205142	4344.4871797	4291.28205136	
4232.5641025	4321.92307707	4364.23076944	4354.35897457	4306.66666681	4283.71794879	4291.0256411	4300.38461553	4275.25641033	4292.17948725	4269.10256418	4324.48717963	4353.46153867	4303.58974373	
4231.53846147	4328.33333348	4355.25641047	4357.82051303	4338.33333355	4279.2307693	4293.84615392	4304.10256425	4284.10256418	4307.56410271	4266.79487187	4322.30769245	4359.61538483	4306.28205142	
4228.84615378	4338.97435919	4350.89743611	4356.02564124	4354.23076944	4288.46153853	4298.07692315	4305.51282066	4280.25641033	4297.94871802	4259.87179488	4317.17948732	4347.82051303	4300.51282066	
4232.30769224	4344.61538483	4352.43589765	4353.20512842	4324.48717963	4286.923077	4300.76923091	4309.23076937	4277.69230777	4278.97435905	4263.71794872	4322.30769245	4345.64102585	4303.84615399	
4231.28205122	4330.51282066	4349.74358996	4351.66666688	4294.10256418	4274.61538469	4293.33333341	4312.17948732	4284.61538469	4287.05128212	4276.0256411	4331.02564117	4366.02564131	4310.12820527	
4209.23076917	4292.17948725	4325.00000014	4335.51282073	4308.58974373	4270.25641033	4276.79487187	4294.61538469	4271.66666674	4290.1282052	4251.02564103	4307.05128219	4350.25641047	4290.25641033	
4191.28205115	4255.38461539	4300.89743604	4309.61538476	4320.51282066	4258.07692308	4262.94871795	4269.2307693	4248.20512821	4264.87179488	4218.07692301	4276.79487187	4310.64102578	4263.84615385	
4196.28205115	4249.48717949	4303.4615386	4304.3589745	4287.30769238	4249.10256411	4261.66666667	4268.71794879	4250.12820513	4251.28205129	4226.53846147	4283.20512828	4313.97435912	4266.923077	
4194.74358961	4251.92307693	4301.02564117	4307.43589758	4244.23076923	4253.71794872	4259.35897436	4269.48717956	4252.6923077	4250.12820513	4231.15384609	4287.82051289	4323.58974373	4269.87179495	
4189.87179474	4250.38461539	4295.51282059	4309.74358989	4275.1282052	4256.66666667	4256.02564103	4261.02564103	4244.48717949	4249.74358975	4222.05128199	4283.46153853	4315.38461553	4262.30769231	
4198.71794858	4257.17948718	4303.33333348	4316.53846168	4333.46153867	4257.30769231	4261.92307693	4268.58974366	4250.76923077	4256.7948718	4231.53846147	4292.17948725	4316.79487194	4269.35897443	
4202.82051275	4261.53846154	4306.02564117	4310.89743604	4306.28205142	4259.35897436	4270.76923084	4283.71794879	4264.61538462	4264.48717949	4244.61538462	4297.82051289	4324.74358989	4276.41025648	
4202.30769224	4268.20512828	4306.53846168	4305.76923091	4263.07692308	4266.66666674	4276.53846161	4292.56410264	4271.923077	4278.58974366	4250.64102564	4303.20512835	4338.33333355	4280.38461546	
4203.07692301	4277.69230777	4302.56410271	4303.58974373	4294.61538469	4267.05128212	4272.94871802	4285.76923084	4264.48717949	4275.89743597	4242.43589744	4299.61538476	4335.00000021	4281.0256411	
4202.82051275	4284.2307693	4297.43589751	4294.10256418	4336.53846175	4263.58974359	4270.89743597	4281.41025648	4257.05128206	4263.97435898	4231.53846147	4291.28205136	4320.2564104	4274.74358982	
4206.92307686	4294.2307693	4306.79487194	4300.2564104	4308.97435912	4271.66666674	4278.97435905	4301.53846168	4275.89743597	4284.74358982	4252.17948718	4307.69230784	4341.41025662	4284.35897443	
4203.84615378	4297.69230777	4306.79487194	4316.1538463	4285.1282052	4276.41025648	4281.923077	4304.10256425	4283.97435905	4285.89743597	4263.20512821	4312.43589758	4353.07692329	4289.48717956	
4195.51282038	4299.10256418	4297.05128212	4314.61538476	4316.28205142	4276.28205136	4277.43589751	4287.94871802	4268.58974366	4269.87179495	4247.17948718	4293.58974366	4330.00000014	4278.71794879	
4194.99999986	4302.43589758	4302.94871809	4308.33333348	4315.51282066	4271.15384623	4271.53846161	4290.51282059	4266.53846154	4290.76923084	4248.58974359	4296.41025648	4335.00000021	4280.00000007	
4192.69230756	4299.10256418	4305.51282066	4309.74358989	4289.74358982	4268.46153853	4270.00000007	4293.20512828	4274.35897443	4297.56410264	4255.64102564	4304.3589745	4351.79487201	4283.46153853	
4184.35897422	4292.56410264	4290.25641033	4298.33333341	4304.74358989	4274.74358982	4271.53846161	4281.28205136	4267.82051289	4265.8974359	4237.05128206	4289.61538469	4329.23076937	4271.923077	
4176.15384602	4279.87179495	4278.46153853	4275.51282059	4304.87179501	4270.25641033	4269.87179495	4272.94871802	4253.58974359	4251.53846154	4213.20512814	4273.20512828	4307.43589758	4261.15384616	
4174.10256397	4267.05128212	4281.66666674	4274.61538469	4274.35897443	4259.61538462	4265.0	4275.64102571	4252.30769231	4262.30769231	4217.94871788	4275.38461546	4322.05128219	4262.6923077	
4164.9999998	4245.0	4272.17948725	4262.30769231	4260.12820513	4255.64102564	4252.56410257	4265.51282052	4248.33333334	4250.51282052	4224.35897429	4268.71794879	4320.12820527	4256.02564103	
4145.51282031	4210.25641019	4245.38461539	4227.17948711	4249.10256411	4246.15384616	4237.6923077	4246.15384616	4232.69230763	4224.61538455	4204.87179481	4245.12820513	4287.56410264	4239.87179488	
4138.97435877	4191.92307679	4238.97435898	4226.6666666	4245.12820513	4229.48717942	4229.10256404	4240.38461539	4225.38461532	4222.05128199	4185.76923063	4236.66666667	4267.94871802	4231.15384609	
4133.58974332	4180.51282038	4236.92307693	4228.20512814	4222.82051275	4219.35897429	4218.4615384	4227.5641025	4217.5641025	4214.74358968	4168.58974345	4229.35897429	4256.53846154	4219.48717942	
4119.61538434	4154.23076903	4221.92307686	4206.28205122	4190.12820499	4211.15384609	4206.53846147	4205.25641019	4202.43589737	4185.76923063	4153.205128	4215.12820506	4238.46153847	4203.97435891	
4110.12820485	4126.15384588	4210.51282045	4201.79487173	4198.20512807	4197.94871781	4198.07692294	4196.15384602	4191.15384602	4171.66666653	4150.76923056	4207.17948711	4227.43589737	4198.07692294	
4104.23076896	4106.66666639	4199.74358961	4202.69230763	4202.5641025	4190.76923063	4188.97435884	4192.56410243	4186.15384602	4180.25641012	4146.66666646	4194.10256397	4222.94871788	4191.02564089	
4107.43589716	4096.66666632	4200.64102551	4190.89743576	4169.35897422	4195.76923063	4189.2307691	4191.02564089	4188.20512807	4174.99999986	4138.84615364	4187.17948704	4224.61538455	4185.76923063	
4107.69230742	4087.17948684	4199.10256397	4177.30769217	4157.43589723	4191.41025628	4189.87179474	4183.71794858	4182.56410243	4153.205128	4127.82051255	4185.12820499	4221.6666666	4183.46153833	
4100.38461504	4086.41025607	4185.38461525	4178.07692294	4191.66666653	4184.99999986	4181.79487166	4172.94871781	4171.15384602	4152.17948697	4121.15384588	4180.25641012	4215.89743583	4180.25641012	
4108.9743587	4106.41025614	4192.05128192	4193.84615371	4206.41025634	4194.87179474	4189.35897422	4188.58974345	4183.46153833	4169.10256397	4132.17948691	4189.87179474	4229.87179481	4189.74358961	
4122.82051255	4124.61538434	4207.5641025	4197.56410243	4178.84615371	4199.10256397	4201.15384609	4208.33333327	4202.69230763	4181.02564089	4142.56410236	4203.07692301	4248.71794872	4200.38461525	
4126.66666639	4142.82051262	4209.99999993	4196.28205115	4185.25641012	4203.07692301	4203.97435891	4210.64102558	4204.23076917	4191.92307679	4151.02564082	4209.74358968	4257.82051282	4205.89743583	
4134.48717921	4174.10256397	4217.5641025	4221.28205122	4226.6666666	4217.43589737	4212.69230763	4216.02564096	4206.02564096	4189.35897422	4162.05128185	4221.02564096	4256.28205129	4214.10256404	
4149.35897415	4197.56410243	4238.20512821	4250.25641026	4226.28205122	4228.07692301	4226.28205122	4232.05128199	4224.61538455	4207.82051275	4182.05128192	4241.15384616	4271.79487187	4227.94871788	
4152.3076921	4204.23076917	4243.97435898	4247.05128206	4229.74358968	4233.84615385	4231.15384609	4245.8974359	4237.94871795	4251.41025641	4202.30769224	4252.43589744	4302.69230784	4238.20512821	
4139.23076903	4205.12820506	4223.4615384	4228.58974352	4262.43589744	4234.35897436	4226.79487173	4236.41025641	4221.15384609	4229.99999993	4184.99999986	4233.33333327	4284.61538469	4224.48717942	
4142.17948697	4215.7692307	4220.64102558	4237.82051282	4247.43589744	4238.84615385	4233.84615385	4230.12820506	4215.38461532	4192.05128192	4167.05128185	4225.7692307	4260.76923077	4218.58974352	
4158.97435877	4234.35897436	4237.30769231	4257.94871795	4226.79487173	4245.64102564	4243.33333334	4244.10256411	4235.25641026	4218.20512814	4186.02564089	4246.66666667	4283.33333341	4235.25641026	
4158.46153826	4236.66666667	4235.64102564	4252.56410257	4247.56410257	4239.74358975	4238.97435898	4247.17948718	4238.07692308	4241.15384616	4198.58974345	4252.17948718	4300.38461553	4237.6923077	
4158.97435877	4236.41025641	4232.69230763	4251.7948718	4252.94871795	4234.23076923	4237.56410257	4244.87179488	4232.30769224	4240.38461539	4200.89743576	4249.10256411	4299.48717963	4236.15384616	
4161.53846133	4244.87179488	4228.20512814	4250.64102564	4253.46153847	4235.76923077	4237.6923077	4238.20512821	4224.61538455	4228.58974352	4195.51282038	4242.94871795	4288.46153853	4235.76923077	
4153.07692287	4244.48717949	4217.69230763	4238.58974359	4265.76923077	4241.53846154	4235.64102564	4227.69230763	4217.69230763	4207.05128199	4178.58974345	4229.23076917	4273.84615392	4226.15384609	
4155.38461518	4241.53846154	4227.05128199	4247.30769231	4245.8974359	4246.15384616	4239.10256411	4238.20512821	4231.53846147	4226.02564096	4187.69230756	4238.46153847	4288.71794879	4228.97435891	
4165.12820492	4245.12820513	4239.48717949	4261.02564103	4217.5641025	4237.43589744	4240.76923077	4251.53846154	4241.92307693	4250.51282052	4208.97435891	4254.74358975	4306.41025655	4238.07692308	
4160.38461518	4247.82051282	4230.64102558	4252.30769231	4227.94871788	4236.02564103	4237.56410257	4243.33333334	4229.74358968	4225.38461532	4200.25641012	4246.02564103	4291.41025648	4232.69230763	
4146.66666646	4234.35897436	4211.6666666	4230.25641019	4245.8974359	4243.46153847	4231.15384609	4225.64102558	4217.82051275	4214.74358968	4179.48717935	4226.28205122	4275.25641033	4219.35897429	
4145.38461518	4222.17948711	4207.05128199	4218.97435891	4245.64102564	4237.05128206	4228.84615378	4223.58974352	4218.97435891	4227.05128199	4173.71794858	4220.64102558	4273.84615392	4214.99999993	
4155.64102544	4231.15384609	4219.61538455	4226.53846147	4237.56410257	4228.58974352	4232.82051275	4239.23076923	4224.48717942	4225.38461532	4183.97435884	4231.28205122	4281.28205136	4222.5641025	
4157.05128185	4232.05128199	4218.4615384	4226.6666666	4231.02564096	4228.4615384	4230.51282045	4235.38461539	4216.28205122	4213.20512814	4182.82051269	4228.20512814	4280.00000007	4221.92307686	
4158.205128	4230.64102558	4210.51282045	4226.28205122	4243.33333334	4233.07692301	4231.15384609	4225.38461532	4213.97435891	4209.61538455	4174.61538448	4221.28205122	4271.41025648	4218.33333327	
4172.17948704	4245.38461539	4221.15384609	4238.84615385	4238.97435898	4239.74358975	4240.25641026	4244.48717949	4235.25641026	4233.84615385	4184.61538448	4236.53846154	4282.17948725	4227.94871788	
4167.43589723	4230.51282045	4217.17948711	4222.43589737	4217.5641025	4231.02564096	4229.10256404	4242.17948718	4228.20512814	4238.20512821	4181.41025628	4231.53846147	4280.1282052	4221.92307686	
4144.23076903	4178.84615371	4192.30769217	4189.48717935	4222.94871788	4212.43589737	4204.48717942	4205.25641019	4194.35897422	4196.15384602	4159.23076903	4202.30769224	4252.43589744	4196.66666653	
4134.74358947	4139.35897415	4181.41025628	4189.10256397	4186.15384602	4199.48717935	4189.48717935	4183.20512807	4184.2307691	4169.2307691	4150.25641005	4190.51282038	4234.61538462	4182.4358973	
4130.89743562	4125.25640998	4173.07692294	4187.30769217	4138.205128	4191.02564089	4179.2307691	4174.87179474	4182.4358973	4175.12820499	4144.35897415	4182.69230756	4224.61538455	4175.64102551	
4122.94871767	4120.12820485	4159.9999998	4161.41025621	4183.07692294	4184.61538448	4170.25641012	4164.48717928	4166.41025621	4160.25641005	4125.7692305	4166.92307672	4212.82051275	4163.07692287	
4128.9743587	4116.53846126	4164.48717928	4158.97435877	4205.89743583	4178.46153833	4172.05128192	4169.35897422	4163.46153826	4143.84615364	4127.69230742	4172.69230756	4222.17948711	4168.3333332	
4150.25641005	4122.69230742	4183.07692294	4184.74358961	4145.38461518	4182.4358973	4181.92307679	4186.66666653	4181.92307679	4174.48717935	4158.58974339	4195.12820499	4248.58974359	4193.71794858	
4152.82051262	4128.0769228	4180.76923063	4184.2307691	4121.92307665	4190.25641012	4183.20512807	4183.3333332	4182.94871781	4182.30769217	4157.82051262	4189.87179474	4239.87179488	4191.5384614	
4142.94871774	4128.84615357	4166.79487159	4168.97435884	4187.4358973	4186.66666653	4180.38461525	4170.64102551	4175.89743576	4148.58974339	4131.41025614	4172.4358973	4212.69230763	4175.12820499	
4151.02564082	4135.38461518	4173.3333332	4173.46153833	4226.02564096	4186.5384614	4186.28205115	4178.84615371	4184.99999986	4153.07692287	4140.51282031	4179.10256397	4223.84615378	4184.10256397	
4156.15384595	4137.43589723	4175.89743576	4176.15384602	4172.30769217	4193.71794858	4187.4358973	4186.28205115	4187.94871781	4184.61538448	4159.9999998	4183.71794858	4242.6923077	4189.61538448	
4155.38461518	4137.94871774	4169.35897422	4179.99999986	4154.23076903	4194.10256397	4182.30769217	4182.17948704	4181.5384614	4185.51282038	4154.1025639	4180.76923063	4237.05128206	4183.97435884	
4162.69230749	4139.74358954	4172.05128192	4182.82051269	4211.6666666	4181.41025628	4181.66666653	4181.15384602	4181.02564089	4171.5384614	4149.9999998	4183.97435884	4231.6666666	4186.41025628	
4166.15384595	4140.89743569	4173.3333332	4173.84615371	4212.05128199	4182.69230756	4186.92307679	4186.92307679	4187.30769217	4175.89743576	4156.66666646	4184.2307691	4238.58974359	4191.15384602	
4164.9999998	4136.41025621	4173.97435884	4178.07692294	4156.66666646	4200.38461525	4191.41025628	4192.30769217	4194.74358961	4185.76923063	4159.35897415	4186.15384602	4244.23076923	4192.94871781	
4153.46153826	4097.05128171	4157.69230749	4167.56410236	4139.61538441	4182.17948704	4174.87179474	4168.71794858	4175.76923063	4157.3076921	4136.41025621	4168.84615371	4218.71794865	4173.71794858	
4131.15384588	4040.38461497	4123.9743587	4127.05128178	4135.89743569	4151.66666646	4149.61538441	4132.56410229	4142.69230749	4113.20512793	4099.61538427	4128.84615357	4180.12820499	4142.56410236	
4117.05128178	4015.76923029	4108.46153819	4105.51282024	4117.94871767	4151.02564082	4140.64102544	4120.38461511	4136.92307672	4108.71794844	4082.05128171	4107.17948691	4166.79487159	4131.79487152	
4118.33333306	4015.3846149	4112.43589716	4103.9743587	4121.53846126	4149.48717928	4141.02564082	4119.35897408	4138.33333313	4116.53846126	4082.30769196	4107.43589716	4166.66666646	4134.74358947	
4126.79487152	4024.61538413	4118.20512793	4113.84615357	4142.3076921	4146.02564082	4145.51282031	4129.23076896	4141.79487159	4117.30769203	4091.53846119	4113.9743587	4170.89743576	4140.51282031	
4132.94871767	4043.46153805	4119.48717921	4131.92307665	4137.3076921	4158.205128	4155.38461518	4143.205128	4153.07692287	4119.35897408	4095.25640991	4118.0769228	4171.5384614	4144.48717928	
4144.23076903	4067.94871754	4128.46153819	4144.1025639	4126.28205101	4168.20512807	4165.51282031	4149.23076903	4158.205128	4131.79487152	4108.20512793	4129.99999973	4180.51282038	4154.23076903	
4156.15384595	4091.28205094	4138.58974339	4147.3076921	4160.25641005	4174.99999986	4172.69230756	4163.07692287	4168.3333332	4164.48717928	4132.30769203	4147.94871774	4209.99999993	4171.41025628	
4159.35897415	4109.74358947	4138.07692287	4158.33333313	4191.79487166	4186.92307679	4182.4358973	4177.17948704	4179.35897422	4176.15384602	4134.8717946	4152.17948697	4219.99999993	4175.51282038	
4166.66666646	4132.82051255	4146.92307672	4175.89743576	4187.05128192	4192.17948704	4191.79487166	4180.38461525	4180.25641012	4157.94871774	4134.74358947	4156.15384595	4212.94871788	4177.30769217	
4175.76923063	4151.15384595	4156.28205108	4172.4358973	4181.92307679	4190.38461525	4194.61538448	4181.28205115	4180.51282038	4158.07692287	4148.33333313	4165.25641005	4222.69230763	4187.17948704	
4185.64102551	4159.23076903	4159.74358954	4171.92307679	4195.25641012	4195.64102551	4198.07692294	4187.94871781	4191.28205115	4179.35897422	4158.71794851	4176.15384602	4240.76923077	4196.92307679	
4201.41025634	4173.07692294	4175.51282038	4196.41025628	4204.99999993	4201.92307686	4205.38461532	4197.05128192	4197.82051269	4189.2307691	4170.25641012	4196.15384602	4255.12820513	4206.41025634	
4203.4615384	4186.66666653	4178.46153833	4196.79487166	4198.20512807	4202.69230763	4212.30769224	4201.28205122	4194.74358961	4187.69230756	4170.89743576	4197.56410243	4258.71794872	4209.10256404	
4201.02564096	4195.12820499	4169.48717935	4184.35897422	4209.87179481	4214.10256404	4218.33333327	4207.69230763	4202.69230763	4190.89743576	4164.1025639	4190.25641012	4256.41025641	4208.97435891	
4208.33333327	4201.15384609	4176.02564089	4197.69230756	4225.7692307	4216.02564096	4215.12820506	4206.92307686	4203.84615378	4187.56410243	4174.48717935	4200.25641012	4255.25641026	4211.53846147	
4206.6666666	4198.84615371	4177.17948704	4197.4358973	4213.4615384	4200.38461525	4207.17948711	4200.89743576	4194.35897422	4188.3333332	4188.58974345	4202.5641025	4257.05128206	4211.28205122	
4205.25641019	4196.92307679	4172.94871781	4189.10256397	4202.43589737	4206.02564096	4214.48717942	4215.12820506	4207.05128199	4209.10256404	4196.5384614	4201.02564096	4271.0256411	4215.89743583	
4206.02564096	4196.02564089	4168.58974345	4191.79487166	4218.97435891	4215.89743583	4217.5641025	4216.92307686	4213.4615384	4209.48717942	4194.10256397	4200.38461525	4272.05128212	4215.12820506	
4193.84615371	4188.97435884	4152.17948697	4181.15384602	4222.43589737	4204.61538455	4204.10256404	4195.76923063	4195.89743576	4184.48717935	4181.79487166	4186.66666653	4252.05128206	4204.35897429	
4187.30769217	4183.46153833	4138.58974339	4170.76923063	4193.84615371	4197.82051269	4200.76923063	4197.05128192	4194.2307691	4179.35897422	4180.64102551	4177.56410243	4246.66666667	4204.23076917	
4193.84615371	4180.64102551	4139.9999998	4169.61538448	4188.71794858	4200.38461525	4206.92307686	4207.5641025	4201.41025634	4191.41025628	4183.84615371	4179.99999986	4252.17948718	4211.02564096	
4183.84615371	4153.84615364	4127.05128178	4150.12820492	4205.25641019	4188.3333332	4195.25641012	4192.17948704	4188.07692294	4184.48717935	4163.33333313	4165.12820492	4236.53846154	4197.56410243	
4148.97435877	4089.48717914	4084.61538427	4104.48717921	4162.94871774	4167.94871774	4168.46153833	4160.25641005	4163.33333313	4138.84615364	4119.35897408	4120.12820485	4193.20512807	4163.33333313	
4130.51282024	4038.58974318	4064.99999959	4080.89743555	4110.25640998	4158.205128	4155.12820492	4145.12820492	4150.38461518	4106.92307665	4099.23076889	4092.56410222	4164.74358954	4145.12820492	
4137.94871774	4035.3846149	4073.8461535	4091.15384581	4126.02564075	4151.92307672	4154.1025639	4148.97435877	4152.43589723	4119.61538434	4109.8717946	4098.46153812	4168.3333332	4147.17948697	
4143.97435877	4047.17948677	4074.35897402	4098.20512786	4145.89743569	4154.23076903	4152.82051262	4147.17948697	4153.71794851	4124.35897408	4116.41025614	4106.66666639	4176.28205115	4149.74358954	
4152.94871774	4062.05128164	4081.92307658	4100.51282017	4146.28205108	4168.07692287	4157.94871774	4148.205128	4155.89743569	4124.8717946	4121.66666639	4116.02564075	4189.35897422	4159.87179467	
4165.51282031	4080.25640991	4096.28205094	4112.69230742	4155.64102544	4170.25641012	4164.35897415	4158.33333313	4160.89743569	4144.9999998	4131.79487152	4129.10256383	4205.89743583	4172.05128192	
4173.46153833	4097.17948684	4101.92307658	4132.56410229	4161.92307672	4169.2307691	4169.87179474	4167.69230749	4167.05128185	4152.56410236	4143.46153826	4141.15384595	4214.61538455	4179.61538448	
4182.56410243	4116.79487152	4111.79487152	4143.71794851	4165.64102544	4184.2307691	4179.61538448	4177.56410243	4179.87179474	4151.02564082	4157.43589723	4151.79487159	4220.64102558	4186.02564089	
4190.89743576	4129.35897408	4122.69230742	4146.28205108	4180.12820499	4194.35897422	4186.66666653	4188.58974345	4191.79487166	4174.61538448	4169.10256397	4160.12820492	4231.79487173	4191.15384602	
4202.5641025	4145.25641005	4132.05128178	4160.64102544	4195.76923063	4201.28205122	4197.30769217	4205.12820506	4200.51282038	4200.38461525	4180.76923063	4175.64102551	4249.48717949	4202.43589737	
4212.05128199	4165.89743569	4137.56410236	4167.69230749	4210.12820506	4212.94871788	4209.23076917	4219.35897429	4206.41025634	4196.5384614	4186.66666653	4183.46153833	4251.92307693	4208.71794865	
4214.61538455	4174.61538448	4135.25640998	4162.05128185	4226.41025634	4217.82051275	4215.25641019	4230.64102558	4217.5641025	4208.20512814	4188.97435884	4181.28205115	4254.48717949	4208.58974352	
4216.15384609	4178.46153833	4134.61538434	4162.69230749	4229.74358968	4222.17948711	4218.71794865	4238.58974359	4226.53846147	4228.97435891	4189.99999986	4185.38461525	4271.66666674	4215.12820506	
4216.02564096	4183.07692294	4137.94871774	4159.74358954	4220.7692307	4222.43589737	4214.99999993	4231.6666666	4221.6666666	4226.79487173	4190.12820499	4190.25641012	4278.84615392	4217.05128199	
4221.53846147	4193.3333332	4145.89743569	4167.56410236	4216.02564096	4221.02564096	4215.25641019	4237.6923077	4228.4615384	4248.84615385	4208.71794865	4201.6666666	4285.51282059	4221.15384609	
4223.97435891	4199.99999986	4146.79487159	4183.3333332	4213.58974352	4225.25641019	4220.12820506	4247.17948718	4236.53846154	4259.35897436	4217.43589737	4205.12820506	4288.07692315	4222.69230763	
4219.61538455	4196.79487166	4143.46153826	4184.10256397	4200.64102551	4227.94871788	4218.33333327	4230.7692307	4220.25641019	4215.7692307	4201.6666666	4193.20512807	4274.2307693	4211.6666666	
4229.23076917	4204.61538455	4153.84615364	4184.61538448	4205.7692307	4227.43589737	4219.10256404	4224.48717942	4212.43589737	4208.71794865	4207.17948711	4204.74358968	4277.17948725	4215.12820506	
4229.99999993	4206.41025634	4152.17948697	4177.17948704	4240.0	4215.89743583	4216.02564096	4225.12820506	4212.5641025	4224.99999993	4211.53846147	4213.20512814	4279.2307693	4218.07692301	
4215.25641019	4186.66666653	4137.69230749	4160.89743569	4230.38461532	4204.61538455	4205.7692307	4215.12820506	4203.4615384	4200.89743576	4196.41025628	4196.41025628	4263.20512821	4206.02564096	
4215.51282045	4179.48717935	4137.82051262	4164.48717928	4171.02564089	4208.07692301	4203.20512814	4218.84615378	4205.89743583	4194.48717935	4202.30769224	4199.10256397	4266.15384616	4208.20512814	
4217.43589737	4191.28205115	4136.02564082	4171.02564089	4154.23076903	4208.33333327	4203.58974352	4223.4615384	4210.38461532	4210.64102558	4206.92307686	4204.23076917	4271.53846161	4208.71794865	
4203.71794865	4189.74358961	4123.84615357	4159.23076903	4191.02564089	4205.51282045	4195.64102551	4210.51282045	4200.38461525	4195.89743576	4194.48717935	4186.02564089	4256.15384616	4192.69230756	
4192.4358973	4177.30769217	4113.84615357	4150.76923056	4198.07692294	4204.61538455	4187.05128192	4201.15384609	4193.84615371	4179.61538448	4187.30769217	4173.07692294	4240.0	4182.82051269	
4196.41025628	4186.15384602	4113.46153819	4150.64102544	4202.05128199	4202.05128199	4189.10256397	4201.6666666	4196.66666653	4192.05128192	4183.20512807	4173.58974345	4240.12820513	4187.17948704	
4209.23076917	4210.38461532	4129.23076896	4158.33333313	4215.7692307	4202.5641025	4195.51282038	4205.25641019	4201.6666666	4203.4615384	4197.94871781	4186.92307679	4262.17948718	4201.02564096	
4215.51282045	4221.79487173	4145.51282031	4167.82051262	4184.2307691	4211.28205122	4199.2307691	4212.82051275	4210.7692307	4201.79487173	4232.05128199	4208.07692301	4286.28205136	4214.10256404	
4209.10256404	4222.69230763	4140.76923056	4169.10256397	4184.74358961	4214.23076917	4196.5384614	4213.84615378	4213.71794865	4199.87179474	4242.17948718	4207.94871788	4283.20512828	4209.99999993	
4193.58974345	4203.58974352	4120.12820485	4153.07692287	4219.87179481	4196.41025628	4183.20512807	4197.94871781	4195.38461525	4194.87179474	4219.61538455	4179.74358961	4258.33333334	4186.15384602	
4183.07692294	4168.46153833	4108.46153819	4133.84615357	4179.35897422	4184.10256397	4174.74358961	4191.66666653	4188.07692294	4185.38461525	4204.99999993	4163.33333313	4245.0	4172.4358973	
4182.56410243	4155.64102544	4107.43589716	4130.12820485	4125.25640998	4188.58974345	4175.64102551	4196.28205115	4196.02564089	4176.02564089	4204.10256404	4163.46153826	4243.71794872	4178.3333332	
4178.84615371	4158.07692287	4102.17948684	4127.05128178	4159.74358954	4179.2307691	4166.41025621	4182.30769217	4186.15384602	4168.97435884	4197.69230756	4154.87179467	4237.30769231	4178.84615371	
4171.5384614	4141.15384595	4095.38461504	4110.64102537	4189.35897422	4167.17948697	4153.33333313	4172.30769217	4175.89743576	4166.15384595	4190.51282038	4147.94871774	4231.92307686	4171.79487166	
4163.58974339	4108.20512793	4082.05128171	4090.12820478	4133.9743587	4162.69230749	4144.48717928	4168.20512807	4171.28205115	4157.69230749	4177.30769217	4138.205128	4222.43589737	4160.25641005	
4152.94871774	4086.41025607	4069.23076882	4083.07692273	4099.99999966	4154.48717928	4134.99999973	4149.35897415	4156.02564082	4137.17948697	4164.87179467	4120.25640998	4207.94871788	4146.28205108	
4150.76923056	4083.71794837	4073.8461535	4079.99999966	4122.17948691	4154.9999998	4132.94871767	4143.58974339	4151.79487159	4125.25640998	4166.28205108	4117.94871767	4203.97435891	4144.61538441	
4157.17948697	4090.76923043	4080.51282017	4080.6410253	4113.20512793	4159.1025639	4140.25641005	4155.89743569	4161.66666646	4135.51282031	4167.69230749	4125.51282024	4210.25641019	4154.23076903	
4161.02564082	4106.41025614	4078.33333299	4097.82051248	4114.8717946	4157.94871774	4144.61538441	4160.89743569	4161.53846133	4153.71794851	4170.12820499	4129.99999973	4218.97435891	4162.3076921	
4158.33333313	4113.84615357	4073.07692273	4094.23076889	4156.92307672	4161.15384595	4140.89743569	4152.94871774	4153.71794851	4146.28205108	4166.66666646	4126.02564075	4214.35897429	4160.25641005	
4155.89743569	4108.84615357	4069.6153842	4071.79487145	4149.48717928	4167.82051262	4140.51282031	4152.17948697	4150.76923056	4122.69230742	4152.56410236	4117.17948691	4198.3333332	4154.23076903	
4163.46153826	4119.61538434	4080.12820478	4090.12820478	4116.79487152	4167.43589723	4149.61538441	4169.61538448	4164.74358954	4143.71794851	4160.89743569	4123.33333306	4209.23076917	4161.41025621	
4167.56410236	4133.71794844	4085.51282017	4114.99999973	4118.9743587	4162.17948697	4147.05128185	4173.46153833	4174.2307691	4172.30769217	4174.48717935	4128.58974332	4226.79487173	4163.58974339	
4159.1025639	4132.82051255	4071.92307658	4098.20512786	4139.61538441	4167.82051262	4137.94871774	4159.48717928	4164.48717928	4151.79487159	4165.64102544	4118.33333306	4216.15384609	4151.66666646	
4154.87179467	4132.94871767	4069.23076882	4087.43589709	4159.1025639	4174.48717935	4142.05128185	4159.1025639	4161.41025621	4135.64102544	4162.82051262	4115.25640998	4206.79487173	4150.64102544	
4165.12820492	4136.92307672	4083.8461535	4104.23076896	4140.12820492	4167.43589723	4146.66666646	4166.53846133	4170.25641012	4154.61538441	4181.79487166	4127.69230742	4226.6666666	4163.205128	
4179.2307691	4143.07692287	4099.7435894	4129.23076896	4121.53846126	4157.94871774	4144.23076903	4170.38461525	4176.66666653	4175.89743576	4203.4615384	4145.51282031	4260.64102564	4175.76923063	
4171.28205115	4141.66666646	4091.66666632	4123.33333306	4152.94871774	4157.05128185	4139.23076903	4161.15384595	4164.61538441	4166.79487159	4192.30769217	4137.17948697	4256.28205129	4165.89743569	
4158.205128	4133.71794844	4077.43589709	4104.23076896	4161.15384595	4162.94871774	4137.43589723	4151.02564082	4154.23076903	4148.46153826	4172.05128192	4118.0769228	4230.25641019	4149.9999998	
4172.4358973	4136.41025621	4093.46153812	4127.17948691	4109.23076896	4168.07692287	4143.46153826	4164.35897415	4167.82051262	4156.15384595	4187.82051269	4133.71794844	4239.23076923	4161.53846133	
4182.69230756	4137.82051262	4101.02564068	4132.69230742	4102.82051255	4167.56410236	4147.43589723	4175.51282038	4177.17948704	4163.33333313	4202.43589737	4145.38461518	4254.87179488	4173.46153833	
4173.71794858	4135.12820485	4088.58974325	4101.41025607	4167.69230749	4169.87179474	4150.25641005	4171.28205115	4174.10256397	4165.38461518	4192.94871781	4134.74358947	4252.30769231	4170.38461525	
4171.79487166	4134.61538434	4089.99999966	4116.66666639	4170.12820499	4166.79487159	4150.89743569	4165.64102544	4165.38461518	4165.64102544	4184.87179474	4134.48717921	4242.17948718	4164.74358954	
4172.56410243	4130.25640998	4099.48717914	4153.97435877	4114.48717921	4156.15384595	4143.33333313	4154.23076903	4150.38461518	4142.56410236	4179.87179474	4134.35897408	4222.69230763	4155.76923056	
4173.84615371	4128.71794844	4104.10256383	4144.35897415	4117.82051255	4161.92307672	4143.205128	4153.71794851	4152.43589723	4132.82051255	4182.94871781	4134.35897408	4222.5641025	4156.41025621	
4164.48717928	4103.9743587	4088.8461535	4110.7692305	4133.0769228	4159.87179467	4138.07692287	4147.43589723	4152.56410236	4133.9743587	4172.82051269	4120.38461511	4220.64102558	4148.07692287	
4134.35897408	4031.92307644	4051.02564061	4082.30769196	4093.33333299	4126.79487152	4106.66666639	4107.43589716	4117.43589716	4098.97435863	4127.69230742	4076.92307658	4174.74358961	4111.79487152	
4111.66666639	3963.84615322	4024.10256362	4054.48717907	4058.58974318	4101.15384581	4078.58974325	4074.35897402	4090.51282017	4059.74358933	4092.56410222	4046.28205087	4138.205128	4086.02564068	
4124.10256383	3964.61538399	4037.56410215	4058.33333292	4066.410256	4110.25640998	4088.8461535	4087.05128171	4107.30769203	4071.53846119	4113.71794844	4064.10256369	4159.23076903	4098.46153812	
4150.76923056	4011.41025593	4065.76923036	4093.8461535	4097.94871761	4135.38461518	4115.64102537	4121.79487152	4132.05128178	4108.20512793	4151.92307672	4097.43589709	4187.56410243	4121.41025614	
4160.38461518	4047.94871754	4072.94871761	4112.43589716	4147.17948697	4152.3076921	4132.69230742	4136.53846133	4137.69230749	4124.23076896	4152.82051262	4106.92307665	4186.28205115	4125.89743562	
4179.48717935	4086.02564068	4090.76923043	4134.8717946	4172.05128192	4172.05128192	4152.05128185	4155.12820492	4158.205128	4149.23076903	4165.51282031	4128.58974332	4214.48717942	4144.1025639	
4208.84615378	4133.58974332	4125.12820485	4170.38461525	4157.82051262	4189.10256397	4159.35897415	4187.17948704	4185.89743576	4188.46153833	4209.35897429	4168.3333332	4265.25641026	4176.5384614	
4215.25641019	4160.64102544	4128.71794844	4169.61538448	4168.97435884	4191.28205115	4148.46153826	4188.58974345	4178.3333332	4184.35897422	4216.41025634	4177.30769217	4264.48717949	4179.61538448	
4226.6666666	4181.79487166	4134.10256383	4177.17948704	4193.71794858	4202.94871788	4156.02564082	4191.92307679	4178.07692294	4173.71794858	4215.25641019	4188.46153833	4262.43589744	4184.87179474	
4255.12820513	4211.79487173	4168.58974345	4223.33333327	4189.10256397	4217.69230763	4174.2307691	4223.58974352	4211.92307686	4207.5641025	4251.02564103	4226.28205122	4300.89743604	4211.79487173	
4258.33333334	4226.92307686	4176.5384614	4229.61538455	4205.7692307	4226.28205122	4177.30769217	4238.97435898	4230.64102558	4238.58974359	4265.8974359	4233.97435898	4316.92307707	4216.41025634	
4247.43589744	4234.61538462	4161.79487159	4204.74358968	4253.97435898	4235.51282052	4178.97435884	4235.0	4223.84615378	4233.20512814	4251.15384616	4218.07692301	4305.51282066	4206.15384609	
4262.43589744	4254.23076923	4177.94871781	4223.33333327	4240.76923077	4235.51282052	4189.35897422	4245.64102564	4228.4615384	4234.87179488	4264.87179488	4235.25641026	4316.66666681	4217.30769224	
4279.61538469	4271.923077	4200.51282038	4254.23076923	4223.07692301	4236.92307693	4198.84615371	4263.07692308	4246.53846154	4261.7948718	4291.79487187	4260.76923077	4337.94871816	4233.33333327	
4275.64102571	4280.51282059	4196.66666653	4253.07692308	4262.30769231	4248.58974359	4202.30769224	4266.66666674	4249.61538462	4269.2307693	4291.79487187	4258.33333334	4340.76923098	4232.17948711	
4278.71794879	4292.17948725	4201.02564096	4252.94871795	4266.28205129	4253.58974359	4208.84615378	4271.923077	4247.05128206	4265.38461539	4290.51282059	4259.48717949	4342.6923079	4233.58974352	
4293.58974366	4308.20512835	4217.82051275	4265.64102564	4238.20512821	4258.84615385	4220.25641019	4285.25641033	4256.28205129	4281.15384623	4297.69230777	4272.82051289	4352.17948739	4244.35897436	
4293.46153853	4313.20512835	4212.5641025	4265.76923077	4265.0	4273.71794879	4226.15384609	4286.66666674	4258.84615385	4287.17948725	4287.17948725	4268.20512828	4346.66666688	4242.30769231	
4294.48717956	4316.92307707	4210.7692307	4269.87179495	4311.92307707	4277.17948725	4229.23076917	4285.38461546	4255.76923077	4280.00000007	4288.58974366	4268.20512828	4344.10256431	4238.97435898	
4304.74358989	4321.41025655	4223.58974352	4279.10256418	4289.87179495	4263.33333334	4228.20512814	4290.76923084	4262.05128206	4285.51282059	4309.61538476	4282.43589751	4360.3846156	4249.23076923	
4302.05128219	4318.97435912	4220.7692307	4277.43589751	4251.41025641	4257.43589744	4221.02564096	4287.82051289	4263.46153847	4291.53846161	4308.4615386	4280.1282052	4362.56410278	4252.30769231	
4294.2307693	4311.53846168	4211.92307686	4273.58974366	4257.17948718	4259.35897436	4215.38461532	4278.20512828	4252.43589744	4282.43589751	4302.05128219	4269.48717956	4347.30769252	4243.97435898	
4278.33333341	4277.69230777	4197.05128192	4255.76923077	4254.10256411	4244.35897436	4200.76923063	4256.66666667	4231.15384609	4253.71794872	4293.58974366	4253.84615385	4328.58974373	4225.12820506	
4261.15384616	4226.41025634	4177.05128192	4226.53846147	4223.84615378	4221.53846147	4180.76923063	4237.17948718	4219.35897429	4230.38461532	4268.97435905	4234.61538462	4314.61538476	4207.30769224	
4261.92307693	4203.20512814	4176.28205115	4220.51282045	4205.7692307	4221.15384609	4179.48717935	4241.28205129	4228.4615384	4237.94871795	4261.53846154	4231.28205122	4313.71794886	4208.58974352	
4270.89743597	4218.58974352	4188.71794858	4240.38461539	4213.58974352	4232.69230763	4190.25641012	4247.82051282	4232.94871788	4251.66666667	4275.89743597	4239.61538462	4316.1538463	4216.79487173	
4276.0256411	4240.12820513	4193.20512807	4252.30769231	4235.51282052	4230.25641019	4193.3333332	4244.61538462	4226.53846147	4247.17948718	4276.0256411	4244.74358975	4311.41025655	4220.25641019	
4272.17948725	4226.53846147	4180.64102551	4233.97435898	4241.53846154	4219.61538455	4190.12820499	4238.71794872	4222.82051275	4239.23076923	4257.82051282	4235.0	4301.1538463	4215.38461532	
4263.84615385	4199.87179474	4172.56410243	4222.94871788	4205.7692307	4220.12820506	4186.15384602	4233.58974352	4221.28205122	4239.61538462	4253.84615385	4223.58974352	4291.79487187	4206.28205122	
4262.43589744	4198.97435884	4179.74358961	4234.87179488	4179.10256397	4227.43589737	4182.82051269	4229.87179481	4215.25641019	4234.10256411	4260.76923077	4226.15384609	4289.87179495	4201.92307686	
4258.71794872	4197.69230756	4173.84615371	4225.25641019	4216.28205122	4221.15384609	4177.56410243	4221.02564096	4205.51282045	4212.17948711	4242.82051282	4218.33333327	4282.69230777	4195.12820499	
4255.76923077	4192.82051269	4168.46153833	4212.5641025	4237.6923077	4211.53846147	4176.79487166	4224.61538455	4210.89743583	4218.71794865	4226.15384609	4214.10256404	4281.53846161	4199.2307691	
4258.71794872	4202.5641025	4175.51282038	4221.6666666	4191.28205115	4215.51282045	4180.38461525	4238.07692308	4221.02564096	4250.51282052	4232.17948711	4224.74358968	4291.66666674	4207.5641025	
4258.58974359	4211.41025634	4172.69230756	4225.12820506	4198.71794858	4224.35897429	4182.56410243	4235.8974359	4218.71794865	4240.76923077	4228.20512814	4223.33333327	4289.74358982	4201.28205122	
4259.87179488	4212.82051275	4169.87179474	4222.94871788	4248.46153847	4225.51282045	4186.5384614	4234.35897436	4218.07692301	4214.74358968	4223.84615378	4221.6666666	4284.74358982	4202.17948711	
4262.82051282	4216.6666666	4175.25641012	4220.64102558	4201.02564096	4222.82051275	4189.74358961	4241.92307693	4221.53846147	4226.41025634	4232.94871788	4227.69230763	4287.56410264	4210.25641019	
4262.43589744	4219.74358968	4179.35897422	4221.02564096	4166.92307672	4230.51282045	4190.64102551	4245.64102564	4224.35897429	4251.41025641	4236.92307693	4229.35897429	4295.00000007	4212.43589737	
4256.66666667	4213.20512814	4176.02564089	4224.23076917	4233.07692301	4230.38461532	4186.02564089	4239.10256411	4222.5641025	4245.76923077	4227.94871788	4224.99999993	4294.87179495	4211.15384609	
4252.30769231	4210.51282045	4173.20512807	4219.61538455	4241.15384616	4218.71794865	4181.41025628	4232.30769224	4216.92307686	4228.58974352	4225.25641019	4222.82051275	4287.82051289	4210.7692307	
4253.97435898	4218.4615384	4179.2307691	4219.48717942	4196.15384602	4219.35897429	4186.79487166	4234.23076923	4216.92307686	4235.12820513	4236.41025641	4225.38461532	4290.00000007	4210.89743583	
4243.71794872	4220.51282045	4174.74358961	4222.5641025	4201.28205122	4218.20512814	4183.07692294	4228.20512814	4213.84615378	4234.35897436	4230.64102558	4216.6666666	4283.07692315	4204.74358968	
4226.28205122	4214.74358968	4159.35897415	4213.07692301	4195.25641012	4215.64102558	4170.51282038	4215.51282045	4203.07692301	4216.79487173	4210.89743583	4203.07692301	4266.41025641	4196.15384602	
4222.30769224	4208.4615384	4155.38461518	4208.33333327	4175.64102551	4215.7692307	4170.64102551	4214.61538455	4202.43589737	4216.6666666	4209.35897429	4199.99999986	4261.41025641	4192.17948704	
4220.7692307	4196.41025628	4156.15384595	4206.92307686	4192.30769217	4205.7692307	4171.79487166	4216.6666666	4207.82051275	4220.38461532	4212.94871788	4197.69230756	4261.92307693	4191.15384602	
4209.87179481	4187.4358973	4148.205128	4189.35897422	4203.33333327	4200.25641012	4162.56410236	4206.79487173	4199.74358961	4199.61538448	4202.17948711	4186.92307679	4251.15384616	4186.41025628	
4197.05128192	4178.58974345	4136.15384595	4167.3076921	4186.66666653	4198.3333332	4153.205128	4194.2307691	4187.17948704	4191.28205115	4189.87179474	4173.46153833	4236.7948718	4176.02564089	
4185.12820499	4142.69230749	4124.61538434	4165.76923056	4162.05128185	4182.94871781	4143.205128	4187.56410243	4182.82051269	4202.05128199	4184.10256397	4160.89743569	4230.89743583	4167.43589723	
4162.94871774	4084.48717914	4101.79487145	4158.58974339	4118.20512793	4160.25641005	4118.71794844	4165.12820492	4164.87179467	4167.3076921	4158.33333313	4130.38461511	4203.84615378	4148.58974339	
4136.92307672	4031.79487131	4071.79487145	4107.05128178	4104.74358947	4147.05128185	4093.07692273	4125.7692305	4129.74358947	4109.99999973	4118.58974332	4091.79487145	4158.71794851	4117.43589716	
4141.79487159	4029.487179	4074.99999966	4078.33333299	4129.8717946	4151.28205108	4097.43589709	4125.38461511	4130.38461511	4125.89743562	4122.30769203	4096.15384581	4161.41025621	4119.48717921	
4163.97435877	4063.7179483	4099.23076889	4109.23076896	4108.33333306	4159.1025639	4115.64102537	4155.51282031	4158.46153826	4167.82051262	4152.69230749	4125.7692305	4195.64102551	4145.76923056	
4169.35897422	4083.58974325	4107.69230742	4124.8717946	4096.02564068	4159.1025639	4122.69230742	4165.12820492	4166.28205108	4159.61538441	4164.87179467	4133.71794844	4204.61538455	4153.33333313	
4172.82051269	4098.33333299	4115.64102537	4132.17948691	4131.41025614	4161.41025621	4127.17948691	4168.71794858	4168.71794858	4159.1025639	4169.74358961	4140.25641005	4209.61538455	4158.205128	
4173.97435884	4106.92307665	4120.38461511	4158.33333313	4147.3076921	4180.76923063	4132.69230742	4165.64102544	4162.17948697	4171.28205115	4160.51282031	4142.05128185	4209.23076917	4156.92307672	
4171.66666653	4117.43589716	4118.71794844	4171.66666653	4181.92307679	4195.89743576	4135.64102544	4158.46153826	4153.33333313	4170.76923063	4152.17948697	4136.28205108	4202.05128199	4151.28205108	
4186.41025628	4153.07692287	4133.58974332	4181.5384614	4206.53846147	4188.46153833	4142.05128185	4170.12820499	4166.28205108	4176.66666653	4173.71794858	4153.97435877	4214.99999993	4166.53846133	
4213.58974352	4197.17948704	4171.41025628	4230.51282045	4129.10256383	4178.97435884	4154.48717928	4195.64102551	4191.02564089	4194.99999986	4210.51282045	4195.25641012	4245.76923077	4194.99999986	
4220.51282045	4213.4615384	4194.10256397	4274.10256418	4092.17948684	4185.76923063	4154.74358954	4199.35897422	4192.82051269	4200.76923063	4218.20512814	4211.92307686	4253.07692308	4199.10256397	
4208.71794865	4212.05128199	4189.99999986	4268.20512828	4189.99999986	4188.07692294	4143.58974339	4174.99999986	4171.15384602	4185.89743576	4201.92307686	4197.4358973	4235.51282052	4181.92307679	
4218.84615378	4228.33333327	4208.71794865	4274.48717956	4207.30769224	4182.4358973	4147.05128185	4179.61538448	4176.41025628	4193.58974345	4220.12820506	4214.48717942	4249.48717949	4191.79487166	
4238.46153847	4242.82051282	4239.23076923	4299.10256418	4125.64102537	4187.56410243	4157.94871774	4206.92307686	4197.56410243	4214.10256404	4250.8974359	4247.17948718	4275.38461546	4214.99999993	
4241.02564103	4253.58974359	4245.64102564	4314.3589745	4146.53846133	4192.17948704	4158.33333313	4203.71794865	4191.66666653	4209.10256404	4244.23076923	4245.25641026	4266.41025641	4211.41025634	
4239.23076923	4273.46153853	4247.82051282	4328.07692322	4192.82051269	4195.38461525	4158.33333313	4191.41025628	4181.5384614	4204.23076917	4236.53846154	4242.43589744	4259.74358975	4204.61538455	
4242.56410257	4280.89743597	4255.64102564	4337.43589765	4153.46153826	4198.71794858	4163.33333313	4196.15384602	4185.76923063	4207.82051275	4249.35897436	4254.23076923	4272.82051289	4211.6666666	
4249.48717949	4279.10256418	4262.82051282	4350.25641047	4166.41025621	4199.87179474	4170.12820499	4205.51282045	4190.25641012	4202.30769224	4247.6923077	4257.17948718	4270.64102571	4214.48717942	
4253.97435898	4287.82051289	4268.33333341	4350.64102585	4205.7692307	4199.61538448	4175.38461525	4210.51282045	4194.48717935	4205.64102558	4236.15384616	4255.38461539	4258.46153847	4213.97435891	
4257.17948718	4299.87179501	4273.07692315	4340.00000021	4160.64102544	4201.92307686	4177.4358973	4218.07692301	4204.48717942	4225.25641019	4252.30769231	4263.97435898	4269.2307693	4223.4615384	
4254.48717949	4299.87179501	4270.51282059	4339.35897457	4178.84615371	4216.41025634	4178.84615371	4218.84615378	4204.74358968	4224.74358968	4259.23076923	4264.23076923	4275.00000007	4223.4615384	
4241.15384616	4292.94871802	4253.07692308	4325.12820527	4234.87179488	4216.53846147	4177.69230756	4212.94871788	4200.76923063	4213.97435891	4235.0	4243.84615385	4258.97435898	4210.25641019	
4238.46153847	4297.94871802	4241.92307693	4303.33333348	4180.38461525	4206.53846147	4180.25641012	4219.99999993	4210.64102558	4222.30769224	4239.74358975	4237.94871795	4262.05128206	4212.69230763	
4250.51282052	4307.30769245	4252.56410257	4313.97435912	4145.51282031	4207.5641025	4184.74358961	4231.53846147	4215.51282045	4231.53846147	4270.25641033	4252.56410257	4277.69230777	4226.02564096	
4232.30769224	4272.30769238	4234.35897436	4302.56410271	4183.71794858	4201.28205122	4170.12820499	4213.71794865	4199.61538448	4216.02564096	4250.8974359	4231.15384609	4256.28205129	4208.58974352	
4192.94871781	4204.10256404	4186.28205115	4243.46153847	4170.64102551	4179.61538448	4144.9999998	4183.97435884	4182.69230756	4198.71794858	4207.30769224	4183.71794858	4224.35897429	4176.5384614	
4179.74358961	4168.20512807	4166.15384595	4210.7692307	4113.33333306	4161.79487159	4133.33333306	4172.4358973	4171.92307679	4181.15384602	4198.71794858	4163.97435877	4212.30769224	4163.205128	
4185.51282038	4174.2307691	4171.79487166	4213.58974352	4114.23076896	4167.82051262	4137.3076921	4173.20512807	4169.10256397	4164.87179467	4203.20512814	4167.69230749	4204.48717942	4162.94871774	
4190.12820499	4186.15384602	4175.51282038	4209.99999993	4149.87179467	4188.3333332	4150.64102544	4185.38461525	4182.30769217	4181.41025628	4205.89743583	4174.74358961	4209.74358968	4171.15384602	
4196.41025628	4200.12820499	4177.56410243	4209.10256404	4160.51282031	4199.2307691	4161.41025621	4199.2307691	4194.87179474	4204.10256404	4213.58974352	4181.79487166	4224.35897429	4181.15384602	
4206.6666666	4230.51282045	4188.97435884	4223.4615384	4178.20512807	4201.6666666	4166.66666646	4207.5641025	4198.84615371	4213.07692301	4225.7692307	4194.74358961	4233.58974352	4192.05128192	
4209.87179481	4249.10256411	4190.89743576	4223.58974352	4195.51282038	4210.51282045	4173.20512807	4215.51282045	4202.69230763	4217.5641025	4230.51282045	4198.84615371	4237.17948718	4197.56410243	
4212.17948711	4254.35897436	4185.89743576	4222.30769224	4191.15384602	4219.10256404	4182.4358973	4223.84615378	4207.94871788	4215.25641019	4229.35897429	4195.76923063	4237.43589744	4196.92307679	
4225.25641019	4277.82051289	4201.02564096	4243.33333334	4189.48717935	4217.5641025	4190.76923063	4239.61538462	4221.53846147	4226.41025634	4248.07692308	4211.15384609	4251.41025641	4208.71794865	
4230.12820506	4292.30769238	4210.7692307	4246.92307693	4197.69230756	4215.89743583	4193.3333332	4242.94871795	4226.53846147	4246.53846154	4259.61538462	4221.28205122	4264.35897436	4218.4615384	
4226.02564096	4289.10256418	4200.38461525	4229.48717942	4218.20512814	4225.25641019	4197.4358973	4236.02564103	4221.28205122	4243.97435898	4247.43589744	4214.61538455	4260.64102564	4213.71794865	
4231.02564096	4296.28205136	4200.25641012	4237.05128206	4218.4615384	4234.10256411	4203.20512814	4243.33333334	4226.41025634	4228.71794865	4246.7948718	4216.92307686	4256.15384616	4214.23076917	
4235.12820513	4306.53846168	4208.84615378	4256.92307693	4193.71794858	4235.76923077	4205.25641019	4250.8974359	4231.6666666	4230.51282045	4256.53846154	4220.51282045	4255.0	4217.30769224	
4233.4615384	4312.82051296	4206.02564096	4253.71794872	4201.6666666	4241.92307693	4210.38461532	4254.35897436	4236.28205129	4247.82051282	4257.56410257	4217.43589737	4261.15384616	4216.79487173	
4233.71794865	4315.89743604	4198.71794858	4240.12820513	4236.15384616	4244.87179488	4213.4615384	4255.12820513	4238.07692308	4254.74358975	4252.30769231	4216.28205122	4263.46153847	4215.51282045	
4232.82051275	4313.33333348	4196.15384602	4238.33333334	4247.17948718	4246.15384616	4209.74358968	4247.17948718	4232.94871788	4242.17948718	4247.56410257	4211.02564096	4252.30769231	4210.89743583	
4228.84615378	4308.71794886	4191.66666653	4241.28205129	4234.35897436	4247.17948718	4208.58974352	4246.28205129	4232.17948711	4240.76923077	4245.76923077	4206.28205122	4248.46153847	4209.48717942	
4228.58974352	4307.56410271	4188.20512807	4238.58974359	4201.53846147	4240.64102564	4211.15384609	4257.6923077	4241.02564103	4253.71794872	4252.94871795	4212.69230763	4260.64102564	4215.38461532	
4233.58974352	4315.76923091	4193.58974345	4238.71794872	4190.64102551	4239.35897436	4209.87179481	4262.17948718	4247.56410257	4260.12820513	4265.76923077	4221.15384609	4271.79487187	4223.84615378	
4226.28205122	4310.12820527	4189.35897422	4229.99999993	4246.53846154	4237.17948718	4199.48717935	4245.76923077	4234.61538462	4251.53846154	4260.8974359	4212.69230763	4263.71794872	4218.4615384	
4224.48717942	4297.82051289	4185.12820499	4227.43589737	4254.61538462	4236.41025641	4198.84615371	4242.43589744	4228.97435891	4250.12820513	4258.07692308	4208.97435891	4261.28205129	4212.69230763	
4240.25641026	4307.30769245	4200.25641012	4244.87179488	4188.84615371	4244.23076923	4210.64102558	4257.43589744	4240.25641026	4260.8974359	4272.30769238	4225.12820506	4274.2307693	4223.4615384	
4231.41025634	4300.12820527	4195.76923063	4236.7948718	4191.79487166	4235.38461539	4202.82051275	4245.64102564	4232.69230763	4238.97435898	4263.20512821	4218.07692301	4262.30769231	4218.58974352	
4209.99999993	4262.6923077	4173.46153833	4212.17948711	4246.7948718	4218.20512814	4184.48717935	4227.94871788	4219.87179481	4221.92307686	4242.43589744	4193.46153833	4243.46153847	4200.76923063	
4212.69230763	4246.28205129	4171.41025628	4212.05128199	4208.07692301	4224.87179481	4188.07692294	4240.12820513	4230.89743583	4253.84615385	4248.20512821	4192.94871781	4252.56410257	4201.02564096	
4222.82051275	4260.8974359	4181.28205115	4222.69230763	4154.87179467	4234.87179488	4198.58974345	4247.82051282	4237.05128206	4259.10256411	4256.41025641	4200.76923063	4259.87179488	4208.07692301	
4225.12820506	4270.25641033	4185.64102551	4228.33333327	4218.97435891	4226.92307686	4196.15384602	4236.28205129	4225.38461532	4223.4615384	4252.56410257	4199.99999986	4250.51282052	4207.69230763	
4227.05128199	4265.0	4186.02564089	4224.61538455	4253.07692308	4220.25641019	4193.84615371	4236.53846154	4224.99999993	4232.43589737	4257.56410257	4201.79487173	4254.87179488	4208.33333327	
4231.6666666	4262.05128206	4191.79487166	4225.51282045	4186.66666653	4229.10256404	4201.41025634	4252.6923077	4239.10256411	4268.58974366	4270.76923084	4211.53846147	4272.69230777	4218.20512814	
4235.76923077	4260.76923077	4191.79487166	4226.02564096	4178.20512807	4238.20512821	4206.28205122	4254.10256411	4239.10256411	4254.35897436	4259.74358975	4208.71794865	4262.43589744	4221.28205122	
4234.23076923	4262.30769231	4179.48717935	4212.69230763	4244.35897436	4238.58974359	4206.02564096	4246.53846154	4231.28205122	4237.94871795	4240.25641026	4191.02564089	4246.41025641	4216.15384609	
4233.84615385	4275.1282052	4183.71794858	4214.61538455	4256.28205129	4242.43589744	4209.10256404	4255.76923077	4240.64102564	4260.25641026	4259.23076923	4200.89743576	4266.28205129	4224.48717942	
4236.02564103	4280.25641033	4201.92307686	4232.43589737	4222.43589737	4241.41025641	4208.07692301	4261.7948718	4247.30769231	4267.82051289	4279.61538469	4224.61538455	4278.46153853	4232.05128199	
4238.07692308	4273.20512828	4202.94871788	4234.10256411	4209.35897429	4233.4615384	4206.02564096	4255.64102564	4240.25641026	4261.7948718	4277.82051289	4229.74358968	4267.30769238	4227.05128199	
4240.0	4276.41025648	4187.94871781	4223.4615384	4223.20512814	4234.74358975	4207.17948711	4253.71794872	4238.58974359	4264.87179488	4281.923077	4224.35897429	4269.61538469	4223.4615384	
4237.94871795	4283.20512828	4179.35897422	4224.74358968	4246.02564103	4238.97435898	4204.35897429	4249.61538462	4237.6923077	4259.23076923	4269.87179495	4216.28205122	4269.48717956	4221.53846147	
4244.23076923	4286.28205136	4187.4358973	4239.48717949	4235.0	4240.64102564	4209.48717942	4251.7948718	4238.97435898	4255.64102564	4262.6923077	4214.61538455	4264.48717949	4225.51282045	
4252.82051282	4286.923077	4185.64102551	4238.84615385	4199.35897422	4242.43589744	4216.15384609	4257.94871795	4241.15384616	4259.61538462	4287.94871802	4211.28205122	4269.10256418	4227.94871788	
4243.58974359	4269.2307693	4158.58974339	4214.23076917	4210.89743583	4236.02564103	4203.4615384	4245.76923077	4230.89743583	4250.25641026	4290.1282052	4189.48717935	4257.17948718	4217.17948711	
4230.64102558	4240.25641026	4135.89743569	4200.89743576	4227.94871788	4221.6666666	4187.17948704	4227.82051275	4219.74358968	4239.61538462	4263.46153847	4164.61538441	4240.0	4208.71794865	
4229.61538455	4222.17948711	4125.38461511	4207.05128199	4187.05128192	4216.02564096	4187.94871781	4225.25641019	4216.41025634	4239.48717949	4249.35897436	4153.97435877	4235.25641026	4206.6666666	
4227.94871788	4213.84615378	4113.9743587	4199.35897422	4194.35897422	4229.48717942	4196.5384614	4228.33333327	4214.99999993	4233.71794865	4233.20512814	4144.1025639	4225.51282045	4199.99999986	
4220.25641019	4199.2307691	4104.23076896	4182.30769217	4227.5641025	4234.74358975	4197.17948704	4225.38461532	4215.12820506	4218.97435891	4213.84615378	4129.35897408	4209.74358968	4194.35897422	
4221.28205122	4193.20512807	4103.20512793	4188.3333332	4182.30769217	4224.99999993	4195.76923063	4228.07692301	4217.82051275	4223.07692301	4225.25641019	4127.56410229	4213.84615378	4197.05128192	
4224.23076917	4201.02564096	4099.87179453	4194.35897422	4169.2307691	4234.10256411	4199.10256397	4234.61538462	4217.30769224	4240.0	4238.07692308	4126.79487152	4221.41025634	4196.41025628	
4224.35897429	4194.61538448	4094.35897402	4180.76923063	4201.79487173	4245.0	4204.35897429	4235.12820513	4220.7692307	4238.58974359	4228.58974352	4119.8717946	4214.48717942	4193.46153833	
4235.25641026	4187.94871781	4103.9743587	4182.56410243	4183.3333332	4236.92307693	4211.28205122	4249.23076923	4240.8974359	4245.64102564	4240.38461539	4130.51282024	4224.61538455	4205.89743583	
4235.12820513	4189.99999986	4102.17948684	4186.02564089	4191.79487166	4230.7692307	4209.35897429	4252.56410257	4242.6923077	4249.74358975	4252.56410257	4130.38461511	4223.71794865	4206.92307686	
4226.6666666	4190.25641012	4089.61538427	4175.38461525	4223.71794865	4240.12820513	4206.53846147	4237.6923077	4226.41025634	4242.56410257	4248.58974359	4113.9743587	4209.61538455	4195.25641012	
4243.20512821	4201.92307686	4103.46153819	4186.41025628	4177.4358973	4252.82051282	4219.87179481	4256.02564103	4241.41025641	4267.56410264	4264.10256411	4131.41025614	4233.20512814	4211.41025634	
4259.10256411	4215.7692307	4116.02564075	4204.61538455	4136.53846133	4253.33333334	4228.4615384	4276.28205136	4260.38461539	4282.56410264	4279.35897443	4150.38461518	4249.74358975	4225.64102558	
4256.28205129	4221.28205122	4110.64102537	4206.53846147	4196.66666653	4253.58974359	4228.33333327	4264.61538462	4252.82051282	4263.20512821	4279.61538469	4141.53846133	4233.33333327	4217.82051275	
4260.25641026	4228.71794865	4117.43589716	4210.12820506	4248.46153847	4258.71794872	4233.97435898	4266.79487187	4249.87179488	4270.25641033	4286.28205136	4144.48717928	4238.97435898	4221.92307686	
4269.2307693	4237.82051282	4127.56410229	4210.12820506	4209.99999993	4261.66666667	4239.10256411	4280.1282052	4257.56410257	4287.43589751	4287.56410264	4153.71794851	4254.10256411	4231.02564096	
4272.94871802	4247.30769231	4127.94871767	4208.07692301	4199.48717935	4263.33333334	4240.64102564	4277.43589751	4263.84615385	4280.25641033	4283.97435905	4152.3076921	4248.33333334	4229.23076917	
4271.41025648	4248.58974359	4124.10256383	4210.64102558	4245.12820513	4260.51282052	4239.48717949	4272.69230777	4263.07692308	4281.0256411	4291.0256411	4151.66666646	4247.05128206	4227.43589737	
4270.00000007	4241.41025641	4122.56410229	4203.58974352	4243.20512821	4255.8974359	4237.82051282	4276.79487187	4260.76923077	4300.51282066	4297.17948725	4153.97435877	4255.64102564	4229.48717942	
4275.64102571	4245.38461539	4128.33333306	4202.30769224	4188.07692294	4260.38461539	4241.53846154	4280.76923084	4267.69230777	4307.69230784	4293.20512828	4158.84615364	4259.87179488	4232.69230763	
4271.53846161	4247.43589744	4120.12820485	4207.30769224	4188.84615371	4263.33333334	4241.7948718	4271.79487187	4262.05128206	4282.94871802	4279.48717956	4149.48717928	4242.43589744	4223.4615384	
4261.66666667	4236.15384616	4108.0769228	4198.20512807	4255.0	4256.7948718	4239.48717949	4266.41025641	4252.82051282	4273.20512828	4274.10256418	4138.84615364	4227.43589737	4214.87179481	
4264.74358975	4228.97435891	4111.53846126	4188.58974345	4243.97435898	4262.6923077	4243.07692308	4273.71794879	4259.61538462	4294.74358982	4281.0256411	4145.89743569	4239.35897436	4220.12820506	
4266.02564103	4227.94871788	4113.0769228	4192.69230756	4183.84615371	4272.69230777	4246.66666667	4274.48717956	4261.28205129	4294.10256418	4277.69230777	4147.94871774	4241.41025641	4221.53846147	
4262.43589744	4229.61538455	4112.05128178	4199.74358961	4197.17948704	4263.97435898	4241.41025641	4270.38461546	4255.38461539	4274.74358982	4275.25641033	4146.41025621	4225.38461532	4216.79487173	
4258.20512821	4218.97435891	4106.41025614	4184.99999986	4232.5641025	4245.0	4229.48717942	4261.28205129	4249.74358975	4265.64102564	4271.79487187	4141.92307672	4210.7692307	4208.33333327	
4253.58974359	4192.82051269	4095.51282017	4150.12820492	4213.84615378	4244.23076923	4228.33333327	4254.10256411	4247.94871795	4270.00000007	4255.8974359	4131.02564075	4209.10256404	4203.97435891	
4251.92307693	4179.35897422	4092.17948684	4141.28205108	4196.28205115	4247.94871795	4231.02564096	4255.12820513	4245.64102564	4269.2307693	4238.20512821	4126.41025614	4209.87179481	4204.61538455	
4247.6923077	4176.02564089	4089.61538427	4162.56410236	4200.12820499	4230.12820506	4216.92307686	4242.05128206	4234.61538462	4248.97435898	4223.58974352	4120.51282024	4195.12820499	4192.94871781	
4238.07692308	4155.76923056	4078.71794837	4162.17948697	4166.28205108	4220.25641019	4201.15384609	4220.12820506	4219.48717942	4220.38461532	4211.15384609	4105.25640998	4173.07692294	4173.71794858	
4226.02564096	4121.79487152	4067.05128164	4136.02564082	4127.43589716	4220.64102558	4193.58974345	4206.41025634	4209.87179481	4206.02564096	4199.74358961	4091.79487145	4160.51282031	4165.64102544	
4220.64102558	4101.02564068	4064.10256369	4130.51282024	4150.76923056	4208.58974352	4184.2307691	4201.15384609	4207.82051275	4216.15384609	4195.12820499	4089.87179453	4165.25641005	4166.79487159	
4218.58974352	4091.02564068	4059.99999959	4128.33333306	4190.25641012	4197.94871781	4176.02564089	4191.92307679	4199.87179474	4214.23076917	4191.28205115	4084.10256376	4162.82051262	4158.205128	
4210.64102558	4076.79487145	4052.17948677	4108.20512793	4172.05128192	4199.87179474	4173.84615371	4177.69230756	4189.2307691	4188.20512807	4178.46153833	4072.94871761	4141.15384595	4147.56410236	
4212.82051275	4074.61538427	4060.25640984	4116.15384588	4122.82051255	4202.69230763	4174.10256397	4186.5384614	4199.61538448	4188.3333332	4183.07692294	4085.38461504	4145.51282031	4158.84615364	
4216.92307686	4082.56410222	4066.28205087	4129.35897408	4112.05128178	4197.94871781	4170.64102551	4197.17948704	4212.05128199	4205.25641019	4191.92307679	4096.53846119	4162.43589723	4164.74358954	
4209.35897429	4082.94871761	4056.15384574	4115.25640998	4165.25641005	4196.15384602	4168.84615371	4186.41025628	4202.69230763	4204.23076917	4180.25641012	4084.7435894	4154.87179467	4152.69230749	
4214.10256404	4088.46153812	4061.53846113	4111.41025614	4189.74358961	4199.74358961	4176.02564089	4191.92307679	4202.69230763	4206.15384609	4178.20512807	4089.23076889	4153.07692287	4159.35897415	
4227.43589737	4106.53846126	4078.07692273	4119.23076896	4129.74358947	4204.74358968	4181.79487166	4204.23076917	4212.94871788	4206.53846147	4191.5384614	4106.28205101	4164.1025639	4173.20512807	
4228.4615384	4121.53846126	4081.15384581	4127.17948691	4144.35897415	4208.71794865	4179.48717935	4198.58974345	4210.12820506	4206.02564096	4201.41025634	4108.9743587	4171.79487166	4173.20512807	
4229.74358968	4131.79487152	4085.76923043	4136.92307672	4225.89743583	4208.71794865	4184.74358961	4203.58974352	4211.6666666	4226.53846147	4210.89743583	4116.53846126	4182.30769217	4177.69230756	
4237.82051282	4144.61538441	4099.61538427	4144.9999998	4185.38461525	4212.94871788	4198.46153833	4219.61538455	4222.05128199	4233.84615385	4221.6666666	4135.38461518	4187.4358973	4186.92307679	
4236.66666667	4154.35897415	4101.66666632	4153.205128	4112.43589716	4223.07692301	4202.05128199	4219.74358968	4226.6666666	4223.97435891	4220.64102558	4138.71794851	4179.48717935	4186.79487166	
4233.20512814	4166.41025621	4096.53846119	4153.07692287	4194.10256397	4232.43589737	4203.84615378	4219.48717942	4229.10256404	4237.30769231	4214.48717942	4131.92307665	4182.05128192	4186.66666653	
4250.38461539	4190.51282038	4115.38461511	4156.28205108	4280.00000007	4246.92307693	4225.7692307	4248.33333334	4247.17948718	4260.8974359	4234.23076923	4152.94871774	4211.41025634	4205.7692307	
4271.66666674	4207.82051275	4138.97435877	4175.89743576	4226.79487173	4257.6923077	4245.0	4275.38461546	4264.61538462	4266.66666674	4260.76923077	4181.92307679	4229.23076917	4224.99999993	
4275.89743597	4210.64102558	4144.1025639	4188.20512807	4180.12820499	4263.07692308	4247.6923077	4275.89743597	4267.69230777	4273.33333341	4259.74358975	4188.3333332	4224.61538455	4227.69230763	
4273.58974366	4217.5641025	4145.89743569	4187.30769217	4226.6666666	4267.05128212	4246.92307693	4272.69230777	4268.84615392	4287.43589751	4253.07692308	4189.35897422	4229.35897429	4225.12820506	
4275.76923084	4224.10256404	4148.46153826	4191.92307679	4269.61538469	4258.33333334	4244.87179488	4271.53846161	4265.76923077	4286.41025648	4265.0	4195.76923063	4237.6923077	4225.64102558	
4290.38461546	4238.46153847	4164.1025639	4209.61538455	4255.25641026	4264.61538462	4257.05128206	4282.82051289	4273.33333341	4289.35897443	4289.35897443	4212.30769224	4249.61538462	4241.66666667	
4288.07692315	4239.87179488	4166.79487159	4205.64102558	4237.17948718	4273.97435905	4259.61538462	4280.38461546	4272.56410264	4287.69230777	4281.0256411	4209.48717942	4246.15384616	4240.51282052	
4285.25641033	4237.94871795	4167.05128185	4205.7692307	4257.6923077	4274.48717956	4258.46153847	4276.15384623	4271.41025648	4288.58974366	4269.35897443	4205.7692307	4243.58974359	4234.10256411	
4355.51282073	4307.30769245	4242.43589744	4282.82051289	4333.5897438	4325.2564104	4322.05128219	4348.07692329	4334.10256431	4361.66666688	4341.79487201	4284.48717956	4317.82051296	4298.58974366	
4438.9743594	4391.66666695	4334.87179508	4365.64102592	4412.17948753	4398.20512856	4402.9487183	4436.92307734	4407.43589779	4456.92307734	4432.05128247	4382.17948746	4414.74359009	4380.00000028	
4442.69230811	4394.23076951	4343.84615406	4370.25641054	4420.76923112	4411.41025676	4412.17948753	4442.05128247	4408.97435933	4466.79487229	4435.64102606	4387.69230797	4424.74359009	4383.20512849	
4413.07692343	4357.82051303	4313.20512835	4346.79487201	4394.10256438	4381.15384644	4382.56410285	4408.71794907	4378.84615413	4420.64102599	4398.33333368	4351.15384637	4385.25641054	4350.76923098	
4408.33333368	4341.92307714	4308.58974373	4346.15384637	4374.6153849	4360.76923098	4371.41025669	4398.33333368	4371.28205156	4400.12820548	4389.74359003	4346.66666688	4373.33333362	4341.92307714	
4403.97435933	4323.58974373	4305.2564104	4334.10256431	4372.56410285	4356.02564124	4366.15384644	4393.717949	4367.05128233	4406.79487215	4388.717949	4346.53846175	4371.28205156	4340.3846156	
4388.58974387	4293.07692315	4289.74358982	4304.23076937	4374.74359003	4357.56410278	4357.94871816	4381.41025669	4354.4871797	4403.97435933	4374.23076951	4328.4615386	4357.6923079	4331.66666681	
4390.38461567	4289.87179495	4293.46153853	4313.33333348	4361.28205149	4358.71794893	4360.3846156	4379.87179515	4353.5897438	4395.89743618	4371.79487208	4325.51282066	4354.4871797	4331.1538463	
4401.15384651	4310.38461553	4309.10256425	4341.53846175	4354.61538483	4356.41025662	4364.35897457	4389.35897464	4363.46153867	4399.23076958	4381.79487208	4340.12820534	4359.87179508	4337.56410278	
4402.17948753	4322.17948732	4310.38461553	4336.53846175	4372.05128233	4362.82051303	4368.20512849	4397.43589772	4372.17948746	4408.58974394	4382.17948746	4346.79487201	4362.43589765	4340.89743611	
4401.92307727	4326.53846168	4306.92307707	4328.33333348	4397.30769259	4375.25641054	4376.41025669	4404.35897471	4373.46153874	4414.48717984	4383.20512849	4348.33333355	4368.717949	4344.87179508	
4404.35897471	4336.66666688	4311.92307707	4333.46153867	4404.35897471	4375.51282079	4380.25641054	4409.74359009	4374.6153849	4411.92307727	4388.07692336	4350.64102585	4374.87179515	4347.6923079	
4406.53846189	4345.12820534	4316.1538463	4329.87179501	4379.23076951	4370.64102592	4377.17948746	4408.46153881	4376.28205156	4407.9487183	4385.38461567	4352.05128226	4370.38461567	4347.17948739	
4412.69230804	4356.02564124	4324.74358989	4340.25641047	4360.51282073	4373.07692336	4378.46153874	4406.15384651	4378.97435926	4416.41025676	4396.15384644	4362.43589765	4374.74359003	4354.10256431	
4415.64102599	4367.17948746	4332.30769252	4360.64102585	4387.30769259	4375.00000028	4382.17948746	4406.15384651	4379.87179515	4420.38461574	4408.33333368	4367.8205131	4382.69230797	4357.17948739	
4412.69230804	4367.43589772	4330.2564104	4361.28205149	4417.43589779	4377.43589772	4382.94871823	4410.12820548	4380.51282079	4416.02564138	4405.00000035	4363.97435919	4379.48717977	4352.94871816	
4407.56410292	4361.28205149	4322.82051296	4352.30769252	4406.53846189	4378.46153874	4381.66666695	4406.28205163	4378.717949	4412.43589779	4397.56410285	4359.4871797	4370.89743618	4349.74358996	
4400.76923112	4357.6923079	4319.10256425	4345.76923098	4379.87179515	4373.07692336	4379.6153849	4396.9230772	4375.12820541	4415.12820548	4392.43589772	4357.43589765	4366.28205156	4344.4871797	
4399.61538497	4358.97435919	4323.07692322	4344.87179508	4378.33333362	4373.84615413	4378.46153874	4400.12820548	4379.35897464	4420.38461574	4393.07692336	4362.30769252	4370.76923105	4344.35897457	
4395.76923105	4353.20512842	4318.58974373	4343.46153867	4393.33333362	4371.66666695	4376.79487208	4402.30769266	4377.56410285	4408.46153881	4392.8205131	4359.35897457	4370.38461567	4347.30769252	
4387.43589772	4341.92307714	4313.84615399	4339.35897457	4404.23076958	4358.84615406	4373.46153874	4397.17948746	4370.64102592	4398.20512856	4396.79487208	4354.35897457	4368.97435926	4345.12820534	
4383.07692336	4338.97435919	4313.4615386	4332.56410278	4377.17948746	4358.07692329	4369.35897464	4396.02564131	4371.02564131	4410.51282086	4397.8205131	4356.02564124	4371.15384644	4340.89743611	
4371.66666695	4330.89743604	4296.0256411	4318.58974373	4341.02564124	4357.94871816	4359.4871797	4383.717949	4359.4871797	4402.82051317	4374.6153849	4338.20512842	4349.4871797	4324.48717963	
4347.6923079	4294.74358982	4274.10256418	4300.51282066	4356.66666688	4334.87179508	4338.33333355	4355.12820534	4336.66666688	4355.89743611	4344.4871797	4305.2564104	4311.53846168	4298.97435905	
4325.2564104	4241.7948718	4258.33333334	4275.51282059	4349.23076944	4312.43589758	4313.97435912	4327.43589758	4314.48717963	4318.33333348	4326.53846168	4280.38461546	4289.35897443	4278.71794879	
4320.00000014	4214.74358968	4250.76923077	4262.05128206	4289.10256418	4309.3589745	4306.02564117	4316.02564117	4306.1538463	4316.66666681	4316.28205142	4271.41025648	4284.87179495	4272.43589751	
4322.56410271	4216.79487173	4256.41025641	4275.00000007	4272.43589751	4311.66666681	4312.82051296	4321.53846168	4313.84615399	4325.00000014	4311.1538463	4274.87179495	4283.71794879	4276.66666674	
4313.20512835	4214.23076917	4251.7948718	4272.69230777	4302.94871809	4308.84615399	4309.3589745	4315.89743604	4308.97435912	4312.17948732	4306.1538463	4270.89743597	4270.00000007	4269.74358982	
4308.33333348	4215.51282045	4240.8974359	4251.7948718	4332.30769252	4310.76923091	4304.87179501	4308.97435912	4301.79487194	4310.12820527	4301.1538463	4263.20512821	4263.97435898	4264.61538462	
4317.69230784	4232.05128199	4247.94871795	4258.33333334	4339.87179508	4312.43589758	4312.43589758	4322.17948732	4313.58974373	4332.82051303	4304.74358989	4267.43589751	4279.61538469	4275.76923084	
4324.3589745	4244.35897436	4263.20512821	4278.97435905	4320.76923091	4310.2564104	4316.79487194	4330.64102578	4320.89743604	4333.07692329	4322.17948732	4280.38461546	4291.53846161	4285.25641033	
4323.07692322	4244.74358975	4266.66666674	4272.56410264	4298.46153853	4312.69230784	4315.00000014	4326.41025655	4318.07692322	4320.12820527	4332.30769252	4289.87179495	4291.15384623	4286.53846161	
4314.61538476	4236.7948718	4256.66666667	4251.41025641	4295.00000007	4307.69230784	4307.94871809	4318.20512835	4311.79487194	4315.76923091	4315.51282066	4280.64102571	4282.56410264	4280.76923084	
4308.58974373	4237.43589744	4252.17948718	4250.51282052	4304.23076937	4300.00000014	4301.1538463	4311.79487194	4302.94871809	4315.00000014	4298.71794879	4266.41025641	4272.30769238	4273.97435905	
4309.74358989	4246.15384616	4261.66666667	4263.58974359	4304.3589745	4299.2307693	4302.05128219	4307.94871809	4296.53846161	4309.61538476	4301.1538463	4269.10256418	4267.17948725	4272.43589751	
4311.92307707	4250.25641026	4269.74358982	4269.61538469	4282.43589751	4302.30769245	4304.10256425	4306.41025655	4297.69230777	4302.94871809	4305.00000014	4277.43589751	4265.76923077	4273.33333341	
4306.79487194	4250.38461539	4262.6923077	4263.33333334	4294.35897443	4306.79487194	4304.87179501	4304.3589745	4296.923077	4295.1282052	4300.51282066	4271.79487187	4261.7948718	4268.46153853	
4294.48717956	4239.23076923	4247.05128206	4241.7948718	4325.2564104	4301.28205142	4304.61538476	4297.82051289	4291.41025648	4289.35897443	4289.35897443	4254.48717949	4250.76923077	4257.82051282	
4294.10256418	4233.20512814	4247.43589744	4233.07692301	4295.64102571	4300.00000014	4304.48717963	4299.87179501	4293.46153853	4298.07692315	4281.79487187	4253.84615385	4251.15384616	4260.38461539	
4304.87179501	4241.28205129	4260.38461539	4249.23076923	4268.07692315	4303.07692322	4299.2307693	4304.23076937	4293.71794879	4301.66666681	4286.923077	4268.07692315	4258.84615385	4269.10256418	
4306.92307707	4242.05128206	4262.17948718	4253.97435898	4285.1282052	4292.56410264	4294.48717956	4301.41025655	4291.923077	4299.48717963	4299.35897443	4270.89743597	4263.97435898	4269.74358982	
4304.10256425	4237.6923077	4259.74358975	4247.56410257	4289.61538469	4292.94871802	4299.61538476	4303.33333348	4299.48717963	4309.61538476	4307.05128219	4271.923077	4272.56410264	4274.10256418	
4299.61538476	4233.4615384	4253.58974359	4237.94871795	4292.43589751	4304.23076937	4297.05128212	4298.71794879	4294.35897443	4303.84615399	4285.76923084	4265.0	4258.58974359	4268.20512828	
4300.00000014	4231.79487173	4250.8974359	4235.64102564	4307.69230784	4300.51282066	4292.43589751	4296.0256411	4286.923077	4282.94871802	4269.48717956	4255.8974359	4237.6923077	4258.84615385	
4306.53846168	4234.10256411	4260.64102564	4244.48717949	4278.07692315	4290.89743597	4296.28205136	4307.69230784	4297.17948725	4290.1282052	4295.38461546	4267.69230777	4253.33333334	4267.94871802	
4294.2307693	4216.41025634	4250.51282052	4229.23076917	4239.48717949	4282.94871802	4287.82051289	4299.10256418	4292.05128212	4299.10256418	4297.05128212	4263.07692308	4257.30769231	4262.43589744	
4269.35897443	4174.87179474	4221.53846147	4194.99999986	4252.56410257	4273.84615392	4266.41025641	4271.66666674	4270.76923084	4275.00000007	4259.10256411	4230.25641019	4220.89743583	4236.41025641	
4248.71794872	4129.23076896	4195.76923063	4171.41025628	4248.07692308	4257.94871795	4247.30769231	4250.76923077	4256.02564103	4239.10256411	4230.38461532	4200.51282038	4187.30769217	4215.12820506	
4235.51282052	4104.61538434	4182.94871781	4165.76923056	4211.79487173	4240.12820513	4236.7948718	4239.10256411	4245.0	4221.15384609	4225.64102558	4187.69230756	4181.15384602	4206.15384609	
4239.35897436	4116.15384588	4194.10256397	4172.30769217	4198.46153833	4240.12820513	4237.94871795	4242.17948718	4246.92307693	4234.48717949	4239.10256411	4198.97435884	4193.07692294	4212.82051275	
4247.82051282	4135.64102544	4204.48717942	4175.25641012	4218.97435891	4254.23076923	4247.30769231	4249.35897436	4255.76923077	4248.07692308	4243.58974359	4210.7692307	4196.79487166	4219.48717942	
4253.46153847	4147.05128185	4206.6666666	4180.38461525	4249.48717949	4263.20512821	4257.6923077	4259.87179488	4263.33333334	4254.48717949	4244.35897436	4214.61538455	4203.84615378	4224.99999993	
4260.25641026	4166.28205108	4216.28205122	4191.5384614	4254.10256411	4265.51282052	4265.12820513	4273.97435905	4273.20512828	4268.58974366	4261.92307693	4228.4615384	4224.10256404	4238.07692308	
4265.0	4191.15384602	4225.89743583	4199.48717935	4250.8974359	4275.1282052	4272.43589751	4273.33333341	4277.94871802	4276.28205136	4275.1282052	4240.38461539	4230.51282045	4243.71794872	
4273.07692315	4211.6666666	4234.35897436	4213.58974352	4266.28205129	4284.48717956	4280.64102571	4278.07692315	4284.10256418	4277.30769238	4284.2307693	4248.33333334	4231.79487173	4245.38461539	
4280.1282052	4224.23076917	4241.92307693	4231.02564096	4268.07692315	4283.71794879	4286.28205136	4296.53846161	4293.33333341	4282.56410264	4292.43589751	4257.17948718	4239.87179488	4252.94871795	
4277.82051289	4234.74358975	4240.12820513	4232.82051275	4277.17948725	4291.53846161	4290.64102571	4300.89743604	4294.2307693	4288.84615392	4284.2307693	4256.41025641	4239.23076923	4256.53846154	
4279.87179495	4245.64102564	4241.7948718	4232.05128199	4290.25641033	4301.92307707	4294.2307693	4297.17948725	4293.20512828	4293.71794879	4287.69230777	4258.71794872	4243.58974359	4259.35897436	
4289.74358982	4255.76923077	4256.28205129	4247.56410257	4282.05128212	4295.38461546	4295.38461546	4297.82051289	4295.1282052	4295.76923084	4311.92307707	4275.38461546	4258.58974359	4266.79487187	
4295.00000007	4268.07692315	4268.97435905	4261.41025641	4296.923077	4293.46153853	4295.38461546	4301.1538463	4297.94871802	4298.84615392	4320.38461553	4287.69230777	4262.05128206	4270.51282059	
4292.56410264	4272.30769238	4270.1282052	4261.41025641	4308.33333348	4297.30769238	4289.87179495	4302.82051296	4299.74358989	4300.64102578	4313.84615399	4287.05128212	4255.25641026	4266.15384616	
4292.17948725	4273.07692315	4270.76923084	4267.05128212	4281.79487187	4296.0256411	4289.2307693	4303.71794886	4300.12820527	4297.69230777	4318.20512835	4290.25641033	4255.25641026	4265.76923077	
4295.64102571	4278.71794879	4272.56410264	4272.56410264	4272.05128212	4299.35897443	4299.35897443	4304.61538476	4300.12820527	4296.923077	4321.02564117	4294.87179495	4259.35897436	4272.30769238	
4291.923077	4280.89743597	4264.61538462	4254.35897436	4292.94871802	4295.64102571	4297.94871802	4299.74358989	4296.28205136	4293.20512828	4306.1538463	4286.41025648	4256.92307693	4270.00000007	
4287.05128212	4280.64102571	4256.92307693	4239.48717949	4315.00000014	4291.15384623	4291.15384623	4297.69230777	4293.84615392	4286.0256411	4298.20512828	4280.76923084	4249.87179488	4263.58974359	
4288.33333341	4280.1282052	4260.25641026	4248.46153847	4303.71794886	4297.69230777	4296.15384623	4302.94871809	4296.41025648	4286.923077	4302.82051296	4287.05128212	4247.43589744	4265.0	
4291.66666674	4275.64102571	4265.25641026	4253.20512821	4273.71794879	4299.48717963	4297.82051289	4308.07692322	4301.28205142	4294.87179495	4304.74358989	4290.89743597	4251.41025641	4268.71794879	
4291.79487187	4277.05128212	4264.23076923	4246.66666667	4274.48717956	4293.07692315	4292.17948725	4310.00000014	4307.05128219	4305.64102578	4305.12820527	4287.43589751	4258.71794872	4270.00000007	
4280.00000007	4265.38461539	4249.35897436	4233.33333327	4288.33333341	4285.51282059	4280.76923084	4298.33333341	4298.46153853	4298.46153853	4293.97435905	4272.94871802	4247.30769231	4258.20512821	
4263.33333334	4222.82051275	4230.7692307	4213.20512814	4266.66666674	4276.79487187	4263.46153847	4276.15384623	4278.20512828	4262.05128206	4271.41025648	4251.28205129	4214.61538455	4238.20512821	
4248.20512821	4179.61538448	4215.89743583	4194.2307691	4215.25641019	4262.05128206	4246.92307693	4254.10256411	4262.43589744	4228.97435891	4249.35897436	4229.23076917	4183.84615371	4221.28205122	
4233.71794865	4160.64102544	4197.82051269	4174.2307691	4210.89743583	4246.02564103	4233.20512814	4239.61538462	4250.8974359	4227.43589737	4236.02564103	4211.15384609	4174.48717935	4207.5641025	
4230.25641019	4159.74358954	4192.69230756	4169.87179474	4256.53846154	4241.15384616	4227.82051275	4241.7948718	4248.58974359	4238.20512821	4235.12820513	4207.69230763	4182.82051269	4205.51282045	
4239.87179488	4171.79487166	4207.82051275	4190.12820499	4250.25641026	4250.25641026	4235.8974359	4252.6923077	4260.64102564	4234.23076923	4245.76923077	4218.97435891	4186.02564089	4213.20512814	
4252.56410257	4201.15384609	4227.30769224	4215.25641019	4204.74358968	4268.07692315	4252.56410257	4266.28205129	4278.84615392	4240.76923077	4270.64102571	4240.25641026	4196.02564089	4225.25641019	
4253.58974359	4219.48717942	4225.25641019	4212.94871788	4237.43589744	4274.10256418	4255.76923077	4269.87179495	4278.84615392	4262.56410257	4281.15384623	4245.76923077	4209.35897429	4230.7692307	
4250.76923077	4221.15384609	4218.84615378	4200.76923063	4296.66666674	4269.2307693	4253.46153847	4266.15384616	4269.87179495	4269.74358982	4273.33333341	4238.58974359	4212.17948711	4231.41025634	
4263.46153847	4241.02564103	4239.10256411	4221.28205122	4266.53846154	4273.97435905	4264.48717949	4280.51282059	4282.30769238	4269.74358982	4288.33333341	4258.07692308	4220.51282045	4243.33333334	
4269.61538469	4258.97435898	4248.33333334	4235.0	4236.02564103	4278.33333341	4268.58974366	4283.71794879	4287.69230777	4270.1282052	4301.41025655	4269.48717956	4219.99999993	4246.41025641	
4264.61538462	4259.74358975	4239.23076923	4222.69230763	4265.25641026	4277.43589751	4265.25641026	4271.79487187	4278.58974366	4271.15384623	4292.94871802	4258.20512821	4216.79487173	4241.02564103	
4263.97435898	4265.12820513	4237.30769231	4218.33333327	4289.87179495	4278.33333341	4265.76923077	4274.61538469	4282.69230777	4270.25641033	4291.0256411	4257.94871795	4224.99999993	4241.28205129	
4264.61538462	4269.61538469	4236.7948718	4225.12820506	4289.61538469	4276.15384623	4265.12820513	4277.43589751	4287.94871802	4269.35897443	4294.2307693	4260.8974359	4222.05128199	4238.84615385	
4268.58974366	4274.48717956	4242.05128206	4234.48717949	4276.53846161	4275.25641033	4264.87179488	4277.30769238	4285.25641033	4275.1282052	4298.58974366	4263.58974359	4216.79487173	4242.82051282	
4269.48717956	4278.84615392	4246.41025641	4232.30769224	4251.02564103	4276.53846161	4263.84615385	4277.05128212	4279.74358982	4269.2307693	4301.92307707	4267.82051289	4223.20512814	4245.38461539	
4260.51282052	4274.2307693	4238.20512821	4222.17948711	4250.8974359	4273.71794879	4259.23076923	4269.35897443	4274.61538469	4258.58974359	4295.89743597	4260.76923077	4222.5641025	4234.61538462	
4256.15384616	4271.923077	4229.99999993	4220.51282045	4293.58974366	4268.71794879	4252.56410257	4262.6923077	4274.35897443	4263.46153847	4290.89743597	4252.56410257	4213.4615384	4230.7692307	
4258.33333334	4272.30769238	4229.99999993	4221.79487173	4286.53846161	4266.923077	4250.64102564	4266.02564103	4276.79487187	4262.56410257	4296.79487187	4254.74358975	4211.41025634	4235.12820513	
4257.82051282	4269.48717956	4233.20512814	4218.71794865	4237.05128206	4268.84615392	4255.76923077	4272.17948725	4278.58974366	4260.76923077	4301.02564117	4257.94871795	4219.23076917	4236.02564103	
4253.71794872	4265.12820513	4228.07692301	4212.69230763	4240.38461539	4267.82051289	4252.94871795	4261.7948718	4270.64102571	4257.43589744	4290.00000007	4250.12820513	4211.02564096	4228.71794865	
4246.41025641	4259.35897436	4215.7692307	4207.30769224	4277.69230777	4262.30769231	4241.15384616	4244.35897436	4257.94871795	4241.02564103	4278.71794879	4236.7948718	4189.99999986	4217.5641025	
4244.87179488	4255.12820513	4218.20512814	4211.6666666	4271.923077	4258.84615385	4240.8974359	4248.71794872	4258.46153847	4243.97435898	4284.2307693	4241.41025641	4198.07692294	4221.53846147	
4243.33333334	4246.41025641	4217.69230763	4202.43589737	4239.35897436	4255.8974359	4245.0	4250.76923077	4255.25641026	4243.58974359	4278.97435905	4242.43589744	4203.71794865	4223.07692301	
4232.17948711	4226.15384609	4199.99999986	4183.07692294	4232.5641025	4249.87179488	4233.33333327	4230.25641019	4244.61538462	4222.5641025	4258.07692308	4221.79487173	4180.25641012	4204.87179481	
4219.61538455	4191.92307679	4190.25641012	4182.4358973	4210.64102558	4236.92307693	4214.10256404	4214.87179481	4236.7948718	4209.10256404	4247.30769231	4205.38461532	4160.51282031	4189.87179474	
4205.51282045	4156.92307672	4182.56410243	4172.17948704	4192.69230756	4217.30769224	4197.69230756	4198.71794858	4217.5641025	4189.74358961	4236.02564103	4191.41025628	4140.64102544	4179.10256397	
4197.69230756	4138.71794851	4170.25641012	4143.46153826	4214.99999993	4212.17948711	4191.28205115	4185.51282038	4206.41025634	4176.02564089	4220.51282045	4178.46153833	4128.33333306	4171.28205115	
4201.53846147	4138.07692287	4169.61538448	4136.92307672	4197.69230756	4220.51282045	4197.69230756	4194.74358961	4220.38461532	4181.79487166	4218.20512814	4179.99999986	4138.71794851	4174.87179474	
4211.15384609	4154.74358954	4183.3333332	4160.64102544	4159.1025639	4225.51282045	4207.17948711	4210.7692307	4234.48717949	4195.38461525	4234.23076923	4196.92307679	4150.64102544	4187.56410243	
4210.38461532	4171.5384614	4182.69230756	4160.51282031	4197.30769217	4226.6666666	4211.15384609	4212.17948711	4230.51282045	4204.23076917	4236.28205129	4197.69230756	4144.23076903	4186.92307679	
4200.25641012	4171.79487166	4167.05128185	4139.1025639	4243.33333334	4231.79487173	4210.64102558	4205.25641019	4221.6666666	4192.30769217	4213.71794865	4180.51282038	4131.15384588	4175.12820499	
4212.30769224	4184.87179474	4183.84615371	4166.28205108	4221.02564096	4238.58974359	4216.6666666	4214.10256404	4229.61538455	4189.99999986	4231.79487173	4197.82051269	4147.17948697	4187.17948704	
4228.58974352	4204.61538455	4211.28205122	4198.84615371	4187.05128192	4235.76923077	4222.17948711	4226.53846147	4241.53846154	4215.89743583	4278.84615392	4227.05128199	4179.61538448	4207.69230763	
4219.23076917	4196.5384614	4199.74358961	4172.82051269	4197.69230756	4231.41025634	4217.43589737	4223.71794865	4240.0	4223.84615378	4277.94871802	4218.97435891	4184.48717935	4203.07692301	
4202.30769224	4170.25641012	4172.94871781	4145.25641005	4211.79487173	4228.84615378	4206.79487173	4211.41025634	4227.05128199	4195.89743576	4243.71794872	4195.89743576	4156.28205108	4184.10256397	
4186.41025628	4140.76923056	4159.61538441	4145.51282031	4176.79487166	4210.64102558	4191.28205115	4190.25641012	4207.69230763	4173.71794858	4223.20512814	4178.3333332	4128.33333306	4165.76923056	
4171.41025628	4113.20512793	4150.89743569	4128.9743587	4151.28205108	4191.41025628	4177.69230756	4175.89743576	4196.28205115	4171.02564089	4215.51282045	4164.48717928	4122.82051255	4154.87179467	
4161.02564082	4089.61538427	4136.15384595	4103.33333306	4156.53846133	4180.76923063	4164.35897415	4166.02564082	4191.5384614	4151.53846133	4202.43589737	4153.84615364	4111.79487152	4146.02564082	
4156.28205108	4077.94871761	4126.92307665	4102.17948684	4150.25641005	4178.3333332	4159.23076903	4156.28205108	4185.25641012	4131.79487152	4191.92307679	4146.79487159	4093.71794837	4137.05128185	
4158.33333313	4087.82051248	4132.69230742	4112.17948691	4144.61538441	4188.71794858	4167.56410236	4160.25641005	4185.76923063	4148.97435877	4197.30769217	4145.38461518	4099.87179453	4138.71794851	
4164.1025639	4099.23076889	4141.41025621	4117.94871767	4151.02564082	4191.41025628	4173.46153833	4167.3076921	4192.82051269	4169.74358961	4206.41025634	4150.89743569	4114.10256383	4146.15384595	
4171.66666653	4097.82051248	4147.17948697	4122.94871767	4151.28205108	4187.4358973	4175.51282038	4169.61538448	4197.94871781	4159.87179467	4209.87179481	4163.84615364	4118.9743587	4151.28205108	
4171.5384614	4096.28205094	4146.92307672	4120.25640998	4149.9999998	4189.61538448	4175.89743576	4167.43589723	4192.82051269	4139.74358954	4202.30769224	4166.15384595	4111.79487152	4151.15384595	
4169.35897422	4103.0769228	4146.66666646	4117.30769203	4146.92307672	4191.5384614	4175.64102551	4168.07692287	4192.82051269	4143.97435877	4200.38461525	4163.33333313	4106.92307665	4150.12820492	
4161.02564082	4087.30769196	4138.33333313	4111.41025614	4138.07692287	4183.71794858	4168.58974345	4165.64102544	4192.56410243	4150.25641005	4200.38461525	4159.35897415	4106.79487152	4143.97435877	
4128.33333306	4023.71794824	4101.53846119	4071.02564068	4125.25640998	4158.33333313	4144.23076903	4132.69230742	4163.33333313	4123.58974332	4165.64102544	4121.79487152	4077.43589709	4113.71794844	
4101.92307658	3967.17948656	4077.30769196	4036.92307651	4094.61538427	4141.15384595	4121.66666639	4103.33333306	4141.53846133	4096.92307658	4133.58974332	4084.99999966	4043.20512779	4087.56410222	
4104.10256383	3956.41025579	4085.51282017	4040.64102523	4069.7435894	4142.17948697	4118.84615357	4107.30769203	4147.43589723	4091.28205094	4143.205128	4087.30769196	4040.89743548	4086.92307658	
4106.92307665	3960.25640963	4087.69230735	4041.79487138	4081.79487145	4141.28205108	4122.94871767	4111.15384588	4145.12820492	4089.7435894	4152.43589723	4094.35897402	4043.7179483	4088.20512786	
4108.20512793	3969.61538399	4091.28205094	4043.7179483	4091.53846119	4141.92307672	4128.9743587	4114.48717921	4149.1025639	4101.15384581	4150.38461518	4098.07692273	4051.92307651	4094.35897402	
4117.56410229	3989.74358919	4103.9743587	4055.25640984	4088.33333299	4151.66666646	4137.43589723	4127.82051255	4165.38461518	4115.51282024	4157.94871774	4107.56410229	4069.6153842	4106.79487152	
4128.33333306	4015.89743541	4113.84615357	4066.28205087	4113.0769228	4161.79487159	4144.74358954	4134.99999973	4167.05128185	4119.10256383	4173.3333332	4119.23076896	4079.23076889	4114.48717921	
4141.41025621	4046.02564061	4131.15384588	4087.82051248	4134.8717946	4169.99999986	4154.9999998	4145.38461518	4171.02564089	4131.28205101	4189.87179474	4138.71794851	4089.10256376	4128.33333306	
4149.35897415	4068.84615343	4145.12820492	4103.71794844	4134.23076896	4176.92307679	4164.61538441	4160.51282031	4184.35897422	4149.61538441	4196.02564089	4150.64102544	4102.05128171	4139.35897415	
4149.61538441	4084.23076889	4145.89743569	4101.79487145	4157.43589723	4187.30769217	4173.07692294	4167.43589723	4193.71794858	4159.35897415	4197.69230756	4148.58974339	4106.15384588	4139.61538441	
4153.71794851	4097.43589709	4149.48717928	4104.61538434	4159.61538441	4195.76923063	4182.56410243	4172.56410243	4198.07692294	4159.87179467	4203.58974352	4153.205128	4106.02564075	4142.94871774	
4160.38461518	4107.56410229	4159.1025639	4118.46153819	4134.35897408	4195.12820499	4188.07692294	4180.76923063	4200.12820499	4162.82051262	4208.84615378	4166.28205108	4110.12820485	4151.02564082	
4166.15384595	4122.17948691	4168.46153833	4132.69230742	4145.76923056	4193.58974345	4187.30769217	4181.79487166	4200.76923063	4174.74358961	4220.89743583	4177.94871781	4120.89743562	4157.17948697	
4164.74358954	4129.35897408	4163.97435877	4122.43589716	4175.51282038	4196.66666653	4185.51282038	4176.66666653	4200.25641012	4178.71794858	4223.97435891	4175.51282038	4129.35897408	4156.15384595	
4163.58974339	4129.74358947	4159.23076903	4104.35897408	4190.25641012	4205.7692307	4194.35897422	4192.69230756	4215.25641019	4181.92307679	4217.94871788	4171.66666653	4129.8717946	4160.64102544	
4170.38461525	4143.97435877	4170.64102551	4126.53846126	4183.07692294	4211.41025634	4203.84615378	4210.51282045	4227.82051275	4199.74358961	4229.61538455	4182.17948704	4133.20512793	4169.87179474	
4178.97435884	4164.23076903	4182.05128192	4164.1025639	4169.48717935	4212.05128199	4204.99999993	4205.12820506	4222.82051275	4210.7692307	4247.94871795	4191.79487166	4146.53846133	4170.25641012	
4188.07692294	4176.92307679	4192.4358973	4175.25641012	4201.28205122	4220.51282045	4211.02564096	4203.71794865	4224.48717942	4198.97435884	4254.61538462	4198.71794858	4156.15384595	4173.84615371	
4193.58974345	4181.28205115	4202.17948711	4169.10256397	4222.5641025	4226.53846147	4220.51282045	4212.69230763	4236.02564103	4192.94871781	4255.0	4206.28205122	4153.205128	4181.79487166	
4194.10256397	4181.79487166	4202.30769224	4172.30769217	4183.07692294	4224.35897429	4221.28205122	4215.7692307	4233.33333327	4203.33333327	4262.6923077	4209.23076917	4156.02564082	4181.92307679	
4187.56410243	4179.74358961	4191.28205115	4174.35897422	4167.05128185	4221.92307686	4213.58974352	4211.6666666	4216.15384609	4201.53846147	4268.84615392	4202.5641025	4162.56410236	4176.28205115	
4176.79487166	4174.61538448	4176.28205115	4158.58974339	4208.4615384	4216.53846147	4205.38461532	4198.20512807	4205.64102558	4184.48717935	4259.23076923	4186.28205115	4143.58974339	4166.53846133	
4173.20512807	4164.35897415	4170.25641012	4146.53846133	4213.4615384	4204.74358968	4199.61538448	4188.46153833	4206.79487173	4184.48717935	4252.6923077	4175.38461525	4124.48717921	4157.94871774	
4162.94871774	4132.30769203	4159.48717928	4132.94871767	4143.205128	4191.41025628	4186.79487166	4179.87179474	4199.10256397	4188.97435884	4246.28205129	4163.33333313	4116.79487152	4144.9999998	
