4197.94871781	4213.4615384	4200.76923063	4231.92307686	4199.99999986	4193.46153833	4196.66666653	4186.66666653	4184.74358961	4184.10256397	4178.97435884	4186.79487166	4190.38461525	4197.94871781	
4195.25641012	4206.28205122	4194.35897422	4228.97435891	4190.64102551	4194.99999986	4191.15384602	4185.89743576	4185.38461525	4186.02564089	4181.41025628	4187.56410243	4189.48717935	4196.41025628	
4191.79487166	4203.71794865	4187.56410243	4221.79487173	4187.05128192	4187.17948704	4184.99999986	4186.92307679	4186.28205115	4184.10256397	4177.17948704	4186.41025628	4186.92307679	4197.56410243	
4188.20512807	4204.87179481	4182.17948704	4212.82051275	4190.89743576	4184.35897422	4185.64102551	4182.30769217	4182.56410243	4174.99999986	4166.02564082	4178.3333332	4181.15384602	4190.89743576	
4184.48717935	4202.69230763	4176.92307679	4210.89743583	4190.76923063	4186.02564089	4186.02564089	4172.69230756	4178.07692294	4170.51282038	4165.51282031	4171.5384614	4177.56410243	4183.20512807	
4186.79487166	4199.74358961	4179.48717935	4217.82051275	4189.74358961	4186.92307679	4184.48717935	4175.12820499	4179.87179474	4174.99999986	4169.87179474	4175.12820499	4179.48717935	4187.69230756	
4190.38461525	4200.89743576	4187.17948704	4218.07692301	4194.48717935	4192.05128192	4186.5384614	4182.56410243	4184.10256397	4182.17948704	4166.66666646	4181.92307679	4183.84615371	4193.58974345	
4193.3333332	4206.79487173	4193.46153833	4217.69230763	4199.10256397	4201.02564096	4194.74358961	4182.94871781	4185.25641012	4188.07692294	4168.58974345	4184.61538448	4188.71794858	4194.35897422	
4196.79487166	4210.64102558	4195.51282038	4226.53846147	4199.35897422	4201.02564096	4198.07692294	4183.58974345	4185.25641012	4187.94871781	4173.58974345	4187.30769217	4191.02564089	4196.79487166	
4194.2307691	4205.89743583	4191.41025628	4225.7692307	4199.48717935	4192.82051269	4188.46153833	4181.79487166	4185.76923063	4185.64102551	4172.69230756	4186.92307679	4188.20512807	4197.69230756	
4188.84615371	4203.58974352	4187.69230756	4216.53846147	4199.48717935	4186.92307679	4182.05128192	4177.30769217	4184.99999986	4186.02564089	4170.38461525	4182.30769217	4185.12820499	4194.35897422	
4189.74358961	4206.28205122	4188.58974345	4219.74358968	4196.66666653	4186.41025628	4185.89743576	4179.35897422	4185.25641012	4186.5384614	4171.15384602	4182.94871781	4187.05128192	4194.61538448	
4192.69230756	4204.48717942	4188.84615371	4224.10256404	4193.3333332	4186.02564089	4185.12820499	4182.17948704	4186.41025628	4187.69230756	4172.17948704	4184.99999986	4185.38461525	4196.15384602	
4191.41025628	4201.79487173	4192.05128192	4218.07692301	4196.02564089	4188.20512807	4183.07692294	4182.30769217	4186.5384614	4188.58974345	4171.41025628	4183.3333332	4182.56410243	4195.25641012	
4193.20512807	4205.51282045	4198.07692294	4217.43589737	4198.97435884	4189.74358961	4187.4358973	4187.30769217	4189.99999986	4188.58974345	4173.58974345	4184.2307691	4185.89743576	4197.17948704	
4193.58974345	4206.41025634	4194.35897422	4220.64102558	4194.74358961	4186.28205115	4187.94871781	4190.64102551	4190.89743576	4186.41025628	4173.58974345	4184.74358961	4187.30769217	4201.15384609	
4189.48717935	4203.20512814	4187.94871781	4216.6666666	4191.41025628	4190.12820499	4186.02564089	4189.61538448	4186.41025628	4184.99999986	4168.84615371	4183.3333332	4185.12820499	4202.05128199	
4190.38461525	4205.64102558	4188.97435884	4216.92307686	4189.87179474	4196.66666653	4187.69230756	4188.84615371	4184.10256397	4187.17948704	4169.61538448	4184.35897422	4184.2307691	4199.99999986	
4190.64102551	4206.53846147	4188.97435884	4219.35897429	4188.3333332	4191.28205115	4187.30769217	4180.89743576	4180.89743576	4184.2307691	4172.4358973	4180.51282038	4180.12820499	4194.35897422	
4182.05128192	4198.71794858	4179.99999986	4211.79487173	4188.97435884	4186.28205115	4184.61538448	4170.89743576	4172.05128192	4172.56410243	4164.61538441	4170.89743576	4172.94871781	4185.12820499	
4177.30769217	4195.38461525	4171.5384614	4201.79487173	4189.2307691	4189.99999986	4184.2307691	4168.84615371	4168.84615371	4166.92307672	4158.58974339	4167.94871774	4169.2307691	4179.87179474	
4181.02564089	4200.12820499	4169.74358961	4200.51282038	4186.79487166	4188.3333332	4182.56410243	4168.20512807	4172.17948704	4172.30769217	4164.9999998	4170.76923063	4169.87179474	4181.15384602	
4180.38461525	4201.53846147	4172.05128192	4204.74358968	4184.2307691	4182.94871781	4180.89743576	4167.17948697	4170.89743576	4173.3333332	4168.84615371	4169.87179474	4175.12820499	4179.99999986	
4179.48717935	4199.74358961	4177.69230756	4210.51282045	4187.30769217	4189.48717935	4182.94871781	4175.64102551	4175.51282038	4176.28205115	4166.66666646	4168.71794858	4179.35897422	4180.25641012	
4182.17948704	4201.41025634	4184.48717935	4215.64102558	4196.02564089	4194.99999986	4186.02564089	4185.38461525	4186.41025628	4185.89743576	4170.64102551	4171.15384602	4180.12820499	4186.28205115	
4182.94871781	4202.05128199	4186.79487166	4215.51282045	4197.30769217	4189.2307691	4189.48717935	4184.61538448	4185.51282038	4187.82051269	4176.15384602	4172.17948704	4181.79487166	4190.51282038	
4184.35897422	4201.53846147	4186.28205115	4217.69230763	4191.79487166	4190.64102551	4189.61538448	4183.97435884	4179.61538448	4184.61538448	4174.35897422	4172.69230756	4184.99999986	4193.20512807	
4188.46153833	4202.17948711	4184.99999986	4217.17948711	4190.38461525	4196.41025628	4189.87179474	4186.02564089	4181.92307679	4179.74358961	4171.66666653	4172.82051269	4185.64102551	4196.15384602	
4188.46153833	4199.99999986	4183.20512807	4205.51282045	4187.56410243	4192.05128192	4190.12820499	4184.10256397	4184.99999986	4177.56410243	4171.15384602	4170.38461525	4182.94871781	4197.4358973	
4187.4358973	4201.28205122	4184.99999986	4202.30769224	4185.89743576	4190.38461525	4189.48717935	4183.71794858	4184.2307691	4182.30769217	4172.17948704	4168.84615371	4181.02564089	4196.5384614	
4190.89743576	4206.79487173	4187.82051269	4208.84615378	4196.66666653	4201.15384609	4193.3333332	4187.82051269	4186.02564089	4186.79487166	4172.30769217	4171.02564089	4181.15384602	4196.5384614	
4190.64102551	4204.48717942	4184.87179474	4203.84615378	4200.51282038	4202.05128199	4195.76923063	4189.74358961	4186.41025628	4186.66666653	4170.51282038	4172.30769217	4177.82051269	4195.89743576	
4187.05128192	4197.94871781	4181.66666653	4196.79487166	4189.48717935	4190.12820499	4187.30769217	4184.99999986	4179.61538448	4182.82051269	4167.94871774	4171.02564089	4174.10256397	4193.07692294	
4186.66666653	4198.46153833	4182.17948704	4199.2307691	4187.94871781	4187.17948704	4180.25641012	4175.76923063	4176.66666653	4177.4358973	4166.79487159	4169.10256397	4179.10256397	4188.84615371	
4189.2307691	4200.12820499	4181.66666653	4201.41025634	4199.2307691	4187.56410243	4184.74358961	4171.92307679	4181.92307679	4176.92307679	4168.58974345	4169.61538448	4183.58974345	4188.3333332	
4192.82051269	4200.76923063	4186.02564089	4204.10256404	4201.15384609	4185.64102551	4185.89743576	4178.20512807	4184.74358961	4183.97435884	4169.61538448	4176.5384614	4181.28205115	4195.51282038	
4194.10256397	4204.87179481	4191.66666653	4205.38461532	4196.5384614	4190.12820499	4183.46153833	4182.56410243	4182.05128192	4186.41025628	4169.2307691	4183.3333332	4181.41025628	4200.89743576	
4194.87179474	4209.35897429	4192.17948704	4200.89743576	4197.69230756	4194.87179474	4185.64102551	4182.69230756	4183.58974345	4185.12820499	4176.02564089	4184.87179474	4189.87179474	4201.6666666	
4197.30769217	4208.84615378	4193.07692294	4206.92307686	4202.69230763	4190.38461525	4186.28205115	4186.28205115	4188.46153833	4189.61538448	4187.30769217	4185.89743576	4193.97435884	4205.7692307	
4196.02564089	4206.02564096	4193.46153833	4217.69230763	4199.61538448	4183.71794858	4184.10256397	4187.56410243	4187.05128192	4191.02564089	4189.48717935	4187.30769217	4189.87179474	4210.12820506	
4192.05128192	4206.53846147	4193.46153833	4215.12820506	4190.89743576	4184.48717935	4185.38461525	4185.12820499	4185.12820499	4186.5384614	4184.87179474	4186.02564089	4191.79487166	4208.4615384	
4194.48717935	4208.4615384	4196.5384614	4209.61538455	4192.94871781	4190.25641012	4188.46153833	4187.30769217	4187.56410243	4190.76923063	4184.2307691	4185.38461525	4197.4358973	4206.02564096	
4198.71794858	4207.05128199	4197.4358973	4210.38461532	4202.43589737	4198.3333332	4191.5384614	4190.25641012	4188.3333332	4198.3333332	4186.66666653	4187.56410243	4192.69230756	4208.58974352	
4192.94871781	4203.97435891	4189.61538448	4207.17948711	4204.35897429	4201.92307686	4195.38461525	4187.56410243	4185.12820499	4193.20512807	4182.56410243	4184.10256397	4184.61538448	4205.64102558	
4185.89743576	4202.30769224	4184.48717935	4199.87179474	4201.28205122	4196.92307679	4194.61538448	4184.87179474	4182.94871781	4184.48717935	4172.05128192	4174.48717935	4185.76923063	4195.51282038	
4189.2307691	4202.69230763	4186.66666653	4197.69230756	4199.10256397	4195.76923063	4195.12820499	4186.41025628	4185.76923063	4186.92307679	4166.79487159	4170.12820499	4185.76923063	4193.58974345	
4190.51282038	4202.05128199	4186.66666653	4198.20512807	4197.94871781	4201.15384609	4196.5384614	4185.76923063	4187.30769217	4188.71794858	4171.02564089	4171.79487166	4182.05128192	4195.76923063	
4182.4358973	4197.94871781	4183.71794858	4201.41025634	4197.94871781	4197.94871781	4189.74358961	4181.92307679	4184.35897422	4182.94871781	4170.76923063	4171.92307679	4184.35897422	4191.28205115	
4183.46153833	4199.2307691	4182.94871781	4201.41025634	4197.69230756	4188.20512807	4185.89743576	4181.28205115	4186.15384602	4184.87179474	4168.07692287	4175.38461525	4186.66666653	4192.56410243	
4196.41025628	4206.6666666	4192.94871781	4198.58974345	4196.5384614	4189.99999986	4195.51282038	4187.05128192	4195.64102551	4196.79487166	4177.05128192	4184.2307691	4187.4358973	4203.07692301	
4201.6666666	4208.84615378	4203.84615378	4206.28205122	4199.2307691	4199.74358961	4202.43589737	4196.28205115	4201.79487173	4203.84615378	4188.07692294	4187.82051269	4192.82051269	4210.25641019	
4203.20512814	4210.7692307	4204.99999993	4218.71794865	4203.33333327	4201.79487173	4201.28205122	4201.92307686	4201.28205122	4202.82051275	4189.35897422	4188.07692294	4199.35897422	4216.02564096	
4206.28205122	4215.51282045	4202.94871788	4214.48717942	4203.20512814	4201.53846147	4202.30769224	4201.92307686	4199.87179474	4202.17948711	4187.05128192	4190.12820499	4197.82051269	4219.35897429	
4202.69230763	4217.43589737	4202.05128199	4204.10256404	4202.17948711	4203.58974352	4201.53846147	4200.12820499	4199.74358961	4198.97435884	4184.74358961	4189.87179474	4193.84615371	4214.61538455	
4201.53846147	4217.43589737	4202.17948711	4210.89743583	4204.99999993	4201.92307686	4198.46153833	4200.64102551	4201.15384609	4194.87179474	4183.97435884	4188.07692294	4201.02564096	4212.05128199	
4200.25641012	4214.87179481	4202.17948711	4213.97435891	4204.35897429	4198.97435884	4196.41025628	4201.41025634	4198.20512807	4195.64102551	4186.28205115	4187.94871781	4203.20512814	4212.05128199	
4192.05128192	4206.6666666	4200.12820499	4201.02564096	4198.46153833	4196.5384614	4195.51282038	4196.79487166	4191.79487166	4194.10256397	4184.61538448	4188.58974345	4189.10256397	4207.05128199	
4190.12820499	4203.07692301	4197.82051269	4197.30769217	4196.5384614	4197.69230756	4199.48717935	4195.12820499	4193.58974345	4192.56410243	4181.41025628	4189.10256397	4181.66666653	4206.53846147	
4197.30769217	4206.53846147	4199.74358961	4200.51282038	4200.38461525	4202.94871788	4202.43589737	4201.15384609	4200.64102551	4199.10256397	4185.64102551	4189.99999986	4187.05128192	4212.30769224	
4201.6666666	4208.20512814	4201.79487173	4202.17948711	4201.92307686	4203.71794865	4200.64102551	4202.30769224	4201.41025634	4204.48717942	4189.2307691	4191.02564089	4188.20512807	4213.84615378	
4198.07692294	4205.89743583	4201.6666666	4209.10256404	4200.12820499	4200.89743576	4202.43589737	4193.71794858	4197.4358973	4200.12820499	4186.15384602	4191.41025628	4184.35897422	4211.79487173	
4192.56410243	4203.71794865	4199.74358961	4211.92307686	4197.82051269	4197.82051269	4201.15384609	4187.30769217	4190.25641012	4191.79487166	4183.46153833	4187.4358973	4179.61538448	4208.20512814	
4191.5384614	4206.79487173	4198.84615371	4208.4615384	4196.92307679	4191.15384602	4190.64102551	4184.48717935	4182.94871781	4186.02564089	4185.38461525	4184.61538448	4174.87179474	4205.89743583	
4195.38461525	4210.51282045	4202.05128199	4211.02564096	4199.74358961	4185.76923063	4192.17948704	4184.74358961	4183.58974345	4186.92307679	4187.30769217	4191.66666653	4177.30769217	4209.23076917	
4197.82051269	4207.17948711	4204.35897429	4212.17948711	4201.15384609	4192.05128192	4197.82051269	4185.89743576	4188.07692294	4189.48717935	4186.15384602	4194.10256397	4184.10256397	4210.38461532	
4196.41025628	4204.74358968	4201.79487173	4207.82051275	4200.25641012	4198.97435884	4191.92307679	4185.25641012	4187.17948704	4187.17948704	4184.74358961	4188.07692294	4183.58974345	4208.97435891	
4198.07692294	4208.4615384	4199.99999986	4209.35897429	4201.79487173	4196.15384602	4191.79487166	4191.41025628	4187.82051269	4187.05128192	4184.99999986	4186.02564089	4181.41025628	4210.7692307	
4198.71794858	4209.23076917	4198.97435884	4213.33333327	4203.07692301	4197.69230756	4199.10256397	4195.25641012	4194.10256397	4194.35897422	4185.25641012	4186.28205115	4183.20512807	4207.82051275	
4192.94871781	4202.94871788	4192.17948704	4210.89743583	4200.64102551	4199.35897422	4198.20512807	4189.35897422	4196.02564089	4198.84615371	4185.64102551	4183.58974345	4184.87179474	4203.33333327	
4189.99999986	4201.15384609	4186.66666653	4206.02564096	4197.82051269	4191.15384602	4191.92307679	4190.25641012	4196.02564089	4192.4358973	4186.79487166	4180.76923063	4187.05128192	4206.02564096	
4193.46153833	4202.17948711	4186.79487166	4201.02564096	4197.56410243	4188.84615371	4193.97435884	4197.94871781	4197.56410243	4186.79487166	4181.41025628	4174.99999986	4184.35897422	4205.89743583	
4196.79487166	4200.76923063	4184.48717935	4198.71794858	4197.4358973	4198.07692294	4197.4358973	4191.92307679	4190.89743576	4184.48717935	4170.38461525	4168.3333332	4178.46153833	4200.25641012	
4195.76923063	4202.17948711	4186.79487166	4196.41025628	4198.46153833	4201.41025634	4197.05128192	4183.46153833	4180.25641012	4176.92307679	4166.66666646	4172.69230756	4178.84615371	4200.76923063	
4195.64102551	4207.17948711	4198.07692294	4198.46153833	4201.79487173	4201.79487173	4201.41025634	4194.87179474	4184.74358961	4177.56410243	4173.71794858	4183.46153833	4184.87179474	4206.79487173	
4201.41025634	4210.51282045	4204.10256404	4207.69230763	4203.33333327	4206.41025634	4209.61538455	4207.05128199	4201.41025634	4194.74358961	4185.89743576	4189.2307691	4192.94871781	4214.35897429	
4202.5641025	4210.64102558	4199.87179474	4213.33333327	4202.5641025	4204.48717942	4209.35897429	4206.28205122	4208.71794865	4205.12820506	4194.99999986	4188.58974345	4199.74358961	4218.33333327	
4197.56410243	4211.53846147	4200.76923063	4212.30769224	4203.33333327	4199.48717935	4200.12820499	4202.69230763	4203.4615384	4201.02564096	4196.28205115	4189.87179474	4202.43589737	4214.61538455	
4199.74358961	4212.43589737	4210.38461532	4213.33333327	4203.20512814	4201.02564096	4198.84615371	4204.35897429	4207.17948711	4202.43589737	4196.15384602	4196.92307679	4201.92307686	4214.87179481	
4205.64102558	4211.28205122	4214.10256404	4217.17948711	4205.51282045	4201.02564096	4202.43589737	4205.89743583	4215.64102558	4206.92307686	4198.97435884	4199.74358961	4200.38461525	4220.7692307	
4208.58974352	4213.07692301	4214.10256404	4218.71794865	4211.53846147	4200.89743576	4202.5641025	4203.97435891	4211.02564096	4206.53846147	4201.6666666	4197.30769217	4200.76923063	4222.30769224	
4207.5641025	4212.05128199	4212.94871788	4215.25641019	4211.15384609	4201.41025634	4196.15384602	4201.41025634	4201.92307686	4201.6666666	4198.3333332	4196.02564089	4199.87179474	4218.4615384	
4201.28205122	4205.38461532	4204.74358968	4204.87179481	4201.28205122	4195.89743576	4186.66666653	4193.84615371	4194.99999986	4188.07692294	4187.17948704	4188.58974345	4191.02564089	4208.20512814	
4199.61538448	4206.53846147	4197.05128192	4200.76923063	4200.12820499	4192.94871781	4191.15384602	4190.38461525	4189.10256397	4182.30769217	4180.51282038	4181.5384614	4182.94871781	4205.7692307	
4207.43589737	4214.48717942	4203.58974352	4212.05128199	4209.35897429	4201.15384609	4201.92307686	4198.20512807	4194.10256397	4196.02564089	4189.10256397	4192.05128192	4190.89743576	4218.4615384	
4213.33333327	4215.64102558	4214.23076917	4218.07692301	4207.69230763	4205.89743583	4202.17948711	4208.33333327	4210.12820506	4203.33333327	4200.64102551	4202.5641025	4199.35897422	4223.71794865	
4210.7692307	4212.94871788	4214.35897429	4213.84615378	4200.89743576	4201.28205122	4198.71794858	4212.30769224	4214.35897429	4201.6666666	4200.38461525	4199.87179474	4199.2307691	4220.89743583	
4212.43589737	4216.15384609	4217.43589737	4218.4615384	4207.69230763	4204.99999993	4205.89743583	4217.82051275	4214.74358968	4212.17948711	4201.92307686	4205.7692307	4207.05128199	4229.99999993	
4220.38461532	4219.61538455	4224.74358968	4223.4615384	4218.20512814	4217.30769224	4214.87179481	4226.41025634	4224.61538455	4222.5641025	4213.84615378	4218.84615378	4219.35897429	4242.05128206	
4220.12820506	4214.99999993	4221.02564096	4217.82051275	4216.41025634	4216.41025634	4212.82051275	4222.94871788	4225.25641019	4217.82051275	4217.05128199	4214.35897429	4219.23076917	4239.10256411	
4212.30769224	4211.41025634	4213.20512814	4216.41025634	4210.12820506	4204.48717942	4206.53846147	4214.48717942	4216.92307686	4211.6666666	4206.15384609	4206.15384609	4213.4615384	4231.6666666	
4210.12820506	4212.05128199	4215.64102558	4220.89743583	4208.71794865	4201.41025634	4206.28205122	4214.23076917	4211.79487173	4207.69230763	4200.12820499	4209.10256404	4211.92307686	4229.61538455	
4209.61538455	4208.84615378	4215.89743583	4217.05128199	4204.99999993	4205.51282045	4203.97435891	4211.79487173	4207.82051275	4201.6666666	4203.07692301	4207.5641025	4206.92307686	4226.28205122	
4207.17948711	4204.87179481	4205.12820506	4206.28205122	4201.53846147	4201.41025634	4197.94871781	4202.82051275	4200.64102551	4199.48717935	4200.38461525	4200.51282038	4199.61538448	4219.99999993	
4206.79487173	4207.30769224	4201.41025634	4200.89743576	4201.15384609	4198.3333332	4198.58974345	4199.48717935	4198.71794858	4195.64102551	4194.48717935	4197.05128192	4198.20512807	4213.71794865	
4202.69230763	4207.5641025	4203.97435891	4201.15384609	4200.51282038	4200.25641012	4199.99999986	4200.76923063	4198.97435884	4188.46153833	4194.35897422	4194.48717935	4198.58974345	4209.23076917	
4199.10256397	4203.33333327	4200.12820499	4203.71794865	4200.89743576	4200.64102551	4199.74358961	4202.5641025	4198.20512807	4191.15384602	4198.3333332	4194.2307691	4198.3333332	4210.25641019	
4203.33333327	4204.23076917	4200.89743576	4204.10256404	4201.41025634	4200.25641012	4202.5641025	4203.07692301	4202.30769224	4201.02564096	4201.53846147	4199.35897422	4199.61538448	4213.33333327	
4201.92307686	4204.48717942	4203.20512814	4199.10256397	4199.99999986	4195.89743576	4201.6666666	4198.97435884	4202.05128199	4202.43589737	4199.99999986	4197.56410243	4201.41025634	4211.41025634	
4193.71794858	4198.3333332	4193.20512807	4196.92307679	4197.82051269	4192.30769217	4199.74358961	4197.69230756	4198.97435884	4199.2307691	4192.56410243	4189.74358961	4201.92307686	4203.84615378	
4194.99999986	4196.66666653	4189.10256397	4200.64102551	4196.92307679	4196.41025628	4200.25641012	4202.30769224	4203.58974352	4202.30769224	4188.58974345	4187.17948704	4201.53846147	4203.20512814	
4201.41025634	4199.61538448	4196.92307679	4202.17948711	4198.58974345	4200.76923063	4201.53846147	4202.17948711	4206.79487173	4202.69230763	4190.89743576	4187.05128192	4200.51282038	4208.20512814	
4201.79487173	4199.48717935	4199.2307691	4200.12820499	4201.02564096	4200.38461525	4200.51282038	4200.12820499	4203.07692301	4199.10256397	4192.17948704	4186.5384614	4199.99999986	4209.35897429	
4200.38461525	4200.76923063	4198.07692294	4199.99999986	4200.12820499	4201.79487173	4200.51282038	4201.92307686	4201.79487173	4200.12820499	4194.10256397	4188.46153833	4200.25641012	4208.20512814	
4199.35897422	4202.69230763	4195.89743576	4200.76923063	4198.07692294	4202.30769224	4200.38461525	4202.43589737	4204.74358968	4201.92307686	4197.82051269	4187.56410243	4199.35897422	4206.41025634	
4200.25641012	4200.89743576	4194.2307691	4201.53846147	4199.35897422	4200.51282038	4199.61538448	4204.10256404	4204.87179481	4202.82051275	4199.74358961	4187.05128192	4199.35897422	4206.6666666	
4205.38461532	4201.28205122	4198.84615371	4201.41025634	4200.76923063	4202.69230763	4201.15384609	4208.4615384	4204.35897429	4203.58974352	4200.89743576	4193.3333332	4202.05128199	4210.89743583	
4204.74358968	4202.17948711	4200.38461525	4199.87179474	4199.74358961	4203.84615378	4202.30769224	4206.92307686	4204.87179481	4204.61538455	4199.48717935	4194.48717935	4202.94871788	4212.69230763	
4196.5384614	4202.69230763	4194.2307691	4198.71794858	4200.38461525	4202.05128199	4200.25641012	4200.89743576	4202.17948711	4202.69230763	4194.48717935	4187.69230756	4200.89743576	4209.35897429	
4193.71794858	4203.33333327	4191.28205115	4198.84615371	4201.92307686	4198.71794858	4198.20512807	4197.17948704	4196.66666653	4197.4358973	4191.5384614	4182.56410243	4200.64102551	4204.48717942	
4196.92307679	4203.33333327	4193.3333332	4200.12820499	4201.92307686	4201.41025634	4201.02564096	4197.69230756	4195.38461525	4200.12820499	4196.92307679	4187.82051269	4202.30769224	4205.38461532	
4199.48717935	4204.74358968	4196.79487166	4200.64102551	4201.28205122	4208.97435891	4204.35897429	4200.76923063	4201.6666666	4206.41025634	4200.64102551	4195.76923063	4203.4615384	4209.48717942	
4198.71794858	4204.35897429	4200.51282038	4199.61538448	4199.87179474	4206.6666666	4201.6666666	4202.82051275	4203.97435891	4203.4615384	4200.89743576	4192.05128192	4203.71794865	4210.25641019	
4200.38461525	4202.17948711	4200.25641012	4202.30769224	4200.51282038	4198.97435884	4199.87179474	4202.94871788	4201.92307686	4203.58974352	4203.07692301	4188.71794858	4203.07692301	4210.64102558	
4205.7692307	4204.87179481	4201.6666666	4207.43589737	4203.07692301	4200.64102551	4201.92307686	4204.87179481	4208.4615384	4217.05128199	4205.7692307	4197.4358973	4202.69230763	4215.51282045	
4206.53846147	4208.71794865	4204.87179481	4207.43589737	4201.92307686	4203.58974352	4203.20512814	4205.12820506	4212.94871788	4218.97435891	4204.74358968	4204.99999993	4204.23076917	4219.99999993	
4202.94871788	4206.02564096	4202.5641025	4205.64102558	4197.94871781	4199.61538448	4200.76923063	4200.89743576	4205.7692307	4209.48717942	4202.5641025	4200.25641012	4204.61538455	4217.82051275	
4198.3333332	4200.64102551	4200.76923063	4203.33333327	4197.05128192	4198.07692294	4196.28205115	4198.97435884	4202.30769224	4209.10256404	4200.64102551	4194.35897422	4200.76923063	4213.58974352	
4197.30769217	4199.99999986	4199.87179474	4197.30769217	4198.46153833	4199.35897422	4195.38461525	4200.76923063	4204.87179481	4207.43589737	4196.92307679	4194.2307691	4198.07692294	4211.92307686	
4198.3333332	4198.58974345	4198.84615371	4195.51282038	4198.97435884	4199.48717935	4197.30769217	4194.61538448	4201.53846147	4199.87179474	4196.28205115	4193.97435884	4198.46153833	4210.38461532	
4196.02564089	4194.35897422	4198.71794858	4200.12820499	4201.41025634	4202.30769224	4197.94871781	4186.66666653	4198.07692294	4197.82051269	4199.48717935	4194.35897422	4198.46153833	4208.71794865	
4193.97435884	4196.15384602	4197.56410243	4203.71794865	4203.33333327	4205.12820506	4198.58974345	4192.30769217	4202.43589737	4201.41025634	4201.28205122	4196.66666653	4200.76923063	4208.84615378	
4194.2307691	4201.15384609	4195.38461525	4202.69230763	4202.43589737	4203.07692301	4200.76923063	4201.15384609	4203.33333327	4203.4615384	4197.30769217	4198.07692294	4199.87179474	4207.82051275	
4198.58974345	4201.41025634	4198.3333332	4199.35897422	4202.94871788	4201.02564096	4202.05128199	4201.6666666	4201.53846147	4204.87179481	4196.02564089	4198.07692294	4199.74358961	4210.38461532	
4204.99999993	4200.89743576	4204.61538455	4201.28205122	4205.12820506	4202.69230763	4202.05128199	4201.28205122	4208.97435891	4212.69230763	4206.6666666	4204.87179481	4208.07692301	4221.28205122	
4207.17948711	4204.48717942	4207.30769224	4203.58974352	4203.4615384	4203.20512814	4202.94871788	4205.38461532	4218.20512814	4224.10256404	4218.4615384	4215.12820506	4216.02564096	4226.28205122	
4207.82051275	4207.43589737	4211.53846147	4203.58974352	4199.2307691	4201.53846147	4202.05128199	4207.82051275	4217.17948711	4233.4615384	4225.38461532	4217.69230763	4217.05128199	4225.12820506	
4210.25641019	4205.25641019	4215.7692307	4206.02564096	4198.20512807	4201.15384609	4198.97435884	4206.41025634	4211.28205122	4230.89743583	4229.74358968	4215.12820506	4216.79487173	4228.20512814	
4212.5641025	4205.38461532	4218.84615378	4210.12820506	4201.53846147	4201.79487173	4199.74358961	4204.99999993	4215.51282045	4221.6666666	4232.43589737	4218.71794865	4220.25641019	4231.79487173	
4212.5641025	4208.71794865	4224.48717942	4214.74358968	4204.10256404	4201.41025634	4200.76923063	4203.71794865	4217.30769224	4217.94871788	4232.17948711	4225.89743583	4221.41025634	4230.7692307	
4212.17948711	4208.4615384	4225.89743583	4214.87179481	4202.17948711	4200.76923063	4197.17948704	4200.89743576	4207.05128199	4219.10256404	4228.07692301	4226.15384609	4218.4615384	4228.71794865	
4211.28205122	4206.6666666	4219.23076917	4208.71794865	4199.10256397	4198.46153833	4194.99999986	4197.94871781	4200.25641012	4216.6666666	4219.61538455	4221.79487173	4215.12820506	4224.99999993	
4208.71794865	4207.17948711	4216.53846147	4203.71794865	4198.71794858	4199.2307691	4198.3333332	4198.58974345	4202.30769224	4212.69230763	4216.15384609	4219.99999993	4211.79487173	4220.89743583	
4208.07692301	4208.20512814	4220.38461532	4206.15384609	4201.15384609	4203.20512814	4202.05128199	4200.51282038	4204.87179481	4213.4615384	4220.38461532	4222.05128199	4212.30769224	4222.43589737	
4210.89743583	4206.53846147	4217.82051275	4205.38461532	4203.97435891	4203.58974352	4200.64102551	4200.64102551	4202.30769224	4212.43589737	4219.74358968	4222.30769224	4212.43589737	4224.10256404	
4210.25641019	4205.51282045	4216.92307686	4201.6666666	4204.87179481	4204.35897429	4201.28205122	4201.41025634	4199.74358961	4210.64102558	4216.53846147	4220.38461532	4210.38461532	4223.07692301	
4204.87179481	4203.97435891	4218.20512814	4202.17948711	4204.10256404	4207.69230763	4205.64102558	4203.20512814	4201.02564096	4212.05128199	4212.30769224	4217.82051275	4206.53846147	4220.89743583	
4203.58974352	4199.2307691	4207.30769224	4196.02564089	4203.58974352	4204.87179481	4204.61538455	4205.12820506	4205.25641019	4212.30769224	4205.51282045	4213.97435891	4202.43589737	4215.7692307	
4203.71794865	4195.51282038	4197.17948704	4188.07692294	4197.82051269	4199.99999986	4199.35897422	4204.10256404	4206.6666666	4212.43589737	4204.10256404	4207.17948711	4203.4615384	4212.43589737	
4199.99999986	4195.38461525	4199.48717935	4185.76923063	4190.38461525	4201.02564096	4199.10256397	4201.41025634	4203.71794865	4215.64102558	4205.12820506	4199.99999986	4206.28205122	4212.5641025	
4198.46153833	4196.92307679	4197.4358973	4184.2307691	4192.69230756	4200.76923063	4201.02564096	4201.92307686	4203.84615378	4214.23076917	4201.6666666	4200.12820499	4205.38461532	4209.23076917	
4199.61538448	4194.35897422	4190.38461525	4184.99999986	4198.84615371	4198.97435884	4201.6666666	4201.92307686	4204.99999993	4204.74358968	4199.99999986	4199.48717935	4200.76923063	4204.61538455	
4198.97435884	4191.92307679	4192.94871781	4186.41025628	4199.2307691	4202.17948711	4202.94871788	4199.74358961	4204.61538455	4203.71794865	4200.12820499	4196.92307679	4198.46153833	4206.53846147	
4199.2307691	4196.66666653	4199.74358961	4186.41025628	4200.38461525	4204.23076917	4207.5641025	4201.92307686	4206.92307686	4213.71794865	4198.71794858	4198.97435884	4200.12820499	4209.87179481	
4202.69230763	4199.87179474	4201.92307686	4187.30769217	4201.6666666	4204.74358968	4211.28205122	4204.61538455	4209.74358968	4213.71794865	4201.92307686	4201.41025634	4203.58974352	4208.84615378	
4199.61538448	4191.28205115	4194.74358961	4186.79487166	4193.97435884	4200.64102551	4204.35897429	4201.02564096	4205.89743583	4202.82051275	4204.35897429	4200.38461525	4203.58974352	4205.12820506	
4191.15384602	4184.74358961	4186.41025628	4180.51282038	4186.92307679	4192.17948704	4194.61538448	4197.05128192	4201.15384609	4200.38461525	4201.28205122	4198.58974345	4199.48717935	4202.30769224	
4190.25641012	4189.87179474	4189.2307691	4177.94871781	4188.07692294	4189.10256397	4197.4358973	4199.10256397	4201.28205122	4205.7692307	4201.79487173	4200.64102551	4201.02564096	4204.10256404	
4194.61538448	4191.66666653	4192.05128192	4182.69230756	4187.56410243	4187.30769217	4201.6666666	4200.51282038	4201.41025634	4203.58974352	4204.99999993	4202.30769224	4203.33333327	4206.02564096	
4196.28205115	4191.79487166	4190.38461525	4186.28205115	4187.30769217	4183.20512807	4197.82051269	4199.87179474	4201.79487173	4198.58974345	4200.38461525	4200.51282038	4199.87179474	4204.74358968	
4199.35897422	4197.56410243	4193.3333332	4188.84615371	4191.15384602	4185.89743576	4197.30769217	4201.6666666	4203.71794865	4205.12820506	4198.46153833	4200.12820499	4199.2307691	4206.02564096	
4202.94871788	4198.97435884	4199.2307691	4188.20512807	4191.5384614	4191.5384614	4202.17948711	4202.69230763	4202.17948711	4213.07692301	4209.99999993	4202.82051275	4202.5641025	4207.43589737	
4201.92307686	4195.76923063	4195.64102551	4183.97435884	4186.5384614	4188.71794858	4201.15384609	4198.97435884	4199.10256397	4207.82051275	4214.99999993	4202.30769224	4201.28205122	4204.99999993	
4200.51282038	4193.3333332	4189.35897422	4182.69230756	4185.12820499	4183.84615371	4196.02564089	4196.28205115	4197.82051269	4197.82051269	4204.74358968	4197.69230756	4193.71794858	4204.74358968	
4201.6666666	4193.46153833	4192.05128192	4184.35897422	4187.4358973	4189.35897422	4195.64102551	4198.07692294	4196.15384602	4199.2307691	4199.10256397	4198.58974345	4193.84615371	4208.33333327	
4203.07692301	4193.97435884	4196.5384614	4186.92307679	4186.02564089	4198.20512807	4200.89743576	4198.20512807	4196.92307679	4202.43589737	4207.05128199	4202.94871788	4199.87179474	4210.12820506	
4204.61538455	4192.82051269	4195.89743576	4186.5384614	4186.79487166	4200.51282038	4204.23076917	4200.12820499	4200.76923063	4202.17948711	4215.25641019	4202.94871788	4201.6666666	4209.61538455	
4206.41025634	4194.61538448	4196.66666653	4187.30769217	4194.2307691	4198.58974345	4203.97435891	4206.6666666	4203.71794865	4207.17948711	4216.53846147	4205.7692307	4206.15384609	4214.74358968	
4207.05128199	4199.10256397	4204.74358968	4193.58974345	4199.99999986	4200.89743576	4200.51282038	4211.02564096	4204.74358968	4215.89743583	4218.20512814	4213.07692301	4214.99999993	4222.05128199	
4207.05128199	4199.99999986	4206.79487173	4193.97435884	4199.35897422	4202.69230763	4196.41025628	4209.35897429	4202.82051275	4220.38461532	4221.53846147	4217.05128199	4218.4615384	4222.82051275	
4206.02564096	4198.20512807	4202.69230763	4186.92307679	4198.46153833	4199.10256397	4196.15384602	4207.30769224	4203.97435891	4218.07692301	4222.17948711	4217.43589737	4214.23076917	4224.23076917	
4203.33333327	4197.17948704	4201.6666666	4184.2307691	4202.69230763	4197.69230756	4199.2307691	4206.53846147	4209.10256404	4216.15384609	4218.71794865	4217.69230763	4211.02564096	4223.4615384	
4203.20512814	4196.15384602	4201.41025634	4186.15384602	4196.02564089	4198.46153833	4198.84615371	4203.58974352	4207.5641025	4216.02564096	4216.28205122	4216.02564096	4207.94871788	4214.48717942	
4203.33333327	4194.2307691	4197.69230756	4183.3333332	4187.94871781	4199.74358961	4199.99999986	4203.4615384	4202.69230763	4212.69230763	4213.71794865	4213.20512814	4204.87179481	4208.97435891	
4196.79487166	4188.84615371	4188.46153833	4175.76923063	4194.10256397	4197.4358973	4203.20512814	4203.84615378	4200.51282038	4205.64102558	4205.51282045	4206.28205122	4202.5641025	4208.71794865	
4190.76923063	4183.07692294	4183.58974345	4168.97435884	4196.92307679	4191.02564089	4196.66666653	4197.82051269	4197.05128192	4198.3333332	4199.74358961	4196.79487166	4195.76923063	4205.38461532	
4192.05128192	4182.56410243	4185.51282038	4168.71794858	4190.76923063	4187.94871781	4188.84615371	4194.87179474	4196.02564089	4198.58974345	4201.79487173	4197.17948704	4193.20512807	4203.20512814	
4194.74358961	4184.48717935	4187.05128192	4174.35897422	4189.61538448	4188.07692294	4189.2307691	4195.89743576	4199.87179474	4200.38461525	4201.41025634	4203.84615378	4197.4358973	4204.99999993	
4194.10256397	4186.5384614	4186.79487166	4173.97435884	4191.15384602	4188.84615371	4190.38461525	4190.76923063	4198.3333332	4199.99999986	4199.48717935	4203.20512814	4201.79487173	4204.35897429	
4193.46153833	4187.4358973	4187.05128192	4171.02564089	4186.15384602	4188.3333332	4186.66666653	4186.02564089	4194.10256397	4200.64102551	4201.15384609	4202.17948711	4202.43589737	4201.28205122	
4197.17948704	4187.4358973	4189.48717935	4176.92307679	4186.02564089	4186.28205115	4187.17948704	4192.05128192	4198.58974345	4202.94871788	4203.4615384	4207.17948711	4200.51282038	4204.35897429	
4196.5384614	4188.3333332	4189.99999986	4183.07692294	4190.38461525	4185.89743576	4189.10256397	4194.10256397	4199.99999986	4201.6666666	4204.48717942	4207.05128199	4201.15384609	4207.94871788	
4190.64102551	4186.02564089	4186.92307679	4177.82051269	4187.56410243	4187.56410243	4185.51282038	4188.84615371	4193.58974345	4197.30769217	4202.82051275	4201.41025634	4201.02564096	4202.43589737	
4190.51282038	4180.51282038	4183.97435884	4167.43589723	4185.51282038	4185.64102551	4182.56410243	4186.79487166	4188.07692294	4194.48717935	4199.48717935	4200.51282038	4197.05128192	4194.35897422	
4191.66666653	4179.35897422	4184.87179474	4166.28205108	4186.5384614	4181.02564089	4187.82051269	4190.12820499	4186.28205115	4192.05128192	4198.58974345	4201.92307686	4193.46153833	4195.76923063	
4189.99999986	4184.35897422	4189.74358961	4176.66666653	4187.69230756	4182.94871781	4192.94871781	4195.64102551	4190.64102551	4193.84615371	4202.5641025	4200.25641012	4196.41025628	4201.6666666	
4191.02564089	4188.20512807	4195.25641012	4185.38461525	4187.56410243	4188.46153833	4192.17948704	4199.87179474	4198.20512807	4200.25641012	4208.20512814	4202.30769224	4202.17948711	4204.48717942	
4195.38461525	4188.07692294	4197.82051269	4180.89743576	4188.3333332	4189.48717935	4193.84615371	4199.74358961	4198.20512807	4198.97435884	4207.30769224	4207.05128199	4203.07692301	4206.6666666	
4195.89743576	4186.5384614	4197.56410243	4174.61538448	4190.12820499	4186.28205115	4195.38461525	4199.10256397	4193.46153833	4191.79487166	4201.6666666	4206.15384609	4200.64102551	4205.64102558	
4195.38461525	4186.41025628	4197.82051269	4176.66666653	4189.48717935	4189.87179474	4193.97435884	4199.61538448	4198.84615371	4195.76923063	4202.30769224	4206.41025634	4203.07692301	4205.25641019	
4198.58974345	4188.58974345	4197.4358973	4180.38461525	4187.4358973	4199.74358961	4198.46153833	4200.76923063	4203.20512814	4202.43589737	4205.12820506	4207.69230763	4207.94871788	4208.07692301	
4199.74358961	4190.25641012	4196.41025628	4181.92307679	4188.58974345	4203.84615378	4205.25641019	4208.07692301	4200.89743576	4199.61538448	4204.74358968	4209.87179481	4206.41025634	4207.43589737	
4199.48717935	4191.5384614	4200.25641012	4186.02564089	4194.35897422	4201.41025634	4203.4615384	4217.30769224	4208.58974352	4204.48717942	4207.94871788	4215.12820506	4206.53846147	4210.89743583	
4204.99999993	4194.48717935	4205.7692307	4192.82051269	4198.20512807	4199.87179474	4200.25641012	4219.35897429	4219.74358968	4217.30769224	4217.30769224	4219.61538455	4214.87179481	4222.05128199	
4211.15384609	4197.94871781	4209.61538455	4195.12820499	4199.87179474	4201.28205122	4202.5641025	4218.07692301	4219.61538455	4219.48717942	4224.35897429	4220.12820506	4218.4615384	4226.02564096	
4209.61538455	4197.56410243	4209.35897429	4191.15384602	4202.30769224	4204.61538455	4201.92307686	4212.5641025	4210.89743583	4214.48717942	4223.20512814	4219.23076917	4214.23076917	4220.38461532	
4206.92307686	4195.25641012	4207.05128199	4187.94871781	4200.89743576	4204.35897429	4199.48717935	4203.33333327	4202.94871788	4210.89743583	4216.02564096	4218.20512814	4210.64102558	4218.07692301	
4208.4615384	4193.3333332	4205.38461532	4189.10256397	4196.66666653	4199.87179474	4197.05128192	4199.35897422	4198.71794858	4202.69230763	4213.58974352	4215.51282045	4209.10256404	4214.10256404	
4206.15384609	4192.05128192	4202.5641025	4193.07692294	4196.28205115	4200.38461525	4198.97435884	4202.30769224	4199.2307691	4202.05128199	4216.92307686	4217.05128199	4210.7692307	4211.79487173	
4203.97435891	4194.61538448	4202.5641025	4198.3333332	4199.99999986	4202.30769224	4202.30769224	4202.17948711	4201.28205122	4210.64102558	4217.82051275	4219.74358968	4217.30769224	4218.07692301	
4208.4615384	4196.41025628	4208.33333327	4201.53846147	4201.02564096	4200.76923063	4201.79487173	4198.84615371	4200.51282038	4209.23076917	4217.17948711	4219.35897429	4216.79487173	4220.7692307	
4209.48717942	4192.69230756	4209.23076917	4201.79487173	4199.35897422	4201.53846147	4201.28205122	4198.58974345	4201.79487173	4203.97435891	4215.7692307	4216.92307686	4208.97435891	4216.6666666	
4206.6666666	4193.58974345	4204.35897429	4198.84615371	4199.2307691	4204.48717942	4201.28205122	4199.74358961	4202.30769224	4205.51282045	4212.30769224	4218.33333327	4208.84615378	4216.28205122	
4210.12820506	4198.71794858	4206.15384609	4191.41025628	4200.12820499	4202.69230763	4201.79487173	4198.97435884	4200.25641012	4205.38461532	4213.4615384	4222.30769224	4212.05128199	4218.97435891	
4212.30769224	4197.17948704	4213.84615378	4191.66666653	4199.48717935	4200.38461525	4202.82051275	4196.79487166	4199.87179474	4201.28205122	4216.79487173	4222.5641025	4209.10256404	4220.38461532	
4210.25641019	4197.30769217	4215.12820506	4202.5641025	4200.89743576	4203.33333327	4204.35897429	4199.61538448	4201.79487173	4203.20512814	4217.17948711	4223.58974352	4206.28205122	4224.10256404	
4209.74358968	4200.51282038	4207.30769224	4197.30769217	4204.10256404	4203.58974352	4201.02564096	4203.58974352	4202.30769224	4206.41025634	4214.87179481	4223.20512814	4206.92307686	4220.7692307	
4206.79487173	4194.99999986	4199.99999986	4181.92307679	4202.82051275	4198.3333332	4195.38461525	4199.74358961	4199.2307691	4200.89743576	4213.4615384	4217.30769224	4203.84615378	4210.7692307	
4206.53846147	4191.79487166	4204.99999993	4192.56410243	4200.64102551	4197.69230756	4197.56410243	4198.07692294	4201.53846147	4201.28205122	4214.87179481	4216.28205122	4203.84615378	4215.64102558	
4213.4615384	4196.79487166	4212.94871788	4210.51282045	4202.5641025	4201.6666666	4203.4615384	4203.58974352	4209.10256404	4211.28205122	4216.6666666	4222.30769224	4211.15384609	4227.30769224	
4213.07692301	4194.48717935	4205.51282045	4197.30769217	4198.71794858	4198.71794858	4202.05128199	4205.12820506	4207.5641025	4212.43589737	4215.51282045	4219.74358968	4213.20512814	4224.35897429	
4206.02564096	4188.58974345	4196.92307679	4187.56410243	4192.4358973	4196.79487166	4193.58974345	4202.69230763	4201.6666666	4207.5641025	4213.97435891	4213.20512814	4207.82051275	4213.58974352	
4206.02564096	4191.66666653	4202.94871788	4198.46153833	4194.61538448	4198.20512807	4191.79487166	4201.41025634	4201.41025634	4209.87179481	4211.79487173	4215.7692307	4203.84615378	4212.5641025	
4208.71794865	4195.25641012	4204.74358968	4151.41025621	4199.35897422	4193.84615371	4192.82051269	4201.6666666	4200.12820499	4206.79487173	4207.69230763	4219.10256404	4202.30769224	4213.58974352	
4204.35897429	4190.51282038	4198.58974345	4034.87179439	4198.58974345	4190.76923063	4190.76923063	4196.79487166	4194.10256397	4197.4358973	4203.71794865	4212.5641025	4197.56410243	4207.30769224	
4203.58974352	4189.10256397	4198.84615371	3946.53846092	4198.71794858	4196.28205115	4193.07692294	4189.2307691	4192.56410243	4198.46153833	4203.4615384	4206.53846147	4195.25641012	4204.99999993	
4211.79487173	4194.61538448	4200.89743576	3922.05128136	4199.99999986	4199.87179474	4197.56410243	4191.92307679	4197.30769217	4204.23076917	4208.71794865	4206.53846147	4197.82051269	4209.23076917	
4213.97435891	4196.15384602	4201.15384609	3918.46153777	4199.10256397	4199.48717935	4200.76923063	4201.15384609	4199.99999986	4206.02564096	4214.48717942	4206.28205122	4201.92307686	4212.69230763	
4211.92307686	4195.25641012	4205.51282045	3913.5897429	4200.89743576	4202.69230763	4206.02564096	4204.48717942	4202.30769224	4214.61538455	4217.05128199	4210.38461532	4207.17948711	4215.89743583	
4214.35897429	4195.38461525	4210.38461532	3910.64102495	4201.6666666	4203.71794865	4205.25641019	4204.23076917	4207.05128199	4219.48717942	4218.84615378	4218.07692301	4208.33333327	4218.33333327	
4211.02564096	4191.92307679	4204.87179481	3908.97435828	4197.4358973	4199.61538448	4197.82051269	4201.6666666	4203.4615384	4209.23076917	4214.48717942	4220.51282045	4202.82051275	4213.71794865	
4204.87179481	4189.48717935	4197.30769217	3908.46153777	4196.66666653	4196.02564089	4194.35897422	4189.35897422	4189.99999986	4197.17948704	4203.58974352	4213.33333327	4192.94871781	4205.64102558	
4206.15384609	4191.66666653	4199.48717935	3908.84615316	4200.89743576	4196.02564089	4197.69230756	4183.71794858	4183.46153833	4196.5384614	4199.48717935	4205.89743583	4190.51282038	4204.74358968	
4207.30769224	4191.66666653	4202.30769224	3908.5897429	4199.10256397	4199.74358961	4201.15384609	4193.3333332	4188.3333332	4198.84615371	4201.53846147	4202.94871788	4193.84615371	4207.05128199	
4206.6666666	4188.07692294	4195.12820499	3907.82051213	4190.89743576	4200.89743576	4198.71794858	4194.61538448	4188.58974345	4197.82051269	4199.2307691	4202.43589737	4191.66666653	4206.41025634	
4208.84615378	4186.02564089	4192.4358973	3909.23076854	4187.05128192	4194.61538448	4193.71794858	4185.89743576	4183.46153833	4198.07692294	4198.20512807	4202.05128199	4190.64102551	4207.69230763	
4206.53846147	4186.15384602	4197.05128192	3908.5897429	4185.76923063	4188.71794858	4194.35897422	4185.12820499	4183.71794858	4197.56410243	4200.89743576	4201.28205122	4195.25641012	4207.69230763	
4204.48717942	4189.35897422	4197.94871781	3908.07692239	4190.12820499	4193.58974345	4198.46153833	4194.48717935	4192.17948704	4202.05128199	4204.87179481	4207.17948711	4200.38461525	4210.12820506	
4210.89743583	4198.07692294	4202.05128199	3921.66666598	4201.28205122	4202.69230763	4201.41025634	4201.6666666	4203.20512814	4215.51282045	4213.4615384	4216.41025634	4207.94871788	4220.89743583	
4213.4615384	4201.79487173	4209.10256404	3933.46153777	4200.12820499	4202.82051275	4199.99999986	4201.41025634	4204.74358968	4220.7692307	4220.38461532	4221.15384609	4215.12820506	4224.99999993	
4206.41025634	4194.87179474	4205.25641019	3926.7948711	4188.71794858	4193.46153833	4193.20512807	4198.20512807	4198.97435884	4213.07692301	4217.5641025	4217.82051275	4207.82051275	4212.69230763	
4204.74358968	4190.25641012	4197.82051269	3928.71794803	4192.4358973	4190.38461525	4193.07692294	4197.69230756	4199.87179474	4209.48717942	4214.61538455	4213.84615378	4197.82051269	4207.82051275	
4208.71794865	4193.97435884	4200.38461525	3941.53846092	4199.74358961	4197.69230756	4202.5641025	4200.51282038	4204.23076917	4214.87179481	4217.17948711	4215.38461532	4201.53846147	4214.10256404	
4210.12820506	4197.69230756	4204.61538455	3942.43589681	4191.92307679	4200.38461525	4203.4615384	4201.28205122	4204.61538455	4217.30769224	4217.94871788	4217.5641025	4203.58974352	4214.99999993	
4211.28205122	4199.61538448	4203.84615378	3943.46153784	4184.87179474	4198.20512807	4200.51282038	4201.53846147	4203.58974352	4215.7692307	4216.15384609	4215.7692307	4200.51282038	4214.35897429	
4210.89743583	4199.10256397	4203.07692301	3953.46153784	4187.69230756	4199.48717935	4203.20512814	4202.69230763	4202.94871788	4214.99999993	4212.82051275	4215.25641019	4203.71794865	4217.05128199	
4212.05128199	4197.4358973	4207.82051275	3956.66666605	4191.02564089	4197.17948704	4202.94871788	4202.43589737	4201.28205122	4215.51282045	4212.69230763	4220.64102558	4211.02564096	4220.38461532	
4216.6666666	4200.51282038	4218.4615384	3958.84615322	4190.89743576	4196.41025628	4198.84615371	4204.23076917	4203.97435891	4218.20512814	4217.94871788	4224.35897429	4211.53846147	4225.89743583	
4216.28205122	4200.38461525	4219.48717942	3963.07692246	4188.07692294	4199.87179474	4198.97435884	4207.05128199	4204.61538455	4217.43589737	4216.79487173	4222.17948711	4204.87179481	4227.5641025	
4211.6666666	4192.30769217	4207.43589737	3953.97435835	4184.35897422	4192.69230756	4196.41025628	4197.69230756	4193.97435884	4207.5641025	4208.71794865	4215.12820506	4201.28205122	4221.53846147	
4209.99999993	4191.28205115	4204.48717942	3949.61538399	4185.38461525	4184.99999986	4189.87179474	4185.89743576	4183.97435884	4198.84615371	4206.6666666	4213.20512814	4203.20512814	4219.23076917	
4212.82051275	4199.61538448	4214.87179481	3967.94871733	4187.17948704	4192.56410243	4192.05128192	4191.92307679	4186.66666653	4201.6666666	4214.48717942	4221.6666666	4205.25641019	4223.97435891	
4213.4615384	4199.2307691	4219.23076917	3980.51281996	4188.58974345	4199.2307691	4200.76923063	4200.76923063	4194.48717935	4203.20512814	4213.58974352	4224.99999993	4205.89743583	4224.74358968	
4213.33333327	4193.20512807	4214.61538455	3973.20512765	4192.05128192	4198.07692294	4201.92307686	4197.69230756	4196.5384614	4198.20512807	4203.4615384	4219.74358968	4202.5641025	4222.69230763	
4217.43589737	4196.41025628	4216.15384609	3972.0512815	4194.74358961	4202.17948711	4199.87179474	4196.02564089	4196.15384602	4204.23076917	4207.82051275	4219.99999993	4201.02564096	4227.69230763	
4217.5641025	4198.07692294	4219.61538455	3980.51281996	4198.97435884	4202.69230763	4202.82051275	4201.79487173	4200.25641012	4212.43589737	4216.41025634	4223.97435891	4204.35897429	4232.30769224	
4210.64102558	4193.97435884	4215.12820506	3981.53846099	4198.46153833	4194.74358961	4203.84615378	4199.87179474	4199.35897422	4206.15384609	4208.71794865	4220.64102558	4204.35897429	4226.92307686	
4207.94871788	4194.10256397	4210.7692307	3984.99999945	4190.51282038	4189.61538448	4193.46153833	4190.89743576	4192.05128192	4199.74358961	4199.2307691	4217.5641025	4201.6666666	4223.33333327	
4210.38461532	4193.07692294	4212.30769224	3992.82051227	4190.89743576	4190.89743576	4187.4358973	4191.15384602	4191.66666653	4203.07692301	4202.94871788	4219.99999993	4200.64102551	4225.38461532	
4207.94871788	4190.38461525	4216.41025634	3992.9487174	4199.10256397	4192.17948704	4191.66666653	4197.94871781	4198.46153833	4206.92307686	4206.6666666	4222.94871788	4201.02564096	4225.64102558	
4206.53846147	4191.92307679	4215.25641019	3988.07692252	4194.2307691	4189.61538448	4194.2307691	4198.71794858	4201.28205122	4208.71794865	4206.6666666	4220.7692307	4201.92307686	4223.97435891	
4209.99999993	4191.5384614	4208.20512814	3989.99999945	4183.58974345	4187.69230756	4194.61538448	4192.82051269	4198.07692294	4208.84615378	4206.15384609	4218.84615378	4203.84615378	4221.92307686	
4207.43589737	4185.89743576	4202.17948711	3996.1538456	4183.71794858	4187.17948704	4192.82051269	4188.3333332	4192.4358973	4201.41025634	4200.64102551	4214.48717942	4201.15384609	4215.38461532	
4201.28205122	4181.66666653	4199.99999986	3997.56410201	4184.10256397	4185.89743576	4189.99999986	4185.51282038	4186.66666653	4196.92307679	4200.25641012	4205.64102558	4197.94871781	4209.10256404	
4201.28205122	4182.30769217	4201.41025634	3999.10256355	4183.07692294	4185.38461525	4190.64102551	4186.15384602	4186.66666653	4201.41025634	4203.71794865	4206.6666666	4200.89743576	4210.89743583	
4202.94871788	4183.84615371	4201.02564096	4003.58974304	4184.35897422	4186.66666653	4191.5384614	4189.35897422	4188.58974345	4203.20512814	4202.05128199	4212.30769224	4197.69230756	4212.69230763	
4204.35897429	4183.71794858	4198.46153833	4005.51282003	4184.61538448	4186.92307679	4190.12820499	4186.66666653	4185.76923063	4196.79487166	4200.12820499	4205.89743583	4192.17948704	4209.99999993	
4207.30769224	4178.20512807	4198.71794858	4003.84615329	4180.64102551	4186.28205115	4195.76923063	4184.2307691	4182.82051269	4187.94871781	4197.30769217	4199.2307691	4194.74358961	4207.94871788	
4204.10256404	4170.64102551	4195.25641012	4004.35897388	4175.12820499	4186.92307679	4202.94871788	4186.79487166	4182.56410243	4184.10256397	4191.28205115	4200.64102551	4193.46153833	4207.5641025	
4201.02564096	4170.89743576	4189.10256397	4006.02564054	4177.30769217	4186.5384614	4201.02564096	4187.94871781	4183.07692294	4186.28205115	4186.28205115	4200.25641012	4184.35897422	4206.79487173	
4207.30769224	4173.58974345	4194.35897422	4009.35897388	4183.20512807	4189.2307691	4199.61538448	4186.15384602	4182.17948704	4185.76923063	4186.92307679	4198.46153833	4182.82051269	4206.79487173	
4211.15384609	4172.17948704	4202.94871788	4017.94871747	4182.94871781	4195.25641012	4200.89743576	4184.48717935	4182.30769217	4182.69230756	4192.17948704	4198.97435884	4189.74358961	4210.64102558	
4210.25641019	4174.10256397	4201.79487173	4024.99999952	4182.82051269	4198.58974345	4201.53846147	4189.35897422	4185.51282038	4193.07692294	4199.61538448	4205.64102558	4195.12820499	4220.7692307	
4212.17948711	4179.48717935	4201.92307686	4028.33333285	4188.3333332	4200.64102551	4205.64102558	4196.5384614	4187.17948704	4203.20512814	4204.10256404	4213.20512814	4201.28205122	4225.12820506	
4214.48717942	4179.74358961	4207.05128199	4031.15384567	4190.12820499	4202.5641025	4209.48717942	4194.48717935	4186.28205115	4195.38461525	4201.41025634	4208.20512814	4202.05128199	4217.69230763	
4210.64102558	4173.58974345	4202.17948711	4031.79487131	4184.74358961	4198.46153833	4203.84615378	4185.76923063	4183.07692294	4183.07692294	4196.66666653	4197.69230756	4192.56410243	4209.10256404	
4207.30769224	4172.05128192	4198.07692294	4034.61538413	4182.56410243	4195.64102551	4197.56410243	4187.56410243	4182.30769217	4182.4358973	4196.02564089	4200.38461525	4191.02564089	4207.82051275	
4212.82051275	4177.4358973	4205.25641019	4042.43589702	4186.5384614	4201.02564096	4202.69230763	4199.61538448	4190.12820499	4192.69230756	4199.35897422	4209.10256404	4198.07692294	4212.94871788	
4215.51282045	4177.82051269	4208.33333327	4043.84615343	4190.76923063	4204.48717942	4207.30769224	4205.25641019	4200.64102551	4201.53846147	4201.6666666	4207.94871788	4198.84615371	4216.02564096	
4208.4615384	4171.41025628	4201.92307686	4041.53846113	4186.79487166	4200.76923063	4202.05128199	4199.61538448	4199.10256397	4198.3333332	4200.64102551	4202.82051275	4195.76923063	4211.79487173	
4204.61538455	4170.12820499	4197.56410243	4044.99999959	4181.92307679	4197.56410243	4198.84615371	4192.94871781	4188.97435884	4195.25641012	4197.4358973	4203.07692301	4192.4358973	4204.87179481	
4205.64102558	4173.46153833	4199.10256397	4046.410256	4182.4358973	4198.58974345	4202.5641025	4193.46153833	4187.4358973	4197.56410243	4195.89743576	4204.87179481	4191.15384602	4203.4615384	
4203.20512814	4172.17948704	4196.02564089	4044.35897395	4183.20512807	4198.20512807	4201.53846147	4193.20512807	4191.02564089	4190.38461525	4197.82051269	4201.92307686	4191.66666653	4206.53846147	
4198.46153833	4169.61538448	4189.2307691	4046.92307651	4182.05128192	4196.92307679	4196.28205115	4187.17948704	4189.2307691	4187.82051269	4199.74358961	4199.2307691	4189.99999986	4206.15384609	
4199.61538448	4171.5384614	4191.41025628	4051.66666625	4181.5384614	4196.66666653	4196.02564089	4186.66666653	4191.15384602	4199.74358961	4200.89743576	4200.38461525	4191.15384602	4205.12820506	
4205.7692307	4174.87179474	4198.84615371	4055.38461497	4184.35897422	4197.94871781	4200.64102551	4195.64102551	4200.12820499	4202.82051275	4200.38461525	4203.07692301	4196.92307679	4207.05128199	
4206.15384609	4177.69230756	4201.02564096	4059.99999959	4188.71794858	4201.02564096	4201.79487173	4202.05128199	4201.02564096	4198.3333332	4198.3333332	4205.12820506	4199.2307691	4209.48717942	
4201.28205122	4178.46153833	4196.02564089	4060.5128201	4188.58974345	4199.61538448	4200.12820499	4198.71794858	4192.05128192	4201.6666666	4195.64102551	4201.28205122	4194.48717935	4208.4615384	
4198.97435884	4176.79487166	4190.25641012	4058.97435856	4184.2307691	4191.92307679	4199.2307691	4191.92307679	4186.5384614	4198.97435884	4191.5384614	4198.58974345	4190.76923063	4204.23076917	
4196.02564089	4175.76923063	4187.82051269	4060.12820472	4183.97435884	4186.79487166	4196.92307679	4187.94871781	4186.02564089	4189.10256397	4187.05128192	4200.76923063	4187.82051269	4198.71794858	
4193.97435884	4175.51282038	4188.84615371	4065.64102523	4187.05128192	4193.3333332	4196.5384614	4188.46153833	4185.12820499	4191.02564089	4189.48717935	4201.53846147	4186.02564089	4196.5384614	
4196.15384602	4175.25641012	4190.51282038	4071.92307658	4186.02564089	4200.89743576	4200.38461525	4189.35897422	4186.41025628	4195.89743576	4197.94871781	4199.2307691	4187.69230756	4195.64102551	
4198.58974345	4176.92307679	4193.07692294	4074.7435894	4186.5384614	4200.12820499	4201.41025634	4186.15384602	4188.07692294	4195.89743576	4201.02564096	4199.74358961	4192.94871781	4193.58974345	
4203.58974352	4180.12820499	4202.30769224	4077.56410222	4189.87179474	4201.79487173	4200.76923063	4185.25641012	4187.30769217	4198.58974345	4202.43589737	4205.25641019	4199.48717935	4201.15384609	
4207.17948711	4178.58974345	4203.4615384	4081.28205094	4188.3333332	4203.07692301	4201.41025634	4185.89743576	4187.30769217	4197.30769217	4201.28205122	4208.33333327	4196.92307679	4209.23076917	
4200.12820499	4172.05128192	4189.74358961	4082.43589709	4182.82051269	4194.2307691	4196.15384602	4176.92307679	4183.58974345	4186.92307679	4191.79487166	4202.5641025	4188.3333332	4199.61538448	
4191.66666653	4171.15384602	4182.82051269	4086.15384581	4182.17948704	4187.56410243	4187.82051269	4167.05128185	4175.76923063	4177.82051269	4184.48717935	4196.92307679	4186.15384602	4189.2307691	
4195.12820499	4175.51282038	4187.05128192	4091.41025607	4186.5384614	4188.58974345	4185.12820499	4169.35897422	4170.12820499	4175.89743576	4183.20512807	4199.48717935	4184.87179474	4193.84615371	
4201.92307686	4176.41025628	4188.71794858	4090.51282017	4185.89743576	4186.79487166	4186.41025628	4171.92307679	4175.12820499	4178.46153833	4182.56410243	4198.46153833	4183.46153833	4197.17948704	
4199.35897422	4174.87179474	4186.41025628	4088.71794837	4182.17948704	4185.12820499	4186.5384614	4170.38461525	4180.12820499	4181.92307679	4180.12820499	4191.02564089	4184.74358961	4194.2307691	
4195.51282038	4175.12820499	4185.38461525	4090.6410253	4180.76923063	4186.79487166	4185.25641012	4174.61538448	4176.02564089	4178.46153833	4174.35897422	4187.56410243	4184.74358961	4193.58974345	
4194.35897422	4173.97435884	4184.61538448	4089.99999966	4178.46153833	4186.28205115	4185.51282038	4181.02564089	4175.51282038	4170.89743576	4168.71794858	4186.66666653	4181.66666653	4191.28205115	
4195.25641012	4172.69230756	4183.58974345	4088.07692273	4177.56410243	4186.5384614	4191.15384602	4184.35897422	4182.05128192	4172.82051269	4174.61538448	4184.35897422	4183.71794858	4190.25641012	
4196.79487166	4174.48717935	4182.82051269	4090.6410253	4177.94871781	4190.25641012	4193.3333332	4187.82051269	4187.4358973	4179.2307691	4184.74358961	4185.12820499	4184.99999986	4191.28205115	
4193.20512807	4175.76923063	4180.89743576	4096.15384581	4178.97435884	4190.38461525	4189.48717935	4187.94871781	4184.99999986	4177.17948704	4180.64102551	4188.84615371	4177.30769217	4185.89743576	
4188.07692294	4173.84615371	4176.66666653	4095.76923043	4179.10256397	4186.79487166	4187.17948704	4180.89743576	4175.76923063	4167.05128185	4169.10256397	4184.10256397	4170.89743576	4179.2307691	
4187.82051269	4171.5384614	4170.76923063	4094.87179453	4178.84615371	4187.05128192	4187.69230756	4175.25641012	4164.9999998	4159.61538441	4164.61538441	4175.25641012	4159.9999998	4178.84615371	
4191.92307679	4174.87179474	4175.12820499	4101.15384581	4179.35897422	4190.51282038	4192.82051269	4180.25641012	4167.94871774	4163.58974339	4169.2307691	4178.07692294	4136.02564082	4182.17948704	
4194.87179474	4179.10256397	4185.51282038	4107.43589716	4181.28205115	4190.76923063	4195.89743576	4187.56410243	4182.94871781	4175.76923063	4173.58974345	4186.92307679	4115.51282024	4186.79487166	
4196.28205115	4179.35897422	4184.99999986	4107.56410229	4182.17948704	4191.28205115	4190.76923063	4186.92307679	4185.51282038	4181.79487166	4171.79487166	4186.79487166	4108.33333306	4190.51282038	
4196.41025628	4181.28205115	4182.94871781	4109.10256383	4180.76923063	4194.61538448	4188.20512807	4182.94871781	4177.17948704	4176.28205115	4171.79487166	4183.46153833	4105.12820485	4189.87179474	
4194.61538448	4182.94871781	4183.58974345	4113.9743587	4184.48717935	4193.71794858	4191.02564089	4181.02564089	4173.3333332	4171.92307679	4174.2307691	4180.76923063	4099.61538427	4185.51282038	
4193.46153833	4178.71794858	4179.35897422	4111.02564075	4185.76923063	4188.71794858	4187.69230756	4178.3333332	4173.84615371	4172.82051269	4174.74358961	4175.25641012	4092.05128171	4182.69230756	
4193.20512807	4176.15384602	4178.46153833	4104.61538434	4181.02564089	4185.64102551	4183.3333332	4175.25641012	4174.87179474	4171.02564089	4177.69230756	4177.30769217	4087.94871761	4184.74358961	
4193.71794858	4179.2307691	4185.25641012	4111.53846126	4181.5384614	4186.92307679	4187.17948704	4179.10256397	4180.12820499	4174.99999986	4183.07692294	4185.89743576	4092.69230735	4190.89743576	
4195.12820499	4181.15384602	4188.07692294	4123.46153819	4186.92307679	4190.89743576	4189.99999986	4185.89743576	4186.28205115	4185.38461525	4185.64102551	4188.3333332	4093.8461535	4193.97435884	
4194.10256397	4179.61538448	4184.74358961	4123.33333306	4186.5384614	4194.35897422	4189.35897422	4187.17948704	4184.99999986	4184.48717935	4183.3333332	4186.41025628	4086.28205094	4189.74358961	
4189.48717935	4175.89743576	4180.25641012	4116.28205101	4181.28205115	4196.66666653	4187.94871781	4183.58974345	4182.17948704	4175.64102551	4176.79487166	4185.76923063	4084.7435894	4183.71794858	
4185.64102551	4175.51282038	4174.48717935	4112.05128178	4182.4358973	4197.05128192	4187.94871781	4182.82051269	4179.87179474	4171.92307679	4172.69230756	4183.46153833	4089.35897402	4180.38461525	
4182.30769217	4174.99999986	4169.74358961	4108.20512793	4184.35897422	4191.5384614	4187.30769217	4183.97435884	4175.64102551	4171.02564089	4171.5384614	4178.97435884	4085.38461504	4176.41025628	
4181.66666653	4173.07692294	4172.56410243	4112.94871767	4182.05128192	4186.5384614	4185.25641012	4181.79487166	4173.71794858	4168.97435884	4170.25641012	4179.99999986	4080.38461504	4175.51282038	
4186.5384614	4174.48717935	4179.48717935	4124.74358947	4181.92307679	4188.07692294	4186.66666653	4180.76923063	4174.74358961	4169.10256397	4176.15384602	4185.89743576	4084.99999966	4182.4358973	
4188.46153833	4178.3333332	4183.07692294	4129.23076896	4186.28205115	4187.94871781	4190.76923063	4183.46153833	4174.99999986	4172.4358973	4187.05128192	4188.46153833	4088.20512786	4187.17948704	
4185.51282038	4179.35897422	4178.71794858	4126.92307665	4186.92307679	4184.74358961	4190.25641012	4179.35897422	4174.10256397	4171.92307679	4182.05128192	4183.97435884	4080.6410253	4181.02564089	
4183.71794858	4173.58974345	4171.28205115	4121.79487152	4178.20512807	4183.71794858	4183.97435884	4171.02564089	4172.4358973	4165.51282031	4168.58974345	4177.30769217	4074.35897402	4174.2307691	
4183.46153833	4169.74358961	4171.28205115	4119.23076896	4171.66666653	4182.56410243	4179.10256397	4173.71794858	4168.97435884	4163.46153826	4167.56410236	4177.69230756	4080.12820478	4175.25641012	
4184.61538448	4174.61538448	4177.17948704	4129.10256383	4177.05128192	4183.3333332	4183.71794858	4180.89743576	4171.92307679	4169.87179474	4171.28205115	4182.30769217	4084.23076889	4179.87179474	
4186.15384602	4177.4358973	4179.99999986	4139.1025639	4184.61538448	4187.05128192	4188.97435884	4181.02564089	4178.84615371	4173.46153833	4171.5384614	4184.74358961	4082.69230735	4181.15384602	
4182.30769217	4175.12820499	4177.17948704	4131.02564075	4183.3333332	4185.38461525	4185.64102551	4180.25641012	4174.99999986	4169.10256397	4170.76923063	4182.30769217	4083.33333299	4178.20512807	
4178.97435884	4175.76923063	4177.30769217	4125.51282024	4180.51282038	4183.71794858	4182.94871781	4183.46153833	4169.35897422	4171.66666653	4171.79487166	4177.30769217	4083.71794837	4176.5384614	
4184.99999986	4179.87179474	4181.79487166	4136.92307672	4182.17948704	4190.76923063	4189.87179474	4186.41025628	4177.05128192	4181.5384614	4173.84615371	4174.99999986	4082.30769196	4180.38461525	
4190.51282038	4181.92307679	4182.94871781	4143.205128	4183.84615371	4193.3333332	4193.58974345	4187.82051269	4185.38461525	4184.48717935	4174.10256397	4178.20512807	4087.69230735	4185.38461525	
4189.99999986	4183.3333332	4183.20512807	4137.43589723	4184.10256397	4188.07692294	4190.51282038	4188.20512807	4184.10256397	4183.71794858	4176.41025628	4185.12820499	4094.99999966	4188.58974345	
4193.07692294	4183.3333332	4185.25641012	4137.56410236	4183.3333332	4191.02564089	4192.82051269	4186.28205115	4182.30769217	4183.07692294	4181.66666653	4186.28205115	4090.51282017	4190.38461525	
4198.71794858	4182.56410243	4190.38461525	4145.89743569	4183.46153833	4199.48717935	4202.17948711	4187.30769217	4187.4358973	4185.25641012	4183.58974345	4187.69230756	4090.38461504	4192.4358973	
4197.56410243	4181.79487166	4194.10256397	4151.79487159	4183.3333332	4200.12820499	4204.87179481	4192.94871781	4194.10256397	4193.97435884	4184.99999986	4194.61538448	4099.99999966	4193.58974345	
4197.69230756	4182.30769217	4194.99999986	4153.07692287	4182.05128192	4196.92307679	4200.38461525	4194.10256397	4194.35897422	4200.64102551	4193.58974345	4199.74358961	4105.64102537	4197.82051269	
4202.82051275	4185.38461525	4201.41025634	4154.87179467	4182.82051269	4198.84615371	4200.64102551	4193.20512807	4195.89743576	4199.99999986	4204.61538455	4203.20512814	4108.0769228	4205.51282045	
4202.69230763	4187.82051269	4201.41025634	4158.84615364	4185.25641012	4202.82051275	4203.84615378	4198.84615371	4200.38461525	4203.07692301	4203.97435891	4202.17948711	4109.99999973	4204.87179481	
4196.28205115	4182.82051269	4188.46153833	4150.89743569	4180.89743576	4198.07692294	4196.15384602	4197.05128192	4194.35897422	4199.87179474	4191.79487166	4191.15384602	4103.0769228	4193.97435884	
4193.07692294	4177.05128192	4180.76923063	4140.76923056	4173.3333332	4188.97435884	4187.30769217	4185.76923063	4186.79487166	4185.51282038	4183.20512807	4183.20512807	4092.69230735	4185.89743576	
4196.28205115	4179.10256397	4185.38461525	4149.9999998	4175.12820499	4191.41025628	4193.84615371	4191.15384602	4193.46153833	4186.79487166	4185.38461525	4185.38461525	4097.05128171	4188.46153833	
4197.69230756	4182.82051269	4187.69230756	4158.205128	4181.92307679	4200.51282038	4203.33333327	4202.05128199	4199.10256397	4199.87179474	4185.25641012	4187.56410243	4106.92307665	4193.20512807	
4197.05128192	4183.58974345	4188.97435884	4154.1025639	4183.58974345	4202.69230763	4202.05128199	4197.4358973	4197.69230756	4201.41025634	4184.99999986	4190.38461525	4107.56410229	4197.69230756	
4197.30769217	4185.25641012	4196.5384614	4158.07692287	4183.46153833	4200.38461525	4199.10256397	4195.12820499	4199.35897422	4197.17948704	4191.02564089	4192.82051269	4106.66666639	4200.38461525	
4198.3333332	4187.82051269	4201.02564096	4169.99999986	4185.38461525	4200.12820499	4202.43589737	4200.25641012	4196.5384614	4196.92307679	4191.5384614	4192.05128192	4108.84615357	4200.12820499	
4205.64102558	4192.4358973	4201.41025634	4177.82051269	4186.66666653	4204.10256404	4206.6666666	4200.76923063	4193.71794858	4197.69230756	4189.48717935	4197.56410243	4110.12820485	4208.58974352	
4210.89743583	4197.30769217	4203.71794865	4183.84615371	4187.30769217	4205.25641019	4206.6666666	4199.74358961	4198.07692294	4198.3333332	4196.66666653	4205.51282045	4110.25640998	4216.28205122	
4208.4615384	4195.25641012	4210.12820506	4185.64102551	4189.10256397	4202.05128199	4208.4615384	4198.58974345	4197.30769217	4200.76923063	4202.5641025	4206.28205122	4113.9743587	4215.25641019	
4209.87179481	4193.20512807	4217.82051275	4184.61538448	4191.5384614	4206.41025634	4211.15384609	4197.30769217	4195.89743576	4202.05128199	4201.28205122	4211.53846147	4121.41025614	4218.33333327	
4213.20512814	4197.17948704	4216.02564096	4187.30769217	4192.4358973	4212.17948711	4208.71794865	4201.15384609	4203.20512814	4202.94871788	4201.53846147	4214.99999993	4125.51282024	4225.7692307	
4208.58974352	4197.4358973	4210.7692307	4187.30769217	4189.61538448	4204.10256404	4203.97435891	4200.25641012	4200.25641012	4201.02564096	4201.41025634	4206.79487173	4121.53846126	4221.6666666	
4203.4615384	4191.79487166	4207.5641025	4183.3333332	4186.66666653	4197.17948704	4198.3333332	4189.10256397	4188.20512807	4197.30769217	4197.05128192	4199.74358961	4116.79487152	4211.41025634	
4206.6666666	4190.76923063	4206.41025634	4183.46153833	4187.30769217	4199.87179474	4197.05128192	4184.61538448	4191.28205115	4198.3333332	4197.05128192	4201.92307686	4118.9743587	4211.28205122	
4213.33333327	4194.87179474	4210.64102558	4186.41025628	4189.48717935	4198.58974345	4198.20512807	4190.64102551	4202.05128199	4201.6666666	4202.05128199	4212.82051275	4124.48717921	4219.87179481	
4212.05128199	4193.3333332	4212.30769224	4186.79487166	4188.71794858	4197.94871781	4194.99999986	4191.5384614	4200.51282038	4201.79487173	4203.20512814	4218.07692301	4128.33333306	4223.07692301	
4204.35897429	4188.84615371	4202.82051275	4182.94871781	4186.28205115	4200.12820499	4191.15384602	4186.79487166	4192.4358973	4199.99999986	4199.10256397	4207.82051275	4130.25640998	4216.92307686	
4207.43589737	4189.87179474	4199.74358961	4182.56410243	4186.66666653	4197.4358973	4192.30769217	4189.35897422	4195.76923063	4201.6666666	4198.71794858	4199.99999986	4134.8717946	4215.51282045	
4212.94871788	4193.58974345	4204.35897429	4185.25641012	4188.20512807	4197.05128192	4194.87179474	4192.17948704	4200.38461525	4202.43589737	4201.28205122	4204.23076917	4138.58974339	4219.48717942	
4206.92307686	4193.58974345	4199.48717935	4184.48717935	4185.38461525	4198.71794858	4190.89743576	4187.30769217	4193.3333332	4199.2307691	4201.28205122	4204.35897429	4137.56410236	4214.48717942	
4203.20512814	4189.99999986	4196.79487166	4188.84615371	4188.58974345	4197.30769217	4188.58974345	4186.41025628	4190.25641012	4200.12820499	4199.87179474	4200.64102551	4138.33333313	4207.5641025	
4205.51282045	4185.89743576	4201.6666666	4196.79487166	4196.41025628	4196.5384614	4192.05128192	4187.4358973	4197.56410243	4201.53846147	4195.51282038	4202.82051275	4139.1025639	4207.30769224	
4204.99999993	4183.71794858	4198.20512807	4196.5384614	4190.64102551	4197.82051269	4194.35897422	4187.17948704	4200.12820499	4198.71794858	4192.17948704	4203.84615378	4138.58974339	4208.33333327	
4204.99999993	4187.17948704	4198.20512807	4196.02564089	4183.97435884	4198.84615371	4195.25641012	4196.79487166	4198.3333332	4205.12820506	4196.41025628	4207.5641025	4144.87179467	4210.89743583	
4210.64102558	4193.97435884	4208.71794865	4202.43589737	4191.79487166	4201.28205122	4198.71794858	4205.89743583	4202.5641025	4217.5641025	4202.69230763	4213.71794865	4153.33333313	4217.94871788	
4214.35897429	4195.89743576	4212.17948711	4205.7692307	4199.2307691	4204.23076917	4204.87179481	4204.48717942	4210.51282045	4218.71794865	4205.12820506	4215.38461532	4156.66666646	4222.05128199	
4211.6666666	4192.05128192	4206.41025634	4203.58974352	4199.99999986	4203.07692301	4204.23076917	4209.87179481	4212.94871788	4214.48717942	4204.99999993	4214.99999993	4157.69230749	4222.17948711	
4209.74358968	4190.38461525	4203.97435891	4203.84615378	4195.89743576	4203.20512814	4202.69230763	4214.35897429	4208.71794865	4218.07692301	4203.4615384	4213.20512814	4158.58974339	4221.79487173	
4210.51282045	4190.76923063	4204.61538455	4204.87179481	4189.99999986	4208.07692301	4204.48717942	4204.23076917	4201.53846147	4214.99999993	4202.5641025	4207.30769224	4154.9999998	4215.38461532	
4209.99999993	4188.20512807	4202.82051275	4205.25641019	4194.99999986	4208.84615378	4204.74358968	4197.69230756	4197.56410243	4201.92307686	4198.07692294	4201.6666666	4152.82051262	4207.05128199	
4204.61538455	4185.76923063	4198.07692294	4201.41025634	4197.56410243	4204.74358968	4202.05128199	4197.69230756	4193.71794858	4199.99999986	4188.58974345	4201.53846147	4155.12820492	4206.79487173	
4198.71794858	4185.89743576	4196.41025628	4196.02564089	4188.46153833	4203.20512814	4199.2307691	4190.51282038	4187.94871781	4201.92307686	4185.25641012	4201.53846147	4154.87179467	4204.74358968	
4197.17948704	4187.82051269	4194.2307691	4198.07692294	4189.74358961	4203.07692301	4197.4358973	4183.71794858	4182.69230756	4192.69230756	4187.05128192	4198.07692294	4152.56410236	4194.48717935	
4196.92307679	4186.79487166	4188.84615371	4201.92307686	4194.61538448	4200.12820499	4191.66666653	4183.46153833	4179.87179474	4182.82051269	4185.38461525	4194.87179474	4151.92307672	4188.07692294	
4198.07692294	4185.64102551	4190.51282038	4202.82051275	4189.74358961	4199.10256397	4192.05128192	4184.48717935	4181.41025628	4183.58974345	4185.64102551	4196.28205115	4152.69230749	4192.30769217	
4198.84615371	4186.92307679	4196.92307679	4204.23076917	4191.79487166	4200.76923063	4196.41025628	4187.05128192	4183.71794858	4186.66666653	4188.58974345	4199.74358961	4153.33333313	4199.74358961	
4197.82051269	4186.41025628	4196.02564089	4204.87179481	4196.41025628	4199.2307691	4190.89743576	4188.3333332	4185.12820499	4184.10256397	4186.92307679	4198.84615371	4157.17948697	4202.17948711	
4198.46153833	4184.10256397	4194.2307691	4202.30769224	4191.15384602	4199.87179474	4189.2307691	4185.64102551	4186.02564089	4182.82051269	4184.10256397	4196.02564089	4162.05128185	4200.38461525	
4201.53846147	4183.20512807	4198.58974345	4204.99999993	4191.92307679	4201.15384609	4199.2307691	4186.15384602	4184.48717935	4190.51282038	4187.4358973	4196.15384602	4164.74358954	4202.5641025	
4206.53846147	4187.69230756	4202.82051275	4214.23076917	4198.97435884	4201.53846147	4204.48717942	4194.99999986	4186.28205115	4200.64102551	4197.17948704	4200.76923063	4169.10256397	4211.41025634	
4207.69230763	4190.25641012	4203.33333327	4217.05128199	4201.6666666	4209.61538455	4202.43589737	4201.6666666	4188.71794858	4202.69230763	4202.30769224	4201.6666666	4171.5384614	4213.4615384	
4205.51282045	4189.35897422	4203.97435891	4215.51282045	4203.97435891	4213.33333327	4204.23076917	4199.35897422	4185.76923063	4200.51282038	4196.66666653	4200.76923063	4170.64102551	4207.30769224	
4208.71794865	4191.41025628	4207.82051275	4218.20512814	4204.23076917	4206.79487173	4204.87179481	4198.97435884	4189.74358961	4201.53846147	4198.3333332	4209.10256404	4176.5384614	4208.58974352	
4210.7692307	4191.41025628	4208.33333327	4217.30769224	4200.38461525	4203.58974352	4203.97435891	4202.17948711	4198.71794858	4203.20512814	4204.48717942	4212.05128199	4184.99999986	4212.82051275	
4205.51282045	4186.5384614	4200.76923063	4208.71794865	4197.05128192	4204.35897429	4204.10256404	4199.35897422	4193.3333332	4202.30769224	4193.84615371	4203.71794865	4183.3333332	4210.38461532	
4201.92307686	4186.66666653	4197.05128192	4208.58974352	4197.4358973	4199.87179474	4199.10256397	4196.41025628	4186.79487166	4199.35897422	4182.05128192	4199.87179474	4180.51282038	4206.15384609	
4203.20512814	4190.25641012	4201.92307686	4213.84615378	4198.97435884	4198.20512807	4195.25641012	4200.51282038	4192.4358973	4198.58974345	4185.64102551	4203.4615384	4185.51282038	4206.79487173	
4205.89743583	4187.4358973	4206.92307686	4215.89743583	4198.3333332	4202.17948711	4198.84615371	4202.05128199	4193.97435884	4201.53846147	4187.69230756	4208.71794865	4187.56410243	4211.02564096	
4208.33333327	4186.28205115	4211.41025634	4222.43589737	4198.07692294	4201.28205122	4199.87179474	4199.48717935	4188.97435884	4198.71794858	4183.97435884	4214.99999993	4185.76923063	4214.99999993	
4207.82051275	4192.17948704	4214.87179481	4227.82051275	4201.92307686	4200.51282038	4194.2307691	4199.2307691	4186.41025628	4193.46153833	4186.66666653	4216.6666666	4190.76923063	4215.51282045	
4206.41025634	4193.46153833	4213.84615378	4226.6666666	4200.64102551	4201.02564096	4193.07692294	4198.71794858	4186.79487166	4197.17948704	4188.58974345	4213.97435891	4196.15384602	4214.99999993	
4207.43589737	4188.58974345	4211.79487173	4222.30769224	4194.74358961	4199.2307691	4197.94871781	4197.94871781	4190.51282038	4202.5641025	4186.5384614	4217.43589737	4195.64102551	4217.82051275	
4209.10256404	4187.94871781	4213.97435891	4221.41025634	4196.5384614	4199.99999986	4199.2307691	4194.87179474	4194.35897422	4200.76923063	4187.56410243	4216.6666666	4194.61538448	4218.58974352	
4209.10256404	4188.97435884	4215.38461532	4225.89743583	4201.02564096	4200.38461525	4199.48717935	4192.94871781	4193.58974345	4199.35897422	4188.20512807	4208.20512814	4196.28205115	4215.38461532	
4206.6666666	4187.94871781	4208.58974352	4227.5641025	4198.58974345	4198.46153833	4199.2307691	4196.66666653	4195.64102551	4199.74358961	4184.99999986	4202.69230763	4196.92307679	4213.20512814	
4205.64102558	4187.30769217	4201.28205122	4222.17948711	4197.4358973	4199.61538448	4200.51282038	4199.48717935	4202.05128199	4200.51282038	4186.15384602	4202.05128199	4198.07692294	4212.69230763	
4204.23076917	4183.46153833	4200.76923063	4216.79487173	4200.25641012	4202.30769224	4202.05128199	4194.99999986	4198.3333332	4197.4358973	4185.76923063	4202.05128199	4199.74358961	4209.74358968	
4199.2307691	4178.3333332	4202.05128199	4215.7692307	4198.97435884	4202.05128199	4199.87179474	4189.2307691	4186.92307679	4191.02564089	4175.51282038	4199.61538448	4196.15384602	4204.23076917	
4199.10256397	4178.71794858	4200.76923063	4217.82051275	4196.41025628	4199.74358961	4198.20512807	4188.46153833	4186.28205115	4191.79487166	4172.69230756	4198.71794858	4194.87179474	4202.82051275	
4205.7692307	4183.58974345	4203.97435891	4227.17948711	4197.30769217	4202.05128199	4204.48717942	4193.97435884	4195.12820499	4196.41025628	4183.46153833	4204.35897429	4201.6666666	4208.97435891	
4207.94871788	4185.51282038	4209.48717942	4231.41025634	4197.56410243	4208.84615378	4210.25641019	4200.51282038	4198.58974345	4197.05128192	4186.79487166	4209.10256404	4205.7692307	4213.84615378	
4204.10256404	4185.51282038	4205.7692307	4225.38461532	4198.20512807	4211.15384609	4206.02564096	4198.58974345	4194.10256397	4197.69230756	4181.92307679	4204.48717942	4201.79487173	4210.89743583	
4205.64102558	4188.71794858	4202.69230763	4229.23076917	4200.64102551	4211.92307686	4206.15384609	4195.76923063	4194.87179474	4201.28205122	4184.61538448	4203.97435891	4204.99999993	4208.97435891	
4208.07692301	4190.51282038	4203.33333327	4233.97435898	4204.74358968	4213.33333327	4212.17948711	4201.41025634	4201.15384609	4202.5641025	4188.3333332	4207.5641025	4213.07692301	4211.53846147	
4198.20512807	4184.10256397	4194.2307691	4219.23076917	4199.48717935	4208.4615384	4207.94871788	4199.74358961	4199.10256397	4198.71794858	4182.56410243	4197.17948704	4210.12820506	4204.99999993	
4189.74358961	4176.15384602	4181.5384614	4202.82051275	4186.02564089	4198.71794858	4197.82051269	4189.99999986	4191.15384602	4194.48717935	4179.35897422	4188.97435884	4204.10256404	4195.64102551	
4193.97435884	4175.51282038	4183.97435884	4206.6666666	4184.99999986	4199.74358961	4200.64102551	4189.74358961	4191.79487166	4190.25641012	4181.66666653	4196.92307679	4204.35897429	4199.35897422	
4201.15384609	4182.05128192	4195.12820499	4215.89743583	4196.5384614	4210.12820506	4215.89743583	4200.25641012	4198.46153833	4189.2307691	4183.3333332	4202.43589737	4207.5641025	4207.17948711	
4208.07692301	4190.89743576	4200.25641012	4219.99999993	4200.89743576	4218.97435891	4224.35897429	4210.38461532	4200.38461525	4193.3333332	4182.94871781	4200.76923063	4212.94871788	4212.43589737	
4211.92307686	4192.94871781	4203.07692301	4226.41025634	4198.3333332	4218.71794865	4222.17948711	4217.94871788	4202.94871788	4201.53846147	4184.10256397	4204.48717942	4217.30769224	4219.23076917	
4209.61538455	4187.69230756	4203.58974352	4230.12820506	4197.82051269	4207.05128199	4216.41025634	4217.43589737	4205.51282045	4201.6666666	4182.94871781	4206.28205122	4216.28205122	4221.79487173	
4209.35897429	4188.20512807	4202.69230763	4227.17948711	4198.07692294	4205.12820506	4214.10256404	4208.4615384	4201.6666666	4195.64102551	4181.15384602	4203.33333327	4215.64102558	4219.74358968	
4211.79487173	4193.84615371	4204.61538455	4227.94871788	4199.61538448	4214.35897429	4215.12820506	4204.87179481	4199.87179474	4198.84615371	4184.74358961	4203.4615384	4218.84615378	4224.10256404	
4209.35897429	4192.94871781	4205.38461532	4230.12820506	4199.74358961	4211.6666666	4213.33333327	4205.25641019	4202.17948711	4202.17948711	4186.15384602	4204.10256404	4217.94871788	4224.10256404	
4204.23076917	4188.07692294	4201.41025634	4226.53846147	4197.05128192	4200.64102551	4206.15384609	4199.61538448	4196.5384614	4194.61538448	4181.92307679	4199.35897422	4214.10256404	4212.82051275	
4206.15384609	4189.48717935	4202.82051275	4227.05128199	4197.30769217	4200.51282038	4200.89743576	4195.25641012	4189.99999986	4191.79487166	4179.87179474	4198.84615371	4215.89743583	4213.33333327	
4209.99999993	4196.66666653	4207.82051275	4233.20512814	4200.89743576	4205.12820506	4202.82051275	4198.20512807	4194.35897422	4197.30769217	4182.56410243	4209.48717942	4218.20512814	4223.4615384	
4207.69230763	4199.35897422	4208.07692301	4234.74358975	4203.20512814	4203.84615378	4208.97435891	4200.76923063	4200.51282038	4199.87179474	4186.28205115	4215.64102558	4216.15384609	4222.69230763	
4205.7692307	4199.35897422	4208.20512814	4231.92307686	4204.10256404	4207.5641025	4212.30769224	4200.89743576	4200.51282038	4200.51282038	4187.69230756	4213.4615384	4220.89743583	4221.53846147	
4207.5641025	4197.30769217	4207.43589737	4232.17948711	4203.33333327	4213.4615384	4210.7692307	4202.5641025	4201.28205122	4202.17948711	4188.46153833	4214.87179481	4228.97435891	4223.71794865	
4209.10256404	4195.12820499	4206.41025634	4232.82051275	4201.6666666	4216.92307686	4211.02564096	4205.38461532	4204.99999993	4202.82051275	4189.2307691	4216.02564096	4231.79487173	4222.82051275	
4205.51282045	4194.35897422	4207.17948711	4231.15384609	4200.89743576	4213.71794865	4211.41025634	4207.30769224	4205.64102558	4201.79487173	4187.69230756	4209.48717942	4228.84615378	4224.99999993	
4199.87179474	4191.02564089	4203.07692301	4230.64102558	4198.46153833	4205.38461532	4203.33333327	4203.58974352	4202.69230763	4200.12820499	4185.25641012	4203.71794865	4223.33333327	4222.94871788	
4199.61538448	4187.30769217	4197.69230756	4228.97435891	4196.66666653	4201.28205122	4197.56410243	4198.71794858	4201.02564096	4198.97435884	4186.66666653	4202.30769224	4222.43589737	4212.05128199	
4202.82051275	4185.89743576	4200.38461525	4226.6666666	4199.61538448	4201.41025634	4201.92307686	4197.69230756	4200.89743576	4201.41025634	4185.12820499	4200.38461525	4225.38461532	4208.84615378	
4201.41025634	4188.07692294	4203.07692301	4226.02564096	4201.79487173	4202.43589737	4201.79487173	4198.46153833	4200.25641012	4201.6666666	4184.2307691	4201.28205122	4226.92307686	4213.07692301	
4197.05128192	4191.15384602	4198.71794858	4229.35897429	4199.48717935	4202.05128199	4199.10256397	4196.41025628	4197.30769217	4200.25641012	4190.89743576	4202.17948711	4226.02564096	4210.64102558	
4197.05128192	4192.4358973	4200.89743576	4233.4615384	4199.10256397	4201.15384609	4202.30769224	4192.82051269	4193.20512807	4200.76923063	4191.66666653	4203.07692301	4224.10256404	4205.89743583	
4193.84615371	4189.87179474	4200.25641012	4225.38461532	4196.5384614	4200.51282038	4199.99999986	4187.4358973	4187.56410243	4195.25641012	4184.87179474	4199.48717935	4217.82051275	4203.20512814	
4185.76923063	4184.87179474	4190.38461525	4211.53846147	4187.4358973	4199.2307691	4192.94871781	4181.5384614	4183.46153833	4189.87179474	4181.79487166	4190.51282038	4215.89743583	4197.82051269	
4186.41025628	4185.51282038	4189.61538448	4214.99999993	4189.74358961	4196.5384614	4193.07692294	4184.99999986	4186.28205115	4194.87179474	4184.61538448	4192.17948704	4224.10256404	4200.25641012	
4193.3333332	4188.3333332	4200.12820499	4229.99999993	4195.89743576	4194.61538448	4198.84615371	4195.38461525	4192.82051269	4199.99999986	4191.66666653	4203.20512814	4231.28205122	4208.84615378	
4195.12820499	4186.28205115	4204.74358968	4234.61538462	4190.89743576	4195.38461525	4200.51282038	4201.53846147	4198.58974345	4200.76923063	4194.74358961	4205.38461532	4233.97435898	4211.6666666	
4193.3333332	4184.61538448	4201.53846147	4230.64102558	4191.02564089	4197.17948704	4199.35897422	4200.89743576	4201.53846147	4204.87179481	4193.71794858	4201.92307686	4233.33333327	4208.4615384	
4192.30769217	4188.46153833	4196.92307679	4222.5641025	4198.3333332	4199.10256397	4197.94871781	4199.10256397	4199.74358961	4205.89743583	4191.79487166	4202.17948711	4229.74358968	4205.89743583	
4191.5384614	4188.07692294	4193.58974345	4214.87179481	4195.89743576	4198.46153833	4196.5384614	4200.12820499	4198.71794858	4198.07692294	4188.84615371	4200.51282038	4226.79487173	4207.17948711	
4193.3333332	4186.28205115	4196.15384602	4221.28205122	4190.76923063	4197.94871781	4200.38461525	4203.07692301	4200.76923063	4201.15384609	4189.10256397	4197.94871781	4228.58974352	4208.20512814	
4197.4358973	4191.5384614	4202.30769224	4226.92307686	4194.48717935	4197.05128192	4203.4615384	4204.23076917	4201.92307686	4212.30769224	4198.46153833	4200.64102551	4232.17948711	4209.48717942	
4197.56410243	4193.46153833	4202.17948711	4220.7692307	4191.92307679	4192.56410243	4199.48717935	4200.51282038	4199.61538448	4209.35897429	4199.87179474	4201.92307686	4233.20512814	4208.20512814	
4194.61538448	4189.10256397	4195.25641012	4221.53846147	4190.64102551	4193.97435884	4198.3333332	4199.48717935	4197.4358973	4199.87179474	4186.92307679	4196.02564089	4227.43589737	4203.07692301	
4194.35897422	4187.56410243	4190.51282038	4225.89743583	4195.76923063	4201.28205122	4204.48717942	4199.87179474	4199.61538448	4200.64102551	4181.15384602	4192.56410243	4221.92307686	4201.92307686	
4196.66666653	4187.94871781	4192.69230756	4221.6666666	4191.79487166	4200.51282038	4206.02564096	4191.66666653	4197.17948704	4201.15384609	4185.89743576	4195.76923063	4222.30769224	4205.51282045	
4195.64102551	4189.61538448	4196.28205115	4223.33333327	4190.51282038	4198.84615371	4203.97435891	4186.15384602	4191.15384602	4197.17948704	4186.41025628	4194.48717935	4222.94871788	4207.94871788	
4193.71794858	4190.64102551	4195.76923063	4231.02564096	4199.35897422	4199.48717935	4205.64102558	4189.87179474	4192.69230756	4198.71794858	4183.58974345	4191.92307679	4223.20512814	4207.05128199	
4196.15384602	4187.94871781	4195.64102551	4229.87179481	4198.84615371	4195.12820499	4201.15384609	4192.69230756	4197.94871781	4202.05128199	4190.38461525	4197.17948704	4227.69230763	4209.35897429	
4200.25641012	4187.69230756	4198.46153833	4227.05128199	4188.07692294	4189.99999986	4195.38461525	4194.35897422	4199.48717935	4202.5641025	4202.43589737	4200.25641012	4230.51282045	4213.58974352	
4196.5384614	4191.41025628	4198.71794858	4229.23076917	4186.41025628	4186.79487166	4194.74358961	4196.5384614	4199.2307691	4201.6666666	4199.2307691	4197.69230756	4228.20512814	4213.33333327	
4189.48717935	4189.87179474	4195.89743576	4226.28205122	4187.69230756	4187.17948704	4191.5384614	4197.69230756	4197.69230756	4202.5641025	4191.28205115	4198.71794858	4229.35897429	4209.99999993	
4195.76923063	4191.92307679	4199.48717935	4223.71794865	4188.84615371	4196.5384614	4197.82051269	4205.51282045	4200.89743576	4210.38461532	4197.56410243	4201.92307686	4233.58974352	4214.10256404	
4209.35897429	4200.64102551	4209.61538455	4231.53846147	4196.5384614	4204.10256404	4212.82051275	4214.10256404	4210.12820506	4220.89743583	4204.99999993	4203.97435891	4234.23076923	4224.87179481	
4207.05128199	4199.74358961	4208.58974352	4237.6923077	4197.30769217	4197.4358973	4210.64102558	4208.07692301	4208.4615384	4215.25641019	4201.41025634	4203.97435891	4233.71794865	4223.71794865	
4198.84615371	4194.87179474	4199.35897422	4232.5641025	4194.87179474	4192.17948704	4197.94871781	4198.3333332	4197.82051269	4200.64102551	4198.07692294	4199.87179474	4230.7692307	4216.6666666	
4203.97435891	4199.87179474	4206.28205122	4233.97435898	4199.74358961	4198.97435884	4201.53846147	4200.38461525	4197.30769217	4204.61538455	4200.89743576	4203.07692301	4225.7692307	4220.7692307	
4209.87179481	4206.79487173	4217.05128199	4245.51282052	4200.51282038	4203.07692301	4208.4615384	4204.74358968	4200.76923063	4214.87179481	4203.4615384	4213.33333327	4225.12820506	4226.79487173	
4207.82051275	4204.61538455	4214.87179481	4247.82051282	4196.28205115	4197.56410243	4204.74358968	4203.07692301	4197.94871781	4211.6666666	4203.4615384	4216.41025634	4224.61538455	4223.33333327	
4206.15384609	4201.41025634	4215.38461532	4245.12820513	4200.76923063	4197.69230756	4202.5641025	4201.28205122	4198.46153833	4208.71794865	4203.07692301	4215.25641019	4222.05128199	4221.02564096	
4204.23076917	4203.84615378	4216.28205122	4244.48717949	4199.48717935	4201.53846147	4202.17948711	4202.69230763	4201.53846147	4213.07692301	4203.20512814	4213.4615384	4222.82051275	4223.07692301	
4197.05128192	4199.35897422	4203.97435891	4236.92307693	4188.46153833	4191.02564089	4195.51282038	4198.58974345	4196.28205115	4207.5641025	4202.43589737	4203.84615378	4222.69230763	4218.71794865	
4195.25641012	4191.79487166	4197.82051269	4230.64102558	4189.61538448	4182.30769217	4188.97435884	4190.64102551	4192.30769217	4198.3333332	4200.12820499	4200.12820499	4222.5641025	4213.4615384	
4201.53846147	4193.97435884	4208.20512814	4240.8974359	4196.79487166	4193.58974345	4192.82051269	4193.84615371	4197.30769217	4205.12820506	4201.53846147	4207.17948711	4226.79487173	4216.79487173	
4199.35897422	4199.10256397	4211.79487173	4247.6923077	4197.05128192	4200.12820499	4199.74358961	4202.69230763	4202.82051275	4217.17948711	4204.61538455	4208.33333327	4232.43589737	4222.30769224	
4193.58974345	4195.51282038	4203.84615378	4240.76923077	4195.76923063	4190.25641012	4200.89743576	4198.46153833	4200.76923063	4216.92307686	4204.74358968	4205.64102558	4232.05128199	4219.35897429	
4196.66666653	4191.92307679	4201.79487173	4242.6923077	4192.94871781	4185.76923063	4195.51282038	4188.20512807	4195.64102551	4207.69230763	4205.51282045	4208.4615384	4227.30769224	4213.07692301	
4197.17948704	4193.58974345	4204.87179481	4246.28205129	4186.66666653	4188.07692294	4189.99999986	4185.38461525	4191.66666653	4203.33333327	4206.15384609	4206.92307686	4226.15384609	4212.17948711	
4191.5384614	4194.61538448	4204.87179481	4238.07692308	4185.12820499	4185.51282038	4187.69230756	4187.05128192	4187.94871781	4202.17948711	4203.07692301	4201.41025634	4225.89743583	4213.4615384	
4191.02564089	4194.10256397	4204.10256404	4235.51282052	4188.46153833	4185.76923063	4186.79487166	4187.82051269	4186.66666653	4200.25641012	4200.51282038	4200.64102551	4221.15384609	4209.99999993	
4192.17948704	4192.17948704	4200.89743576	4241.53846154	4188.3333332	4188.71794858	4189.35897422	4186.79487166	4186.15384602	4197.82051269	4199.10256397	4200.89743576	4215.51282045	4204.10256404	
4188.71794858	4193.3333332	4197.82051269	4241.66666667	4188.20512807	4189.2307691	4192.94871781	4186.79487166	4185.64102551	4195.64102551	4196.41025628	4198.97435884	4216.02564096	4204.10256404	
4189.2307691	4197.56410243	4201.02564096	4240.38461539	4189.10256397	4192.56410243	4195.25641012	4189.99999986	4187.94871781	4199.2307691	4198.07692294	4199.10256397	4218.33333327	4207.94871788	
4194.10256397	4198.71794858	4203.4615384	4240.64102564	4188.97435884	4194.99999986	4197.30769217	4194.48717935	4190.76923063	4203.07692301	4199.87179474	4200.51282038	4221.28205122	4210.64102558	
4195.89743576	4197.17948704	4201.02564096	4235.25641026	4187.56410243	4193.58974345	4196.79487166	4197.05128192	4194.74358961	4202.5641025	4199.10256397	4202.43589737	4226.28205122	4214.10256404	
4194.74358961	4197.94871781	4203.58974352	4233.58974352	4185.76923063	4195.76923063	4194.87179474	4199.35897422	4199.61538448	4203.84615378	4207.43589737	4201.92307686	4229.48717942	4220.7692307	
4196.41025628	4197.17948704	4207.94871788	4235.25641026	4187.4358973	4199.61538448	4198.3333332	4199.87179474	4198.84615371	4203.71794865	4213.20512814	4199.87179474	4229.87179481	4219.74358968	
4199.35897422	4194.74358961	4206.53846147	4234.74358975	4188.84615371	4200.12820499	4202.17948711	4199.48717935	4194.87179474	4202.5641025	4208.20512814	4202.30769224	4231.6666666	4215.7692307	
4198.20512807	4196.02564089	4204.10256404	4235.0	4186.79487166	4199.35897422	4201.41025634	4203.33333327	4201.92307686	4208.71794865	4206.28205122	4205.89743583	4231.6666666	4217.05128199	
4193.58974345	4191.66666653	4201.53846147	4230.64102558	4184.87179474	4191.92307679	4199.2307691	4203.20512814	4204.23076917	4209.35897429	4206.79487173	4197.94871781	4224.23076917	4211.6666666	
4192.30769217	4189.35897422	4198.97435884	4226.6666666	4185.76923063	4184.74358961	4197.05128192	4196.92307679	4189.87179474	4200.12820499	4202.5641025	4191.28205115	4221.28205122	4204.61538455	
4196.5384614	4197.56410243	4201.15384609	4230.25641019	4187.94871781	4194.87179474	4199.61538448	4197.30769217	4189.2307691	4204.87179481	4203.97435891	4194.35897422	4226.41025634	4208.97435891	
4196.79487166	4198.3333332	4201.02564096	4232.30769224	4187.69230756	4198.84615371	4200.64102551	4202.17948711	4201.92307686	4211.92307686	4207.30769224	4193.58974345	4229.10256404	4212.17948711	
4194.61538448	4192.82051269	4198.97435884	4227.82051275	4187.94871781	4188.71794858	4195.25641012	4200.64102551	4201.15384609	4206.92307686	4203.4615384	4188.46153833	4223.84615378	4206.15384609	
4193.97435884	4193.97435884	4199.2307691	4226.6666666	4187.4358973	4187.4358973	4191.92307679	4196.02564089	4195.25641012	4206.79487173	4201.02564096	4186.66666653	4218.07692301	4203.71794865	
4192.94871781	4196.66666653	4201.41025634	4229.35897429	4189.74358961	4196.28205115	4195.64102551	4196.5384614	4197.82051269	4210.7692307	4203.58974352	4189.99999986	4221.28205122	4207.69230763	
4194.99999986	4198.97435884	4205.12820506	4231.79487173	4194.48717935	4200.38461525	4202.69230763	4199.74358961	4199.10256397	4210.89743583	4207.94871788	4196.79487166	4228.07692301	4213.20512814	
4198.46153833	4201.53846147	4205.89743583	4233.71794865	4193.84615371	4200.76923063	4204.48717942	4200.64102551	4196.66666653	4213.4615384	4210.89743583	4200.38461525	4226.41025634	4216.92307686	
4199.48717935	4200.64102551	4208.97435891	4235.38461539	4195.12820499	4202.17948711	4199.74358961	4205.7692307	4199.10256397	4217.30769224	4212.82051275	4198.58974345	4223.4615384	4218.33333327	
4200.25641012	4199.74358961	4212.5641025	4238.84615385	4200.51282038	4202.94871788	4199.10256397	4211.15384609	4202.05128199	4217.69230763	4214.87179481	4199.2307691	4231.02564096	4219.35897429	
4198.71794858	4197.94871781	4208.97435891	4243.71794872	4199.99999986	4202.30769224	4202.82051275	4207.94871788	4201.41025634	4212.94871788	4214.35897429	4200.25641012	4234.23076923	4217.05128199	
4196.79487166	4196.28205115	4207.82051275	4245.25641026	4195.64102551	4198.84615371	4201.92307686	4202.43589737	4199.35897422	4208.58974352	4213.4615384	4198.20512807	4230.12820506	4216.53846147	
4198.71794858	4198.97435884	4210.89743583	4241.53846154	4197.82051269	4198.84615371	4200.25641012	4200.25641012	4198.97435884	4209.23076917	4213.58974352	4199.10256397	4229.87179481	4219.87179481	
4200.12820499	4199.2307691	4205.7692307	4236.28205129	4201.28205122	4202.69230763	4201.79487173	4201.15384609	4199.87179474	4209.48717942	4211.41025634	4200.12820499	4231.15384609	4217.82051275	
4196.15384602	4194.74358961	4201.02564096	4232.5641025	4194.48717935	4202.82051275	4197.69230756	4198.84615371	4199.99999986	4203.71794865	4212.69230763	4200.89743576	4229.87179481	4212.94871788	
4191.02564089	4194.61538448	4204.87179481	4232.43589737	4192.4358973	4200.12820499	4191.5384614	4192.30769217	4198.46153833	4202.82051275	4213.84615378	4200.64102551	4224.48717942	4209.99999993	
4191.92307679	4197.94871781	4201.02564096	4232.43589737	4196.41025628	4197.30769217	4192.05128192	4190.64102551	4198.3333332	4202.82051275	4207.43589737	4198.46153833	4220.12820506	4206.28205122	
4194.61538448	4198.97435884	4197.56410243	4232.5641025	4193.97435884	4196.28205115	4196.02564089	4197.30769217	4199.10256397	4198.46153833	4205.51282045	4196.28205115	4222.43589737	4205.12820506	
4192.17948704	4194.2307691	4202.5641025	4232.5641025	4187.05128192	4192.69230756	4194.87179474	4196.28205115	4192.94871781	4198.3333332	4207.69230763	4192.05128192	4219.99999993	4207.30769224	
4188.20512807	4188.71794858	4197.4358973	4230.38461532	4186.15384602	4187.05128192	4187.30769217	4186.92307679	4184.87179474	4198.97435884	4201.53846147	4186.66666653	4214.74358968	4204.35897429	
4186.5384614	4190.12820499	4187.05128192	4224.87179481	4187.4358973	4185.12820499	4185.51282038	4186.41025628	4185.38461525	4194.99999986	4197.4358973	4186.02564089	4215.89743583	4200.38461525	
4185.64102551	4192.69230756	4186.02564089	4219.23076917	4186.15384602	4186.41025628	4189.61538448	4188.20512807	4187.4358973	4195.51282038	4200.12820499	4185.76923063	4216.6666666	4198.58974345	
4184.99999986	4190.51282038	4187.82051269	4223.20512814	4186.92307679	4186.79487166	4189.74358961	4187.05128192	4186.66666653	4198.58974345	4200.12820499	4182.56410243	4214.23076917	4196.5384614	
4183.71794858	4187.4358973	4187.69230756	4231.15384609	4185.89743576	4185.76923063	4186.28205115	4186.41025628	4190.25641012	4199.10256397	4199.61538448	4184.2307691	4215.7692307	4194.99999986	
4183.84615371	4189.74358961	4192.82051269	4231.28205122	4183.84615371	4184.87179474	4183.58974345	4186.92307679	4192.56410243	4200.89743576	4203.4615384	4188.58974345	4218.20512814	4196.92307679	
4185.64102551	4191.5384614	4194.99999986	4225.25641019	4184.87179474	4183.97435884	4182.30769217	4188.46153833	4189.35897422	4200.64102551	4200.76923063	4184.10256397	4214.74358968	4196.92307679	
4182.4358973	4187.05128192	4184.61538448	4217.82051275	4184.10256397	4183.58974345	4180.25641012	4186.79487166	4186.41025628	4188.3333332	4188.3333332	4173.46153833	4208.07692301	4188.46153833	
4178.71794858	4183.20512807	4178.71794858	4213.33333327	4183.46153833	4182.05128192	4180.76923063	4183.71794858	4184.87179474	4180.12820499	4179.61538448	4170.76923063	4204.10256404	4183.84615371	
4184.10256397	4185.89743576	4186.41025628	4217.69230763	4186.02564089	4182.56410243	4182.4358973	4184.35897422	4186.15384602	4194.74358961	4186.02564089	4179.74358961	4210.38461532	4192.05128192	
4188.46153833	4189.2307691	4190.25641012	4222.17948711	4188.3333332	4183.71794858	4184.48717935	4185.64102551	4191.02564089	4202.82051275	4190.51282038	4185.64102551	4216.92307686	4198.58974345	
4183.71794858	4186.5384614	4184.48717935	4216.6666666	4185.64102551	4178.58974345	4183.97435884	4183.71794858	4191.66666653	4189.48717935	4186.28205115	4180.89743576	4210.64102558	4191.41025628	
4179.61538448	4184.48717935	4182.56410243	4216.41025634	4182.56410243	4176.15384602	4180.25641012	4183.20512807	4185.51282038	4184.2307691	4192.4358973	4178.58974345	4209.10256404	4186.92307679	
4182.17948704	4185.89743576	4186.79487166	4224.23076917	4182.94871781	4182.05128192	4179.48717935	4183.58974345	4184.35897422	4190.89743576	4198.46153833	4182.82051269	4212.30769224	4193.20512807	
4182.69230756	4186.5384614	4187.30769217	4223.84615378	4185.12820499	4185.89743576	4181.79487166	4182.56410243	4182.56410243	4189.99999986	4189.99999986	4184.99999986	4211.41025634	4191.41025628	
4180.64102551	4185.51282038	4183.71794858	4214.23076917	4184.35897422	4184.99999986	4181.79487166	4181.41025628	4174.61538448	4182.56410243	4184.10256397	4179.48717935	4208.07692301	4183.97435884	
4181.15384602	4185.51282038	4183.07692294	4214.35897429	4184.99999986	4188.07692294	4183.3333332	4181.79487166	4175.64102551	4181.92307679	4186.79487166	4176.28205115	4207.17948711	4186.92307679	
4187.82051269	4190.12820499	4186.79487166	4225.25641019	4193.71794858	4191.79487166	4193.46153833	4189.87179474	4186.28205115	4190.25641012	4188.58974345	4180.51282038	4207.43589737	4195.38461525	
4196.28205115	4197.94871781	4194.48717935	4235.0	4201.15384609	4193.20512807	4198.97435884	4197.30769217	4193.46153833	4199.10256397	4192.69230756	4186.15384602	4213.20512814	4202.5641025	
4197.4358973	4199.87179474	4201.6666666	4236.02564103	4198.97435884	4198.3333332	4193.97435884	4195.12820499	4196.5384614	4200.25641012	4202.05128199	4188.97435884	4219.61538455	4206.41025634	
4195.51282038	4196.5384614	4202.5641025	4234.74358975	4197.05128192	4200.38461525	4191.02564089	4191.79487166	4198.58974345	4199.2307691	4204.48717942	4187.82051269	4216.28205122	4205.25641019	
4195.25641012	4195.51282038	4197.05128192	4238.71794872	4200.38461525	4192.94871781	4191.79487166	4191.28205115	4195.25641012	4197.94871781	4194.48717935	4184.74358961	4215.38461532	4199.74358961	
4192.56410243	4197.05128192	4191.41025628	4240.38461539	4202.43589737	4188.58974345	4190.12820499	4188.84615371	4191.5384614	4193.3333332	4179.10256397	4184.35897422	4218.4615384	4197.56410243	
4188.97435884	4195.51282038	4187.05128192	4234.87179488	4199.10256397	4191.5384614	4189.74358961	4187.82051269	4192.4358973	4196.92307679	4172.69230756	4186.5384614	4213.20512814	4197.69230756	
4185.12820499	4190.76923063	4182.94871781	4230.51282045	4197.05128192	4190.38461525	4189.2307691	4187.30769217	4189.2307691	4202.43589737	4172.05128192	4183.58974345	4205.64102558	4193.20512807	
4183.3333332	4189.10256397	4181.28205115	4230.12820506	4194.99999986	4184.87179474	4184.74358961	4183.3333332	4184.99999986	4194.74358961	4169.2307691	4179.35897422	4206.02564096	4190.89743576	
4182.4358973	4191.28205115	4182.4358973	4229.61538455	4188.58974345	4184.87179474	4182.69230756	4183.20512807	4189.61538448	4191.66666653	4173.3333332	4182.17948704	4209.61538455	4192.94871781	
4183.07692294	4196.5384614	4188.07692294	4232.5641025	4187.94871781	4188.3333332	4185.51282038	4187.94871781	4195.64102551	4198.20512807	4181.5384614	4186.28205115	4212.43589737	4194.87179474	
4185.76923063	4198.84615371	4190.89743576	4236.28205129	4193.84615371	4187.4358973	4186.15384602	4189.35897422	4190.64102551	4194.10256397	4178.71794858	4186.28205115	4212.30769224	4196.02564089	
4184.2307691	4191.66666653	4187.82051269	4230.64102558	4192.56410243	4183.58974345	4180.89743576	4184.74358961	4182.17948704	4183.3333332	4172.56410243	4181.5384614	4206.53846147	4193.97435884	
4180.51282038	4187.69230756	4185.64102551	4227.30769224	4186.66666653	4182.94871781	4178.20512807	4182.05128192	4182.30769217	4184.2307691	4175.12820499	4180.51282038	4208.33333327	4192.17948704	
4182.05128192	4191.92307679	4187.17948704	4231.02564096	4186.92307679	4184.35897422	4184.99999986	4184.99999986	4184.87179474	4189.10256397	4175.76923063	4182.17948704	4213.58974352	4191.92307679	
4185.25641012	4191.5384614	4187.17948704	4231.02564096	4188.97435884	4183.3333332	4188.84615371	4186.41025628	4184.61538448	4185.76923063	4171.92307679	4182.05128192	4208.20512814	4189.2307691	
4186.79487166	4187.82051269	4185.38461525	4228.58974352	4185.89743576	4180.76923063	4185.89743576	4184.48717935	4184.2307691	4183.07692294	4177.05128192	4182.56410243	4202.82051275	4188.58974345	
4186.92307679	4189.10256397	4185.12820499	4226.92307686	4182.4358973	4185.12820499	4186.02564089	4184.74358961	4184.74358961	4185.12820499	4181.66666653	4182.17948704	4205.89743583	4191.5384614	
4182.56410243	4187.4358973	4183.20512807	4219.99999993	4180.25641012	4184.74358961	4185.64102551	4185.51282038	4183.71794858	4182.30769217	4172.69230756	4175.89743576	4201.6666666	4190.25641012	
4179.35897422	4182.30769217	4181.5384614	4213.33333327	4178.97435884	4173.97435884	4182.30769217	4182.69230756	4181.79487166	4177.30769217	4166.28205108	4169.48717935	4197.17948704	4185.38461525	
