4195.25641012	4188.3333332	4189.2307691	4199.35897422	4201.28205122	4188.71794858	4193.97435884	4173.46153833	4181.15384602	4176.66666653	4176.92307679	4183.3333332	4188.3333332	4193.07692294	
4197.69230756	4192.4358973	4194.74358961	4200.25641012	4202.82051275	4188.84615371	4193.20512807	4183.46153833	4185.25641012	4186.79487166	4184.61538448	4187.69230756	4191.5384614	4201.41025634	
4192.30769217	4190.38461525	4196.79487166	4191.79487166	4200.76923063	4187.69230756	4191.92307679	4182.4358973	4186.02564089	4187.69230756	4185.12820499	4189.2307691	4192.69230756	4201.41025634	
4189.35897422	4190.12820499	4194.35897422	4188.58974345	4200.38461525	4185.89743576	4190.89743576	4176.15384602	4182.69230756	4184.74358961	4181.41025628	4189.87179474	4194.87179474	4196.02564089	
4192.4358973	4192.05128192	4193.46153833	4195.51282038	4201.53846147	4183.71794858	4189.35897422	4175.89743576	4181.92307679	4187.05128192	4183.07692294	4189.48717935	4199.35897422	4198.46153833	
4193.71794858	4190.25641012	4193.71794858	4191.92307679	4201.02564096	4182.56410243	4183.71794858	4173.71794858	4182.94871781	4186.41025628	4184.10256397	4186.92307679	4196.79487166	4199.99999986	
4194.2307691	4184.99999986	4194.99999986	4183.71794858	4199.99999986	4182.94871781	4182.69230756	4173.46153833	4182.05128192	4181.79487166	4178.97435884	4186.66666653	4187.05128192	4197.4358973	
4194.99999986	4181.15384602	4191.5384614	4186.15384602	4198.71794858	4185.38461525	4188.20512807	4180.76923063	4183.71794858	4184.2307691	4176.28205115	4187.56410243	4182.17948704	4197.4358973	
4193.20512807	4181.5384614	4185.51282038	4187.17948704	4197.82051269	4190.76923063	4194.61538448	4186.66666653	4187.4358973	4188.20512807	4178.07692294	4185.76923063	4184.87179474	4196.5384614	
4189.74358961	4183.71794858	4186.92307679	4185.64102551	4200.38461525	4196.5384614	4201.41025634	4187.30769217	4188.71794858	4186.28205115	4176.66666653	4183.3333332	4186.92307679	4192.69230756	
4190.76923063	4185.12820499	4189.87179474	4190.64102551	4201.79487173	4200.25641012	4202.05128199	4187.30769217	4187.4358973	4183.71794858	4172.30769217	4183.20512807	4184.35897422	4191.79487166	
4193.3333332	4186.66666653	4190.76923063	4193.3333332	4195.38461525	4197.05128192	4195.38461525	4184.61538448	4186.79487166	4186.41025628	4176.41025628	4185.76923063	4181.15384602	4193.07692294	
4191.15384602	4185.76923063	4189.35897422	4192.05128192	4192.4358973	4188.46153833	4190.89743576	4178.20512807	4185.25641012	4186.5384614	4182.69230756	4186.79487166	4178.84615371	4192.30769217	
4187.4358973	4182.17948704	4190.25641012	4194.74358961	4198.84615371	4184.2307691	4190.64102551	4174.10256397	4182.05128192	4182.69230756	4181.41025628	4184.35897422	4180.51282038	4190.76923063	
4187.94871781	4184.2307691	4197.82051269	4199.35897422	4201.92307686	4187.69230756	4192.05128192	4179.87179474	4184.10256397	4190.12820499	4183.84615371	4185.89743576	4184.2307691	4193.97435884	
4190.89743576	4188.97435884	4203.71794865	4199.10256397	4199.61538448	4190.64102551	4194.74358961	4183.58974345	4187.56410243	4198.20512807	4188.58974345	4190.76923063	4184.10256397	4198.20512807	
4188.3333332	4187.69230756	4198.71794858	4198.20512807	4200.12820499	4188.46153833	4193.97435884	4176.66666653	4184.35897422	4189.10256397	4186.15384602	4187.94871781	4181.15384602	4195.38461525	
4183.97435884	4186.28205115	4191.15384602	4200.25641012	4199.99999986	4186.02564089	4191.66666653	4174.99999986	4180.89743576	4179.61538448	4181.92307679	4183.84615371	4179.35897422	4191.41025628	
4186.79487166	4192.30769217	4194.99999986	4201.28205122	4197.56410243	4186.5384614	4193.20512807	4182.56410243	4186.41025628	4190.12820499	4185.76923063	4187.56410243	4183.07692294	4192.82051269	
4188.58974345	4195.64102551	4197.56410243	4203.58974352	4202.30769224	4188.84615371	4193.58974345	4186.15384602	4189.61538448	4197.05128192	4188.58974345	4188.71794858	4185.12820499	4194.10256397	
4183.71794858	4188.97435884	4188.20512807	4199.10256397	4200.64102551	4187.69230756	4188.58974345	4183.71794858	4186.28205115	4188.84615371	4184.99999986	4183.20512807	4180.38461525	4192.30769217	
4183.97435884	4185.76923063	4184.2307691	4191.79487166	4189.61538448	4184.99999986	4186.66666653	4186.79487166	4192.69230756	4192.17948704	4185.25641012	4183.71794858	4182.69230756	4192.56410243	
4182.56410243	4186.79487166	4188.20512807	4188.46153833	4188.46153833	4184.48717935	4184.48717935	4188.71794858	4197.69230756	4197.82051269	4185.89743576	4186.79487166	4188.97435884	4192.17948704	
4176.79487166	4184.10256397	4184.74358961	4186.92307679	4194.35897422	4185.38461525	4181.41025628	4184.99999986	4191.5384614	4192.94871781	4182.94871781	4184.61538448	4186.28205115	4191.02564089	
4182.82051269	4185.51282038	4184.10256397	4192.4358973	4196.66666653	4187.4358973	4184.87179474	4185.76923063	4193.3333332	4194.10256397	4182.30769217	4185.25641012	4182.94871781	4192.82051269	
4193.84615371	4192.69230756	4196.41025628	4201.15384609	4197.4358973	4192.56410243	4191.66666653	4186.5384614	4198.20512807	4197.30769217	4183.71794858	4188.97435884	4186.41025628	4195.51282038	
4194.35897422	4194.74358961	4199.74358961	4199.87179474	4199.99999986	4201.02564096	4195.25641012	4184.10256397	4189.61538448	4191.15384602	4185.76923063	4188.20512807	4184.87179474	4198.84615371	
4189.48717935	4193.3333332	4191.79487166	4195.38461525	4200.51282038	4199.87179474	4197.17948704	4183.71794858	4181.79487166	4186.92307679	4183.46153833	4186.66666653	4178.58974345	4199.87179474	
4188.3333332	4193.46153833	4189.48717935	4198.20512807	4199.87179474	4189.10256397	4197.94871781	4183.46153833	4182.17948704	4184.74358961	4175.12820499	4183.3333332	4179.2307691	4196.5384614	
4189.61538448	4193.71794858	4196.15384602	4199.74358961	4200.51282038	4189.87179474	4195.51282038	4181.41025628	4181.28205115	4182.4358973	4175.76923063	4181.66666653	4184.35897422	4199.61538448	
4194.74358961	4196.02564089	4203.20512814	4200.76923063	4201.41025634	4199.74358961	4194.74358961	4189.61538448	4185.25641012	4194.35897422	4186.66666653	4190.64102551	4190.38461525	4209.99999993	
4197.82051269	4196.66666653	4202.82051275	4206.79487173	4203.4615384	4199.74358961	4197.30769217	4200.76923063	4195.25641012	4203.97435891	4187.30769217	4196.02564089	4189.99999986	4209.74358968	
4194.74358961	4195.64102551	4202.5641025	4206.02564096	4203.33333327	4197.4358973	4200.25641012	4201.53846147	4200.89743576	4200.25641012	4188.3333332	4194.74358961	4188.58974345	4208.20512814	
4198.97435884	4201.41025634	4207.5641025	4203.58974352	4204.35897429	4201.92307686	4206.6666666	4200.89743576	4201.53846147	4203.33333327	4197.4358973	4199.99999986	4196.15384602	4218.84615378	
4206.02564096	4203.71794865	4208.20512814	4204.74358968	4205.12820506	4202.30769224	4210.12820506	4203.20512814	4203.58974352	4208.20512814	4192.56410243	4199.87179474	4197.56410243	4220.25641019	
4198.97435884	4195.38461525	4200.12820499	4197.05128192	4203.58974352	4199.61538448	4205.12820506	4200.76923063	4200.25641012	4197.30769217	4180.64102551	4187.69230756	4186.28205115	4208.07692301	
4189.99999986	4190.12820499	4194.99999986	4184.74358961	4201.6666666	4199.99999986	4201.92307686	4193.3333332	4189.48717935	4188.71794858	4180.89743576	4182.82051269	4180.76923063	4204.35897429	
4193.97435884	4190.76923063	4197.82051269	4182.69230756	4198.71794858	4200.64102551	4206.15384609	4191.5384614	4187.94871781	4194.10256397	4182.30769217	4186.5384614	4183.97435884	4206.79487173	
4197.94871781	4193.97435884	4199.61538448	4189.99999986	4201.02564096	4202.82051275	4210.12820506	4198.20512807	4196.66666653	4201.02564096	4183.58974345	4186.5384614	4185.25641012	4208.33333327	
4193.97435884	4195.76923063	4195.38461525	4191.28205115	4206.53846147	4203.4615384	4209.74358968	4201.92307686	4201.53846147	4205.12820506	4186.15384602	4184.10256397	4185.25641012	4210.38461532	
4194.35897422	4193.71794858	4194.10256397	4188.84615371	4204.35897429	4201.53846147	4208.84615378	4201.92307686	4204.99999993	4208.4615384	4186.5384614	4187.4358973	4188.97435884	4210.25641019	
4198.71794858	4194.48717935	4200.51282038	4194.10256397	4201.53846147	4200.12820499	4208.33333327	4207.05128199	4208.84615378	4211.92307686	4194.48717935	4198.71794858	4196.66666653	4212.05128199	
4195.89743576	4195.64102551	4203.20512814	4193.20512807	4204.10256404	4192.05128192	4204.10256404	4207.94871788	4204.74358968	4210.12820506	4198.3333332	4199.48717935	4202.43589737	4215.89743583	
4195.76923063	4194.74358961	4200.12820499	4184.48717935	4202.30769224	4183.71794858	4197.94871781	4200.51282038	4199.99999986	4204.87179481	4189.87179474	4191.66666653	4198.84615371	4213.71794865	
4202.05128199	4197.94871781	4203.58974352	4192.05128192	4203.84615378	4192.82051269	4199.48717935	4200.89743576	4201.28205122	4203.71794865	4193.84615371	4197.30769217	4198.71794858	4214.74358968	
4196.79487166	4198.07692294	4204.61538455	4201.02564096	4213.58974352	4198.97435884	4201.79487173	4203.97435891	4200.51282038	4205.25641019	4199.10256397	4202.05128199	4202.94871788	4218.07692301	
4188.20512807	4193.71794858	4197.94871781	4194.99999986	4214.23076917	4188.84615371	4196.79487166	4195.12820499	4198.58974345	4200.64102551	4187.17948704	4189.35897422	4198.97435884	4209.74358968	
4193.3333332	4196.66666653	4198.58974345	4195.64102551	4215.38461532	4189.74358961	4196.79487166	4188.84615371	4198.84615371	4196.02564089	4187.56410243	4187.17948704	4195.89743576	4206.02564096	
4196.79487166	4199.99999986	4203.84615378	4199.74358961	4225.51282045	4202.43589737	4200.76923063	4192.05128192	4199.35897422	4200.76923063	4199.10256397	4196.66666653	4201.02564096	4210.51282045	
4188.07692294	4193.58974345	4197.4358973	4194.2307691	4224.99999993	4201.15384609	4196.28205115	4189.61538448	4198.71794858	4201.53846147	4190.76923063	4191.02564089	4196.5384614	4201.28205122	
4184.35897422	4191.02564089	4191.79487166	4194.74358961	4216.53846147	4194.2307691	4193.58974345	4185.25641012	4198.71794858	4194.35897422	4180.76923063	4185.51282038	4187.94871781	4192.05128192	
4191.66666653	4194.99999986	4193.84615371	4195.64102551	4218.58974352	4199.48717935	4196.41025628	4187.94871781	4198.07692294	4190.12820499	4186.28205115	4191.02564089	4190.64102551	4197.17948704	
4191.15384602	4191.66666653	4191.15384602	4186.92307679	4220.38461532	4197.94871781	4195.64102551	4190.12820499	4196.79487166	4190.12820499	4187.94871781	4191.15384602	4192.30769217	4196.79487166	
4179.10256397	4187.69230756	4184.61538448	4185.38461525	4218.71794865	4190.51282038	4194.10256397	4188.58974345	4196.79487166	4188.84615371	4185.76923063	4185.25641012	4186.02564089	4190.89743576	
4179.10256397	4189.99999986	4184.35897422	4188.20512807	4218.97435891	4194.2307691	4194.2307691	4189.10256397	4197.30769217	4188.71794858	4189.35897422	4186.02564089	4186.15384602	4193.97435884	
4187.05128192	4187.69230756	4183.97435884	4183.46153833	4216.02564096	4200.12820499	4191.66666653	4189.48717935	4195.89743576	4188.07692294	4187.05128192	4187.4358973	4188.71794858	4192.4358973	
4186.15384602	4184.87179474	4182.56410243	4181.79487166	4219.48717942	4198.3333332	4192.82051269	4192.56410243	4195.38461525	4186.15384602	4182.17948704	4184.99999986	4186.02564089	4188.20512807	
4186.02564089	4190.12820499	4188.58974345	4187.30769217	4231.28205122	4196.66666653	4202.17948711	4201.53846147	4200.25641012	4194.74358961	4192.30769217	4186.92307679	4186.79487166	4199.10256397	
4191.79487166	4193.3333332	4194.35897422	4189.61538448	4233.71794865	4203.33333327	4204.87179481	4206.15384609	4205.7692307	4203.97435891	4200.51282038	4192.05128192	4192.82051269	4209.23076917	
4190.38461525	4186.28205115	4188.71794858	4182.30769217	4229.61538455	4202.05128199	4197.05128192	4198.84615371	4201.02564096	4193.46153833	4189.87179474	4186.66666653	4187.05128192	4200.76923063	
4179.2307691	4179.2307691	4177.30769217	4177.17948704	4230.51282045	4189.10256397	4188.20512807	4188.3333332	4189.87179474	4179.74358961	4179.99999986	4172.69230756	4174.48717935	4186.28205115	
4173.46153833	4181.66666653	4174.48717935	4178.84615371	4229.10256404	4182.4358973	4182.69230756	4185.38461525	4186.02564089	4182.17948704	4180.76923063	4171.5384614	4174.74358961	4182.82051269	
4178.3333332	4183.46153833	4181.92307679	4179.61538448	4225.12820506	4184.61538448	4184.2307691	4187.4358973	4189.2307691	4185.64102551	4180.25641012	4181.92307679	4183.07692294	4187.4358973	
4186.66666653	4181.66666653	4186.28205115	4181.92307679	4229.74358968	4184.74358961	4192.4358973	4190.12820499	4191.41025628	4184.74358961	4181.66666653	4185.64102551	4184.35897422	4193.58974345	
4190.38461525	4188.20512807	4184.2307691	4186.5384614	4234.48717949	4183.97435884	4196.41025628	4189.61538448	4191.28205115	4185.51282038	4183.71794858	4183.58974345	4184.61538448	4194.35897422	
4190.25641012	4197.05128192	4185.51282038	4188.07692294	4232.30769224	4188.84615371	4191.79487166	4187.17948704	4189.2307691	4186.41025628	4183.97435884	4185.12820499	4186.5384614	4192.30769217	
4192.05128192	4199.2307691	4189.2307691	4184.99999986	4236.7948718	4190.89743576	4194.35897422	4187.94871781	4186.92307679	4184.99999986	4186.28205115	4188.46153833	4186.28205115	4195.38461525	
4184.35897422	4199.35897422	4179.74358961	4175.89743576	4247.30769231	4187.17948704	4195.25641012	4184.10256397	4183.46153833	4174.48717935	4175.76923063	4179.61538448	4180.25641012	4190.25641012	
4181.79487166	4202.69230763	4177.30769217	4173.46153833	4241.41025641	4183.84615371	4190.51282038	4179.99999986	4183.97435884	4168.97435884	4167.17948697	4175.64102551	4180.64102551	4186.02564089	
4192.30769217	4207.05128199	4187.94871781	4182.82051269	4232.43589737	4185.51282038	4190.12820499	4180.89743576	4182.94871781	4176.41025628	4178.20512807	4187.30769217	4186.41025628	4194.10256397	
4190.12820499	4216.41025634	4191.02564089	4184.2307691	4239.10256411	4183.07692294	4187.30769217	4177.17948704	4173.97435884	4175.64102551	4179.99999986	4189.61538448	4183.46153833	4193.97435884	
4176.5384614	4223.71794865	4183.46153833	4174.61538448	4247.05128206	4173.71794858	4180.25641012	4167.56410236	4166.66666646	4166.53846133	4168.07692287	4179.99999986	4177.82051269	4181.28205115	
4175.12820499	4218.33333327	4174.87179474	4170.76923063	4253.58974359	4175.51282038	4176.79487166	4167.43589723	4167.82051262	4167.3076921	4168.46153833	4178.58974345	4178.20512807	4177.56410243	
4176.28205115	4215.38461532	4170.12820499	4174.2307691	4262.94871795	4184.35897422	4179.10256397	4174.35897422	4171.79487166	4171.66666653	4173.84615371	4177.4358973	4181.15384602	4180.89743576	
4166.41025621	4221.79487173	4166.15384595	4172.30769217	4264.74358975	4179.74358961	4176.28205115	4173.3333332	4171.79487166	4166.92307672	4165.64102544	4166.41025621	4177.4358973	4173.46153833	
4166.53846133	4224.87179481	4167.05128185	4168.20512807	4262.05128206	4176.28205115	4174.35897422	4170.25641012	4170.25641012	4165.38461518	4162.3076921	4164.35897415	4176.15384602	4171.02564089	
4176.66666653	4225.25641019	4168.97435884	4168.71794858	4266.28205129	4182.56410243	4179.48717935	4169.61538448	4169.2307691	4169.2307691	4168.71794858	4170.38461525	4179.87179474	4177.56410243	
4179.99999986	4233.33333327	4171.79487166	4171.15384602	4266.79487187	4177.05128192	4182.69230756	4171.92307679	4171.02564089	4169.74358961	4171.5384614	4171.79487166	4182.56410243	4181.15384602	
4175.51282038	4239.10256411	4172.05128192	4168.3333332	4265.8974359	4165.76923056	4179.35897422	4172.17948704	4171.5384614	4168.07692287	4169.74358961	4170.25641012	4182.94871781	4180.51282038	
4174.35897422	4237.94871795	4169.74358961	4165.64102544	4276.15384623	4170.38461525	4177.30769217	4171.02564089	4166.53846133	4166.02564082	4169.10256397	4167.56410236	4182.30769217	4181.28205115	
4181.02564089	4240.8974359	4178.71794858	4171.66666653	4279.74358982	4182.05128192	4187.30769217	4179.35897422	4169.87179474	4168.07692287	4171.5384614	4171.41025628	4185.38461525	4186.41025628	
4180.12820499	4245.12820513	4184.74358961	4175.64102551	4280.1282052	4187.17948704	4190.51282038	4186.5384614	4180.38461525	4170.76923063	4171.28205115	4178.3333332	4182.82051269	4188.07692294	
4179.87179474	4250.25641026	4184.2307691	4178.84615371	4291.15384623	4188.07692294	4185.76923063	4186.41025628	4187.69230756	4176.28205115	4174.35897422	4183.71794858	4182.4358973	4191.15384602	
4185.25641012	4255.12820513	4183.71794858	4183.84615371	4296.53846161	4187.4358973	4186.15384602	4183.71794858	4188.58974345	4182.05128192	4180.51282038	4184.87179474	4187.94871781	4192.94871781	
4193.46153833	4254.74358975	4188.71794858	4186.28205115	4296.28205136	4188.20512807	4192.56410243	4189.48717935	4189.48717935	4187.94871781	4185.38461525	4186.15384602	4188.46153833	4197.17948704	
4195.12820499	4250.64102564	4191.79487166	4184.48717935	4293.20512828	4189.10256397	4191.92307679	4190.12820499	4190.12820499	4186.28205115	4182.56410243	4187.56410243	4184.61538448	4201.6666666	
4181.02564089	4251.7948718	4182.82051269	4179.48717935	4283.97435905	4185.64102551	4182.4358973	4176.02564089	4181.28205115	4173.20512807	4170.89743576	4183.71794858	4183.07692294	4192.30769217	
4176.92307679	4260.0	4180.25641012	4178.07692294	4285.38461546	4184.61538448	4186.41025628	4174.10256397	4173.20512807	4168.58974345	4167.3076921	4178.71794858	4186.02564089	4186.66666653	
4182.94871781	4258.46153847	4182.82051269	4172.30769217	4295.00000007	4186.92307679	4192.4358973	4180.51282038	4172.56410243	4171.28205115	4167.17948697	4173.3333332	4179.61538448	4188.3333332	
4177.82051269	4244.61538462	4176.92307679	4164.35897415	4292.30769238	4184.99999986	4185.89743576	4173.97435884	4170.64102551	4168.84615371	4160.38461518	4169.10256397	4175.12820499	4185.25641012	
4169.99999986	4239.23076923	4167.05128185	4164.1025639	4291.53846161	4183.97435884	4176.92307679	4165.76923056	4165.25641005	4164.1025639	4153.71794851	4168.07692287	4178.46153833	4179.48717935	
4172.30769217	4242.43589744	4165.76923056	4164.74358954	4300.2564104	4186.28205115	4175.12820499	4169.48717935	4165.12820492	4166.02564082	4154.74358954	4167.56410236	4179.74358961	4179.61538448	
4175.25641012	4241.92307693	4169.2307691	4162.94871774	4295.51282059	4185.38461525	4180.12820499	4171.79487166	4167.69230749	4167.56410236	4158.71794851	4167.3076921	4175.64102551	4180.38461525	
4175.25641012	4244.48717949	4168.3333332	4169.10256397	4287.43589751	4183.20512807	4182.30769217	4171.02564089	4168.3333332	4166.28205108	4163.46153826	4167.43589723	4172.82051269	4178.97435884	
4179.35897422	4250.38461539	4171.5384614	4174.99999986	4294.10256418	4186.28205115	4180.51282038	4173.3333332	4171.41025628	4167.69230749	4168.3333332	4171.92307679	4177.82051269	4182.4358973	
4182.82051269	4248.33333334	4176.28205115	4170.25641012	4293.84615392	4184.87179474	4180.38461525	4169.35897422	4172.4358973	4170.12820499	4168.3333332	4179.87179474	4182.4358973	4184.61538448	
4184.48717935	4246.7948718	4181.15384602	4174.99999986	4280.89743597	4182.69230756	4187.4358973	4170.89743576	4173.84615371	4176.41025628	4169.61538448	4183.3333332	4183.84615371	4187.4358973	
4190.38461525	4259.35897436	4192.4358973	4190.12820499	4278.58974366	4192.69230756	4195.25641012	4183.58974345	4184.10256397	4186.41025628	4179.48717935	4188.07692294	4189.87179474	4199.87179474	
4197.17948704	4261.66666667	4201.79487173	4191.28205115	4292.82051289	4196.28205115	4193.58974345	4191.15384602	4190.89743576	4193.07692294	4188.46153833	4196.28205115	4196.92307679	4210.7692307	
4196.5384614	4247.56410257	4196.79487166	4184.87179474	4296.53846161	4188.71794858	4191.41025628	4186.66666653	4187.30769217	4190.38461525	4186.79487166	4194.74358961	4192.17948704	4205.25641019	
4185.25641012	4243.46153847	4183.3333332	4183.71794858	4290.25641033	4188.84615371	4191.41025628	4181.92307679	4180.64102551	4183.84615371	4179.87179474	4183.07692294	4181.66666653	4194.35897422	
4182.69230756	4250.51282052	4188.46153833	4186.02564089	4295.51282059	4191.28205115	4192.17948704	4182.05128192	4180.76923063	4182.30769217	4180.51282038	4186.02564089	4188.3333332	4200.38461525	
4193.3333332	4254.23076923	4202.5641025	4186.41025628	4293.33333341	4186.66666653	4192.94871781	4185.12820499	4183.07692294	4185.76923063	4185.38461525	4198.46153833	4197.56410243	4211.6666666	
4196.79487166	4254.74358975	4200.89743576	4189.87179474	4287.17948725	4191.5384614	4192.82051269	4194.2307691	4184.99999986	4194.61538448	4191.15384602	4199.74358961	4193.3333332	4210.64102558	
4197.4358973	4261.53846154	4205.89743583	4203.58974352	4300.2564104	4203.71794865	4201.28205122	4206.15384609	4195.89743576	4205.7692307	4202.5641025	4203.84615378	4195.76923063	4217.05128199	
4199.74358961	4262.43589744	4213.97435891	4205.64102558	4305.38461553	4204.48717942	4211.28205122	4207.30769224	4206.28205122	4205.89743583	4202.94871788	4204.23076917	4200.64102551	4224.10256404	
4190.89743576	4248.07692308	4199.10256397	4189.87179474	4296.0256411	4202.82051275	4205.38461532	4198.3333332	4200.38461525	4198.46153833	4190.51282038	4190.25641012	4188.3333332	4209.87179481	
4181.28205115	4236.7948718	4185.38461525	4181.66666653	4291.66666674	4198.84615371	4193.07692294	4192.30769217	4193.20512807	4196.92307679	4182.17948704	4182.69230756	4181.5384614	4193.84615371	
4182.05128192	4230.12820506	4186.15384602	4177.69230756	4281.53846161	4187.56410243	4192.4358973	4182.17948704	4185.89743576	4186.92307679	4175.76923063	4182.05128192	4186.15384602	4189.61538448	
4176.79487166	4219.48717942	4176.92307679	4167.17948697	4272.30769238	4182.30769217	4190.51282038	4169.10256397	4170.12820499	4167.56410236	4163.71794851	4171.41025628	4175.89743576	4178.46153833	
4170.89743576	4217.5641025	4169.2307691	4162.69230749	4281.53846161	4185.38461525	4180.64102551	4166.28205108	4168.97435884	4167.94871774	4160.64102544	4161.92307672	4168.20512807	4171.41025628	
4181.79487166	4230.12820506	4183.84615371	4171.02564089	4281.15384623	4185.64102551	4186.02564089	4175.64102551	4182.82051269	4183.3333332	4173.3333332	4171.41025628	4184.74358961	4186.15384602	
4188.71794858	4231.28205122	4189.48717935	4174.10256397	4268.33333341	4183.07692294	4194.2307691	4182.4358973	4181.28205115	4186.5384614	4175.25641012	4176.02564089	4189.99999986	4193.3333332	
4180.64102551	4217.5641025	4174.74358961	4165.64102544	4270.76923084	4184.48717935	4188.97435884	4179.2307691	4177.69230756	4184.2307691	4171.41025628	4170.38461525	4179.2307691	4184.61538448	
4170.25641012	4203.97435891	4166.79487159	4157.82051262	4273.46153853	4185.64102551	4180.89743576	4174.74358961	4183.58974345	4186.92307679	4176.28205115	4166.92307672	4179.74358961	4182.4358973	
4173.46153833	4201.6666666	4175.89743576	4161.92307672	4265.0	4183.07692294	4179.74358961	4173.3333332	4180.89743576	4183.46153833	4179.2307691	4169.61538448	4183.3333332	4187.56410243	
4188.46153833	4212.82051275	4188.58974345	4174.74358961	4261.7948718	4181.41025628	4186.28205115	4175.64102551	4179.61538448	4184.10256397	4182.4358973	4177.17948704	4183.84615371	4193.58974345	
4187.69230756	4213.07692301	4186.28205115	4174.10256397	4263.46153847	4181.15384602	4186.5384614	4173.71794858	4179.10256397	4186.79487166	4181.92307679	4175.25641012	4182.4358973	4192.17948704	
4178.58974345	4200.12820499	4182.30769217	4170.12820499	4264.87179488	4182.56410243	4184.2307691	4169.99999986	4171.92307679	4183.3333332	4176.15384602	4171.02564089	4177.82051269	4189.35897422	
4175.51282038	4189.87179474	4181.15384602	4170.38461525	4264.87179488	4184.10256397	4180.38461525	4168.71794858	4168.07692287	4174.61538448	4168.71794858	4169.87179474	4170.51282038	4183.97435884	
4175.76923063	4188.20512807	4176.15384602	4167.82051262	4265.12820513	4184.99999986	4177.05128192	4170.76923063	4168.20512807	4167.3076921	4164.74358954	4169.2307691	4163.97435877	4176.02564089	
4189.87179474	4199.10256397	4190.38461525	4178.84615371	4266.66666674	4185.12820499	4195.25641012	4185.12820499	4177.56410243	4178.3333332	4176.28205115	4181.41025628	4173.20512807	4189.61538448	
4201.79487173	4203.84615378	4206.02564096	4188.07692294	4262.17948718	4186.66666653	4207.69230763	4193.71794858	4188.97435884	4193.07692294	4185.38461525	4194.74358961	4187.82051269	4208.4615384	
4187.82051269	4191.79487166	4192.56410243	4178.84615371	4262.6923077	4192.94871781	4191.66666653	4181.79487166	4186.28205115	4186.5384614	4175.51282038	4187.30769217	4182.05128192	4197.05128192	
4177.4358973	4183.58974345	4179.61538448	4172.69230756	4271.66666674	4194.74358961	4179.61538448	4168.84615371	4180.89743576	4179.10256397	4170.51282038	4180.12820499	4169.48717935	4184.10256397	
4189.87179474	4186.41025628	4186.15384602	4175.51282038	4260.64102564	4181.28205115	4185.64102551	4169.87179474	4180.12820499	4182.05128192	4175.51282038	4184.61538448	4174.48717935	4191.79487166	
4193.20512807	4186.66666653	4187.56410243	4168.97435884	4241.28205129	4172.17948704	4189.74358961	4177.30769217	4179.35897422	4183.07692294	4172.4358973	4179.87179474	4183.97435884	4192.4358973	
4183.46153833	4188.07692294	4183.3333332	4166.28205108	4252.56410257	4183.97435884	4187.69230756	4182.30769217	4183.20512807	4186.92307679	4174.99999986	4177.17948704	4188.3333332	4191.41025628	
4186.66666653	4193.20512807	4188.97435884	4177.05128192	4270.38461546	4190.51282038	4186.79487166	4184.48717935	4186.15384602	4194.2307691	4188.84615371	4186.41025628	4196.41025628	4201.92307686	
4198.97435884	4196.79487166	4200.89743576	4186.5384614	4260.25641026	4181.41025628	4188.71794858	4187.69230756	4183.46153833	4192.4358973	4193.58974345	4192.4358973	4203.07692301	4209.61538455	
4199.61538448	4198.71794858	4202.17948711	4189.87179474	4261.7948718	4183.3333332	4190.64102551	4190.12820499	4182.69230756	4189.10256397	4191.5384614	4190.25641012	4198.58974345	4211.41025634	
4192.82051269	4191.5384614	4188.3333332	4184.87179474	4271.66666674	4186.02564089	4185.89743576	4185.12820499	4176.41025628	4184.99999986	4186.41025628	4179.48717935	4187.69230756	4206.79487173	
4195.38461525	4180.12820499	4183.20512807	4182.69230756	4259.10256411	4176.5384614	4184.61538448	4180.89743576	4168.20512807	4177.4358973	4181.28205115	4173.20512807	4181.66666653	4198.20512807	
4199.48717935	4182.17948704	4189.35897422	4183.58974345	4253.97435898	4174.87179474	4189.35897422	4184.10256397	4172.56410243	4180.38461525	4185.76923063	4181.41025628	4183.20512807	4199.99999986	
4191.92307679	4187.05128192	4185.64102551	4182.05128192	4262.6923077	4182.56410243	4183.20512807	4180.12820499	4174.35897422	4182.17948704	4183.71794858	4183.20512807	4181.5384614	4203.07692301	
4194.61538448	4187.82051269	4187.94871781	4187.94871781	4260.64102564	4186.5384614	4188.58974345	4182.56410243	4175.51282038	4180.51282038	4181.92307679	4180.38461525	4184.87179474	4202.82051275	
4208.20512814	4195.51282038	4203.71794865	4191.28205115	4257.6923077	4187.05128192	4207.43589737	4198.3333332	4186.5384614	4194.2307691	4193.97435884	4188.58974345	4194.99999986	4212.5641025	
4205.51282045	4203.71794865	4205.51282045	4192.82051269	4262.94871795	4185.51282038	4208.97435891	4200.64102551	4191.66666653	4203.97435891	4197.56410243	4192.17948704	4194.99999986	4216.28205122	
4191.79487166	4201.79487173	4187.69230756	4194.87179474	4264.23076923	4182.17948704	4190.38461525	4184.74358961	4179.99999986	4192.69230756	4186.66666653	4182.94871781	4189.35897422	4202.69230763	
4191.02564089	4193.71794858	4179.74358961	4179.48717935	4268.97435905	4183.71794858	4182.69230756	4179.35897422	4171.66666653	4181.02564089	4181.28205115	4177.4358973	4188.84615371	4195.64102551	
4202.43589737	4201.15384609	4193.58974345	4165.38461518	4270.1282052	4186.28205115	4200.12820499	4195.89743576	4182.4358973	4188.07692294	4186.66666653	4184.35897422	4190.51282038	4209.10256404	
4198.58974345	4214.23076917	4195.38461525	4177.17948704	4258.84615385	4181.28205115	4202.17948711	4193.46153833	4181.66666653	4189.10256397	4182.17948704	4181.41025628	4187.56410243	4211.28205122	
4183.97435884	4209.35897429	4180.12820499	4188.46153833	4269.35897443	4182.69230756	4179.10256397	4173.20512807	4167.17948697	4182.4358973	4175.38461525	4172.56410243	4188.71794858	4197.56410243	
4186.02564089	4210.38461532	4180.51282038	4182.30769217	4292.43589751	4188.46153833	4176.02564089	4172.82051269	4168.97435884	4184.48717935	4179.87179474	4178.84615371	4193.71794858	4198.71794858	
4195.51282038	4224.23076917	4190.12820499	4181.79487166	4289.74358982	4183.3333332	4188.46153833	4176.5384614	4173.3333332	4185.89743576	4183.58974345	4182.82051269	4188.97435884	4201.53846147	
4192.4358973	4221.79487173	4185.64102551	4186.02564089	4279.35897443	4179.87179474	4183.84615371	4167.17948697	4165.51282031	4181.92307679	4180.38461525	4173.46153833	4182.56410243	4190.51282038	
4185.76923063	4208.07692301	4175.89743576	4183.07692294	4290.64102571	4191.5384614	4175.76923063	4162.56410236	4164.48717928	4177.4358973	4176.92307679	4165.76923056	4181.28205115	4184.74358961	
4181.15384602	4204.35897429	4169.48717935	4170.38461525	4298.71794879	4192.30769217	4177.82051269	4164.61538441	4163.58974339	4171.15384602	4169.2307691	4159.35897415	4173.3333332	4181.79487166	
4178.07692294	4204.74358968	4169.2307691	4160.12820492	4295.76923084	4181.92307679	4174.87179474	4160.25641005	4151.41025621	4164.87179467	4165.12820492	4153.84615364	4162.17948697	4177.56410243	
4183.20512807	4208.84615378	4179.35897422	4168.46153833	4300.89743604	4193.07692294	4180.25641012	4165.12820492	4158.71794851	4175.12820499	4177.56410243	4166.66666646	4172.4358973	4187.94871781	
4188.71794858	4222.17948711	4191.02564089	4186.15384602	4306.41025655	4200.25641012	4200.76923063	4183.20512807	4182.17948704	4197.82051269	4188.97435884	4183.97435884	4188.71794858	4203.84615378	
4195.76923063	4232.43589737	4200.76923063	4188.97435884	4306.41025655	4186.41025628	4204.99999993	4193.07692294	4187.56410243	4204.35897429	4193.58974345	4188.71794858	4189.2307691	4210.51282045	
4196.02564089	4230.12820506	4201.41025634	4183.3333332	4307.56410271	4186.92307679	4182.56410243	4180.64102551	4171.66666653	4189.2307691	4194.61538448	4186.02564089	4182.82051269	4208.58974352	
4189.74358961	4227.94871788	4197.30769217	4191.41025628	4315.89743604	4202.69230763	4173.84615371	4172.56410243	4165.25641005	4184.2307691	4198.3333332	4188.71794858	4185.64102551	4207.5641025	
4192.30769217	4232.30769224	4202.5641025	4200.25641012	4325.38461553	4204.48717942	4189.99999986	4182.82051269	4175.89743576	4197.30769217	4205.12820506	4198.46153833	4192.94871781	4212.30769224	
4191.02564089	4225.12820506	4201.92307686	4184.74358961	4317.30769245	4197.05128192	4192.17948704	4175.89743576	4167.94871774	4188.71794858	4198.84615371	4191.66666653	4186.28205115	4205.38461532	
4186.41025628	4215.64102558	4194.35897422	4177.4358973	4304.48717963	4200.12820499	4180.38461525	4166.28205108	4159.74358954	4179.74358961	4188.58974345	4182.69230756	4179.87179474	4199.2307691	
4192.4358973	4228.33333327	4200.89743576	4200.12820499	4316.53846168	4203.84615378	4186.79487166	4187.56410243	4180.25641012	4203.33333327	4198.46153833	4195.76923063	4187.69230756	4211.28205122	
4193.07692294	4236.7948718	4204.48717942	4202.69230763	4324.74358989	4201.79487173	4193.58974345	4195.76923063	4191.79487166	4211.53846147	4205.64102558	4195.38461525	4190.89743576	4213.97435891	
4187.17948704	4221.15384609	4196.02564089	4180.25641012	4310.12820527	4206.92307686	4188.07692294	4181.02564089	4181.66666653	4196.5384614	4196.66666653	4178.97435884	4189.2307691	4206.92307686	
4191.66666653	4214.99999993	4200.25641012	4180.51282038	4312.56410271	4219.99999993	4193.97435884	4189.48717935	4184.61538448	4208.4615384	4207.05128199	4191.5384614	4198.97435884	4217.43589737	
4195.64102551	4225.38461532	4207.94871788	4191.15384602	4323.33333348	4222.05128199	4201.28205122	4200.64102551	4191.15384602	4219.87179481	4219.23076917	4204.61538455	4204.61538455	4222.17948711	
4191.92307679	4222.30769224	4201.02564096	4181.15384602	4313.71794886	4213.4615384	4190.76923063	4187.94871781	4181.92307679	4199.61538448	4203.4615384	4190.51282038	4195.76923063	4209.87179481	
4189.61538448	4214.87179481	4197.94871781	4173.71794858	4306.1538463	4212.17948711	4182.05128192	4182.69230756	4181.28205115	4196.02564089	4194.10256397	4188.46153833	4195.51282038	4208.97435891	
4194.61538448	4221.15384609	4211.79487173	4192.94871781	4311.28205142	4214.10256404	4196.15384602	4196.15384602	4191.41025628	4218.07692301	4210.51282045	4205.38461532	4207.17948711	4221.28205122	
4198.58974345	4223.84615378	4218.20512814	4201.79487173	4313.07692322	4214.10256404	4203.07692301	4203.84615378	4189.87179474	4219.48717942	4217.17948711	4204.48717942	4209.61538455	4222.43589737	
4192.82051269	4217.82051275	4204.48717942	4188.46153833	4311.28205142	4216.79487173	4190.64102551	4198.3333332	4185.25641012	4201.92307686	4201.28205122	4191.41025628	4201.15384609	4211.6666666	
4188.97435884	4219.74358968	4196.15384602	4186.15384602	4310.00000014	4217.82051275	4186.79487166	4196.41025628	4186.02564089	4197.05128192	4195.25641012	4190.25641012	4196.79487166	4207.94871788	
4195.89743576	4227.17948711	4207.82051275	4200.38461525	4309.3589745	4215.38461532	4197.17948704	4200.51282038	4186.92307679	4208.07692301	4207.30769224	4197.17948704	4201.92307686	4215.89743583	
4203.07692301	4231.41025634	4219.10256404	4205.64102558	4307.30769245	4218.33333327	4206.15384609	4204.10256404	4193.71794858	4218.97435891	4216.53846147	4202.30769224	4206.6666666	4223.4615384	
4200.64102551	4232.30769224	4213.71794865	4200.89743576	4303.58974373	4224.99999993	4205.25641019	4203.84615378	4200.38461525	4216.02564096	4210.51282045	4203.20512814	4203.58974352	4222.43589737	
4197.94871781	4229.87179481	4208.58974352	4201.41025634	4294.35897443	4219.99999993	4198.97435884	4200.25641012	4189.74358961	4204.99999993	4201.79487173	4201.79487173	4198.20512807	4215.51282045	
4196.28205115	4228.97435891	4208.20512814	4201.02564096	4284.10256418	4212.94871788	4199.61538448	4199.61538448	4182.69230756	4205.25641019	4201.92307686	4200.89743576	4198.71794858	4213.97435891	
4192.69230756	4230.64102558	4204.35897429	4198.58974345	4282.94871802	4221.6666666	4203.58974352	4202.43589737	4195.64102551	4215.64102558	4204.10256404	4199.99999986	4204.10256404	4219.99999993	
4196.79487166	4235.12820513	4206.15384609	4201.6666666	4283.97435905	4227.69230763	4200.64102551	4201.02564096	4199.35897422	4216.15384609	4203.33333327	4202.94871788	4202.94871788	4220.7692307	
4206.53846147	4241.15384616	4216.28205122	4208.4615384	4280.89743597	4218.84615378	4197.4358973	4199.10256397	4192.4358973	4211.6666666	4209.35897429	4211.02564096	4202.82051275	4221.92307686	
4210.51282045	4240.0	4221.41025634	4212.94871788	4282.17948725	4217.30769224	4201.92307686	4202.05128199	4199.87179474	4215.7692307	4219.61538455	4217.05128199	4211.79487173	4231.02564096	
4208.71794865	4237.43589744	4220.89743583	4212.69230763	4278.33333341	4222.05128199	4205.51282045	4206.92307686	4207.30769224	4223.97435891	4224.99999993	4215.12820506	4216.28205122	4236.41025641	
4207.94871788	4242.30769231	4223.20512814	4213.33333327	4264.61538462	4217.82051275	4205.64102558	4211.79487173	4203.58974352	4227.5641025	4225.89743583	4215.51282045	4217.17948711	4235.12820513	
4206.15384609	4240.64102564	4224.23076917	4218.58974352	4262.6923077	4217.69230763	4205.7692307	4211.53846147	4202.17948711	4226.79487173	4225.12820506	4218.71794865	4217.43589737	4234.74358975	
4199.48717935	4225.89743583	4215.12820506	4215.64102558	4264.48717949	4223.20512814	4201.79487173	4203.97435891	4199.99999986	4219.23076917	4217.5641025	4206.41025634	4210.12820506	4225.7692307	
4189.61538448	4214.10256404	4200.76923063	4198.71794858	4250.12820513	4217.05128199	4198.84615371	4194.48717935	4186.79487166	4203.58974352	4203.97435891	4184.2307691	4196.92307679	4204.99999993	
4188.07692294	4214.10256404	4196.41025628	4194.35897422	4241.92307693	4214.74358968	4204.74358968	4193.71794858	4179.74358961	4196.28205115	4199.61538448	4186.92307679	4194.35897422	4199.61538448	
4193.3333332	4210.51282045	4203.07692301	4206.92307686	4249.87179488	4222.17948711	4207.05128199	4197.94871781	4191.02564089	4204.74358968	4209.74358968	4201.28205122	4199.61538448	4208.97435891	
4193.84615371	4206.6666666	4207.17948711	4214.61538455	4251.28205129	4221.15384609	4206.15384609	4201.6666666	4203.33333327	4214.23076917	4216.02564096	4202.82051275	4199.10256397	4212.5641025	
4199.74358961	4212.17948711	4214.61538455	4217.43589737	4238.97435898	4216.15384609	4209.48717942	4201.53846147	4206.28205122	4217.43589737	4216.53846147	4208.4615384	4201.02564096	4218.71794865	
4204.35897429	4214.74358968	4219.99999993	4220.7692307	4229.99999993	4217.5641025	4209.87179481	4193.97435884	4200.76923063	4213.07692301	4219.35897429	4214.99999993	4203.71794865	4222.82051275	
4196.41025628	4208.97435891	4206.6666666	4214.87179481	4229.99999993	4218.20512814	4200.89743576	4187.69230756	4191.92307679	4202.05128199	4214.48717942	4202.94871788	4197.82051269	4213.33333327	
4193.84615371	4204.74358968	4200.38461525	4209.87179481	4231.92307686	4217.82051275	4199.10256397	4193.97435884	4194.74358961	4203.20512814	4210.51282045	4197.30769217	4196.66666653	4210.64102558	
4203.58974352	4206.28205122	4214.10256404	4216.02564096	4228.71794865	4221.53846147	4209.99999993	4210.25641019	4210.25641019	4223.4615384	4220.64102558	4209.23076917	4209.99999993	4225.25641019	
4203.33333327	4205.7692307	4215.38461532	4214.10256404	4227.5641025	4218.84615378	4211.53846147	4216.53846147	4218.20512814	4232.5641025	4222.5641025	4206.41025634	4216.15384609	4225.7692307	
4194.74358961	4204.48717942	4208.4615384	4209.10256404	4228.07692301	4216.79487173	4205.64102558	4214.74358968	4216.41025634	4227.17948711	4217.94871788	4199.61538448	4210.25641019	4217.17948711	
4201.6666666	4207.17948711	4216.79487173	4215.64102558	4221.92307686	4225.7692307	4211.41025634	4220.51282045	4220.7692307	4232.82051275	4228.07692301	4212.5641025	4212.5641025	4224.61538455	
4207.43589737	4206.92307686	4223.58974352	4217.94871788	4216.41025634	4226.15384609	4213.58974352	4219.48717942	4222.94871788	4236.66666667	4233.84615385	4217.43589737	4215.7692307	4230.12820506	
4197.56410243	4202.17948711	4216.53846147	4212.69230763	4215.25641019	4214.48717942	4204.10256404	4207.82051275	4217.05128199	4224.23076917	4223.84615378	4204.99999993	4213.84615378	4219.35897429	
4192.05128192	4197.4358973	4211.92307686	4213.33333327	4216.79487173	4210.64102558	4203.4615384	4199.61538448	4211.15384609	4212.30769224	4215.12820506	4198.84615371	4210.64102558	4212.43589737	
4197.94871781	4193.58974345	4216.28205122	4217.5641025	4218.4615384	4218.84615378	4208.58974352	4201.02564096	4209.87179481	4214.61538455	4215.51282045	4204.61538455	4205.51282045	4218.4615384	
4196.92307679	4190.38461525	4216.02564096	4216.15384609	4212.43589737	4221.79487173	4201.6666666	4199.10256397	4205.89743583	4215.7692307	4219.48717942	4206.15384609	4201.28205122	4218.4615384	
4183.97435884	4188.97435884	4205.89743583	4210.38461532	4198.71794858	4214.48717942	4194.48717935	4190.76923063	4201.28205122	4203.58974352	4214.99999993	4197.30769217	4198.58974345	4206.02564096	
4177.69230756	4184.99999986	4196.79487166	4203.33333327	4195.76923063	4210.7692307	4200.25641012	4192.30769217	4204.99999993	4197.69230756	4202.82051275	4185.76923063	4197.56410243	4201.53846147	
4181.02564089	4181.15384602	4197.4358973	4201.15384609	4200.51282038	4216.15384609	4206.41025634	4207.05128199	4213.84615378	4207.94871788	4200.76923063	4183.84615371	4200.38461525	4207.43589737	
4182.05128192	4180.64102551	4199.48717935	4202.82051275	4198.07692294	4221.53846147	4206.15384609	4216.15384609	4214.99999993	4216.15384609	4208.58974352	4187.30769217	4203.33333327	4208.20512814	
4182.05128192	4181.79487166	4198.20512807	4200.51282038	4198.3333332	4217.5641025	4208.84615378	4217.05128199	4215.38461532	4217.82051275	4212.30769224	4186.66666653	4206.02564096	4206.41025634	
4190.25641012	4185.89743576	4203.20512814	4201.79487173	4194.87179474	4213.07692301	4216.02564096	4223.07692301	4226.15384609	4226.6666666	4214.87179481	4193.20512807	4210.51282045	4216.28205122	
4194.61538448	4182.82051269	4205.12820506	4203.97435891	4183.46153833	4214.35897429	4211.41025634	4225.89743583	4226.6666666	4227.43589737	4216.92307686	4198.71794858	4208.07692301	4220.12820506	
4189.99999986	4172.05128192	4199.48717935	4201.53846147	4184.48717935	4216.92307686	4201.79487173	4214.99999993	4216.79487173	4220.64102558	4216.02564096	4191.15384602	4203.07692301	4213.84615378	
4190.38461525	4166.79487159	4198.84615371	4201.79487173	4191.79487166	4212.17948711	4203.20512814	4205.7692307	4214.48717942	4224.35897429	4217.43589737	4188.07692294	4205.25641019	4216.28205122	
4194.35897422	4169.48717935	4201.6666666	4201.79487173	4187.94871781	4205.7692307	4203.33333327	4202.43589737	4209.61538455	4223.20512814	4216.92307686	4190.89743576	4204.10256404	4219.74358968	
4194.2307691	4170.12820499	4199.61538448	4196.92307679	4184.74358961	4209.48717942	4197.94871781	4198.20512807	4199.87179474	4211.28205122	4212.82051275	4183.71794858	4199.99999986	4213.20512814	
4195.12820499	4170.38461525	4198.46153833	4197.56410243	4187.30769217	4213.33333327	4203.4615384	4195.38461525	4199.87179474	4212.43589737	4213.71794865	4182.4358973	4201.02564096	4212.17948711	
4199.10256397	4174.48717935	4201.41025634	4201.53846147	4186.41025628	4213.4615384	4210.7692307	4198.46153833	4204.87179481	4219.99999993	4216.6666666	4192.56410243	4200.76923063	4218.97435891	
4198.71794858	4173.20512807	4200.64102551	4198.20512807	4186.5384614	4214.99999993	4206.41025634	4200.89743576	4202.30769224	4215.64102558	4213.97435891	4191.92307679	4201.28205122	4218.84615378	
4202.5641025	4169.61538448	4206.28205122	4203.4615384	4185.25641012	4214.87179481	4206.28205122	4200.38461525	4203.07692301	4215.12820506	4213.07692301	4192.56410243	4208.07692301	4219.48717942	
4206.79487173	4171.5384614	4212.5641025	4213.71794865	4180.76923063	4215.25641019	4211.28205122	4200.89743576	4205.12820506	4219.23076917	4216.28205122	4197.94871781	4210.25641019	4223.4615384	
4200.64102551	4169.99999986	4206.92307686	4206.41025634	4184.87179474	4216.79487173	4206.28205122	4198.3333332	4202.30769224	4215.38461532	4216.02564096	4191.02564089	4202.5641025	4219.99999993	
4200.76923063	4164.9999998	4203.4615384	4199.87179474	4183.3333332	4208.4615384	4197.56410243	4193.58974345	4201.41025634	4213.97435891	4214.61538455	4188.97435884	4200.51282038	4217.94871788	
4205.7692307	4164.87179467	4206.41025634	4207.69230763	4174.10256397	4196.41025628	4197.4358973	4194.48717935	4203.20512814	4216.6666666	4213.84615378	4195.51282038	4205.38461532	4221.02564096	
4200.25641012	4168.46153833	4205.25641019	4210.25641019	4174.61538448	4199.87179474	4201.92307686	4200.64102551	4206.92307686	4217.5641025	4215.51282045	4193.58974345	4205.7692307	4220.51282045	
4191.02564089	4166.66666646	4200.38461525	4203.33333327	4177.05128192	4205.89743583	4196.79487166	4197.05128192	4205.25641019	4217.82051275	4213.4615384	4186.15384602	4201.41025634	4214.35897429	
4188.97435884	4158.58974339	4198.07692294	4195.76923063	4169.61538448	4200.89743576	4191.02564089	4190.64102551	4201.53846147	4216.28205122	4206.53846147	4186.41025628	4198.84615371	4207.05128199	
4193.97435884	4154.9999998	4197.94871781	4191.92307679	4167.43589723	4197.05128192	4197.56410243	4197.05128192	4208.33333327	4216.79487173	4206.79487173	4189.99999986	4199.61538448	4205.89743583	
4200.51282038	4158.71794851	4202.82051275	4198.07692294	4173.20512807	4203.07692301	4208.71794865	4207.43589737	4221.28205122	4226.79487173	4218.33333327	4194.87179474	4204.74358968	4215.64102558	
4196.41025628	4161.02564082	4204.61538455	4205.25641019	4173.84615371	4207.17948711	4205.64102558	4205.89743583	4221.15384609	4231.6666666	4223.84615378	4192.94871781	4206.6666666	4220.38461532	
4186.28205115	4156.79487159	4196.5384614	4199.61538448	4170.38461525	4200.51282038	4196.41025628	4196.66666653	4205.64102558	4218.84615378	4214.48717942	4180.38461525	4198.58974345	4207.82051275	
4190.12820499	4156.41025621	4196.02564089	4196.41025628	4166.79487159	4195.76923063	4198.58974345	4198.3333332	4202.17948711	4211.41025634	4211.53846147	4179.48717935	4196.15384602	4202.94871788	
4198.71794858	4162.17948697	4202.5641025	4203.4615384	4167.17948697	4198.84615371	4203.58974352	4205.12820506	4211.6666666	4218.97435891	4217.94871788	4188.07692294	4202.82051275	4210.89743583	
4190.64102551	4159.9999998	4196.41025628	4198.84615371	4171.15384602	4200.12820499	4200.51282038	4196.02564089	4207.05128199	4211.53846147	4211.02564096	4180.89743576	4195.76923063	4205.38461532	
4183.71794858	4157.3076921	4190.51282038	4191.02564089	4169.61538448	4196.41025628	4199.74358961	4185.51282038	4196.02564089	4198.07692294	4203.58974352	4171.79487166	4190.12820499	4198.84615371	
4194.87179474	4164.9999998	4202.5641025	4200.12820499	4168.3333332	4200.25641012	4208.4615384	4190.89743576	4204.35897429	4210.12820506	4213.97435891	4181.66666653	4204.74358968	4211.02564096	
4198.3333332	4164.23076903	4205.64102558	4201.6666666	4171.79487166	4208.58974352	4209.74358968	4194.35897422	4213.97435891	4223.4615384	4221.15384609	4190.12820499	4210.38461532	4217.94871788	
4187.17948704	4151.79487159	4192.30769217	4183.58974345	4170.64102551	4204.99999993	4197.94871781	4185.64102551	4202.82051275	4214.23076917	4215.64102558	4181.28205115	4200.25641012	4209.87179481	
4189.61538448	4154.1025639	4193.46153833	4183.46153833	4161.41025621	4197.94871781	4196.79487166	4184.61538448	4197.69230756	4209.10256404	4215.12820506	4179.61538448	4198.71794858	4209.10256404	
4199.35897422	4165.51282031	4205.25641019	4201.92307686	4162.56410236	4198.58974345	4202.43589737	4191.41025628	4203.84615378	4219.10256404	4218.33333327	4187.56410243	4204.23076917	4217.30769224	
4195.64102551	4163.33333313	4204.10256404	4201.28205122	4165.64102544	4194.48717935	4199.87179474	4194.61538448	4202.69230763	4219.74358968	4220.7692307	4188.07692294	4206.79487173	4221.02564096	
4192.69230756	4161.79487159	4200.89743576	4195.12820499	4155.38461518	4190.38461525	4197.82051269	4197.82051269	4206.92307686	4216.79487173	4229.10256404	4188.3333332	4207.94871788	4222.69230763	
4195.64102551	4165.25641005	4202.5641025	4201.28205122	4155.12820492	4197.94871781	4201.41025634	4200.51282038	4215.89743583	4221.41025634	4230.38461532	4190.12820499	4204.87179481	4220.25641019	
4194.10256397	4161.66666646	4199.10256397	4198.97435884	4167.43589723	4202.05128199	4201.41025634	4198.20512807	4210.12820506	4218.58974352	4219.10256404	4185.51282038	4199.87179474	4209.87179481	
4192.05128192	4155.51282031	4196.02564089	4187.17948704	4164.23076903	4198.97435884	4201.41025634	4197.69230756	4201.02564096	4210.38461532	4213.84615378	4180.89743576	4198.97435884	4204.74358968	
4194.99999986	4153.97435877	4199.2307691	4186.92307679	4153.58974339	4202.94871788	4205.38461532	4200.38461525	4203.4615384	4209.99999993	4216.6666666	4181.79487166	4200.12820499	4210.38461532	
4197.69230756	4156.28205108	4200.12820499	4196.92307679	4162.82051262	4205.7692307	4204.74358968	4202.05128199	4206.15384609	4214.61538455	4217.30769224	4183.20512807	4202.94871788	4214.35897429	
4199.48717935	4156.02564082	4197.56410243	4196.41025628	4174.10256397	4202.69230763	4202.5641025	4202.17948711	4204.48717942	4216.02564096	4216.41025634	4182.30769217	4203.07692301	4212.05128199	
4201.92307686	4155.12820492	4198.58974345	4189.48717935	4167.3076921	4202.43589737	4204.35897429	4197.30769217	4202.82051275	4213.58974352	4217.17948711	4182.4358973	4199.10256397	4208.4615384	
4200.51282038	4156.92307672	4201.92307686	4191.5384614	4158.33333313	4197.17948704	4203.20512814	4188.20512807	4199.99999986	4209.48717942	4216.41025634	4185.38461525	4198.20512807	4207.82051275	
4198.20512807	4157.05128185	4201.92307686	4193.58974345	4156.15384595	4189.99999986	4198.3333332	4183.97435884	4198.58974345	4203.71794865	4212.82051275	4186.79487166	4198.84615371	4210.38461532	
4198.07692294	4155.12820492	4200.38461525	4187.17948704	4155.25641005	4192.05128192	4194.2307691	4184.61538448	4195.89743576	4200.51282038	4210.12820506	4186.5384614	4198.46153833	4211.02564096	
4195.89743576	4154.87179467	4200.38461525	4184.48717935	4154.35897415	4197.30769217	4193.20512807	4185.38461525	4192.17948704	4201.6666666	4204.61538455	4186.41025628	4197.4358973	4209.48717942	
4196.5384614	4157.94871774	4201.79487173	4187.56410243	4155.89743569	4198.46153833	4195.51282038	4186.28205115	4196.28205115	4201.79487173	4202.43589737	4186.92307679	4198.58974345	4209.74358968	
4200.38461525	4160.51282031	4201.92307686	4185.89743576	4158.07692287	4200.38461525	4200.38461525	4188.71794858	4202.5641025	4198.84615371	4208.71794865	4186.15384602	4200.76923063	4210.51282045	
4200.25641012	4160.76923056	4201.41025634	4184.74358961	4158.205128	4202.43589737	4201.28205122	4193.20512807	4202.43589737	4200.12820499	4212.5641025	4184.74358961	4201.41025634	4213.07692301	
4198.58974345	4155.25641005	4202.30769224	4186.5384614	4157.05128185	4203.33333327	4200.64102551	4199.48717935	4202.05128199	4207.94871788	4208.07692301	4185.38461525	4201.15384609	4215.38461532	
4199.48717935	4150.89743569	4202.5641025	4185.76923063	4154.35897415	4198.84615371	4201.79487173	4200.51282038	4203.97435891	4206.92307686	4204.48717942	4184.74358961	4199.48717935	4213.97435891	
4203.20512814	4152.43589723	4202.69230763	4186.66666653	4152.94871774	4189.74358961	4202.30769224	4197.69230756	4201.92307686	4202.5641025	4208.58974352	4183.84615371	4199.99999986	4217.05128199	
4205.25641019	4149.74358954	4204.74358968	4189.87179474	4152.43589723	4192.82051269	4199.87179474	4197.69230756	4199.87179474	4208.07692301	4215.12820506	4186.66666653	4200.25641012	4222.82051275	
4206.41025634	4149.74358954	4206.28205122	4195.25641012	4153.58974339	4202.82051275	4201.28205122	4200.38461525	4203.84615378	4214.23076917	4217.30769224	4188.84615371	4200.25641012	4222.69230763	
4210.12820506	4157.3076921	4205.7692307	4198.20512807	4156.41025621	4204.35897429	4208.07692301	4203.84615378	4208.07692301	4212.43589737	4217.5641025	4189.48717935	4202.82051275	4223.4615384	
4208.58974352	4156.02564082	4201.15384609	4191.5384614	4155.25641005	4201.02564096	4206.02564096	4198.07692294	4204.10256404	4205.25641019	4213.4615384	4186.5384614	4202.05128199	4221.15384609	
4203.58974352	4149.74358954	4195.38461525	4180.25641012	4152.3076921	4195.25641012	4198.46153833	4186.79487166	4197.69230756	4197.56410243	4206.15384609	4181.15384602	4196.66666653	4211.92307686	
4203.84615378	4151.41025621	4196.66666653	4181.66666653	4155.25641005	4192.82051269	4201.79487173	4186.66666653	4198.84615371	4194.35897422	4207.30769224	4181.79487166	4197.56410243	4212.82051275	
4200.25641012	4152.69230749	4200.76923063	4189.87179474	4155.25641005	4196.66666653	4205.38461532	4190.12820499	4201.15384609	4196.79487166	4214.74358968	4184.48717935	4201.92307686	4215.89743583	
4195.38461525	4150.89743569	4200.12820499	4188.3333332	4150.76923056	4199.48717935	4198.07692294	4189.74358961	4199.74358961	4199.2307691	4214.74358968	4182.4358973	4199.48717935	4211.79487173	
4199.48717935	4152.17948697	4200.64102551	4185.76923063	4154.23076903	4198.07692294	4197.94871781	4196.41025628	4200.64102551	4200.51282038	4214.61538455	4184.10256397	4202.94871788	4215.38461532	
4206.15384609	4155.12820492	4203.84615378	4193.58974345	4155.76923056	4202.5641025	4206.53846147	4203.84615378	4204.48717942	4204.61538455	4218.84615378	4189.87179474	4210.64102558	4225.38461532	
4202.82051275	4152.69230749	4202.30769224	4201.92307686	4145.89743569	4205.12820506	4206.15384609	4200.89743576	4205.89743583	4209.35897429	4217.82051275	4187.4358973	4207.05128199	4225.7692307	
4198.97435884	4148.71794851	4201.02564096	4199.35897422	4143.205128	4198.97435884	4204.87179481	4199.61538448	4205.64102558	4212.17948711	4215.38461532	4184.10256397	4206.15384609	4224.23076917	
4202.5641025	4151.02564082	4204.61538455	4192.82051269	4151.53846133	4197.56410243	4209.23076917	4204.10256404	4205.12820506	4210.7692307	4218.07692301	4189.10256397	4211.28205122	4227.43589737	
4199.35897422	4152.56410236	4201.41025634	4187.94871781	4152.43589723	4200.51282038	4206.15384609	4202.94871788	4202.43589737	4204.48717942	4215.25641019	4188.46153833	4206.15384609	4221.02564096	
4193.58974345	4149.74358954	4194.2307691	4186.92307679	4144.35897415	4201.41025634	4198.97435884	4194.10256397	4201.41025634	4198.97435884	4206.15384609	4182.4358973	4196.92307679	4210.51282045	
4197.94871781	4149.1025639	4192.94871781	4189.87179474	4139.23076903	4198.3333332	4199.35897422	4187.82051269	4199.35897422	4198.97435884	4204.87179481	4179.99999986	4196.02564089	4207.43589737	
4204.10256404	4152.3076921	4197.05128192	4190.89743576	4143.46153826	4196.41025628	4204.48717942	4193.07692294	4198.20512807	4199.48717935	4211.41025634	4182.69230756	4200.12820499	4210.7692307	
4202.05128199	4153.58974339	4200.12820499	4192.69230756	4151.15384595	4198.46153833	4205.25641019	4199.48717935	4205.12820506	4201.02564096	4216.41025634	4187.4358973	4203.58974352	4216.28205122	
4202.30769224	4153.84615364	4202.69230763	4198.46153833	4152.56410236	4200.51282038	4203.84615378	4200.76923063	4214.10256404	4212.69230763	4224.61538455	4190.89743576	4207.30769224	4220.38461532	
4205.12820506	4156.41025621	4204.48717942	4202.43589737	4151.15384595	4201.02564096	4203.4615384	4200.89743576	4215.38461532	4222.69230763	4230.7692307	4189.99999986	4212.94871788	4219.48717942	
4199.74358961	4156.53846133	4196.79487166	4196.79487166	4150.64102544	4201.02564096	4199.48717935	4199.10256397	4213.71794865	4217.5641025	4222.69230763	4183.84615371	4212.82051275	4212.94871788	
4194.61538448	4156.92307672	4186.92307679	4188.46153833	4146.15384595	4197.30769217	4196.02564089	4198.07692294	4214.99999993	4211.79487173	4211.6666666	4182.17948704	4206.15384609	4207.30769224	
4196.02564089	4157.94871774	4186.41025628	4185.25641012	4141.02564082	4189.74358961	4198.20512807	4196.5384614	4210.64102558	4208.20512814	4214.87179481	4184.74358961	4205.51282045	4205.51282045	
4197.17948704	4154.74358954	4188.97435884	4186.66666653	4141.79487159	4191.5384614	4197.69230756	4188.20512807	4203.58974352	4203.20512814	4215.7692307	4179.2307691	4207.94871788	4205.38461532	
4195.64102551	4149.74358954	4186.28205115	4186.41025628	4141.92307672	4199.74358961	4194.87179474	4183.84615371	4198.58974345	4198.07692294	4204.35897429	4173.3333332	4202.17948711	4201.92307686	
4199.10256397	4154.35897415	4188.07692294	4184.61538448	4140.25641005	4201.28205122	4199.87179474	4192.69230756	4198.97435884	4195.89743576	4203.33333327	4179.2307691	4196.79487166	4202.17948711	
4206.6666666	4161.41025621	4198.07692294	4192.94871781	4144.9999998	4200.76923063	4206.92307686	4204.74358968	4209.61538455	4203.84615378	4216.41025634	4188.07692294	4203.33333327	4210.51282045	
4206.92307686	4159.23076903	4203.71794865	4202.82051275	4151.53846133	4203.07692301	4203.71794865	4211.79487173	4220.7692307	4214.87179481	4221.53846147	4186.79487166	4209.23076917	4213.07692301	
4199.48717935	4153.07692287	4198.97435884	4200.38461525	4152.17948697	4200.12820499	4197.56410243	4209.48717942	4219.10256404	4213.84615378	4217.5641025	4183.84615371	4207.30769224	4208.71794865	
4193.84615371	4150.38461518	4189.35897422	4190.25641012	4145.51282031	4189.99999986	4199.87179474	4200.12820499	4208.58974352	4199.99999986	4212.43589737	4184.10256397	4202.05128199	4201.28205122	
4193.3333332	4147.82051262	4186.02564089	4188.20512807	4140.12820492	4184.74358961	4201.15384609	4196.41025628	4202.30769224	4193.84615371	4207.82051275	4184.48717935	4199.10256397	4198.46153833	
4191.92307679	4141.53846133	4189.35897422	4195.25641012	4141.66666646	4186.5384614	4193.84615371	4197.56410243	4199.61538448	4194.35897422	4205.7692307	4185.12820499	4199.10256397	4201.53846147	
4193.07692294	4140.51282031	4190.38461525	4197.94871781	4142.43589723	4189.10256397	4194.87179474	4196.15384602	4200.64102551	4194.48717935	4207.05128199	4185.12820499	4198.46153833	4200.76923063	
4196.66666653	4145.76923056	4188.07692294	4196.92307679	4141.79487159	4195.38461525	4208.07692301	4199.74358961	4206.02564096	4199.87179474	4207.05128199	4185.64102551	4200.51282038	4196.66666653	
4194.87179474	4147.56410236	4186.15384602	4193.07692294	4141.02564082	4198.71794858	4208.97435891	4202.43589737	4204.61538455	4198.46153833	4202.43589737	4184.2307691	4199.87179474	4194.35897422	
4194.35897422	4147.94871774	4188.20512807	4188.46153833	4137.17948697	4190.89743576	4198.97435884	4195.25641012	4200.25641012	4193.20512807	4202.5641025	4183.46153833	4197.69230756	4196.15384602	
4197.69230756	4148.84615364	4192.17948704	4189.74358961	4134.99999973	4187.05128192	4200.64102551	4195.12820499	4204.23076917	4198.46153833	4211.02564096	4188.07692294	4201.15384609	4200.64102551	
4194.87179474	4144.23076903	4190.51282038	4190.38461525	4138.58974339	4190.38461525	4204.74358968	4199.35897422	4202.94871788	4200.51282038	4211.6666666	4188.84615371	4202.30769224	4202.05128199	
4187.30769217	4137.3076921	4185.12820499	4184.99999986	4134.10256383	4183.46153833	4195.25641012	4189.61538448	4189.74358961	4186.15384602	4201.28205122	4181.28205115	4197.56410243	4193.97435884	
4185.76923063	4137.43589723	4182.94871781	4189.35897422	4124.8717946	4176.66666653	4187.30769217	4181.66666653	4187.05128192	4179.74358961	4197.17948704	4178.46153833	4194.61538448	4187.30769217	
4192.30769217	4140.64102544	4184.35897422	4199.48717935	4127.43589716	4181.41025628	4193.20512807	4189.74358961	4193.97435884	4185.12820499	4200.76923063	4183.71794858	4196.79487166	4194.2307691	
4194.48717935	4139.48717928	4186.79487166	4197.82051269	4130.89743562	4183.84615371	4197.69230756	4192.05128192	4190.25641012	4182.30769217	4201.79487173	4185.64102551	4198.20512807	4198.20512807	
4189.48717935	4137.17948697	4185.38461525	4194.74358961	4125.12820485	4184.48717935	4195.89743576	4185.89743576	4186.15384602	4181.5384614	4202.5641025	4182.82051269	4197.30769217	4197.56410243	
4189.61538448	4138.97435877	4182.56410243	4195.38461525	4124.48717921	4187.17948704	4194.35897422	4187.69230756	4192.17948704	4184.99999986	4200.89743576	4181.79487166	4197.82051269	4195.76923063	
4193.84615371	4140.76923056	4183.97435884	4190.51282038	4131.92307665	4185.89743576	4195.38461525	4192.82051269	4196.66666653	4184.99999986	4199.87179474	4184.2307691	4199.35897422	4193.20512807	
4193.84615371	4141.28205108	4186.5384614	4187.17948704	4136.53846133	4184.35897422	4196.02564089	4193.3333332	4196.15384602	4184.61538448	4203.4615384	4187.4358973	4198.97435884	4195.76923063	
4189.87179474	4141.41025621	4184.61538448	4187.30769217	4134.10256383	4184.99999986	4191.28205115	4189.10256397	4190.64102551	4182.4358973	4201.92307686	4181.66666653	4193.97435884	4196.66666653	
4188.20512807	4142.05128185	4182.94871781	4190.38461525	4133.0769228	4182.82051269	4190.51282038	4185.38461525	4187.4358973	4182.56410243	4198.97435884	4176.15384602	4195.64102551	4193.58974345	
4189.48717935	4143.07692287	4184.48717935	4194.2307691	4133.84615357	4181.66666653	4194.10256397	4185.51282038	4193.07692294	4184.87179474	4199.61538448	4182.69230756	4198.58974345	4191.79487166	
4188.20512807	4141.66666646	4181.79487166	4190.76923063	4132.43589716	4184.35897422	4194.74358961	4186.92307679	4194.48717935	4184.74358961	4200.38461525	4183.3333332	4192.30769217	4191.28205115	
4182.56410243	4138.205128	4176.66666653	4184.2307691	4129.8717946	4183.46153833	4189.35897422	4185.12820499	4186.02564089	4185.76923063	4199.2307691	4172.82051269	4190.89743576	4187.30769217	
4180.76923063	4135.38461518	4174.48717935	4183.3333332	4127.69230742	4180.12820499	4186.66666653	4183.84615371	4185.64102551	4187.69230756	4197.69230756	4171.92307679	4195.76923063	4184.87179474	
4183.58974345	4135.64102544	4180.25641012	4188.3333332	4127.30769203	4181.92307679	4193.46153833	4186.15384602	4196.41025628	4183.84615371	4197.82051269	4181.28205115	4194.87179474	4189.61538448	
4185.25641012	4137.82051262	4187.05128192	4193.84615371	4132.94871767	4184.99999986	4196.92307679	4187.94871781	4200.64102551	4186.41025628	4200.64102551	4183.3333332	4193.71794858	4194.61538448	
4184.87179474	4141.15384595	4187.05128192	4196.5384614	4137.17948697	4183.20512807	4191.41025628	4186.66666653	4193.46153833	4197.82051269	4202.94871788	4181.92307679	4198.07692294	4192.94871781	
4187.30769217	4143.97435877	4191.15384602	4198.07692294	4136.02564082	4181.02564089	4189.48717935	4183.58974345	4188.71794858	4197.94871781	4207.5641025	4190.38461525	4200.38461525	4192.4358973	
4193.58974345	4148.205128	4199.99999986	4202.17948711	4136.79487159	4184.35897422	4195.12820499	4186.15384602	4195.12820499	4193.46153833	4215.12820506	4198.84615371	4199.35897422	4200.25641012	
4196.66666653	4152.82051262	4202.17948711	4204.61538455	4141.28205108	4187.56410243	4196.66666653	4192.69230756	4199.48717935	4197.17948704	4216.79487173	4195.64102551	4199.99999986	4204.99999993	
4197.94871781	4153.97435877	4199.48717935	4202.43589737	4141.02564082	4186.66666653	4197.17948704	4194.87179474	4197.94871781	4202.30769224	4216.53846147	4189.48717935	4201.41025634	4203.97435891	
4198.58974345	4151.41025621	4195.51282038	4201.15384609	4133.9743587	4184.48717935	4197.69230756	4193.58974345	4196.15384602	4200.89743576	4214.61538455	4189.10256397	4199.74358961	4201.79487173	
4195.64102551	4147.94871774	4188.84615371	4196.66666653	4130.51282024	4182.82051269	4194.2307691	4191.41025628	4190.64102551	4192.4358973	4204.74358968	4185.76923063	4195.89743576	4196.79487166	
4196.15384602	4147.17948697	4183.71794858	4189.10256397	4133.0769228	4182.69230756	4193.07692294	4190.51282038	4186.66666653	4189.99999986	4198.07692294	4180.12820499	4193.46153833	4192.4358973	
4199.10256397	4149.74358954	4189.61538448	4192.56410243	4134.48717921	4184.87179474	4194.10256397	4190.89743576	4193.07692294	4196.66666653	4200.76923063	4181.79487166	4196.15384602	4196.79487166	
4197.94871781	4153.07692287	4194.74358961	4200.38461525	4133.9743587	4184.35897422	4190.51282038	4189.48717935	4195.51282038	4197.56410243	4203.33333327	4184.61538448	4196.5384614	4199.35897422	
4195.12820499	4150.76923056	4188.58974345	4194.35897422	4134.48717921	4180.89743576	4185.12820499	4184.48717935	4185.51282038	4187.05128192	4200.38461525	4183.07692294	4189.87179474	4192.4358973	
4195.64102551	4148.07692287	4189.99999986	4189.48717935	4134.74358947	4181.92307679	4188.20512807	4187.17948704	4184.61538448	4186.79487166	4202.5641025	4183.46153833	4191.92307679	4192.4358973	
4198.71794858	4151.66666646	4199.99999986	4199.61538448	4131.02564075	4184.35897422	4194.48717935	4193.71794858	4191.41025628	4197.94871781	4209.61538455	4187.17948704	4197.4358973	4199.61538448	
4197.82051269	4154.35897415	4197.94871781	4202.05128199	4129.99999973	4183.20512807	4192.82051269	4191.79487166	4189.74358961	4197.94871781	4208.71794865	4186.28205115	4194.2307691	4198.3333332	
4197.30769217	4152.43589723	4191.15384602	4196.5384614	4129.61538434	4183.20512807	4190.89743576	4188.46153833	4186.66666653	4190.76923063	4204.23076917	4182.30769217	4190.64102551	4193.3333332	
4196.79487166	4146.92307672	4194.10256397	4195.25641012	4125.38461511	4185.51282038	4198.07692294	4191.66666653	4188.84615371	4192.17948704	4203.07692301	4183.58974345	4191.66666653	4197.56410243	
4197.4358973	4146.15384595	4198.46153833	4191.41025628	4126.28205101	4187.56410243	4201.53846147	4195.38461525	4188.46153833	4196.02564089	4205.25641019	4187.56410243	4194.10256397	4202.43589737	
4201.41025634	4151.02564082	4197.82051269	4192.30769217	4132.30769203	4185.89743576	4198.97435884	4192.30769217	4186.41025628	4188.97435884	4207.5641025	4187.30769217	4195.38461525	4203.33333327	
4201.92307686	4151.02564082	4199.35897422	4197.30769217	4130.7692305	4183.3333332	4200.38461525	4189.61538448	4188.46153833	4183.46153833	4210.38461532	4187.69230756	4192.82051269	4204.10256404	
4198.71794858	4147.56410236	4198.3333332	4192.4358973	4125.38461511	4185.38461525	4195.51282038	4192.94871781	4189.99999986	4192.17948704	4212.05128199	4188.46153833	4191.28205115	4201.28205122	
4196.5384614	4149.61538441	4196.28205115	4186.66666653	4127.82051255	4183.3333332	4186.79487166	4195.38461525	4191.15384602	4198.71794858	4211.92307686	4186.66666653	4199.10256397	4197.94871781	
4195.76923063	4152.43589723	4198.20512807	4189.99999986	4127.30769203	4174.61538448	4186.41025628	4196.5384614	4197.30769217	4198.46153833	4214.99999993	4187.05128192	4203.33333327	4198.84615371	
4195.89743576	4150.64102544	4196.92307679	4194.74358961	4121.92307665	4174.99999986	4187.82051269	4196.41025628	4198.20512807	4200.38461525	4215.12820506	4189.48717935	4197.4358973	4199.61538448	
4192.05128192	4149.1025639	4191.79487166	4193.07692294	4127.56410229	4183.3333332	4186.5384614	4192.30769217	4192.17948704	4200.25641012	4208.07692301	4187.69230756	4192.69230756	4194.61538448	
4187.05128192	4150.76923056	4185.76923063	4187.94871781	4134.61538434	4185.64102551	4191.92307679	4185.38461525	4187.82051269	4192.94871781	4202.69230763	4183.07692294	4188.3333332	4189.48717935	
4191.66666653	4154.9999998	4184.35897422	4189.99999986	4134.99999973	4185.38461525	4197.17948704	4187.4358973	4187.30769217	4188.3333332	4207.05128199	4181.28205115	4187.4358973	4191.02564089	
4199.10256397	4155.51282031	4187.17948704	4195.76923063	4136.79487159	4187.05128192	4193.84615371	4195.12820499	4191.92307679	4194.74358961	4213.33333327	4182.30769217	4196.41025628	4198.20512807	
4197.69230756	4151.41025621	4189.10256397	4192.05128192	4142.56410236	4186.79487166	4193.97435884	4198.84615371	4196.79487166	4201.6666666	4211.15384609	4184.87179474	4199.35897422	4203.97435891	
4195.25641012	4148.97435877	4187.94871781	4187.30769217	4144.9999998	4184.87179474	4197.17948704	4198.58974345	4196.92307679	4201.41025634	4211.15384609	4185.64102551	4190.38461525	4202.5641025	
4195.89743576	4149.87179467	4186.66666653	4188.58974345	4141.41025621	4183.71794858	4196.15384602	4198.3333332	4197.56410243	4199.2307691	4215.51282045	4184.74358961	4189.10256397	4201.6666666	
4199.48717935	4155.51282031	4194.2307691	4189.2307691	4139.35897415	4184.2307691	4195.38461525	4201.41025634	4200.25641012	4202.69230763	4216.53846147	4190.12820499	4196.5384614	4205.51282045	
4201.28205122	4157.82051262	4202.43589737	4193.46153833	4139.1025639	4180.38461525	4191.79487166	4203.07692301	4200.64102551	4204.61538455	4215.89743583	4199.2307691	4196.28205115	4209.99999993	
4201.28205122	4157.82051262	4202.43589737	4193.46153833	4139.1025639	4180.38461525	4191.79487166	4203.07692301	4200.64102551	4204.61538455	4215.89743583	4199.2307691	4196.28205115	4209.99999993	
4198.84615371	4154.35897415	4200.76923063	4198.3333332	4137.69230749	4174.99999986	4187.4358973	4202.05128199	4198.46153833	4202.69230763	4215.38461532	4199.99999986	4191.92307679	4208.20512814	
4199.61538448	4157.56410236	4200.89743576	4201.02564096	4143.71794851	4180.25641012	4194.87179474	4203.84615378	4201.6666666	4209.87179481	4217.30769224	4197.82051269	4198.58974345	4206.6666666	
4203.4615384	4162.17948697	4204.48717942	4204.23076917	4154.23076903	4188.84615371	4202.17948711	4204.35897429	4204.61538455	4216.53846147	4220.64102558	4202.30769224	4206.92307686	4210.12820506	
4202.05128199	4158.97435877	4202.5641025	4202.5641025	4152.05128185	4187.30769217	4199.74358961	4202.94871788	4203.20512814	4209.74358968	4218.84615378	4199.99999986	4200.12820499	4209.61538455	
4198.07692294	4155.89743569	4200.64102551	4200.64102551	4141.28205108	4185.38461525	4199.61538448	4204.23076917	4202.82051275	4204.61538455	4214.61538455	4189.74358961	4192.05128192	4204.10256404	
4197.56410243	4155.76923056	4197.82051269	4199.48717935	4138.97435877	4187.4358973	4201.92307686	4204.74358968	4204.10256404	4205.89743583	4216.53846147	4186.41025628	4195.76923063	4201.28205122	
4193.97435884	4151.92307672	4187.69230756	4189.61538448	4141.92307672	4185.12820499	4195.76923063	4200.89743576	4200.89743576	4201.6666666	4215.25641019	4187.17948704	4194.10256397	4198.84615371	
4190.51282038	4147.94871774	4182.4358973	4182.17948704	4137.82051262	4182.4358973	4188.3333332	4199.48717935	4197.05128192	4196.79487166	4204.87179481	4183.84615371	4185.76923063	4192.17948704	
4194.35897422	4149.87179467	4188.58974345	4191.79487166	4134.61538434	4183.20512807	4188.3333332	4202.05128199	4199.87179474	4198.07692294	4203.20512814	4184.61538448	4190.38461525	4191.92307679	
4196.28205115	4154.1025639	4197.17948704	4201.92307686	4144.23076903	4185.51282038	4189.10256397	4203.58974352	4203.33333327	4201.28205122	4214.23076917	4195.64102551	4195.89743576	4202.30769224	
4195.38461525	4161.28205108	4201.28205122	4200.76923063	4151.66666646	4186.15384602	4189.35897422	4198.20512807	4198.20512807	4203.84615378	4217.82051275	4202.82051275	4193.58974345	4207.05128199	
4198.46153833	4164.23076903	4200.38461525	4199.99999986	4144.9999998	4185.76923063	4191.79487166	4189.10256397	4189.74358961	4202.5641025	4213.07692301	4201.41025634	4195.25641012	4204.61538455	
4199.10256397	4159.61538441	4200.12820499	4203.20512814	4143.46153826	4187.4358973	4195.64102551	4186.5384614	4188.97435884	4197.17948704	4215.64102558	4200.12820499	4193.3333332	4206.6666666	
4195.51282038	4158.205128	4202.05128199	4204.10256404	4153.58974339	4188.84615371	4194.74358961	4187.94871781	4189.99999986	4189.35897422	4216.15384609	4196.92307679	4184.99999986	4207.43589737	
4195.76923063	4159.23076903	4195.12820499	4200.51282038	4155.38461518	4186.92307679	4192.82051269	4183.3333332	4184.99999986	4183.84615371	4206.41025634	4189.74358961	4183.20512807	4197.17948704	
4200.25641012	4159.74358954	4188.58974345	4195.51282038	4149.87179467	4187.94871781	4196.66666653	4185.12820499	4183.71794858	4186.02564089	4201.28205122	4186.15384602	4184.61538448	4192.30769217	
4198.97435884	4158.97435877	4190.64102551	4195.25641012	4150.38461518	4192.05128192	4199.2307691	4193.07692294	4188.20512807	4191.15384602	4205.25641019	4188.3333332	4186.66666653	4199.61538448	
4193.3333332	4157.3076921	4189.10256397	4195.12820499	4153.205128	4188.71794858	4198.97435884	4193.3333332	4189.10256397	4190.51282038	4205.64102558	4186.92307679	4188.3333332	4201.53846147	
4194.48717935	4159.23076903	4184.74358961	4192.82051269	4150.64102544	4182.56410243	4196.15384602	4190.76923063	4187.17948704	4185.51282038	4200.89743576	4185.12820499	4185.38461525	4197.56410243	
4198.58974345	4159.48717928	4187.05128192	4191.5384614	4142.17948697	4183.3333332	4190.51282038	4190.76923063	4187.69230756	4185.51282038	4200.76923063	4186.66666653	4184.99999986	4199.61538448	
4192.56410243	4153.58974339	4189.87179474	4190.25641012	4139.48717928	4183.3333332	4184.48717935	4188.84615371	4188.46153833	4187.94871781	4201.92307686	4187.56410243	4186.79487166	4200.64102551	
4183.46153833	4150.76923056	4184.2307691	4185.25641012	4142.94871774	4175.76923063	4180.25641012	4182.30769217	4182.4358973	4180.12820499	4194.35897422	4179.87179474	4178.46153833	4192.30769217	
4181.02564089	4152.17948697	4174.61538448	4183.71794858	4138.84615364	4170.25641012	4174.87179474	4173.97435884	4172.30769217	4168.71794858	4183.97435884	4172.05128192	4169.74358961	4184.35897422	
4180.76923063	4151.53846133	4173.71794858	4191.15384602	4136.15384595	4175.25641012	4174.35897422	4169.61538448	4170.12820499	4167.82051262	4183.97435884	4176.15384602	4174.99999986	4184.87179474	
4180.89743576	4154.48717928	4180.38461525	4198.46153833	4141.66666646	4183.71794858	4183.20512807	4171.15384602	4172.94871781	4170.89743576	4187.94871781	4179.48717935	4179.48717935	4185.64102551	
4183.71794858	4158.84615364	4179.35897422	4198.20512807	4142.56410236	4183.97435884	4184.61538448	4178.46153833	4171.41025628	4169.2307691	4188.07692294	4177.69230756	4177.17948704	4180.89743576	
4185.38461525	4156.28205108	4170.89743576	4190.25641012	4139.23076903	4175.89743576	4183.58974345	4182.30769217	4174.87179474	4167.05128185	4191.28205115	4177.69230756	4176.66666653	4180.76923063	
4183.3333332	4155.25641005	4172.4358973	4183.3333332	4138.97435877	4172.69230756	4187.17948704	4180.51282038	4181.02564089	4169.61538448	4195.64102551	4177.82051269	4179.61538448	4186.02564089	
4187.05128192	4160.89743569	4184.10256397	4189.10256397	4140.25641005	4179.2307691	4187.30769217	4189.74358961	4186.15384602	4181.02564089	4199.99999986	4181.28205115	4184.61538448	4193.20512807	
4195.25641012	4163.07692287	4190.12820499	4199.61538448	4141.28205108	4186.28205115	4186.92307679	4203.58974352	4195.25641012	4193.71794858	4206.92307686	4189.99999986	4192.17948704	4199.48717935	
4192.56410243	4159.61538441	4183.58974345	4199.61538448	4144.23076903	4183.71794858	4186.5384614	4196.28205115	4195.89743576	4191.41025628	4201.02564096	4188.46153833	4189.74358961	4198.46153833	
4185.89743576	4159.35897415	4175.76923063	4186.92307679	4144.23076903	4174.35897422	4182.4358973	4182.82051269	4184.61538448	4182.17948704	4184.61538448	4178.07692294	4180.51282038	4191.92307679	
4192.05128192	4164.23076903	4178.97435884	4182.56410243	4141.41025621	4173.20512807	4181.28205115	4185.51282038	4183.07692294	4183.58974345	4182.30769217	4179.99999986	4182.69230756	4191.5384614	
4199.61538448	4166.79487159	4184.74358961	4192.4358973	4143.97435877	4181.66666653	4183.84615371	4187.56410243	4187.4358973	4185.89743576	4185.76923063	4185.89743576	4184.99999986	4196.02564089	
4199.35897422	4166.41025621	4187.17948704	4200.89743576	4151.41025621	4189.61538448	4185.12820499	4183.84615371	4184.61538448	4186.28205115	4185.76923063	4185.76923063	4183.3333332	4200.64102551	
4200.38461525	4165.64102544	4187.82051269	4201.53846147	4153.33333313	4188.07692294	4188.71794858	4186.02564089	4186.92307679	4193.20512807	4191.79487166	4187.4358973	4185.76923063	4202.82051275	
4202.82051275	4166.66666646	4188.46153833	4197.4358973	4150.12820492	4184.10256397	4193.46153833	4192.56410243	4194.61538448	4200.25641012	4199.2307691	4192.69230756	4190.38461525	4204.35897429	
4207.69230763	4170.51282038	4197.05128192	4199.2307691	4153.07692287	4191.28205115	4200.38461525	4206.79487173	4199.2307691	4208.58974352	4207.69230763	4202.30769224	4198.71794858	4214.87179481	
4217.05128199	4174.35897422	4212.05128199	4209.87179481	4155.89743569	4201.02564096	4212.69230763	4219.87179481	4207.43589737	4219.10256404	4219.48717942	4214.10256404	4211.41025634	4228.07692301	
4221.6666666	4177.17948704	4216.6666666	4218.71794865	4152.56410236	4202.17948711	4215.38461532	4220.89743583	4214.61538455	4220.89743583	4221.6666666	4219.10256404	4214.10256404	4232.69230763	
4217.69230763	4175.76923063	4212.5641025	4212.5641025	4152.43589723	4199.48717935	4208.97435891	4221.28205122	4215.25641019	4215.64102558	4214.10256404	4215.7692307	4206.28205122	4232.43589737	
4215.64102558	4173.58974345	4213.4615384	4202.94871788	4155.12820492	4201.02564096	4211.53846147	4223.4615384	4216.41025634	4217.43589737	4215.64102558	4214.23076917	4206.41025634	4232.43589737	
4217.05128199	4175.51282038	4213.20512814	4204.87179481	4155.89743569	4201.79487173	4216.28205122	4222.43589737	4216.6666666	4219.61538455	4218.33333327	4212.69230763	4208.20512814	4229.74358968	
4208.84615378	4174.87179474	4204.23076917	4203.97435891	4152.82051262	4201.02564096	4212.43589737	4214.10256404	4207.5641025	4209.61538455	4208.71794865	4204.87179481	4200.64102551	4220.25641019	
4198.07692294	4166.28205108	4195.25641012	4191.15384602	4150.51282031	4199.74358961	4210.25641019	4203.58974352	4194.87179474	4196.92307679	4199.10256397	4194.35897422	4194.74358961	4211.28205122	
4199.74358961	4161.66666646	4195.38461525	4185.38461525	4154.35897415	4202.43589737	4215.25641019	4205.51282045	4195.64102551	4195.51282038	4199.87179474	4191.79487166	4197.30769217	4214.10256404	
4209.35897429	4168.97435884	4202.05128199	4195.38461525	4158.07692287	4208.84615378	4219.48717942	4218.4615384	4207.17948711	4203.71794865	4205.64102558	4199.74358961	4201.28205122	4224.10256404	
4206.15384609	4169.74358961	4198.97435884	4196.41025628	4153.71794851	4204.99999993	4214.23076917	4217.30769224	4207.94871788	4203.58974352	4204.23076917	4202.30769224	4200.76923063	4218.84615378	
4194.74358961	4161.79487159	4187.94871781	4187.4358973	4152.82051262	4197.69230756	4206.41025634	4204.48717942	4199.74358961	4198.46153833	4202.30769224	4192.94871781	4199.35897422	4205.64102558	
4193.3333332	4158.97435877	4182.82051269	4181.41025628	4152.3076921	4198.46153833	4205.7692307	4202.30769224	4198.46153833	4200.38461525	4201.28205122	4185.38461525	4197.56410243	4201.15384609	
4190.25641012	4153.71794851	4176.79487166	4173.07692294	4141.79487159	4197.56410243	4205.51282045	4203.84615378	4199.74358961	4197.94871781	4191.02564089	4181.66666653	4191.02564089	4195.38461525	
4178.07692294	4145.12820492	4169.10256397	4167.69230749	4140.38461518	4191.79487166	4201.02564096	4202.43589737	4197.69230756	4193.20512807	4183.46153833	4179.48717935	4184.10256397	4190.51282038	
4172.17948704	4148.205128	4170.51282038	4173.84615371	4148.46153826	4190.64102551	4194.61538448	4203.20512814	4200.12820499	4197.17948704	4191.41025628	4183.20512807	4185.25641012	4192.17948704	
4178.71794858	4156.41025621	4175.89743576	4182.30769217	4147.69230749	4191.28205115	4192.69230756	4201.79487173	4206.79487173	4201.53846147	4200.38461525	4185.12820499	4187.4358973	4192.30769217	
4187.94871781	4156.15384595	4179.2307691	4184.48717935	4143.97435877	4189.74358961	4193.3333332	4202.30769224	4206.53846147	4202.30769224	4199.10256397	4182.17948704	4186.02564089	4191.41025628	
4188.58974345	4154.9999998	4180.51282038	4185.38461525	4143.84615364	4188.20512807	4191.41025628	4203.97435891	4201.53846147	4201.28205122	4196.41025628	4182.30769217	4186.41025628	4191.28205115	
4185.51282038	4159.23076903	4179.35897422	4184.87179474	4140.64102544	4185.12820499	4191.79487166	4200.25641012	4198.46153833	4192.17948704	4196.02564089	4182.17948704	4186.92307679	4188.58974345	
4190.64102551	4164.48717928	4182.30769217	4187.30769217	4138.97435877	4185.25641012	4193.97435884	4197.69230756	4199.61538448	4189.35897422	4198.20512807	4184.87179474	4187.30769217	4194.87179474	
4196.66666653	4164.74358954	4188.07692294	4188.46153833	4141.28205108	4187.30769217	4190.89743576	4201.15384609	4198.46153833	4197.56410243	4201.79487173	4193.97435884	4189.35897422	4205.12820506	
4193.97435884	4164.48717928	4187.56410243	4185.64102551	4140.38461518	4187.82051269	4188.71794858	4201.92307686	4198.07692294	4196.02564089	4202.05128199	4198.71794858	4188.20512807	4203.58974352	
4191.28205115	4167.94871774	4184.74358961	4189.99999986	4140.38461518	4188.71794858	4189.2307691	4197.94871781	4200.64102551	4188.97435884	4200.51282038	4198.07692294	4185.64102551	4199.35897422	
4191.5384614	4168.97435884	4188.71794858	4195.51282038	4142.69230749	4188.07692294	4186.79487166	4195.64102551	4195.89743576	4187.17948704	4200.89743576	4199.99999986	4185.12820499	4198.3333332	
4192.69230756	4169.87179474	4191.15384602	4197.4358973	4146.41025621	4187.69230756	4187.82051269	4197.17948704	4192.30769217	4187.30769217	4200.38461525	4199.87179474	4184.74358961	4200.25641012	
4194.87179474	4172.56410243	4190.51282038	4202.43589737	4151.53846133	4194.10256397	4192.94871781	4198.46153833	4198.20512807	4193.3333332	4200.12820499	4194.99999986	4183.58974345	4202.69230763	
4194.74358961	4171.41025628	4191.28205115	4203.58974352	4152.05128185	4199.48717935	4189.99999986	4197.05128192	4201.41025634	4200.12820499	4198.97435884	4194.99999986	4183.58974345	4199.61538448	
4191.79487166	4168.20512807	4193.46153833	4199.35897422	4152.56410236	4197.69230756	4186.41025628	4197.94871781	4199.35897422	4199.87179474	4196.79487166	4197.94871781	4187.4358973	4198.58974345	
4190.89743576	4170.89743576	4192.94871781	4201.6666666	4154.87179467	4201.02564096	4193.58974345	4203.33333327	4201.53846147	4202.94871788	4199.48717935	4198.58974345	4189.48717935	4205.7692307	
4192.69230756	4172.05128192	4193.46153833	4203.84615378	4151.92307672	4199.99999986	4197.17948704	4206.02564096	4203.71794865	4204.99999993	4203.58974352	4198.46153833	4186.66666653	4206.53846147	
4192.69230756	4168.97435884	4197.4358973	4198.71794858	4147.69230749	4189.2307691	4189.74358961	4200.89743576	4200.25641012	4199.2307691	4203.4615384	4199.48717935	4189.2307691	4201.02564096	
4192.82051269	4175.25641012	4201.6666666	4199.99999986	4150.12820492	4192.94871781	4188.07692294	4199.74358961	4201.53846147	4205.12820506	4207.43589737	4202.69230763	4199.87179474	4209.74358968	
4193.71794858	4178.71794858	4201.92307686	4207.05128199	4151.66666646	4200.89743576	4193.84615371	4204.87179481	4204.99999993	4218.20512814	4217.17948711	4203.20512814	4202.5641025	4216.6666666	
4189.10256397	4168.07692287	4195.25641012	4199.10256397	4145.38461518	4191.02564089	4189.99999986	4200.51282038	4201.02564096	4214.74358968	4214.74358968	4201.6666666	4193.97435884	4207.30769224	
4181.66666653	4160.25641005	4188.20512807	4184.35897422	4140.64102544	4183.58974345	4179.87179474	4186.02564089	4197.4358973	4202.30769224	4202.05128199	4196.66666653	4188.3333332	4202.05128199	
4178.3333332	4161.53846133	4186.79487166	4185.51282038	4139.23076903	4186.79487166	4179.61538448	4181.66666653	4197.56410243	4199.74358961	4198.71794858	4190.64102551	4185.76923063	4203.97435891	
4181.41025628	4165.51282031	4187.82051269	4193.46153833	4139.61538441	4186.79487166	4187.82051269	4193.46153833	4200.89743576	4208.4615384	4203.33333327	4193.71794858	4188.3333332	4200.25641012	
4184.74358961	4167.69230749	4188.71794858	4191.5384614	4140.12820492	4190.12820499	4193.07692294	4199.61538448	4208.84615378	4215.25641019	4203.97435891	4201.41025634	4194.35897422	4198.84615371	
4186.79487166	4166.02564082	4189.61538448	4188.84615371	4136.41025621	4199.35897422	4191.66666653	4196.66666653	4212.05128199	4216.41025634	4203.33333327	4201.79487173	4191.28205115	4204.48717942	
4191.02564089	4165.12820492	4191.15384602	4190.76923063	4132.17948691	4202.17948711	4189.87179474	4197.05128192	4206.02564096	4216.79487173	4203.20512814	4200.51282038	4184.61538448	4206.53846147	
4188.07692294	4166.66666646	4188.84615371	4184.74358961	4127.30769203	4194.2307691	4188.46153833	4198.3333332	4200.76923063	4210.89743583	4195.76923063	4198.97435884	4185.12820499	4203.71794865	
4184.35897422	4166.92307672	4186.02564089	4181.28205115	4121.53846126	4189.35897422	4189.61538448	4198.07692294	4203.07692301	4206.15384609	4191.5384614	4196.5384614	4187.82051269	4203.07692301	
4188.20512807	4165.89743569	4184.87179474	4187.56410243	4123.0769228	4194.87179474	4192.4358973	4198.07692294	4203.71794865	4210.12820506	4197.69230756	4196.15384602	4182.69230756	4200.51282038	
4188.07692294	4165.64102544	4183.46153833	4186.5384614	4129.10256383	4196.5384614	4191.66666653	4196.66666653	4199.87179474	4206.15384609	4200.12820499	4192.56410243	4182.30769217	4192.94871781	
4187.82051269	4167.3076921	4183.97435884	4184.10256397	4128.84615357	4192.82051269	4193.07692294	4197.30769217	4200.64102551	4197.82051269	4196.79487166	4192.17948704	4189.74358961	4192.69230756	
4193.20512807	4172.05128192	4186.5384614	4187.56410243	4124.35897408	4197.69230756	4197.82051269	4201.02564096	4202.69230763	4205.7692307	4198.46153833	4201.15384609	4189.87179474	4197.94871781	
4196.15384602	4173.71794858	4187.17948704	4188.71794858	4123.71794844	4203.20512814	4199.87179474	4202.5641025	4203.33333327	4215.89743583	4201.15384609	4201.53846147	4190.64102551	4199.87179474	
4199.2307691	4173.20512807	4189.74358961	4190.38461525	4124.23076896	4200.64102551	4202.94871788	4207.30769224	4209.48717942	4216.28205122	4199.48717935	4196.5384614	4194.61538448	4201.79487173	
4203.20512814	4177.05128192	4200.12820499	4198.84615371	4128.84615357	4205.64102558	4210.25641019	4216.28205122	4218.84615378	4218.58974352	4199.99999986	4201.28205122	4191.41025628	4207.17948711	
4199.87179474	4181.15384602	4201.92307686	4203.33333327	4135.51282031	4214.74358968	4212.5641025	4217.17948711	4217.05128199	4219.61538455	4201.53846147	4203.20512814	4187.69230756	4210.64102558	
4199.35897422	4182.4358973	4194.48717935	4199.2307691	4136.79487159	4215.64102558	4212.05128199	4214.87179481	4213.20512814	4218.84615378	4202.05128199	4200.25641012	4193.84615371	4212.69230763	
4206.6666666	4182.69230756	4194.99999986	4197.05128192	4136.66666646	4213.33333327	4213.4615384	4216.02564096	4214.61538455	4220.64102558	4201.79487173	4201.79487173	4199.61538448	4215.12820506	
4208.58974352	4183.84615371	4201.28205122	4199.61538448	4138.33333313	4210.25641019	4210.7692307	4216.53846147	4212.82051275	4219.87179481	4200.64102551	4202.82051275	4194.99999986	4214.99999993	
4203.84615378	4182.94871781	4198.3333332	4201.79487173	4137.69230749	4205.38461532	4205.7692307	4214.23076917	4213.97435891	4218.97435891	4201.53846147	4201.79487173	4189.10256397	4211.79487173	
4203.84615378	4182.94871781	4198.3333332	4201.79487173	4137.69230749	4205.38461532	4205.7692307	4214.23076917	4213.97435891	4218.97435891	4201.53846147	4201.79487173	4189.10256397	4211.79487173	
4199.2307691	4179.48717935	4187.05128192	4197.69230756	4136.41025621	4199.99999986	4199.10256397	4206.6666666	4213.71794865	4217.05128199	4198.58974345	4199.99999986	4186.28205115	4203.71794865	
4196.41025628	4175.89743576	4182.82051269	4189.35897422	4133.9743587	4198.3333332	4192.94871781	4199.87179474	4203.71794865	4214.48717942	4190.89743576	4195.89743576	4183.20512807	4196.28205115	
4194.74358961	4174.48717935	4186.66666653	4184.61538448	4127.69230742	4199.35897422	4194.35897422	4203.58974352	4202.82051275	4213.71794865	4186.79487166	4194.61538448	4179.61538448	4197.30769217	
4196.66666653	4177.30769217	4189.87179474	4185.64102551	4127.05128178	4199.10256397	4196.15384602	4205.38461532	4208.33333327	4207.94871788	4186.28205115	4197.05128192	4179.74358961	4199.48717935	
4199.99999986	4181.15384602	4191.79487166	4190.76923063	4134.8717946	4198.07692294	4193.3333332	4199.74358961	4204.99999993	4203.20512814	4186.28205115	4199.87179474	4183.97435884	4196.79487166	
4200.38461525	4180.38461525	4191.66666653	4191.15384602	4139.1025639	4201.02564096	4192.69230756	4196.92307679	4201.79487173	4206.79487173	4188.3333332	4201.53846147	4187.17948704	4197.56410243	
4195.38461525	4174.10256397	4188.46153833	4185.76923063	4137.3076921	4201.28205122	4193.84615371	4192.69230756	4202.17948711	4206.41025634	4189.10256397	4195.38461525	4182.05128192	4198.58974345	
4188.58974345	4170.12820499	4184.48717935	4182.94871781	4135.38461518	4194.35897422	4191.15384602	4187.17948704	4197.94871781	4197.69230756	4186.15384602	4184.87179474	4172.30769217	4191.28205115	
4188.97435884	4173.97435884	4183.46153833	4184.10256397	4135.25640998	4194.74358961	4189.48717935	4192.05128192	4197.94871781	4199.48717935	4187.30769217	4183.71794858	4176.5384614	4188.97435884	
4193.46153833	4179.2307691	4185.25641012	4185.76923063	4133.9743587	4197.94871781	4189.2307691	4200.64102551	4202.05128199	4207.69230763	4191.5384614	4188.3333332	4187.94871781	4196.5384614	
4194.99999986	4178.3333332	4186.66666653	4186.5384614	4132.69230742	4192.4358973	4190.25641012	4200.38461525	4201.28205122	4205.12820506	4190.12820499	4187.82051269	4185.51282038	4200.12820499	
4193.97435884	4174.74358961	4184.99999986	4184.87179474	4133.46153819	4191.79487166	4190.89743576	4196.92307679	4200.25641012	4200.51282038	4185.89743576	4185.25641012	4179.2307691	4194.35897422	
4190.64102551	4176.41025628	4185.25641012	4185.64102551	4135.64102544	4200.12820499	4191.28205115	4200.12820499	4202.69230763	4202.5641025	4187.05128192	4188.07692294	4183.71794858	4195.51282038	
4190.12820499	4179.48717935	4188.71794858	4187.4358973	4136.15384595	4200.38461525	4193.71794858	4203.07692301	4202.43589737	4204.48717942	4190.38461525	4193.3333332	4187.94871781	4203.71794865	
4195.38461525	4181.66666653	4186.15384602	4184.10256397	4136.53846133	4196.28205115	4194.10256397	4200.64102551	4200.64102551	4205.12820506	4190.89743576	4195.76923063	4185.38461525	4206.02564096	
4199.99999986	4186.5384614	4189.74358961	4189.35897422	4139.74358954	4200.51282038	4192.17948704	4201.15384609	4202.17948711	4213.20512814	4196.15384602	4199.61538448	4188.07692294	4208.58974352	
4201.6666666	4191.02564089	4201.28205122	4202.5641025	4139.87179467	4202.5641025	4193.3333332	4204.99999993	4204.48717942	4220.89743583	4205.89743583	4205.7692307	4194.10256397	4212.69230763	
4198.84615371	4189.74358961	4197.94871781	4200.64102551	4137.56410236	4197.94871781	4192.94871781	4200.64102551	4201.92307686	4213.07692301	4202.43589737	4201.6666666	4187.17948704	4207.5641025	
4191.15384602	4186.66666653	4184.74358961	4188.3333332	4136.28205108	4192.56410243	4186.02564089	4193.07692294	4198.07692294	4201.15384609	4190.12820499	4188.20512807	4173.20512807	4196.79487166	
4185.25641012	4182.94871781	4182.17948704	4183.97435884	4132.82051255	4187.4358973	4185.12820499	4192.94871781	4197.82051269	4199.10256397	4184.61538448	4182.4358973	4168.71794858	4192.17948704	
4184.99999986	4177.56410243	4182.56410243	4183.20512807	4127.56410229	4184.61538448	4186.66666653	4192.82051269	4197.69230756	4201.28205122	4184.48717935	4185.12820499	4173.58974345	4191.28205115	
4186.92307679	4177.56410243	4177.82051269	4180.64102551	4125.89743562	4188.84615371	4184.48717935	4189.35897422	4193.3333332	4199.35897422	4182.94871781	4184.87179474	4175.89743576	4193.20512807	
4188.07692294	4180.38461525	4177.94871781	4181.66666653	4128.71794844	4193.20512807	4186.28205115	4186.92307679	4188.97435884	4197.05128192	4183.58974345	4184.99999986	4173.46153833	4196.79487166	
4188.46153833	4179.2307691	4181.41025628	4182.30769217	4133.58974332	4189.99999986	4186.41025628	4186.5384614	4187.30769217	4196.92307679	4186.28205115	4191.79487166	4174.61538448	4194.87179474	
4191.92307679	4179.74358961	4185.12820499	4183.20512807	4136.15384595	4189.87179474	4183.07692294	4186.02564089	4186.41025628	4197.4358973	4188.3333332	4196.79487166	4178.58974345	4195.64102551	
4197.4358973	4186.5384614	4191.92307679	4189.61538448	4137.43589723	4196.28205115	4184.74358961	4185.38461525	4187.94871781	4197.30769217	4193.46153833	4199.10256397	4182.4358973	4205.7692307	
4203.84615378	4196.15384602	4199.99999986	4200.38461525	4144.48717928	4199.74358961	4192.17948704	4191.02564089	4196.28205115	4199.35897422	4201.6666666	4207.82051275	4184.99999986	4218.20512814	
4208.20512814	4199.48717935	4207.69230763	4210.38461532	4150.51282031	4200.89743576	4193.20512807	4202.69230763	4204.61538455	4206.53846147	4205.51282045	4217.43589737	4189.35897422	4223.58974352	
4206.79487173	4197.69230756	4211.53846147	4211.28205122	4148.71794851	4200.51282038	4190.12820499	4205.38461532	4202.82051275	4209.48717942	4203.07692301	4217.17948711	4192.17948704	4223.4615384	
4207.69230763	4201.41025634	4213.07692301	4209.10256404	4149.23076903	4199.2307691	4195.25641012	4201.53846147	4202.05128199	4208.07692301	4206.28205122	4214.87179481	4189.99999986	4223.4615384	
4207.17948711	4202.69230763	4215.64102558	4214.10256404	4153.46153826	4206.28205122	4202.43589737	4208.58974352	4211.41025634	4212.30769224	4213.58974352	4218.4615384	4193.71794858	4226.02564096	
4197.94871781	4195.51282038	4217.94871788	4220.25641019	4153.71794851	4216.02564096	4205.51282045	4217.43589737	4215.12820506	4216.41025634	4210.64102558	4219.99999993	4197.17948704	4227.5641025	
4194.35897422	4197.82051269	4215.12820506	4215.89743583	4155.89743569	4217.30769224	4207.05128199	4217.82051275	4212.94871788	4216.28205122	4203.84615378	4218.07692301	4193.71794858	4223.71794865	
4202.05128199	4206.28205122	4205.89743583	4205.64102558	4157.82051262	4216.28205122	4208.58974352	4217.05128199	4217.17948711	4218.07692301	4202.94871788	4216.15384609	4193.58974345	4219.61538455	
4207.5641025	4199.61538448	4201.15384609	4200.64102551	4153.58974339	4217.5641025	4205.89743583	4219.23076917	4222.43589737	4220.12820506	4203.97435891	4214.35897429	4197.05128192	4219.61538455	
4206.02564096	4190.89743576	4205.25641019	4204.10256404	4154.74358954	4214.35897429	4204.10256404	4217.82051275	4217.94871788	4215.51282045	4203.33333327	4213.20512814	4192.17948704	4217.17948711	
4201.79487173	4194.35897422	4202.5641025	4203.07692301	4156.15384595	4206.79487173	4199.87179474	4206.28205122	4209.10256404	4208.20512814	4203.71794865	4207.82051275	4183.58974345	4208.84615378	
4196.02564089	4191.28205115	4188.20512807	4191.41025628	4146.15384595	4200.38461525	4188.71794858	4193.46153833	4201.02564096	4199.74358961	4196.28205115	4200.64102551	4179.2307691	4200.76923063	
4192.4358973	4183.97435884	4181.41025628	4187.94871781	4140.89743569	4197.56410243	4183.3333332	4192.05128192	4196.02564089	4195.89743576	4186.15384602	4198.3333332	4175.38461525	4196.15384602	
4191.92307679	4187.56410243	4189.87179474	4197.30769217	4148.71794851	4198.84615371	4188.20512807	4196.79487166	4197.82051269	4197.05128192	4190.64102551	4198.71794858	4177.56410243	4196.41025628	
4192.17948704	4188.84615371	4194.99999986	4202.5641025	4153.84615364	4201.41025634	4192.82051269	4198.07692294	4201.15384609	4198.20512807	4199.99999986	4199.87179474	4184.10256397	4200.12820499	
4193.97435884	4184.61538448	4190.51282038	4197.94871781	4151.28205108	4201.02564096	4191.02564089	4198.71794858	4201.41025634	4200.12820499	4196.79487166	4201.15384609	4184.87179474	4199.99999986	
4193.3333332	4186.79487166	4186.15384602	4191.02564089	4149.87179467	4200.12820499	4186.79487166	4199.87179474	4201.53846147	4201.92307686	4189.2307691	4196.66666653	4180.38461525	4193.97435884	
4189.87179474	4185.89743576	4182.30769217	4186.5384614	4151.41025621	4199.87179474	4185.51282038	4198.58974345	4201.41025634	4199.35897422	4188.07692294	4188.07692294	4176.92307679	4188.46153833	
4190.51282038	4180.89743576	4181.02564089	4186.92307679	4150.25641005	4199.99999986	4189.48717935	4200.64102551	4201.53846147	4200.12820499	4187.69230756	4185.89743576	4180.12820499	4188.46153833	
4191.5384614	4182.05128192	4181.41025628	4187.82051269	4143.84615364	4200.64102551	4191.92307679	4203.07692301	4201.15384609	4203.71794865	4186.79487166	4186.79487166	4182.17948704	4190.38461525	
4188.97435884	4184.74358961	4180.25641012	4185.51282038	4141.92307672	4200.76923063	4186.66666653	4195.76923063	4197.17948704	4195.38461525	4187.56410243	4188.20512807	4178.20512807	4190.51282038	
4189.99999986	4186.5384614	4181.15384602	4191.28205115	4149.87179467	4199.87179474	4183.71794858	4191.02564089	4193.58974345	4189.99999986	4186.41025628	4191.41025628	4175.76923063	4190.12820499	
4197.05128192	4188.20512807	4185.76923063	4198.3333332	4157.69230749	4200.89743576	4188.58974345	4197.17948704	4196.66666653	4196.28205115	4187.05128192	4192.05128192	4176.15384602	4193.3333332	
4197.05128192	4187.82051269	4186.28205115	4193.58974345	4155.76923056	4202.5641025	4191.66666653	4198.71794858	4202.17948711	4196.15384602	4189.99999986	4187.94871781	4174.74358961	4195.76923063	
4187.30769217	4185.12820499	4179.74358961	4185.76923063	4146.28205108	4196.15384602	4187.82051269	4189.61538448	4197.30769217	4189.61538448	4187.94871781	4184.87179474	4170.51282038	4191.02564089	
4184.99999986	4182.4358973	4178.07692294	4185.12820499	4141.66666646	4187.30769217	4184.10256397	4187.05128192	4189.35897422	4190.25641012	4186.66666653	4191.41025628	4172.4358973	4188.84615371	
4192.30769217	4180.64102551	4183.97435884	4187.82051269	4144.48717928	4190.51282038	4185.51282038	4194.74358961	4194.99999986	4192.82051269	4193.46153833	4198.71794858	4178.46153833	4197.4358973	
4190.12820499	4177.82051269	4183.46153833	4184.61538448	4141.92307672	4194.61538448	4183.71794858	4195.12820499	4200.76923063	4189.74358961	4194.99999986	4194.2307691	4176.79487166	4198.20512807	
4178.97435884	4175.25641012	4172.17948704	4175.89743576	4136.53846133	4187.94871781	4179.35897422	4188.58974345	4192.56410243	4184.99999986	4185.51282038	4184.87179474	4169.74358961	4184.2307691	
4175.64102551	4174.2307691	4166.66666646	4168.71794858	4140.12820492	4181.79487166	4178.58974345	4186.92307679	4184.2307691	4183.20512807	4181.66666653	4183.46153833	4170.51282038	4175.64102551	
4177.4358973	4170.76923063	4167.69230749	4168.07692287	4141.41025621	4183.84615371	4179.74358961	4188.3333332	4187.56410243	4184.2307691	4184.2307691	4184.48717935	4171.15384602	4181.02564089	
4180.51282038	4168.3333332	4166.66666646	4174.2307691	4137.69230749	4182.69230756	4179.61538448	4187.56410243	4193.84615371	4184.61538448	4183.20512807	4180.51282038	4169.99999986	4186.15384602	
4188.84615371	4176.02564089	4176.02564089	4185.12820499	4145.51282031	4185.89743576	4185.64102551	4192.05128192	4198.58974345	4192.05128192	4189.48717935	4186.92307679	4181.28205115	4191.66666653	
4196.66666653	4185.64102551	4189.35897422	4189.2307691	4154.9999998	4195.89743576	4194.99999986	4204.61538455	4203.33333327	4201.92307686	4197.30769217	4200.89743576	4189.2307691	4202.05128199	
4196.15384602	4182.82051269	4187.30769217	4184.35897422	4152.3076921	4193.71794858	4192.05128192	4204.10256404	4197.94871781	4192.69230756	4188.46153833	4196.15384602	4178.97435884	4203.07692301	
4191.15384602	4180.89743576	4183.58974345	4188.46153833	4148.97435877	4185.64102551	4183.58974345	4189.35897422	4186.41025628	4179.87179474	4180.76923063	4185.89743576	4172.30769217	4193.58974345	
4191.92307679	4187.4358973	4186.92307679	4202.05128199	4153.46153826	4187.4358973	4185.76923063	4183.97435884	4183.46153833	4182.4358973	4186.15384602	4194.99999986	4178.71794858	4193.84615371	
4194.61538448	4189.87179474	4187.82051269	4212.17948711	4156.41025621	4189.35897422	4188.84615371	4191.79487166	4187.56410243	4186.28205115	4189.61538448	4204.61538455	4183.58974345	4202.94871788	
4196.28205115	4191.79487166	4192.56410243	4216.53846147	4156.02564082	4186.66666653	4185.12820499	4198.3333332	4188.84615371	4183.07692294	4188.20512807	4200.25641012	4183.71794858	4205.64102558	
4200.25641012	4196.79487166	4201.41025634	4211.53846147	4156.15384595	4190.25641012	4187.94871781	4198.20512807	4188.3333332	4183.46153833	4188.20512807	4202.17948711	4182.4358973	4205.89743583	
4200.25641012	4196.92307679	4203.71794865	4205.51282045	4157.94871774	4199.87179474	4196.79487166	4199.74358961	4189.2307691	4182.94871781	4187.17948704	4208.71794865	4179.74358961	4209.99999993	
4193.97435884	4195.51282038	4199.74358961	4209.10256404	4159.87179467	4203.4615384	4199.87179474	4200.89743576	4186.79487166	4174.99999986	4184.61538448	4202.05128199	4177.56410243	4206.28205122	
4191.66666653	4200.25641012	4196.92307679	4212.17948711	4159.23076903	4200.38461525	4201.53846147	4199.48717935	4189.35897422	4174.99999986	4182.56410243	4194.87179474	4180.25641012	4200.89743576	
4199.99999986	4206.79487173	4205.64102558	4213.97435891	4160.38461518	4200.51282038	4202.69230763	4206.28205122	4200.25641012	4193.3333332	4188.3333332	4204.35897429	4185.76923063	4209.74358968	
4208.71794865	4208.4615384	4217.5641025	4223.58974352	4167.3076921	4207.30769224	4202.82051275	4214.99999993	4206.15384609	4204.74358968	4200.64102551	4216.79487173	4189.99999986	4222.17948711	
4202.05128199	4205.51282045	4211.92307686	4224.87179481	4171.79487166	4208.58974352	4200.38461525	4209.23076917	4202.05128199	4193.46153833	4200.38461525	4211.79487173	4187.69230756	4216.92307686	
4191.92307679	4201.28205122	4199.48717935	4216.41025634	4169.74358961	4201.41025634	4194.61538448	4196.41025628	4196.79487166	4182.17948704	4187.17948704	4200.64102551	4182.56410243	4203.4615384	
4192.17948704	4199.74358961	4200.51282038	4216.02564096	4168.97435884	4198.84615371	4188.3333332	4195.89743576	4192.69230756	4182.56410243	4181.28205115	4200.64102551	4183.71794858	4202.43589737	
4190.12820499	4198.20512807	4199.61538448	4211.41025634	4169.61538448	4200.76923063	4188.58974345	4201.28205122	4188.07692294	4183.3333332	4183.58974345	4203.20512814	4183.07692294	4204.10256404	
4183.84615371	4197.30769217	4192.69230756	4200.51282038	4167.82051262	4196.66666653	4191.15384602	4202.05128199	4191.92307679	4182.69230756	4184.61538448	4197.82051269	4177.30769217	4196.5384614	
4185.12820499	4199.74358961	4193.3333332	4203.20512814	4168.71794858	4196.66666653	4190.25641012	4202.17948711	4197.94871781	4180.12820499	4184.2307691	4190.25641012	4179.2307691	4190.64102551	
4189.74358961	4202.17948711	4194.10256397	4209.87179481	4170.76923063	4201.28205122	4189.99999986	4202.5641025	4193.3333332	4178.46153833	4182.94871781	4186.66666653	4182.56410243	4193.20512807	
4187.94871781	4201.6666666	4189.2307691	4203.07692301	4169.87179474	4197.05128192	4189.61538448	4198.3333332	4184.74358961	4178.3333332	4182.4358973	4185.89743576	4173.84615371	4195.64102551	
